228
	ConcatTransform [1.1 0.0 0.0 0.0 0.0 1.1 0.0 0.0 0.0 0.0 1.1 0.0 -9.609 0.05 6.704 1.0]
	ConcatTransform [0.982606 0.124992 -0.13734 0.0 -0.122589 0.992121 0.025852 0.0 0.13949 -0.008566 0.990186 0.0 -0.006966 -0.029108 0.01609 1.0]
229
	ConcatTransform [1.1 0.0 0.0 0.0 0.0 1.1 0.0 0.0 0.0 0.0 1.1 0.0 -9.609 0.05 6.704 1.0]
	ConcatTransform [0.93479 0.27112 -0.22948 0.0 -0.269279 0.962234 0.039926 0.0 0.231639 0.024471 0.972494 0.0 -0.012909 -0.062882 0.029143 1.0]
230
	ConcatTransform [1.1 0.0 0.0 0.0 0.0 1.1 0.0 0.0 0.0 0.0 1.1 0.0 -9.609 0.05 6.704 1.0]
	ConcatTransform [0.735647 0.433803 -0.520228 0.0 -0.430045 0.89249 0.136101 0.0 0.52334 0.123599 0.843113 0.0 -0.024301 -0.130731 0.048921 1.0]
231
	ConcatTransform [1.1 0.0 0.0 0.0 0.0 1.1 0.0 0.0 0.0 0.0 1.1 0.0 -9.609 0.05 6.704 1.0]
	ConcatTransform [0.698728 0.415033 -0.582689 0.0 -0.354371 0.908357 0.222056 0.0 0.621451 0.051332 0.78177 0.0 -0.025889 -0.186541 0.062811 1.0]
232
	ConcatTransform [1.1 0.0 0.0 0.0 0.0 1.1 0.0 0.0 0.0 0.0 1.1 0.0 -9.609 0.05 6.704 1.0]
	ConcatTransform [0.634393 0.389025 -0.667986 0.0 -0.182875 0.915135 0.359284 0.0 0.751067 -0.105769 0.651698 0.0 -0.027856 -0.287451 0.083968 1.0]
233
	ConcatTransform [1.1 0.0 0.0 0.0 0.0 1.1 0.0 0.0 0.0 0.0 1.1 0.0 -9.609 0.05 6.704 1.0]
	ConcatTransform [0.57686 0.387102 -0.719294 0.0 0.008818 0.877576 0.479356 0.0 0.816795 -0.282865 0.502825 0.0 -0.02871 -0.36565 0.099164 1.0]
234
	ConcatTransform [1.1 0.0 0.0 0.0 0.0 1.1 0.0 0.0 0.0 0.0 1.1 0.0 -9.609 0.05 6.704 1.0]
	ConcatTransform [0.587978 0.277159 -0.759911 0.0 0.164268 0.878973 0.447686 0.0 0.792021 -0.388059 0.471289 0.0 -0.06441 -0.44716 0.115452 1.0]
235
	ConcatTransform [1.1 0.0 0.0 0.0 0.0 1.1 0.0 0.0 0.0 0.0 1.1 0.0 -9.609 0.05 6.704 1.0]
	ConcatTransform [0.555871 0.149525 -0.81771 0.0 0.30306 0.879533 0.366847 0.0 0.774055 -0.451735 0.443592 0.0 -0.111773 -0.466988 0.124898 1.0]
236
	ConcatTransform [1.1 0.0 0.0 0.0 0.0 1.1 0.0 0.0 0.0 0.0 1.1 0.0 -9.609 0.05 6.704 1.0]
	ConcatTransform [0.584059 0.011751 -0.811626 0.0 0.494491 0.787786 0.367249 0.0 0.643703 -0.615837 0.454302 0.0 -0.191017 -0.482085 0.128129 1.0]
237
	ConcatTransform [1.1 0.0 0.0 0.0 0.0 1.1 0.0 0.0 0.0 0.0 1.1 0.0 -9.609 0.05 6.704 1.0]
	ConcatTransform [0.583191 -0.022449 -0.812025 0.0 0.572948 0.719996 0.391582 0.0 0.575864 -0.693615 0.432757 0.0 -0.238893 -0.477313 0.123372 1.0]
238
	ConcatTransform [1.1 0.0 0.0 0.0 0.0 1.1 0.0 0.0 0.0 0.0 1.1 0.0 -9.609 0.05 6.704 1.0]
	ConcatTransform [0.591034 -0.059986 -0.804413 0.0 0.628294 0.65965 0.412442 0.0 0.505891 -0.749175 0.427564 0.0 -0.296196 -0.467515 0.108154 1.0]
239
	ConcatTransform [1.1 0.0 0.0 0.0 0.0 1.1 0.0 0.0 0.0 0.0 1.1 0.0 -9.609 0.05 6.704 1.0]
	ConcatTransform [0.632902 -0.052853 -0.772426 0.0 0.60824 0.651227 0.453814 0.0 0.479039 -0.75704 0.44431 0.0 -0.32765 -0.466541 0.097607 1.0]
240
	ConcatTransform [1.1 0.0 0.0 0.0 0.0 1.1 0.0 0.0 0.0 0.0 1.1 0.0 -9.609 0.05 6.704 1.0]
	ConcatTransform [0.698492 -0.050634 -0.713824 0.0 0.575866 0.631948 0.518671 0.0 0.424837 -0.773355 0.470569 0.0 -0.366556 -0.464321 0.078904 1.0]
241
	ConcatTransform [1.1 0.0 0.0 0.0 0.0 1.1 0.0 0.0 0.0 0.0 1.1 0.0 -9.609 0.05 6.704 1.0]
	ConcatTransform [0.755086 -0.035842 -0.654645 0.0 0.529281 0.622594 0.576401 0.0 0.386919 -0.781724 0.489082 0.0 -0.384693 -0.466288 0.065152 1.0]
242
	ConcatTransform [1.1 0.0 0.0 0.0 0.0 1.1 0.0 0.0 0.0 0.0 1.1 0.0 -9.609 0.05 6.704 1.0]
	ConcatTransform [0.8176 0.01644 -0.575551 0.0 0.44776 0.610288 0.653498 0.0 0.361995 -0.792009 0.49161 0.0 -0.401002 -0.472971 0.045644 1.0]
243
	ConcatTransform [1.1 0.0 0.0 0.0 0.0 1.1 0.0 0.0 0.0 0.0 1.1 0.0 -9.609 0.05 6.704 1.0]
	ConcatTransform [0.858829 0.028173 -0.511487 0.0 0.386772 0.619039 0.683519 0.0 0.335887 -0.784855 0.520752 0.0 -0.403163 -0.476218 0.034876 1.0]
244
	ConcatTransform [1.1 0.0 0.0 0.0 0.0 1.1 0.0 0.0 0.0 0.0 1.1 0.0 -9.609 0.05 6.704 1.0]
	ConcatTransform [0.915575 0.068286 -0.396307 0.0 0.265643 0.637173 0.723495 0.0 0.30192 -0.76769 0.56524 0.0 -0.397349 -0.482118 0.022886 1.0]
245
	ConcatTransform [1.1 0.0 0.0 0.0 0.0 1.1 0.0 0.0 0.0 0.0 1.1 0.0 -9.609 0.05 6.704 1.0]
	ConcatTransform [0.940622 0.097633 -0.325112 0.0 0.184486 0.656923 0.731038 0.0 0.284947 -0.747609 0.599904 0.0 -0.388575 -0.487316 0.017785 1.0]
246
	ConcatTransform [1.1 0.0 0.0 0.0 0.0 1.1 0.0 0.0 0.0 0.0 1.1 0.0 -9.609 0.05 6.704 1.0]
	ConcatTransform [0.95284 0.146966 -0.265512 0.0 0.102148 0.668538 0.736629 0.0 0.285764 -0.729011 0.621998 0.0 -0.367718 -0.492961 0.018342 1.0]
247
	ConcatTransform [1.1 0.0 0.0 0.0 0.0 1.1 0.0 0.0 0.0 0.0 1.1 0.0 -9.609 0.05 6.704 1.0]
	ConcatTransform [0.948927 0.187029 -0.25408 0.0 0.063312 0.676069 0.734113 0.0 0.309076 -0.712706 0.6297 0.0 -0.350783 -0.495373 0.024099 1.0]
248
	ConcatTransform [1.1 0.0 0.0 0.0 0.0 1.1 0.0 0.0 0.0 0.0 1.1 0.0 -9.609 0.05 6.704 1.0]
	ConcatTransform [0.92869 0.220698 -0.29804 0.0 0.066314 0.691874 0.718966 0.0 0.364881 -0.687461 0.627901 0.0 -0.327764 -0.493062 0.034854 1.0]
249
	ConcatTransform [1.1 0.0 0.0 0.0 0.0 1.1 0.0 0.0 0.0 0.0 1.1 0.0 -9.609 0.05 6.704 1.0]
	ConcatTransform [0.906058 0.246294 -0.344091 0.0 0.082172 0.69527 0.714036 0.0 0.415099 -0.675233 0.609716 0.0 -0.315908 -0.491012 0.043174 1.0]
250
	ConcatTransform [1.1 0.0 0.0 0.0 0.0 1.1 0.0 0.0 0.0 0.0 1.1 0.0 -9.609 0.05 6.704 1.0]
	ConcatTransform [0.870257 0.248027 -0.425599 0.0 0.133126 0.71342 0.687974 0.0 0.474268 -0.655373 0.58784 0.0 -0.301322 -0.488195 0.055696 1.0]
251
	ConcatTransform [1.1 0.0 0.0 0.0 0.0 1.1 0.0 0.0 0.0 0.0 1.1 0.0 -9.609 0.05 6.704 1.0]
	ConcatTransform [0.847513 0.243363 -0.471695 0.0 0.161153 0.728757 0.66554 0.0 0.505719 -0.640068 0.578413 0.0 -0.295346 -0.486669 0.063907 1.0]
252
	ConcatTransform [1.1 0.0 0.0 0.0 0.0 1.1 0.0 0.0 0.0 0.0 1.1 0.0 -9.609 0.05 6.704 1.0]
	ConcatTransform [0.80511 0.22764 -0.547703 0.0 0.20883 0.755496 0.62098 0.0 0.555147 -0.614334 0.560719 0.0 -0.291545 -0.485261 0.076005 1.0]
253
	ConcatTransform [1.1 0.0 0.0 0.0 0.0 1.1 0.0 0.0 0.0 0.0 1.1 0.0 -9.609 0.05 6.704 1.0]
	ConcatTransform [0.769454 0.204914 -0.604939 0.0 0.255302 0.769505 0.585391 0.0 0.585458 -0.604873 0.539784 0.0 -0.29219 -0.486286 0.084291 1.0]
254
	ConcatTransform [1.1 0.0 0.0 0.0 0.0 1.1 0.0 0.0 0.0 0.0 1.1 0.0 -9.609 0.05 6.704 1.0]
	ConcatTransform [0.697642 0.168092 -0.696449 0.0 0.333281 0.784363 0.523162 0.0 0.634208 -0.597093 0.491183 0.0 -0.298639 -0.488374 0.096755 1.0]
255
	ConcatTransform [1.1 0.0 0.0 0.0 0.0 1.1 0.0 0.0 0.0 0.0 1.1 0.0 -9.609 0.05 6.704 1.0]
	ConcatTransform [0.648119 0.1293 -0.750482 0.0 0.390883 0.789278 0.473552 0.0 0.653569 -0.600269 0.461004 0.0 -0.305888 -0.49128 0.104821 1.0]
256
	ConcatTransform [1.1 0.0 0.0 0.0 0.0 1.1 0.0 0.0 0.0 0.0 1.1 0.0 -9.609 0.05 6.704 1.0]
	ConcatTransform [0.590465 0.084332 -0.802645 0.0 0.455911 0.785788 0.417951 0.0 0.665955 -0.61272 0.425532 0.0 -0.321116 -0.492653 0.115394 1.0]
257
	ConcatTransform [1.1 0.0 0.0 0.0 0.0 1.1 0.0 0.0 0.0 0.0 1.1 0.0 -9.609 0.05 6.704 1.0]
	ConcatTransform [0.557197 0.067161 -0.82766 0.0 0.499758 0.768876 0.398838 0.0 0.663155 -0.635861 0.394851 0.0 -0.330385 -0.490481 0.1202 1.0]
258
	ConcatTransform [1.1 0.0 0.0 0.0 0.0 1.1 0.0 0.0 0.0 0.0 1.1 0.0 -9.609 0.05 6.704 1.0]
	ConcatTransform [0.513674 0.054433 -0.856257 0.0 0.538297 0.756685 0.371031 0.0 0.668113 -0.65151 0.359389 0.0 -0.342492 -0.488501 0.124478 1.0]
259
	ConcatTransform [1.1 0.0 0.0 0.0 0.0 1.1 0.0 0.0 0.0 0.0 1.1 0.0 -9.609 0.05 6.704 1.0]
	ConcatTransform [0.484872 0.050297 -0.873138 0.0 0.561676 0.747344 0.354961 0.0 0.670388 -0.662531 0.334116 0.0 -0.348754 -0.487496 0.125336 1.0]
260
	ConcatTransform [1.1 0.0 0.0 0.0 0.0 1.1 0.0 0.0 0.0 0.0 1.1 0.0 -9.609 0.05 6.704 1.0]
	ConcatTransform [0.427911 0.062369 -0.901666 0.0 0.597276 0.729229 0.333895 0.0 0.678346 -0.681421 0.274794 0.0 -0.354771 -0.487905 0.123865 1.0]
261
	ConcatTransform [1.1 0.0 0.0 0.0 0.0 1.1 0.0 0.0 0.0 0.0 1.1 0.0 -9.609 0.05 6.704 1.0]
	ConcatTransform [0.393754 0.07444 -0.916197 0.0 0.615916 0.718516 0.323081 0.0 0.682352 -0.691515 0.23707 0.0 -0.356335 -0.488336 0.120871 1.0]
262
	ConcatTransform [1.1 0.0 0.0 0.0 0.0 1.1 0.0 0.0 0.0 0.0 1.1 0.0 -9.609 0.05 6.704 1.0]
	ConcatTransform [0.348738 0.096453 -0.932244 0.0 0.632786 0.70951 0.310124 0.0 0.691349 -0.698063 0.186399 0.0 -0.355192 -0.489592 0.114078 1.0]
263
	ConcatTransform [1.1 0.0 0.0 0.0 0.0 1.1 0.0 0.0 0.0 0.0 1.1 0.0 -9.609 0.05 6.704 1.0]
	ConcatTransform [0.325548 0.105879 -0.939579 0.0 0.639583 0.707214 0.301299 0.0 0.696385 -0.699026 0.162513 0.0 -0.352269 -0.490064 0.108018 1.0]
264
	ConcatTransform [1.1 0.0 0.0 0.0 0.0 1.1 0.0 0.0 0.0 0.0 1.1 0.0 -9.609 0.05 6.704 1.0]
	ConcatTransform [0.314159 0.138407 -0.939227 0.0 0.631999 0.707754 0.315692 0.0 0.708435 -0.692769 0.134874 0.0 -0.345377 -0.492964 0.09754 1.0]
265
	ConcatTransform [1.1 0.0 0.0 0.0 0.0 1.1 0.0 0.0 0.0 0.0 1.1 0.0 -9.609 0.05 6.704 1.0]
	ConcatTransform [0.3059 0.163899 -0.93785 0.0 0.624807 0.708705 0.327648 0.0 0.71836 -0.686203 0.114387 0.0 -0.338997 -0.49464 0.089446 1.0]
266
	ConcatTransform [1.1 0.0 0.0 0.0 0.0 1.1 0.0 0.0 0.0 0.0 1.1 0.0 -9.609 0.05 6.704 1.0]
	ConcatTransform [0.301439 0.188401 -0.934687 0.0 0.616398 0.709394 0.34178 0.0 0.727453 -0.679165 0.097709 0.0 -0.329674 -0.494379 0.078881 1.0]
267
	ConcatTransform [1.1 0.0 0.0 0.0 0.0 1.1 0.0 0.0 0.0 0.0 1.1 0.0 -9.609 0.05 6.704 1.0]
	ConcatTransform [0.310164 0.19241 -0.931009 0.0 0.610673 0.710225 0.350226 0.0 0.728613 -0.677169 0.102787 0.0 -0.326499 -0.493503 0.075407 1.0]
268
	ConcatTransform [1.1 0.0 0.0 0.0 0.0 1.1 0.0 0.0 0.0 0.0 1.1 0.0 -9.609 0.05 6.704 1.0]
	ConcatTransform [0.326873 0.190637 -0.925641 0.0 0.609493 0.706017 0.360636 0.0 0.722269 -0.682054 0.114586 0.0 -0.325486 -0.493308 0.074699 1.0]
269
	ConcatTransform [1.1 0.0 0.0 0.0 0.0 1.1 0.0 0.0 0.0 0.0 1.1 0.0 -9.609 0.05 6.704 1.0]
	ConcatTransform [0.340495 0.182038 -0.922456 0.0 0.610836 0.703018 0.364205 0.0 0.714803 -0.687479 0.128179 0.0 -0.327222 -0.494312 0.07718 1.0]
270
	ConcatTransform [1.1 0.0 0.0 0.0 0.0 1.1 0.0 0.0 0.0 0.0 1.1 0.0 -9.609 0.05 6.704 1.0]
	ConcatTransform [0.357947 0.167005 -0.918686 0.0 0.606043 0.706928 0.364643 0.0 0.710342 -0.687286 0.151831 0.0 -0.33001 -0.495145 0.082368 1.0]
271
	ConcatTransform [1.1 0.0 0.0 0.0 0.0 1.1 0.0 0.0 0.0 0.0 1.1 0.0 -9.609 0.05 6.704 1.0]
	ConcatTransform [0.358791 0.162173 -0.919222 0.0 0.602937 0.711508 0.360865 0.0 0.712556 -0.683708 0.157502 0.0 -0.329699 -0.495287 0.085117 1.0]
272
	ConcatTransform [1.1 0.0 0.0 0.0 0.0 1.1 0.0 0.0 0.0 0.0 1.1 0.0 -9.609 0.05 6.704 1.0]
	ConcatTransform [0.349783 0.158504 -0.923325 0.0 0.600952 0.718122 0.350937 0.0 0.718685 -0.677626 0.155934 0.0 -0.328409 -0.49535 0.089527 1.0]
273
	ConcatTransform [1.1 0.0 0.0 0.0 0.0 1.1 0.0 0.0 0.0 0.0 1.1 0.0 -9.609 0.05 6.704 1.0]
	ConcatTransform [0.336609 0.157338 -0.928407 0.0 0.603292 0.720981 0.340918 0.0 0.723003 -0.674856 0.147768 0.0 -0.327965 -0.49538 0.093332 1.0]
274
	ConcatTransform [1.1 0.0 0.0 0.0 0.0 1.1 0.0 0.0 0.0 0.0 1.1 0.0 -9.609 0.05 6.704 1.0]
	ConcatTransform [0.324236 0.149155 -0.934143 0.0 0.609768 0.72201 0.326931 0.0 0.723224 -0.675614 0.143151 0.0 -0.327534 -0.495495 0.099476 1.0]
275
	ConcatTransform [1.1 0.0 0.0 0.0 0.0 1.1 0.0 0.0 0.0 0.0 1.1 0.0 -9.609 0.05 6.704 1.0]
	ConcatTransform [0.321422 0.145094 -0.935754 0.0 0.607222 0.726691 0.321252 0.0 0.726615 -0.671468 0.14547 0.0 -0.32698 -0.495423 0.103316 1.0]
276
	ConcatTransform [1.1 0.0 0.0 0.0 0.0 1.1 0.0 0.0 0.0 0.0 1.1 0.0 -9.609 0.05 6.704 1.0]
	ConcatTransform [0.323599 0.143417 -0.935262 0.0 0.597178 0.735753 0.319446 0.0 0.733936 -0.66189 0.152443 0.0 -0.324869 -0.49525 0.107921 1.0]
277
	ConcatTransform [1.1 0.0 0.0 0.0 0.0 1.1 0.0 0.0 0.0 0.0 1.1 0.0 -9.609 0.05 6.704 1.0]
	ConcatTransform [0.329862 0.141629 -0.933345 0.0 0.588093 0.74257 0.320524 0.0 0.738469 -0.654623 0.161655 0.0 -0.323362 -0.495205 0.110668 1.0]
278
	ConcatTransform [1.1 0.0 0.0 0.0 0.0 1.1 0.0 0.0 0.0 0.0 1.1 0.0 -9.609 0.05 6.704 1.0]
	ConcatTransform [0.335657 0.138767 -0.931707 0.0 0.575869 0.752508 0.31954 0.0 0.745459 -0.643797 0.172673 0.0 -0.321298 -0.495243 0.114424 1.0]
279
	ConcatTransform [1.1 0.0 0.0 0.0 0.0 1.1 0.0 0.0 0.0 0.0 1.1 0.0 -9.609 0.05 6.704 1.0]
	ConcatTransform [0.33868 0.137381 -0.930818 0.0 0.571357 0.755972 0.319465 0.0 0.74756 -0.640026 0.177539 0.0 -0.319716 -0.495027 0.116276 1.0]
280
	ConcatTransform [1.1 0.0 0.0 0.0 0.0 1.1 0.0 0.0 0.0 0.0 1.1 0.0 -9.609 0.05 6.704 1.0]
	ConcatTransform [0.347318 0.133049 -0.928261 0.0 0.567487 0.758229 0.32101 0.0 0.746545 -0.638268 0.187843 0.0 -0.319309 -0.494858 0.119577 1.0]
281
	ConcatTransform [1.1 0.0 0.0 0.0 0.0 1.1 0.0 0.0 0.0 0.0 1.1 0.0 -9.609 0.05 6.704 1.0]
	ConcatTransform [0.354015 0.130182 -0.926135 0.0 0.564548 0.75975 0.322592 0.0 0.745627 -0.63705 0.195469 0.0 -0.319862 -0.494772 0.121713 1.0]
282
	ConcatTransform [1.1 0.0 0.0 0.0 0.0 1.1 0.0 0.0 0.0 0.0 1.1 0.0 -9.609 0.05 6.704 1.0]
	ConcatTransform [0.356494 0.125646 -0.925811 0.0 0.561289 0.763365 0.319731 0.0 0.746905 -0.63363 0.201611 0.0 -0.321424 -0.494593 0.124284 1.0]
283
	ConcatTransform [1.1 0.0 0.0 0.0 0.0 1.1 0.0 0.0 0.0 0.0 1.1 0.0 -9.609 0.05 6.704 1.0]
	ConcatTransform [0.354843 0.127514 -0.926189 0.0 0.560701 0.763702 0.31996 0.0 0.748132 -0.632851 0.199497 0.0 -0.322448 -0.494577 0.125251 1.0]
284
	ConcatTransform [1.1 0.0 0.0 0.0 0.0 1.1 0.0 0.0 0.0 0.0 1.1 0.0 -9.609 0.05 6.704 1.0]
	ConcatTransform [0.353602 0.130705 -0.926219 0.0 0.563895 0.760248 0.322562 0.0 0.746316 -0.636349 0.195121 0.0 -0.323222 -0.494658 0.12494 1.0]
285
	ConcatTransform [1.1 0.0 0.0 0.0 0.0 1.1 0.0 0.0 0.0 0.0 1.1 0.0 -9.609 0.05 6.704 1.0]
	ConcatTransform [0.353058 0.130653 -0.926434 0.0 0.564561 0.759859 0.322311 0.0 0.746071 -0.636823 0.194513 0.0 -0.324181 -0.494673 0.124166 1.0]
286
	ConcatTransform [1.1 0.0 0.0 0.0 0.0 1.1 0.0 0.0 0.0 0.0 1.1 0.0 -9.609 0.05 6.704 1.0]
	ConcatTransform [0.348728 0.133754 -0.927631 0.0 0.568334 0.75684 0.322784 0.0 0.745242 -0.639768 0.187914 0.0 -0.325391 -0.494791 0.122095 1.0]
287
	ConcatTransform [1.1 0.0 0.0 0.0 0.0 1.1 0.0 0.0 0.0 0.0 1.1 0.0 -9.609 0.05 6.704 1.0]
	ConcatTransform [0.347077 0.136263 -0.927885 0.0 0.571068 0.754107 0.324352 0.0 0.743921 -0.642461 0.183917 0.0 -0.326664 -0.494834 0.120421 1.0]
288
	ConcatTransform [1.1 0.0 0.0 0.0 0.0 1.1 0.0 0.0 0.0 0.0 1.1 0.0 -9.609 0.05 6.704 1.0]
	ConcatTransform [0.345789 0.138968 -0.927964 0.0 0.576046 0.749225 0.326854 0.0 0.740676 -0.647572 0.179022 0.0 -0.328988 -0.495 0.117354 1.0]
289
	ConcatTransform [1.1 0.0 0.0 0.0 0.0 1.1 0.0 0.0 0.0 0.0 1.1 0.0 -9.609 0.05 6.704 1.0]
	ConcatTransform [0.345007 0.142494 -0.927721 0.0 0.579376 0.745295 0.329937 0.0 0.73844 -0.65133 0.174575 0.0 -0.330721 -0.495075 0.11499 1.0]
290
	ConcatTransform [1.1 0.0 0.0 0.0 0.0 1.1 0.0 0.0 0.0 0.0 1.1 0.0 -9.609 0.05 6.704 1.0]
	ConcatTransform [0.342449 0.148338 -0.927752 0.0 0.585225 0.738822 0.334146 0.0 0.73501 -0.657372 0.166198 0.0 -0.333432 -0.495148 0.110993 1.0]
291
	ConcatTransform [1.1 0.0 0.0 0.0 0.0 1.1 0.0 0.0 0.0 0.0 1.1 0.0 -9.609 0.05 6.704 1.0]
	ConcatTransform [0.342872 0.149993 -0.92733 0.0 0.593428 0.730665 0.337598 0.0 0.728204 -0.666057 0.161515 0.0 -0.334973 -0.495168 0.107952 1.0]
292
	ConcatTransform [1.1 0.0 0.0 0.0 0.0 1.1 0.0 0.0 0.0 0.0 1.1 0.0 -9.609 0.05 6.704 1.0]
	ConcatTransform [0.343524 0.158093 -0.925742 0.0 0.596265 0.724852 0.345048 0.0 0.725575 -0.67052 0.154739 0.0 -0.336429 -0.495266 0.102559 1.0]
293
	ConcatTransform [1.1 0.0 0.0 0.0 0.0 1.1 0.0 0.0 0.0 0.0 1.1 0.0 -9.609 0.05 6.704 1.0]
	ConcatTransform [0.345062 0.16197 -0.924499 0.0 0.599411 0.719936 0.349856 0.0 0.722246 -0.674877 0.151336 0.0 -0.337217 -0.495175 0.098934 1.0]
294
	ConcatTransform [1.1 0.0 0.0 0.0 0.0 1.1 0.0 0.0 0.0 0.0 1.1 0.0 -9.609 0.05 6.704 1.0]
	ConcatTransform [0.345231 0.166758 -0.923584 0.0 0.602534 0.715118 0.354343 0.0 0.719561 -0.678821 0.146404 0.0 -0.338778 -0.495067 0.094008 1.0]
295
	ConcatTransform [1.1 0.0 0.0 0.0 0.0 1.1 0.0 0.0 0.0 0.0 1.1 0.0 -9.609 0.05 6.704 1.0]
	ConcatTransform [0.34171 0.168768 -0.924528 0.0 0.606935 0.711458 0.3542 0.0 0.717541 -0.682162 0.140681 0.0 -0.340273 -0.495006 0.0914 1.0]
296
	ConcatTransform [1.1 0.0 0.0 0.0 0.0 1.1 0.0 0.0 0.0 0.0 1.1 0.0 -9.609 0.05 6.704 1.0]
	ConcatTransform [0.342562 0.17264 -0.923497 0.0 0.61029 0.706444 0.358445 0.0 0.714281 -0.686391 0.13664 0.0 -0.342518 -0.494918 0.088327 1.0]
297
	ConcatTransform [1.1 0.0 0.0 0.0 0.0 1.1 0.0 0.0 0.0 0.0 1.1 0.0 -9.609 0.05 6.704 1.0]
	ConcatTransform [0.342687 0.175422 -0.922926 0.0 0.612321 0.703356 0.361046 0.0 0.712481 -0.688852 0.133616 0.0 -0.34365 -0.494801 0.086617 1.0]
298
	ConcatTransform [1.1 0.0 0.0 0.0 0.0 1.1 0.0 0.0 0.0 0.0 1.1 0.0 -9.609 0.05 6.704 1.0]
	ConcatTransform [0.343298 0.178757 -0.922059 0.0 0.61348 0.700689 0.364249 0.0 0.711188 -0.690711 0.130881 0.0 -0.345052 -0.494665 0.08465 1.0]
299
	ConcatTransform [1.1 0.0 0.0 0.0 0.0 1.1 0.0 0.0 0.0 0.0 1.1 0.0 -9.609 0.05 6.704 1.0]
	ConcatTransform [0.344565 0.180111 -0.921322 0.0 0.614577 0.698595 0.366415 0.0 0.709627 -0.692478 0.130019 0.0 -0.346247 -0.494576 0.084189 1.0]
300
	ConcatTransform [1.1 0.0 0.0 0.0 0.0 1.1 0.0 0.0 0.0 0.0 1.1 0.0 -9.609 0.05 6.704 1.0]
	ConcatTransform [0.342303 0.180605 -0.922068 0.0 0.617028 0.69688 0.36556 0.0 0.708593 -0.694075 0.127106 0.0 -0.34712 -0.494527 0.083878 1.0]
301
	ConcatTransform [1.1 0.0 0.0 0.0 0.0 1.1 0.0 0.0 0.0 0.0 1.1 0.0 -9.609 0.05 6.704 1.0]
	ConcatTransform [0.336298 0.180349 -0.924326 0.0 0.619367 0.697006 0.36134 0.0 0.709428 -0.694015 0.122699 0.0 -0.347056 -0.494539 0.083903 1.0]
302
	ConcatTransform [1.1 0.0 0.0 0.0 0.0 1.1 0.0 0.0 0.0 0.0 1.1 0.0 -9.609 0.05 6.704 1.0]
	ConcatTransform [0.33032 0.1794 -0.926663 0.0 0.620812 0.698227 0.356471 0.0 0.710972 -0.693033 0.119265 0.0 -0.346599 -0.494604 0.084795 1.0]
303
	ConcatTransform [1.1 0.0 0.0 0.0 0.0 1.1 0.0 0.0 0.0 0.0 1.1 0.0 -9.609 0.05 6.704 1.0]
	ConcatTransform [0.325105 0.177289 -0.928911 0.0 0.621508 0.700289 0.351173 0.0 0.712765 -0.691494 0.117481 0.0 -0.345829 -0.494676 0.085734 1.0]
304
	ConcatTransform [1.1 0.0 0.0 0.0 0.0 1.1 0.0 0.0 0.0 0.0 1.1 0.0 -9.609 0.05 6.704 1.0]
	ConcatTransform [0.317557 0.174652 -0.932016 0.0 0.620911 0.704569 0.343587 0.0 0.716678 -0.687808 0.115298 0.0 -0.344164 -0.494803 0.087748 1.0]
305
	ConcatTransform [1.1 0.0 0.0 0.0 0.0 1.1 0.0 0.0 0.0 0.0 1.1 0.0 -9.609 0.05 6.704 1.0]
	ConcatTransform [0.314239 0.172928 -0.933461 0.0 0.619104 0.708088 0.339591 0.0 0.719697 -0.684622 0.115449 0.0 -0.342459 -0.494873 0.089224 1.0]
306
	ConcatTransform [1.1 0.0 0.0 0.0 0.0 1.1 0.0 0.0 0.0 0.0 1.1 0.0 -9.609 0.05 6.704 1.0]
	ConcatTransform [0.308944 0.168398 -0.936053 0.0 0.616855 0.713639 0.331978 0.0 0.723909 -0.679972 0.116597 0.0 -0.339429 -0.49501 0.091761 1.0]
307
	ConcatTransform [1.1 0.0 0.0 0.0 0.0 1.1 0.0 0.0 0.0 0.0 1.1 0.0 -9.609 0.05 6.704 1.0]
	ConcatTransform [0.306046 0.165143 -0.937584 0.0 0.614521 0.717918 0.327044 0.0 0.727117 -0.676256 0.118232 0.0 -0.33744 -0.495095 0.09387 1.0]
308
	ConcatTransform [1.1 0.0 0.0 0.0 0.0 1.1 0.0 0.0 0.0 0.0 1.1 0.0 -9.609 0.05 6.704 1.0]
	ConcatTransform [0.302399 0.159824 -0.939687 0.0 0.610536 0.724589 0.319715 0.0 0.731984 -0.670394 0.121537 0.0 -0.334508 -0.495188 0.097462 1.0]
309
	ConcatTransform [1.1 0.0 0.0 0.0 0.0 1.1 0.0 0.0 0.0 0.0 1.1 0.0 -9.609 0.05 6.704 1.0]
	ConcatTransform [0.298314 0.155635 -0.941693 0.0 0.607938 0.729613 0.31317 0.0 0.735812 -0.665914 0.123037 0.0 -0.332321 -0.495219 0.099825 1.0]
310
	ConcatTransform [1.1 0.0 0.0 0.0 0.0 1.1 0.0 0.0 0.0 0.0 1.1 0.0 -9.609 0.05 6.704 1.0]
	ConcatTransform [0.296775 0.15005 -0.943085 0.0 0.602725 0.736585 0.306863 0.0 0.740707 -0.65949 0.128162 0.0 -0.328912 -0.495192 0.10343 1.0]
311
	ConcatTransform [1.1 0.0 0.0 0.0 0.0 1.1 0.0 0.0 0.0 0.0 1.1 0.0 -9.609 0.05 6.704 1.0]
	ConcatTransform [0.295861 0.146138 -0.943986 0.0 0.599371 0.74108 0.30258 0.0 0.743788 -0.65532 0.131666 0.0 -0.326831 -0.495143 0.105908 1.0]
312
	ConcatTransform [1.1 0.0 0.0 0.0 0.0 1.1 0.0 0.0 0.0 0.0 1.1 0.0 -9.609 0.05 6.704 1.0]
	ConcatTransform [0.294718 0.141128 -0.945105 0.0 0.594682 0.747089 0.297003 0.0 0.747993 -0.64957 0.136255 0.0 -0.323916 -0.495041 0.109411 1.0]
313
	ConcatTransform [1.1 0.0 0.0 0.0 0.0 1.1 0.0 0.0 0.0 0.0 1.1 0.0 -9.609 0.05 6.704 1.0]
	ConcatTransform [0.29404 0.138142 -0.945758 0.0 0.591735 0.750753 0.293632 0.0 0.750593 -0.645977 0.139008 0.0 -0.322103 -0.494959 0.111472 1.0]
314
	ConcatTransform [1.1 0.0 0.0 0.0 0.0 1.1 0.0 0.0 0.0 0.0 1.1 0.0 -9.609 0.05 6.704 1.0]
	ConcatTransform [0.29295 0.134202 -0.946663 0.0 0.587981 0.755465 0.289052 0.0 0.753962 -0.641297 0.142405 0.0 -0.319695 -0.49482 0.114058 1.0]
315
	ConcatTransform [1.1 0.0 0.0 0.0 0.0 1.1 0.0 0.0 0.0 0.0 1.1 0.0 -9.609 0.05 6.704 1.0]
	ConcatTransform [0.290195 0.131996 -0.947821 0.0 0.586607 0.758006 0.285164 0.0 0.756094 -0.638752 0.14254 0.0 -0.31845 -0.494729 0.115495 1.0]
316
	ConcatTransform [1.1 0.0 0.0 0.0 0.0 1.1 0.0 0.0 0.0 0.0 1.1 0.0 -9.609 0.05 6.704 1.0]
	ConcatTransform [0.288744 0.129988 -0.948541 0.0 0.584498 0.760748 0.282179 0.0 0.75828 -0.635898 0.143684 0.0 -0.31708 -0.494627 0.117009 1.0]
317
	ConcatTransform [1.1 0.0 0.0 0.0 0.0 1.1 0.0 0.0 0.0 0.0 1.1 0.0 -9.609 0.05 6.704 1.0]
	ConcatTransform [0.286772 0.12885 -0.949294 0.0 0.584146 0.761869 0.279875 0.0 0.759299 -0.634786 0.143216 0.0 -0.316637 -0.494581 0.11763 1.0]
318
	ConcatTransform [1.1 0.0 0.0 0.0 0.0 1.1 0.0 0.0 0.0 0.0 1.1 0.0 -9.609 0.05 6.704 1.0]
	ConcatTransform [0.285374 0.128325 -0.949786 0.0 0.58441 0.762146 0.278566 0.0 0.759622 -0.63456 0.142503 0.0 -0.316582 -0.494591 0.117859 1.0]
319
	ConcatTransform [1.1 0.0 0.0 0.0 0.0 1.1 0.0 0.0 0.0 0.0 1.1 0.0 -9.609 0.05 6.704 1.0]
	ConcatTransform [0.282996 0.128864 -0.950425 0.0 0.585664 0.761522 0.277637 0.0 0.759547 -0.635199 0.140037 0.0 -0.316939 -0.494607 0.117526 1.0]
320
	ConcatTransform [1.1 0.0 0.0 0.0 0.0 1.1 0.0 0.0 0.0 0.0 1.1 0.0 -9.609 0.05 6.704 1.0]
	ConcatTransform [0.282133 0.13083 -0.950413 0.0 0.587829 0.759343 0.279026 0.0 0.758194 -0.637403 0.13733 0.0 -0.318034 -0.494681 0.116308 1.0]
321
	ConcatTransform [1.1 0.0 0.0 0.0 0.0 1.1 0.0 0.0 0.0 0.0 1.1 0.0 -9.609 0.05 6.704 1.0]
	ConcatTransform [0.281251 0.132705 -0.950414 0.0 0.590047 0.75714 0.280328 0.0 0.756797 -0.639632 0.134644 0.0 -0.319137 -0.494756 0.115062 1.0]
322
	ConcatTransform [1.1 0.0 0.0 0.0 0.0 1.1 0.0 0.0 0.0 0.0 1.1 0.0 -9.609 0.05 6.704 1.0]
	ConcatTransform [0.276314 0.136668 -0.9513 0.0 0.594911 0.753078 0.280988 0.0 0.754806 -0.64358 0.12678 0.0 -0.321106 -0.494879 0.11258 1.0]
323
	ConcatTransform [1.1 0.0 0.0 0.0 0.0 1.1 0.0 0.0 0.0 0.0 1.1 0.0 -9.609 0.05 6.704 1.0]
	ConcatTransform [0.271556 0.138992 -0.952333 0.0 0.599385 0.749764 0.280341 0.0 0.75299 -0.646943 0.120293 0.0 -0.322718 -0.494971 0.110857 1.0]
324
	ConcatTransform [1.1 0.0 0.0 0.0 0.0 1.1 0.0 0.0 0.0 0.0 1.1 0.0 -9.609 0.05 6.704 1.0]
	ConcatTransform [0.269604 0.142532 -0.952365 0.0 0.605329 0.744074 0.28272 0.0 0.748926 -0.652717 0.114326 0.0 -0.325764 -0.495083 0.108258 1.0]
325
	ConcatTransform [1.1 0.0 0.0 0.0 0.0 1.1 0.0 0.0 0.0 0.0 1.1 0.0 -9.609 0.05 6.704 1.0]
	ConcatTransform [0.2692 0.146446 -0.951885 0.0 0.609146 0.739667 0.286067 0.0 0.745971 -0.656846 0.109911 0.0 -0.327896 -0.49515 0.106305 1.0]
326
	ConcatTransform [1.1 0.0 0.0 0.0 0.0 1.1 0.0 0.0 0.0 0.0 1.1 0.0 -9.609 0.05 6.704 1.0]
	ConcatTransform [0.268481 0.152062 -0.951207 0.0 0.614364 0.733531 0.29067 0.0 0.741939 -0.662427 0.103518 0.0 -0.331202 -0.495197 0.103127 1.0]
327
	ConcatTransform [1.1 0.0 0.0 0.0 0.0 1.1 0.0 0.0 0.0 0.0 1.1 0.0 -9.609 0.05 6.704 1.0]
	ConcatTransform [0.267757 0.156092 -0.950758 0.0 0.617936 0.729289 0.293758 0.0 0.739231 -0.666163 0.098817 0.0 -0.333472 -0.495209 0.10097 1.0]
328
	ConcatTransform [1.1 0.0 0.0 0.0 0.0 1.1 0.0 0.0 0.0 0.0 1.1 0.0 -9.609 0.05 6.704 1.0]
	ConcatTransform [0.266948 0.161298 -0.950117 0.0 0.624106 0.722292 0.297972 0.0 0.734323 -0.672516 0.092147 0.0 -0.336996 -0.495158 0.097937 1.0]
329
	ConcatTransform [1.1 0.0 0.0 0.0 0.0 1.1 0.0 0.0 0.0 0.0 1.1 0.0 -9.609 0.05 6.704 1.0]
	ConcatTransform [0.265756 0.164592 -0.949886 0.0 0.628125 0.717901 0.300129 0.0 0.731323 -0.676408 0.087402 0.0 -0.339129 -0.495115 0.095902 1.0]
330
	ConcatTransform [1.1 0.0 0.0 0.0 0.0 1.1 0.0 0.0 0.0 0.0 1.1 0.0 -9.609 0.05 6.704 1.0]
	ConcatTransform [0.262716 0.16905 -0.949949 0.0 0.632369 0.71344 0.301848 0.0 0.728759 -0.680019 0.080531 0.0 -0.341798 -0.49501 0.092919 1.0]
331
	ConcatTransform [1.1 0.0 0.0 0.0 0.0 1.1 0.0 0.0 0.0 0.0 1.1 0.0 -9.609 0.05 6.704 1.0]
	ConcatTransform [0.264452 0.170632 -0.949184 0.0 0.634131 0.710767 0.304448 0.0 0.726597 -0.682419 0.079761 0.0 -0.343317 -0.494946 0.091226 1.0]
332
	ConcatTransform [1.1 0.0 0.0 0.0 0.0 1.1 0.0 0.0 0.0 0.0 1.1 0.0 -9.609 0.05 6.704 1.0]
	ConcatTransform [0.264166 0.171701 -0.949071 0.0 0.636863 0.707935 0.305341 0.0 0.724308 -0.685089 0.077662 0.0 -0.345435 -0.494883 0.089504 1.0]
333
	ConcatTransform [1.1 0.0 0.0 0.0 0.0 1.1 0.0 0.0 0.0 0.0 1.1 0.0 -9.609 0.05 6.704 1.0]
	ConcatTransform [0.265159 0.172784 -0.948597 0.0 0.637286 0.706882 0.306896 0.0 0.723573 -0.685903 0.077324 0.0 -0.346304 -0.494844 0.088578 1.0]
334
	ConcatTransform [1.1 0.0 0.0 0.0 0.0 1.1 0.0 0.0 0.0 0.0 1.1 0.0 -9.609 0.05 6.704 1.0]
	ConcatTransform [0.266914 0.173796 -0.94792 0.0 0.637832 0.705494 0.308948 0.0 0.722445 -0.687076 0.077453 0.0 -0.346943 -0.494796 0.087797 1.0]
335
	ConcatTransform [1.1 0.0 0.0 0.0 0.0 1.1 0.0 0.0 0.0 0.0 1.1 0.0 -9.609 0.05 6.704 1.0]
	ConcatTransform [0.266768 0.174063 -0.947912 0.0 0.638117 0.70518 0.309075 0.0 0.722247 -0.68733 0.077047 0.0 -0.347087 -0.494788 0.087725 1.0]
336
	ConcatTransform [1.1 0.0 0.0 0.0 0.0 1.1 0.0 0.0 0.0 0.0 1.1 0.0 -9.609 0.05 6.704 1.0]
	ConcatTransform [0.265617 0.173542 -0.948331 0.0 0.637318 0.706465 0.307787 0.0 0.723377 -0.686141 0.077047 0.0 -0.346987 -0.494821 0.088333 1.0]
337
	ConcatTransform [1.1 0.0 0.0 0.0 0.0 1.1 0.0 0.0 0.0 0.0 1.1 0.0 -9.609 0.05 6.704 1.0]
	ConcatTransform [0.267106 0.172629 -0.948079 0.0 0.635889 0.707657 0.308003 0.0 0.724085 -0.685143 0.079247 0.0 -0.346474 -0.494853 0.088998 1.0]
338
	ConcatTransform [1.1 0.0 0.0 0.0 0.0 1.1 0.0 0.0 0.0 0.0 1.1 0.0 -9.609 0.05 6.704 1.0]
	ConcatTransform [0.267482 0.170308 -0.948393 0.0 0.633613 0.710441 0.30628 0.0 0.725939 -0.682838 0.082121 0.0 -0.3452 -0.494937 0.090457 1.0]
339
	ConcatTransform [1.1 0.0 0.0 0.0 0.0 1.1 0.0 0.0 0.0 0.0 1.1 0.0 -9.609 0.05 6.704 1.0]
	ConcatTransform [0.26626 0.168465 -0.949065 0.0 0.631931 0.71298 0.303847 0.0 0.727852 -0.680646 0.083379 0.0 -0.344004 -0.494992 0.091669 1.0]
340
	ConcatTransform [1.1 0.0 0.0 0.0 0.0 1.1 0.0 0.0 0.0 0.0 1.1 0.0 -9.609 0.05 6.704 1.0]
	ConcatTransform [0.264612 0.165181 -0.950103 0.0 0.628607 0.717603 0.299832 0.0 0.731323 -0.67658 0.086053 0.0 -0.341808 -0.495067 0.093829 1.0]
341
	ConcatTransform [1.1 0.0 0.0 0.0 0.0 1.1 0.0 0.0 0.0 0.0 1.1 0.0 -9.609 0.05 6.704 1.0]
	ConcatTransform [0.264915 0.162569 -0.950469 0.0 0.625836 0.72089 0.297735 0.0 0.733586 -0.673712 0.089233 0.0 -0.340171 -0.495118 0.095497 1.0]
342
	ConcatTransform [1.1 0.0 0.0 0.0 0.0 1.1 0.0 0.0 0.0 0.0 1.1 0.0 -9.609 0.05 6.704 1.0]
	ConcatTransform [0.265097 0.157938 -0.951199 0.0 0.621773 0.72599 0.293831 0.0 0.736968 -0.669323 0.094256 0.0 -0.337635 -0.495186 0.098336 1.0]
343
	ConcatTransform [1.1 0.0 0.0 0.0 0.0 1.1 0.0 0.0 0.0 0.0 1.1 0.0 -9.609 0.05 6.704 1.0]
	ConcatTransform [0.264918 0.155141 -0.951709 0.0 0.618551 0.729813 0.291149 0.0 0.739738 -0.665811 0.097378 0.0 -0.335759 -0.495198 0.100208 1.0]
344
	ConcatTransform [1.1 0.0 0.0 0.0 0.0 1.1 0.0 0.0 0.0 0.0 1.1 0.0 -9.609 0.05 6.704 1.0]
	ConcatTransform [0.264303 0.150806 -0.952576 0.0 0.613864 0.735486 0.286761 0.0 0.743852 -0.660544 0.101817 0.0 -0.332928 -0.495184 0.10304 1.0]
345
	ConcatTransform [1.1 0.0 0.0 0.0 0.0 1.1 0.0 0.0 0.0 0.0 1.1 0.0 -9.609 0.05 6.704 1.0]
	ConcatTransform [0.263396 0.148139 -0.953246 0.0 0.611047 0.739014 0.283688 0.0 0.746487 -0.657201 0.104134 0.0 -0.330945 -0.495153 0.104749 1.0]
346
	ConcatTransform [1.1 0.0 0.0 0.0 0.0 1.1 0.0 0.0 0.0 0.0 1.1 0.0 -9.609 0.05 6.704 1.0]
	ConcatTransform [0.261675 0.144932 -0.954212 0.0 0.608142 0.742952 0.279616 0.0 0.749459 -0.653465 0.106273 0.0 -0.328204 -0.495099 0.107249 1.0]
347
	ConcatTransform [1.1 0.0 0.0 0.0 0.0 1.1 0.0 0.0 0.0 0.0 1.1 0.0 -9.609 0.05 6.704 1.0]
	ConcatTransform [0.260875 0.142796 -0.954753 0.0 0.605876 0.745747 0.277084 0.0 0.751571 -0.650746 0.10803 0.0 -0.326635 -0.495059 0.108835 1.0]
348
	ConcatTransform [1.1 0.0 0.0 0.0 0.0 1.1 0.0 0.0 0.0 0.0 1.1 0.0 -9.609 0.05 6.704 1.0]
	ConcatTransform [0.260342 0.139612 -0.955369 0.0 0.602708 0.749528 0.273772 0.0 0.754298 -0.647083 0.110989 0.0 -0.324585 -0.494987 0.110896 1.0]
349
	ConcatTransform [1.1 0.0 0.0 0.0 0.0 1.1 0.0 0.0 0.0 0.0 1.1 0.0 -9.609 0.05 6.704 1.0]
	ConcatTransform [0.259986 0.137618 -0.955756 0.0 0.601404 0.751301 0.271773 0.0 0.755461 -0.645452 0.112564 0.0 -0.323521 -0.494981 0.112085 1.0]
350
	ConcatTransform [1.1 0.0 0.0 0.0 0.0 1.1 0.0 0.0 0.0 0.0 1.1 0.0 -9.609 0.05 6.704 1.0]
	ConcatTransform [0.258884 0.136066 -0.956277 0.0 0.59961 0.753534 0.269545 0.0 0.757263 -0.643174 0.113492 0.0 -0.322232 -0.494895 0.113342 1.0]
351
	ConcatTransform [1.1 0.0 0.0 0.0 0.0 1.1 0.0 0.0 0.0 0.0 1.1 0.0 -9.609 0.05 6.704 1.0]
	ConcatTransform [0.257154 0.13525 -0.956859 0.0 0.598822 0.754843 0.267628 0.0 0.758475 -0.64181 0.113121 0.0 -0.321642 -0.494834 0.113801 1.0]
352
	ConcatTransform [1.1 0.0 0.0 0.0 0.0 1.1 0.0 0.0 0.0 0.0 1.1 0.0 -9.609 0.05 6.704 1.0]
	ConcatTransform [0.254543 0.13471 -0.957633 0.0 0.598873 0.755565 0.265468 0.0 0.759315 -0.641073 0.11165 0.0 -0.321303 -0.494808 0.11403 1.0]
353
	ConcatTransform [1.1 0.0 0.0 0.0 0.0 1.1 0.0 0.0 0.0 0.0 1.1 0.0 -9.609 0.05 6.704 1.0]
	ConcatTransform [0.253536 0.134792 -0.957889 0.0 0.599333 0.755389 0.264929 0.0 0.759289 -0.641263 0.110733 0.0 -0.321466 -0.494819 0.113875 1.0]
354
	ConcatTransform [1.1 0.0 0.0 0.0 0.0 1.1 0.0 0.0 0.0 0.0 1.1 0.0 -9.609 0.05 6.704 1.0]
	ConcatTransform [0.252013 0.135875 -0.958138 0.0 0.601011 0.754026 0.26501 0.0 0.758469 -0.642637 0.108362 0.0 -0.322231 -0.494858 0.113124 1.0]
355
	ConcatTransform [1.1 0.0 0.0 0.0 0.0 1.1 0.0 0.0 0.0 0.0 1.1 0.0 -9.609 0.05 6.704 1.0]
	ConcatTransform [0.25182 0.137851 -0.957906 0.0 0.602646 0.752135 0.266666 0.0 0.757235 -0.64443 0.106327 0.0 -0.323213 -0.494895 0.112456 1.0]
356
	ConcatTransform [1.1 0.0 0.0 0.0 0.0 1.1 0.0 0.0 0.0 0.0 1.1 0.0 -9.609 0.05 6.704 1.0]
	ConcatTransform [0.249636 0.138791 -0.958342 0.0 0.607246 0.748459 0.266575 0.0 0.754278 -0.648495 0.102562 0.0 -0.325118 -0.495037 0.11101 1.0]
357
	ConcatTransform [1.1 0.0 0.0 0.0 0.0 1.1 0.0 0.0 0.0 0.0 1.1 0.0 -9.609 0.05 6.704 1.0]
	ConcatTransform [0.247009 0.14144 -0.958635 0.0 0.610011 0.745968 0.267242 0.0 0.75291 -0.650789 0.097981 0.0 -0.326255 -0.495087 0.109421 1.0]
358
	ConcatTransform [1.1 0.0 0.0 0.0 0.0 1.1 0.0 0.0 0.0 0.0 1.1 0.0 -9.609 0.05 6.704 1.0]
	ConcatTransform [0.244251 0.145658 -0.95871 0.0 0.614633 0.741442 0.269239 0.0 0.750045 -0.655017 0.091571 0.0 -0.328438 -0.49514 0.106894 1.0]
359
	ConcatTransform [1.1 0.0 0.0 0.0 0.0 1.1 0.0 0.0 0.0 0.0 1.1 0.0 -9.609 0.05 6.704 1.0]
	ConcatTransform [0.243853 0.14819 -0.958423 0.0 0.617733 0.738108 0.271296 0.0 0.747624 -0.658206 0.088448 0.0 -0.330149 -0.495179 0.105155 1.0]
360
	ConcatTransform [1.1 0.0 0.0 0.0 0.0 1.1 0.0 0.0 0.0 0.0 1.1 0.0 -9.609 0.05 6.704 1.0]
	ConcatTransform [-0.058314 0.151317 0.986764 0.0 -0.661104 0.734789 -0.151747 0.0 -0.748025 -0.661202 0.057188 0.0 -0.154393 -0.495177 0.636293 1.0]
