228
	ConcatTransform [1.1 0.0 0.0 0.0 0.0 1.1 0.0 0.0 0.0 0.0 1.1 0.0 -9.609 0.05 6.704 1.0]
	ConcatTransform [0.979283 0.150576 -0.135397 0.0 -0.135213 0.983965 0.116319 0.0 0.15074 -0.095602 0.98394 0.0 -0.010485 0.01602 -0.025495 1.0]
229
	ConcatTransform [1.1 0.0 0.0 0.0 0.0 1.1 0.0 0.0 0.0 0.0 1.1 0.0 -9.609 0.05 6.704 1.0]
	ConcatTransform [0.939551 0.250762 -0.233159 0.0 -0.192932 0.950251 0.244541 0.0 0.282881 -0.184775 0.941189 0.0 -0.019198 0.021066 -0.048467 1.0]
230
	ConcatTransform [1.1 0.0 0.0 0.0 0.0 1.1 0.0 0.0 0.0 0.0 1.1 0.0 -9.609 0.05 6.704 1.0]
	ConcatTransform [0.888362 0.34174 -0.306639 0.0 -0.194229 0.884856 0.423444 0.0 0.416038 -0.316613 0.852448 0.0 -0.033369 0.015814 -0.087444 1.0]
231
	ConcatTransform [1.1 0.0 0.0 0.0 0.0 1.1 0.0 0.0 0.0 0.0 1.1 0.0 -9.609 0.05 6.704 1.0]
	ConcatTransform [0.865731 0.361486 -0.346176 0.0 -0.125907 0.826695 0.548383 0.0 0.484414 -0.431166 0.761209 0.0 -0.041745 0.001023 -0.113124 1.0]
232
	ConcatTransform [1.1 0.0 0.0 0.0 0.0 1.1 0.0 0.0 0.0 0.0 1.1 0.0 -9.609 0.05 6.704 1.0]
	ConcatTransform [0.814855 0.399137 -0.420359 0.0 0.01041 0.714982 0.699066 0.0 0.579572 -0.574013 0.578451 0.0 -0.056974 -0.036606 -0.151897 1.0]
233
	ConcatTransform [1.1 0.0 0.0 0.0 0.0 1.1 0.0 0.0 0.0 0.0 1.1 0.0 -9.609 0.05 6.704 1.0]
	ConcatTransform [0.775348 0.437998 -0.454965 0.0 0.072231 0.654182 0.752881 0.0 0.62739 -0.616607 0.475581 0.0 -0.070156 -0.071257 -0.178442 1.0]
234
	ConcatTransform [1.1 0.0 0.0 0.0 0.0 1.1 0.0 0.0 0.0 0.0 1.1 0.0 -9.609 0.05 6.704 1.0]
	ConcatTransform [0.778489 0.390291 -0.491557 0.0 0.202651 0.584922 0.785365 0.0 0.594043 -0.711013 0.376263 0.0 -0.091053 -0.135808 -0.218674 1.0]
235
	ConcatTransform [1.1 0.0 0.0 0.0 0.0 1.1 0.0 0.0 0.0 0.0 1.1 0.0 -9.609 0.05 6.704 1.0]
	ConcatTransform [0.79988 0.286045 -0.527609 0.0 0.307245 0.560009 0.769409 0.0 0.515551 -0.77754 0.360054 0.0 -0.104512 -0.189234 -0.246298 1.0]
236
	ConcatTransform [1.1 0.0 0.0 0.0 0.0 1.1 0.0 0.0 0.0 0.0 1.1 0.0 -9.609 0.05 6.704 1.0]
	ConcatTransform [0.814916 0.101644 -0.570597 0.0 0.440583 0.531003 0.723824 0.0 0.376561 -0.841251 0.38794 0.0 -0.125232 -0.285419 -0.287947 1.0]
237
	ConcatTransform [1.1 0.0 0.0 0.0 0.0 1.1 0.0 0.0 0.0 0.0 1.1 0.0 -9.609 0.05 6.704 1.0]
	ConcatTransform [0.800622 -0.032003 -0.598314 0.0 0.497095 0.59298 0.63346 0.0 0.334515 -0.804581 0.490662 0.0 -0.142907 -0.322115 -0.30938 1.0]
238
	ConcatTransform [1.1 0.0 0.0 0.0 0.0 1.1 0.0 0.0 0.0 0.0 1.1 0.0 -9.609 0.05 6.704 1.0]
	ConcatTransform [0.784956 0.038876 -0.618331 0.0 0.452041 0.646562 0.614505 0.0 0.423679 -0.76187 0.489949 0.0 -0.172117 -0.335601 -0.32902 1.0]
239
	ConcatTransform [1.1 0.0 0.0 0.0 0.0 1.1 0.0 0.0 0.0 0.0 1.1 0.0 -9.609 0.05 6.704 1.0]
	ConcatTransform [0.768493 0.005911 -0.639831 0.0 0.462354 0.68612 0.561665 0.0 0.442321 -0.727464 0.524546 0.0 -0.196819 -0.33163 -0.339385 1.0]
240
	ConcatTransform [1.1 0.0 0.0 0.0 0.0 1.1 0.0 0.0 0.0 0.0 1.1 0.0 -9.609 0.05 6.704 1.0]
	ConcatTransform [0.737131 -0.06829 -0.672291 0.0 0.533642 0.669177 0.517135 0.0 0.414566 -0.739959 0.529713 0.0 -0.237256 -0.329444 -0.352025 1.0]
241
	ConcatTransform [1.1 0.0 0.0 0.0 0.0 1.1 0.0 0.0 0.0 0.0 1.1 0.0 -9.609 0.05 6.704 1.0]
	ConcatTransform [0.719115 -0.106394 -0.686698 0.0 0.574381 0.647197 0.501221 0.0 0.391102 -0.754862 0.52652 0.0 -0.266387 -0.334464 -0.359835 1.0]
242
	ConcatTransform [1.1 0.0 0.0 0.0 0.0 1.1 0.0 0.0 0.0 0.0 1.1 0.0 -9.609 0.05 6.704 1.0]
	ConcatTransform [0.685513 -0.203817 -0.69895 0.0 0.652154 0.598698 0.465033 0.0 0.323678 -0.774609 0.543336 0.0 -0.312315 -0.350148 -0.371796 1.0]
243
	ConcatTransform [1.1 0.0 0.0 0.0 0.0 1.1 0.0 0.0 0.0 0.0 1.1 0.0 -9.609 0.05 6.704 1.0]
	ConcatTransform [0.660046 -0.276218 -0.698601 0.0 0.696925 0.572284 0.432188 0.0 0.28042 -0.772136 0.570237 0.0 -0.343662 -0.363971 -0.380258 1.0]
244
	ConcatTransform [1.1 0.0 0.0 0.0 0.0 1.1 0.0 0.0 0.0 0.0 1.1 0.0 -9.609 0.05 6.704 1.0]
	ConcatTransform [0.612303 -0.308814 -0.727818 0.0 0.753079 0.508116 0.41796 0.0 0.240745 -0.804022 0.543682 0.0 -0.387102 -0.374347 -0.394014 1.0]
245
	ConcatTransform [1.1 0.0 0.0 0.0 0.0 1.1 0.0 0.0 0.0 0.0 1.1 0.0 -9.609 0.05 6.704 1.0]
	ConcatTransform [0.574262 -0.306818 -0.759003 0.0 0.781959 0.48009 0.39756 0.0 0.242411 -0.821813 0.515616 0.0 -0.414441 -0.382276 -0.403775 1.0]
246
	ConcatTransform [1.1 0.0 0.0 0.0 0.0 1.1 0.0 0.0 0.0 0.0 1.1 0.0 -9.609 0.05 6.704 1.0]
	ConcatTransform [0.542812 -0.260312 -0.798494 0.0 0.796065 0.462462 0.390397 0.0 0.267648 -0.847565 0.458255 0.0 -0.452419 -0.396612 -0.418171 1.0]
247
	ConcatTransform [1.1 0.0 0.0 0.0 0.0 1.1 0.0 0.0 0.0 0.0 1.1 0.0 -9.609 0.05 6.704 1.0]
	ConcatTransform [0.556257 -0.225522 -0.799824 0.0 0.784538 0.459865 0.415961 0.0 0.274002 -0.858874 0.432734 0.0 -0.47371 -0.402477 -0.427753 1.0]
248
	ConcatTransform [1.1 0.0 0.0 0.0 0.0 1.1 0.0 0.0 0.0 0.0 1.1 0.0 -9.609 0.05 6.704 1.0]
	ConcatTransform [0.58633 -0.212472 -0.781711 0.0 0.764331 0.464779 0.446966 0.0 0.268355 -0.859556 0.434913 0.0 -0.5004 -0.415853 -0.443063 1.0]
249
	ConcatTransform [1.1 0.0 0.0 0.0 0.0 1.1 0.0 0.0 0.0 0.0 1.1 0.0 -9.609 0.05 6.704 1.0]
	ConcatTransform [0.599189 -0.206095 -0.773626 0.0 0.748291 0.48774 0.449633 0.0 0.284661 -0.848313 0.446468 0.0 -0.515129 -0.422123 -0.451713 1.0]
250
	ConcatTransform [1.1 0.0 0.0 0.0 0.0 1.1 0.0 0.0 0.0 0.0 1.1 0.0 -9.609 0.05 6.704 1.0]
	ConcatTransform [0.588862 -0.243566 -0.77066 0.0 0.771109 0.454972 0.445412 0.0 0.242142 -0.856549 0.455731 0.0 -0.531918 -0.427323 -0.460964 1.0]
251
	ConcatTransform [1.1 0.0 0.0 0.0 0.0 1.1 0.0 0.0 0.0 0.0 1.1 0.0 -9.609 0.05 6.704 1.0]
	ConcatTransform [0.578806 -0.270398 -0.76933 0.0 0.783301 0.446704 0.432314 0.0 0.226766 -0.852843 0.470358 0.0 -0.540897 -0.428184 -0.465325 1.0]
252
	ConcatTransform [1.1 0.0 0.0 0.0 0.0 1.1 0.0 0.0 0.0 0.0 1.1 0.0 -9.609 0.05 6.704 1.0]
	ConcatTransform [0.56637 -0.323709 -0.757917 0.0 0.795009 0.456983 0.398908 0.0 0.217225 -0.82848 0.516173 0.0 -0.551363 -0.432164 -0.470362 1.0]
253
	ConcatTransform [1.1 0.0 0.0 0.0 0.0 1.1 0.0 0.0 0.0 0.0 1.1 0.0 -9.609 0.05 6.704 1.0]
	ConcatTransform [0.563563 -0.349414 -0.748536 0.0 0.796513 0.470081 0.380251 0.0 0.219008 -0.810514 0.543233 0.0 -0.556633 -0.43849 -0.47258 1.0]
254
	ConcatTransform [1.1 0.0 0.0 0.0 0.0 1.1 0.0 0.0 0.0 0.0 1.1 0.0 -9.609 0.05 6.704 1.0]
	ConcatTransform [0.582808 -0.364871 -0.726088 0.0 0.787212 0.475154 0.393097 0.0 0.201574 -0.800685 0.564155 0.0 -0.561605 -0.453694 -0.474368 1.0]
255
	ConcatTransform [1.1 0.0 0.0 0.0 0.0 1.1 0.0 0.0 0.0 0.0 1.1 0.0 -9.609 0.05 6.704 1.0]
	ConcatTransform [0.595391 -0.369365 -0.713498 0.0 0.776886 0.491086 0.394059 0.0 0.204838 -0.788926 0.579342 0.0 -0.56302 -0.468239 -0.476126 1.0]
256
	ConcatTransform [1.1 0.0 0.0 0.0 0.0 1.1 0.0 0.0 0.0 0.0 1.1 0.0 -9.609 0.05 6.704 1.0]
	ConcatTransform [0.66629 -0.353925 -0.656349 0.0 0.717521 0.54394 0.435078 0.0 0.20303 -0.760832 0.616371 0.0 -0.554137 -0.475249 -0.481459 1.0]
257
	ConcatTransform [1.1 0.0 0.0 0.0 0.0 1.1 0.0 0.0 0.0 0.0 1.1 0.0 -9.609 0.05 6.704 1.0]
	ConcatTransform [0.718029 -0.327842 -0.613966 0.0 0.666568 0.577766 0.471035 0.0 0.200304 -0.747466 0.633382 0.0 -0.545825 -0.48244 -0.485376 1.0]
258
	ConcatTransform [1.1 0.0 0.0 0.0 0.0 1.1 0.0 0.0 0.0 0.0 1.1 0.0 -9.609 0.05 6.704 1.0]
	ConcatTransform [0.787167 -0.271418 -0.553805 0.0 0.582258 0.623095 0.522234 0.0 0.20333 -0.733543 0.648515 0.0 -0.528087 -0.492577 -0.493131 1.0]
259
	ConcatTransform [1.1 0.0 0.0 0.0 0.0 1.1 0.0 0.0 0.0 0.0 1.1 0.0 -9.609 0.05 6.704 1.0]
	ConcatTransform [0.824798 -0.229133 -0.51692 0.0 0.526142 0.645836 0.553237 0.0 0.20708 -0.728282 0.653241 0.0 -0.512754 -0.497901 -0.500013 1.0]
260
	ConcatTransform [1.1 0.0 0.0 0.0 0.0 1.1 0.0 0.0 0.0 0.0 1.1 0.0 -9.609 0.05 6.704 1.0]
	ConcatTransform [0.855666 -0.176236 -0.486597 0.0 0.47574 0.637991 0.605507 0.0 0.203732 -0.749605 0.62975 0.0 -0.485697 -0.502893 -0.511902 1.0]
261
	ConcatTransform [1.1 0.0 0.0 0.0 0.0 1.1 0.0 0.0 0.0 0.0 1.1 0.0 -9.609 0.05 6.704 1.0]
	ConcatTransform [0.87163 -0.142057 -0.469127 0.0 0.440918 0.645336 0.623804 0.0 0.214129 -0.750574 0.62513 0.0 -0.466493 -0.505397 -0.521053 1.0]
262
	ConcatTransform [1.1 0.0 0.0 0.0 0.0 1.1 0.0 0.0 0.0 0.0 1.1 0.0 -9.609 0.05 6.704 1.0]
	ConcatTransform [0.892507 -0.090757 -0.441808 0.0 0.388876 0.651068 0.651833 0.0 0.228489 -0.753574 0.616376 0.0 -0.436361 -0.506774 -0.534698 1.0]
263
	ConcatTransform [1.1 0.0 0.0 0.0 0.0 1.1 0.0 0.0 0.0 0.0 1.1 0.0 -9.609 0.05 6.704 1.0]
	ConcatTransform [0.90195 -0.064133 -0.427052 0.0 0.362499 0.649885 0.668015 0.0 0.234693 -0.757322 0.609412 0.0 -0.417402 -0.50423 -0.542538 1.0]
264
	ConcatTransform [1.1 0.0 0.0 0.0 0.0 1.1 0.0 0.0 0.0 0.0 1.1 0.0 -9.609 0.05 6.704 1.0]
	ConcatTransform [0.912202 -0.033389 -0.408379 0.0 0.333702 0.638883 0.693161 0.0 0.237762 -0.768579 0.593932 0.0 -0.391696 -0.500171 -0.551949 1.0]
265
	ConcatTransform [1.1 0.0 0.0 0.0 0.0 1.1 0.0 0.0 0.0 0.0 1.1 0.0 -9.609 0.05 6.704 1.0]
	ConcatTransform [0.920198 -0.011801 -0.391275 0.0 0.311048 0.628902 0.712552 0.0 0.237665 -0.777395 0.582385 0.0 -0.377233 -0.497219 -0.556798 1.0]
266
	ConcatTransform [1.1 0.0 0.0 0.0 0.0 1.1 0.0 0.0 0.0 0.0 1.1 0.0 -9.609 0.05 6.704 1.0]
	ConcatTransform [0.91533 0.00593 -0.402661 0.0 0.307285 0.635981 0.707887 0.0 0.260283 -0.771682 0.58031 0.0 -0.35736 -0.49495 -0.560544 1.0]
267
	ConcatTransform [1.1 0.0 0.0 0.0 0.0 1.1 0.0 0.0 0.0 0.0 1.1 0.0 -9.609 0.05 6.704 1.0]
	ConcatTransform [0.904161 0.012912 -0.426996 0.0 0.316531 0.650993 0.689939 0.0 0.28688 -0.758974 0.584516 0.0 -0.345888 -0.494473 -0.560247 1.0]
268
	ConcatTransform [1.1 0.0 0.0 0.0 0.0 1.1 0.0 0.0 0.0 0.0 1.1 0.0 -9.609 0.05 6.704 1.0]
	ConcatTransform [0.887376 0.020672 -0.460582 0.0 0.331494 0.665699 0.668549 0.0 0.320429 -0.745934 0.583872 0.0 -0.33333 -0.493443 -0.55663 1.0]
269
	ConcatTransform [1.1 0.0 0.0 0.0 0.0 1.1 0.0 0.0 0.0 0.0 1.1 0.0 -9.609 0.05 6.704 1.0]
	ConcatTransform [0.877063 0.012944 -0.4802 0.0 0.347047 0.674097 0.652037 0.0 0.332142 -0.73853 0.586733 0.0 -0.327413 -0.494422 -0.552802 1.0]
270
	ConcatTransform [1.1 0.0 0.0 0.0 0.0 1.1 0.0 0.0 0.0 0.0 1.1 0.0 -9.609 0.05 6.704 1.0]
	ConcatTransform [0.864016 -0.009571 -0.503373 0.0 0.369209 0.691786 0.620578 0.0 0.342287 -0.722039 0.601248 0.0 -0.322787 -0.497081 -0.545108 1.0]
271
	ConcatTransform [1.1 0.0 0.0 0.0 0.0 1.1 0.0 0.0 0.0 0.0 1.1 0.0 -9.609 0.05 6.704 1.0]
	ConcatTransform [0.844832 -0.019648 -0.534671 0.0 0.388363 0.709889 0.587564 0.0 0.368013 -0.704039 0.607367 0.0 -0.322441 -0.497708 -0.537916 1.0]
272
	ConcatTransform [1.1 0.0 0.0 0.0 0.0 1.1 0.0 0.0 0.0 0.0 1.1 0.0 -9.609 0.05 6.704 1.0]
	ConcatTransform [0.806047 -0.048223 -0.589884 0.0 0.425668 0.739713 0.521182 0.0 0.411212 -0.671192 0.61677 0.0 -0.323983 -0.499394 -0.523642 1.0]
273
	ConcatTransform [1.1 0.0 0.0 0.0 0.0 1.1 0.0 0.0 0.0 0.0 1.1 0.0 -9.609 0.05 6.704 1.0]
	ConcatTransform [0.775411 -0.074419 -0.627056 0.0 0.452434 0.758209 0.469492 0.0 0.4405 -0.647751 0.621594 0.0 -0.326395 -0.500209 -0.511876 1.0]
274
	ConcatTransform [1.1 0.0 0.0 0.0 0.0 1.1 0.0 0.0 0.0 0.0 1.1 0.0 -9.609 0.05 6.704 1.0]
	ConcatTransform [0.736996 -0.134101 -0.662461 0.0 0.496895 0.771911 0.396546 0.0 0.458183 -0.621426 0.635529 0.0 -0.333951 -0.502337 -0.493901 1.0]
275
	ConcatTransform [1.1 0.0 0.0 0.0 0.0 1.1 0.0 0.0 0.0 0.0 1.1 0.0 -9.609 0.05 6.704 1.0]
	ConcatTransform [0.732192 -0.141962 -0.66614 0.0 0.502415 0.772925 0.387513 0.0 0.459864 -0.618412 0.637253 0.0 -0.338634 -0.500977 -0.483462 1.0]
276
	ConcatTransform [1.1 0.0 0.0 0.0 0.0 1.1 0.0 0.0 0.0 0.0 1.1 0.0 -9.609 0.05 6.704 1.0]
	ConcatTransform [0.75208 -0.148727 -0.642072 0.0 0.486189 0.782925 0.388135 0.0 0.444967 -0.604077 0.661132 0.0 -0.342097 -0.498499 -0.472075 1.0]
277
	ConcatTransform [1.1 0.0 0.0 0.0 0.0 1.1 0.0 0.0 0.0 0.0 1.1 0.0 -9.609 0.05 6.704 1.0]
	ConcatTransform [0.760723 -0.150464 -0.631396 0.0 0.478551 0.787201 0.388977 0.0 0.438509 -0.598059 0.670847 0.0 -0.34214 -0.497294 -0.467006 1.0]
278
	ConcatTransform [1.1 0.0 0.0 0.0 0.0 1.1 0.0 0.0 0.0 0.0 1.1 0.0 -9.609 0.05 6.704 1.0]
	ConcatTransform [0.773139 -0.150772 -0.616056 0.0 0.467674 0.791638 0.39318 0.0 0.428413 -0.592096 0.682558 0.0 -0.341814 -0.496222 -0.462736 1.0]
279
	ConcatTransform [1.1 0.0 0.0 0.0 0.0 1.1 0.0 0.0 0.0 0.0 1.1 0.0 -9.609 0.05 6.704 1.0]
	ConcatTransform [0.789189 -0.146176 -0.596501 0.0 0.455424 0.790907 0.408723 0.0 0.412032 -0.594221 0.690747 0.0 -0.341947 -0.496558 -0.46204 1.0]
280
	ConcatTransform [1.1 0.0 0.0 0.0 0.0 1.1 0.0 0.0 0.0 0.0 1.1 0.0 -9.609 0.05 6.704 1.0]
	ConcatTransform [0.798303 -0.143473 -0.584917 0.0 0.450748 0.786451 0.42228 0.0 0.399423 -0.600758 0.692497 0.0 -0.343604 -0.497657 -0.464573 1.0]
281
	ConcatTransform [1.1 0.0 0.0 0.0 0.0 1.1 0.0 0.0 0.0 0.0 1.1 0.0 -9.609 0.05 6.704 1.0]
	ConcatTransform [0.801783 -0.139467 -0.581114 0.0 0.448579 0.782947 0.431012 0.0 0.39487 -0.606253 0.690316 0.0 -0.345897 -0.498367 -0.468535 1.0]
282
	ConcatTransform [1.1 0.0 0.0 0.0 0.0 1.1 0.0 0.0 0.0 0.0 1.1 0.0 -9.609 0.05 6.704 1.0]
	ConcatTransform [0.809236 -0.128176 -0.57333 0.0 0.444894 0.771054 0.455572 0.0 0.383675 -0.623737 0.680989 0.0 -0.350773 -0.500863 -0.477145 1.0]
283
	ConcatTransform [1.1 0.0 0.0 0.0 0.0 1.1 0.0 0.0 0.0 0.0 1.1 0.0 -9.609 0.05 6.704 1.0]
	ConcatTransform [0.821305 -0.11736 -0.558288 0.0 0.435756 0.760669 0.481144 0.0 0.368205 -0.638443 0.675881 0.0 -0.353211 -0.502799 -0.484537 1.0]
284
	ConcatTransform [1.1 0.0 0.0 0.0 0.0 1.1 0.0 0.0 0.0 0.0 1.1 0.0 -9.609 0.05 6.704 1.0]
	ConcatTransform [0.826944 -0.103839 -0.552613 0.0 0.431053 0.748141 0.504458 0.0 0.36105 -0.655364 0.663431 0.0 -0.356268 -0.503649 -0.495161 1.0]
285
	ConcatTransform [1.1 0.0 0.0 0.0 0.0 1.1 0.0 0.0 0.0 0.0 1.1 0.0 -9.609 0.05 6.704 1.0]
	ConcatTransform [0.823365 -0.106422 -0.557444 0.0 0.438319 0.743177 0.505533 0.0 0.36048 -0.660577 0.658553 0.0 -0.358022 -0.503999 -0.501179 1.0]
286
	ConcatTransform [1.1 0.0 0.0 0.0 0.0 1.1 0.0 0.0 0.0 0.0 1.1 0.0 -9.609 0.05 6.704 1.0]
	ConcatTransform [0.811437 -0.113285 -0.573356 0.0 0.455475 0.737301 0.498929 0.0 0.366215 -0.665998 0.649872 0.0 -0.36048 -0.504497 -0.507904 1.0]
287
	ConcatTransform [1.1 0.0 0.0 0.0 0.0 1.1 0.0 0.0 0.0 0.0 1.1 0.0 -9.609 0.05 6.704 1.0]
	ConcatTransform [0.803431 -0.114968 -0.584193 0.0 0.464705 0.734481 0.494557 0.0 0.372221 -0.66882 0.643531 0.0 -0.361777 -0.50466 -0.511171 1.0]
288
	ConcatTransform [1.1 0.0 0.0 0.0 0.0 1.1 0.0 0.0 0.0 0.0 1.1 0.0 -9.609 0.05 6.704 1.0]
	ConcatTransform [0.790211 -0.111349 -0.602635 0.0 0.475386 0.731953 0.488112 0.0 0.38675 -0.672195 0.631331 0.0 -0.362165 -0.504697 -0.514987 1.0]
289
	ConcatTransform [1.1 0.0 0.0 0.0 0.0 1.1 0.0 0.0 0.0 0.0 1.1 0.0 -9.609 0.05 6.704 1.0]
	ConcatTransform [0.775284 -0.11137 -0.621716 0.0 0.488202 0.730196 0.477989 0.0 0.400741 -0.6741 0.62048 0.0 -0.361955 -0.504845 -0.516025 1.0]
290
	ConcatTransform [1.1 0.0 0.0 0.0 0.0 1.1 0.0 0.0 0.0 0.0 1.1 0.0 -9.609 0.05 6.704 1.0]
	ConcatTransform [0.746411 -0.115489 -0.655388 0.0 0.510022 0.7319 0.451885 0.0 0.427491 -0.671554 0.6052 0.0 -0.3611 -0.504779 -0.515713 1.0]
291
	ConcatTransform [1.1 0.0 0.0 0.0 0.0 1.1 0.0 0.0 0.0 0.0 1.1 0.0 -9.609 0.05 6.704 1.0]
	ConcatTransform [0.728056 -0.115739 -0.675676 0.0 0.520464 0.734807 0.434944 0.0 0.446151 -0.668329 0.595219 0.0 -0.359219 -0.504624 -0.5153 1.0]
292
	ConcatTransform [1.1 0.0 0.0 0.0 0.0 1.1 0.0 0.0 0.0 0.0 1.1 0.0 -9.609 0.05 6.704 1.0]
	ConcatTransform [0.699585 -0.111029 -0.70587 0.0 0.531055 0.741729 0.409657 0.0 0.478081 -0.661446 0.577865 0.0 -0.354943 -0.504224 -0.514223 1.0]
293
	ConcatTransform [1.1 0.0 0.0 0.0 0.0 1.1 0.0 0.0 0.0 0.0 1.1 0.0 -9.609 0.05 6.704 1.0]
	ConcatTransform [0.677856 -0.108921 -0.727081 0.0 0.53706 0.748738 0.388534 0.0 0.502074 -0.653857 0.566033 0.0 -0.351908 -0.503492 -0.512643 1.0]
294
	ConcatTransform [1.1 0.0 0.0 0.0 0.0 1.1 0.0 0.0 0.0 0.0 1.1 0.0 -9.609 0.05 6.704 1.0]
	ConcatTransform [0.646784 -0.110443 -0.754634 0.0 0.545246 0.758803 0.356267 0.0 0.533271 -0.641889 0.551 0.0 -0.347216 -0.502767 -0.5088 1.0]
295
	ConcatTransform [1.1 0.0 0.0 0.0 0.0 1.1 0.0 0.0 0.0 0.0 1.1 0.0 -9.609 0.05 6.704 1.0]
	ConcatTransform [0.628182 -0.113578 -0.769732 0.0 0.549993 0.764584 0.336034 0.0 0.550358 -0.634438 0.542765 0.0 -0.344298 -0.501991 -0.506427 1.0]
296
	ConcatTransform [1.1 0.0 0.0 0.0 0.0 1.1 0.0 0.0 0.0 0.0 1.1 0.0 -9.609 0.05 6.704 1.0]
	ConcatTransform [0.608269 -0.122086 -0.784286 0.0 0.55877 0.767633 0.313872 0.0 0.563724 -0.629154 0.535145 0.0 -0.343266 -0.501504 -0.50488 1.0]
297
	ConcatTransform [1.1 0.0 0.0 0.0 0.0 1.1 0.0 0.0 0.0 0.0 1.1 0.0 -9.609 0.05 6.704 1.0]
	ConcatTransform [0.593415 -0.121403 -0.795688 0.0 0.57197 0.759138 0.310742 0.0 0.566312 -0.639509 0.519922 0.0 -0.34428 -0.502905 -0.50462 1.0]
298
	ConcatTransform [1.1 0.0 0.0 0.0 0.0 1.1 0.0 0.0 0.0 0.0 1.1 0.0 -9.609 0.05 6.704 1.0]
	ConcatTransform [0.575745 -0.118414 -0.809009 0.0 0.589478 0.745787 0.310351 0.0 0.566598 -0.655576 0.499185 0.0 -0.346986 -0.504075 -0.507021 1.0]
299
	ConcatTransform [1.1 0.0 0.0 0.0 0.0 1.1 0.0 0.0 0.0 0.0 1.1 0.0 -9.609 0.05 6.704 1.0]
	ConcatTransform [0.575037 -0.110631 -0.810613 0.0 0.594597 0.737077 0.321204 0.0 0.561949 -0.666692 0.489627 0.0 -0.349388 -0.504966 -0.510208 1.0]
300
	ConcatTransform [1.1 0.0 0.0 0.0 0.0 1.1 0.0 0.0 0.0 0.0 1.1 0.0 -9.609 0.05 6.704 1.0]
	ConcatTransform [0.577829 -0.111401 -0.808519 0.0 0.605876 0.722289 0.333485 0.0 0.546834 -0.68256 0.484855 0.0 -0.354395 -0.505647 -0.51596 1.0]
301
	ConcatTransform [1.1 0.0 0.0 0.0 0.0 1.1 0.0 0.0 0.0 0.0 1.1 0.0 -9.609 0.05 6.704 1.0]
	ConcatTransform [0.578777 -0.111948 -0.807765 0.0 0.615232 0.710102 0.342411 0.0 0.535263 -0.695143 0.479865 0.0 -0.357988 -0.506162 -0.519709 1.0]
302
	ConcatTransform [1.1 0.0 0.0 0.0 0.0 1.1 0.0 0.0 0.0 0.0 1.1 0.0 -9.609 0.05 6.704 1.0]
	ConcatTransform [0.575214 -0.109049 -0.810702 0.0 0.622973 0.700688 0.347765 0.0 0.530125 -0.705085 0.470981 0.0 -0.36224 -0.506342 -0.525052 1.0]
303
	ConcatTransform [1.1 0.0 0.0 0.0 0.0 1.1 0.0 0.0 0.0 0.0 1.1 0.0 -9.609 0.05 6.704 1.0]
	ConcatTransform [0.571476 -0.110016 -0.81321 0.0 0.628856 0.695371 0.347849 0.0 0.527214 -0.71018 0.466572 0.0 -0.365245 -0.506411 -0.528457 1.0]
304
	ConcatTransform [1.1 0.0 0.0 0.0 0.0 1.1 0.0 0.0 0.0 0.0 1.1 0.0 -9.609 0.05 6.704 1.0]
	ConcatTransform [0.557664 -0.115451 -0.821999 0.0 0.644561 0.684202 0.341188 0.0 0.523023 -0.720097 0.45597 0.0 -0.36889 -0.506546 -0.533576 1.0]
305
	ConcatTransform [1.1 0.0 0.0 0.0 0.0 1.1 0.0 0.0 0.0 0.0 1.1 0.0 -9.609 0.05 6.704 1.0]
	ConcatTransform [0.545499 -0.112896 -0.830473 0.0 0.651943 0.679854 0.335811 0.0 0.526689 -0.724606 0.444461 0.0 -0.37086 -0.506631 -0.53712 1.0]
306
	ConcatTransform [1.1 0.0 0.0 0.0 0.0 1.1 0.0 0.0 0.0 0.0 1.1 0.0 -9.609 0.05 6.704 1.0]
	ConcatTransform [0.534948 -0.109694 -0.837734 0.0 0.6567 0.677832 0.33059 0.0 0.531579 -0.726988 0.43464 0.0 -0.37202 -0.506538 -0.541946 1.0]
307
	ConcatTransform [1.1 0.0 0.0 0.0 0.0 1.1 0.0 0.0 0.0 0.0 1.1 0.0 -9.609 0.05 6.704 1.0]
	ConcatTransform [0.528886 -0.110986 -0.841405 0.0 0.661602 0.674873 0.326847 0.0 0.531566 -0.72954 0.430359 0.0 -0.372695 -0.506618 -0.544429 1.0]
308
	ConcatTransform [1.1 0.0 0.0 0.0 0.0 1.1 0.0 0.0 0.0 0.0 1.1 0.0 -9.609 0.05 6.704 1.0]
	ConcatTransform [0.521313 -0.113864 -0.845735 0.0 0.668141 0.670985 0.321507 0.0 0.530867 -0.732676 0.42587 0.0 -0.374186 -0.506793 -0.546213 1.0]
309
	ConcatTransform [1.1 0.0 0.0 0.0 0.0 1.1 0.0 0.0 0.0 0.0 1.1 0.0 -9.609 0.05 6.704 1.0]
	ConcatTransform [0.518925 -0.113306 -0.847277 0.0 0.669432 0.670242 0.320371 0.0 0.53158 -0.733442 0.423656 0.0 -0.37405 -0.506787 -0.547751 1.0]
310
	ConcatTransform [1.1 0.0 0.0 0.0 0.0 1.1 0.0 0.0 0.0 0.0 1.1 0.0 -9.609 0.05 6.704 1.0]
	ConcatTransform [0.522562 -0.111607 -0.845265 0.0 0.666561 0.671646 0.323401 0.0 0.531625 -0.732418 0.425369 0.0 -0.372262 -0.50667 -0.550474 1.0]
311
	ConcatTransform [1.1 0.0 0.0 0.0 0.0 1.1 0.0 0.0 0.0 0.0 1.1 0.0 -9.609 0.05 6.704 1.0]
	ConcatTransform [0.522095 -0.112179 -0.845478 0.0 0.666539 0.672141 0.322417 0.0 0.532112 -0.731876 0.425693 0.0 -0.371141 -0.506677 -0.551275 1.0]
312
	ConcatTransform [1.1 0.0 0.0 0.0 0.0 1.1 0.0 0.0 0.0 0.0 1.1 0.0 -9.609 0.05 6.704 1.0]
	ConcatTransform [0.513047 -0.11285 -0.85091 0.0 0.666824 0.676611 0.31232 0.0 0.54049 -0.727642 0.422384 0.0 -0.369188 -0.50674 -0.551406 1.0]
313
	ConcatTransform [1.1 0.0 0.0 0.0 0.0 1.1 0.0 0.0 0.0 0.0 1.1 0.0 -9.609 0.05 6.704 1.0]
	ConcatTransform [0.511539 -0.110758 -0.852092 0.0 0.665169 0.678803 0.31109 0.0 0.543947 -0.72592 0.420907 0.0 -0.367413 -0.506634 -0.551522 1.0]
314
	ConcatTransform [1.1 0.0 0.0 0.0 0.0 1.1 0.0 0.0 0.0 0.0 1.1 0.0 -9.609 0.05 6.704 1.0]
	ConcatTransform [0.512642 -0.111553 -0.851325 0.0 0.663162 0.681228 0.310072 0.0 0.545357 -0.723522 0.423204 0.0 -0.365075 -0.506659 -0.551014 1.0]
315
	ConcatTransform [1.1 0.0 0.0 0.0 0.0 1.1 0.0 0.0 0.0 0.0 1.1 0.0 -9.609 0.05 6.704 1.0]
	ConcatTransform [0.507245 -0.113531 -0.854291 0.0 0.664414 0.682851 0.303756 0.0 0.548868 -0.721682 0.421804 0.0 -0.363669 -0.506656 -0.55073 1.0]
316
	ConcatTransform [1.1 0.0 0.0 0.0 0.0 1.1 0.0 0.0 0.0 0.0 1.1 0.0 -9.609 0.05 6.704 1.0]
	ConcatTransform [0.496307 -0.113627 -0.860679 0.0 0.665895 0.685917 0.293431 0.0 0.557013 -0.718754 0.416088 0.0 -0.361809 -0.506618 -0.550349 1.0]
317
	ConcatTransform [1.1 0.0 0.0 0.0 0.0 1.1 0.0 0.0 0.0 0.0 1.1 0.0 -9.609 0.05 6.704 1.0]
	ConcatTransform [0.489631 -0.113881 -0.864461 0.0 0.666555 0.688036 0.286898 0.0 0.562108 -0.716685 0.412792 0.0 -0.360596 -0.50658 -0.550189 1.0]
318
	ConcatTransform [1.1 0.0 0.0 0.0 0.0 1.1 0.0 0.0 0.0 0.0 1.1 0.0 -9.609 0.05 6.704 1.0]
	ConcatTransform [0.48498 -0.113294 -0.867156 0.0 0.665316 0.691346 0.281771 0.0 0.567582 -0.713586 0.410665 0.0 -0.358785 -0.506502 -0.550184 1.0]
319
	ConcatTransform [1.1 0.0 0.0 0.0 0.0 1.1 0.0 0.0 0.0 0.0 1.1 0.0 -9.609 0.05 6.704 1.0]
	ConcatTransform [0.484049 -0.113418 -0.86766 0.0 0.665149 0.691975 0.280619 0.0 0.568572 -0.712956 0.41039 0.0 -0.357574 -0.506411 -0.550397 1.0]
320
	ConcatTransform [1.1 0.0 0.0 0.0 0.0 1.1 0.0 0.0 0.0 0.0 1.1 0.0 -9.609 0.05 6.704 1.0]
	ConcatTransform [0.487078 -0.113412 -0.865963 0.0 0.663604 0.692676 0.28254 0.0 0.567789 -0.712276 0.412648 0.0 -0.35623 -0.50645 -0.550559 1.0]
321
	ConcatTransform [1.1 0.0 0.0 0.0 0.0 1.1 0.0 0.0 0.0 0.0 1.1 0.0 -9.609 0.05 6.704 1.0]
	ConcatTransform [0.488184 -0.113602 -0.865316 0.0 0.662883 0.69319 0.282973 0.0 0.567682 -0.711746 0.413709 0.0 -0.355905 -0.506436 -0.550466 1.0]
322
	ConcatTransform [1.1 0.0 0.0 0.0 0.0 1.1 0.0 0.0 0.0 0.0 1.1 0.0 -9.609 0.05 6.704 1.0]
	ConcatTransform [0.489125 -0.113958 -0.864737 0.0 0.66271 0.693138 0.283507 0.0 0.567074 -0.71174 0.414552 0.0 -0.355991 -0.506421 -0.550427 1.0]
323
	ConcatTransform [1.1 0.0 0.0 0.0 0.0 1.1 0.0 0.0 0.0 0.0 1.1 0.0 -9.609 0.05 6.704 1.0]
	ConcatTransform [0.488044 -0.113685 -0.865383 0.0 0.663486 0.692518 0.283206 0.0 0.567097 -0.712387 0.413408 0.0 -0.356225 -0.506451 -0.550657 1.0]
324
	ConcatTransform [1.1 0.0 0.0 0.0 0.0 1.1 0.0 0.0 0.0 0.0 1.1 0.0 -9.609 0.05 6.704 1.0]
	ConcatTransform [0.490471 -0.114278 -0.863932 0.0 0.664572 0.690335 0.285975 0.0 0.563722 -0.714408 0.414535 0.0 -0.35653 -0.506467 -0.551603 1.0]
325
	ConcatTransform [1.1 0.0 0.0 0.0 0.0 1.1 0.0 0.0 0.0 0.0 1.1 0.0 -9.609 0.05 6.704 1.0]
	ConcatTransform [0.494623 -0.113331 -0.861687 0.0 0.664047 0.688922 0.290565 0.0 0.560705 -0.71592 0.416014 0.0 -0.356889 -0.506503 -0.552505 1.0]
326
	ConcatTransform [1.1 0.0 0.0 0.0 0.0 1.1 0.0 0.0 0.0 0.0 1.1 0.0 -9.609 0.05 6.704 1.0]
	ConcatTransform [0.500253 -0.112325 -0.858563 0.0 0.663705 0.686547 0.296897 0.0 0.556095 -0.718356 0.417998 0.0 -0.358011 -0.506479 -0.553712 1.0]
327
	ConcatTransform [1.1 0.0 0.0 0.0 0.0 1.1 0.0 0.0 0.0 0.0 1.1 0.0 -9.609 0.05 6.704 1.0]
	ConcatTransform [0.501658 -0.113267 -0.857619 0.0 0.665678 0.68368 0.299089 0.0 0.55246 -0.720938 0.418373 0.0 -0.359092 -0.506575 -0.554367 1.0]
328
	ConcatTransform [1.1 0.0 0.0 0.0 0.0 1.1 0.0 0.0 0.0 0.0 1.1 0.0 -9.609 0.05 6.704 1.0]
	ConcatTransform [0.50211 -0.113808 -0.857282 0.0 0.668336 0.680174 0.301148 0.0 0.548828 -0.724162 0.417584 0.0 -0.361313 -0.506606 -0.554887 1.0]
329
	ConcatTransform [1.1 0.0 0.0 0.0 0.0 1.1 0.0 0.0 0.0 0.0 1.1 0.0 -9.609 0.05 6.704 1.0]
	ConcatTransform [0.502492 -0.114677 -0.856943 0.0 0.670955 0.676827 0.30286 0.0 0.545271 -0.727155 0.417044 0.0 -0.363016 -0.506661 -0.55511 1.0]
330
	ConcatTransform [1.1 0.0 0.0 0.0 0.0 1.1 0.0 0.0 0.0 0.0 1.1 0.0 -9.609 0.05 6.704 1.0]
	ConcatTransform [0.502931 -0.114763 -0.856674 0.0 0.673878 0.672727 0.305496 0.0 0.541248 -0.730937 0.415671 0.0 -0.365809 -0.506676 -0.555353 1.0]
331
	ConcatTransform [1.1 0.0 0.0 0.0 0.0 1.1 0.0 0.0 0.0 0.0 1.1 0.0 -9.609 0.05 6.704 1.0]
	ConcatTransform [0.502699 -0.114589 -0.856833 0.0 0.675594 0.670452 0.306704 0.0 0.53932 -0.733051 0.414451 0.0 -0.367625 -0.50668 -0.555659 1.0]
332
	ConcatTransform [1.1 0.0 0.0 0.0 0.0 1.1 0.0 0.0 0.0 0.0 1.1 0.0 -9.609 0.05 6.704 1.0]
	ConcatTransform [0.503773 -0.114541 -0.856208 0.0 0.677734 0.666981 0.309537 0.0 0.53562 -0.736218 0.413635 0.0 -0.370032 -0.506644 -0.556357 1.0]
333
	ConcatTransform [1.1 0.0 0.0 0.0 0.0 1.1 0.0 0.0 0.0 0.0 1.1 0.0 -9.609 0.05 6.704 1.0]
	ConcatTransform [0.503612 -0.11451 -0.856307 0.0 0.679022 0.665276 0.310383 0.0 0.534138 -0.737764 0.412796 0.0 -0.370947 -0.506622 -0.557243 1.0]
334
	ConcatTransform [1.1 0.0 0.0 0.0 0.0 1.1 0.0 0.0 0.0 0.0 1.1 0.0 -9.609 0.05 6.704 1.0]
	ConcatTransform [0.502679 -0.114167 -0.856901 0.0 0.680723 0.663265 0.310961 0.0 0.532851 -0.739625 0.411126 0.0 -0.371475 -0.506666 -0.558634 1.0]
335
	ConcatTransform [1.1 0.0 0.0 0.0 0.0 1.1 0.0 0.0 0.0 0.0 1.1 0.0 -9.609 0.05 6.704 1.0]
	ConcatTransform [0.502987 -0.113755 -0.856775 0.0 0.680967 0.66262 0.311799 0.0 0.532248 -0.740267 0.410753 0.0 -0.371788 -0.506667 -0.559151 1.0]
336
	ConcatTransform [1.1 0.0 0.0 0.0 0.0 1.1 0.0 0.0 0.0 0.0 1.1 0.0 -9.609 0.05 6.704 1.0]
	ConcatTransform [0.505508 -0.113908 -0.85527 0.0 0.680605 0.661896 0.314119 0.0 0.530319 -0.740891 0.41212 0.0 -0.371793 -0.506631 -0.559857 1.0]
337
	ConcatTransform [1.1 0.0 0.0 0.0 0.0 1.1 0.0 0.0 0.0 0.0 1.1 0.0 -9.609 0.05 6.704 1.0]
	ConcatTransform [0.503903 -0.113376 -0.856287 0.0 0.68147 0.661315 0.313466 0.0 0.530736 -0.74149 0.410501 0.0 -0.37127 -0.506607 -0.560413 1.0]
338
	ConcatTransform [1.1 0.0 0.0 0.0 0.0 1.1 0.0 0.0 0.0 0.0 1.1 0.0 -9.609 0.05 6.704 1.0]
	ConcatTransform [0.499157 -0.112737 -0.859147 0.0 0.682617 0.661887 0.309742 0.0 0.533738 -0.741078 0.407341 0.0 -0.369924 -0.506626 -0.561412 1.0]
339
	ConcatTransform [1.1 0.0 0.0 0.0 0.0 1.1 0.0 0.0 0.0 0.0 1.1 0.0 -9.609 0.05 6.704 1.0]
	ConcatTransform [0.496324 -0.112418 -0.860828 0.0 0.682567 0.663247 0.306929 0.0 0.536437 -0.739909 0.405918 0.0 -0.369075 -0.506644 -0.561688 1.0]
340
	ConcatTransform [1.1 0.0 0.0 0.0 0.0 1.1 0.0 0.0 0.0 0.0 1.1 0.0 -9.609 0.05 6.704 1.0]
	ConcatTransform [0.494521 -0.11242 -0.861864 0.0 0.681666 0.665365 0.304338 0.0 0.53924 -0.738005 0.40567 0.0 -0.367929 -0.506643 -0.561266 1.0]
341
	ConcatTransform [1.1 0.0 0.0 0.0 0.0 1.1 0.0 0.0 0.0 0.0 1.1 0.0 -9.609 0.05 6.704 1.0]
	ConcatTransform [0.494535 -0.113134 -0.861763 0.0 0.68096 0.666574 0.30327 0.0 0.540118 -0.736804 0.406684 0.0 -0.367237 -0.506632 -0.560604 1.0]
342
	ConcatTransform [1.1 0.0 0.0 0.0 0.0 1.1 0.0 0.0 0.0 0.0 1.1 0.0 -9.609 0.05 6.704 1.0]
	ConcatTransform [0.494611 -0.114029 -0.861602 0.0 0.679541 0.668782 0.301588 0.0 0.541834 -0.734662 0.408274 0.0 -0.365968 -0.50662 -0.559728 1.0]
343
	ConcatTransform [1.1 0.0 0.0 0.0 0.0 1.1 0.0 0.0 0.0 0.0 1.1 0.0 -9.609 0.05 6.704 1.0]
	ConcatTransform [0.494356 -0.114023 -0.861749 0.0 0.678666 0.670085 0.300664 0.0 0.543162 -0.733475 0.408644 0.0 -0.36484 -0.506626 -0.559344 1.0]
344
	ConcatTransform [1.1 0.0 0.0 0.0 0.0 1.1 0.0 0.0 0.0 0.0 1.1 0.0 -9.609 0.05 6.704 1.0]
	ConcatTransform [0.492629 -0.11434 -0.862695 0.0 0.67773 0.67226 0.297907 0.0 0.545893 -0.731432 0.408666 0.0 -0.363254 -0.506606 -0.558774 1.0]
345
	ConcatTransform [1.1 0.0 0.0 0.0 0.0 1.1 0.0 0.0 0.0 0.0 1.1 0.0 -9.609 0.05 6.704 1.0]
	ConcatTransform [0.490556 -0.114079 -0.86391 0.0 0.677393 0.673572 0.295701 0.0 0.548173 -0.730265 0.407701 0.0 -0.362116 -0.506614 -0.558505 1.0]
346
	ConcatTransform [1.1 0.0 0.0 0.0 0.0 1.1 0.0 0.0 0.0 0.0 1.1 0.0 -9.609 0.05 6.704 1.0]
	ConcatTransform [0.488723 -0.113829 -0.864982 0.0 0.676455 0.675561 0.293302 0.0 0.550961 -0.728465 0.407162 0.0 -0.360402 -0.506612 -0.55827 1.0]
347
	ConcatTransform [1.1 0.0 0.0 0.0 0.0 1.1 0.0 0.0 0.0 0.0 1.1 0.0 -9.609 0.05 6.704 1.0]
	ConcatTransform [0.487418 -0.113564 -0.865752 0.0 0.675696 0.677053 0.291605 0.0 0.553045 -0.727119 0.406743 0.0 -0.359264 -0.506611 -0.558187 1.0]
348
	ConcatTransform [1.1 0.0 0.0 0.0 0.0 1.1 0.0 0.0 0.0 0.0 1.1 0.0 -9.609 0.05 6.704 1.0]
	ConcatTransform [0.484727 -0.114313 -0.867163 0.0 0.67483 0.679614 0.287627 0.0 0.556456 -0.724609 0.40657 0.0 -0.357568 -0.50658 -0.558165 1.0]
349
	ConcatTransform [1.1 0.0 0.0 0.0 0.0 1.1 0.0 0.0 0.0 0.0 1.1 0.0 -9.609 0.05 6.704 1.0]
	ConcatTransform [0.483236 -0.113951 -0.868043 0.0 0.674403 0.680689 0.286082 0.0 0.558268 -0.723656 0.405782 0.0 -0.356476 -0.506599 -0.558207 1.0]
350
	ConcatTransform [1.1 0.0 0.0 0.0 0.0 1.1 0.0 0.0 0.0 0.0 1.1 0.0 -9.609 0.05 6.704 1.0]
	ConcatTransform [0.481655 -0.113216 -0.869017 0.0 0.674692 0.680747 0.285262 0.0 0.559284 -0.723717 0.404271 0.0 -0.35508 -0.506602 -0.558117 1.0]
351
	ConcatTransform [1.1 0.0 0.0 0.0 0.0 1.1 0.0 0.0 0.0 0.0 1.1 0.0 -9.609 0.05 6.704 1.0]
	ConcatTransform [0.480935 -0.113079 -0.869434 0.0 0.67458 0.681152 0.284559 0.0 0.560039 -0.723357 0.40387 0.0 -0.354226 -0.506604 -0.558081 1.0]
352
	ConcatTransform [1.1 0.0 0.0 0.0 0.0 1.1 0.0 0.0 0.0 0.0 1.1 0.0 -9.609 0.05 6.704 1.0]
	ConcatTransform [0.479086 -0.113318 -0.870422 0.0 0.674442 0.682184 0.282406 0.0 0.561786 -0.722346 0.403252 0.0 -0.353145 -0.506608 -0.557957 1.0]
353
	ConcatTransform [1.1 0.0 0.0 0.0 0.0 1.1 0.0 0.0 0.0 0.0 1.1 0.0 -9.609 0.05 6.704 1.0]
	ConcatTransform [0.477677 -0.113228 -0.871208 0.0 0.674453 0.682726 0.281066 0.0 0.562972 -0.721848 0.402489 0.0 -0.352567 -0.506601 -0.557808 1.0]
354
	ConcatTransform [1.1 0.0 0.0 0.0 0.0 1.1 0.0 0.0 0.0 0.0 1.1 0.0 -9.609 0.05 6.704 1.0]
	ConcatTransform [0.479405 -0.113792 -0.870185 0.0 0.673432 0.683502 0.281629 0.0 0.562726 -0.721025 0.404306 0.0 -0.35202 -0.506579 -0.557295 1.0]
355
	ConcatTransform [1.1 0.0 0.0 0.0 0.0 1.1 0.0 0.0 0.0 0.0 1.1 0.0 -9.609 0.05 6.704 1.0]
	ConcatTransform [0.479598 -0.114028 -0.870048 0.0 0.673168 0.683836 0.281448 0.0 0.562877 -0.72067 0.404727 0.0 -0.35178 -0.506563 -0.556928 1.0]
356
	ConcatTransform [1.1 0.0 0.0 0.0 0.0 1.1 0.0 0.0 0.0 0.0 1.1 0.0 -9.609 0.05 6.704 1.0]
	ConcatTransform [0.479961 -0.113951 -0.869858 0.0 0.672757 0.684186 0.281579 0.0 0.563058 -0.72035 0.405044 0.0 -0.351546 -0.506551 -0.556843 1.0]
357
	ConcatTransform [1.1 0.0 0.0 0.0 0.0 1.1 0.0 0.0 0.0 0.0 1.1 0.0 -9.609 0.05 6.704 1.0]
	ConcatTransform [0.480654 -0.113898 -0.869482 0.0 0.672528 0.684176 0.282152 0.0 0.562742 -0.720368 0.405451 0.0 -0.351557 -0.506552 -0.556942 1.0]
358
	ConcatTransform [1.1 0.0 0.0 0.0 0.0 1.1 0.0 0.0 0.0 0.0 1.1 0.0 -9.609 0.05 6.704 1.0]
	ConcatTransform [0.481508 -0.11381 -0.869021 0.0 0.672913 0.683297 0.283362 0.0 0.56155 -0.721216 0.405597 0.0 -0.351864 -0.506565 -0.557127 1.0]
359
	ConcatTransform [1.1 0.0 0.0 0.0 0.0 1.1 0.0 0.0 0.0 0.0 1.1 0.0 -9.609 0.05 6.704 1.0]
	ConcatTransform [0.481848 -0.113794 -0.868834 0.0 0.673313 0.682634 0.284007 0.0 0.560777 -0.721846 0.405545 0.0 -0.352249 -0.506571 -0.557308 1.0]
360
	ConcatTransform [1.1 0.0 0.0 0.0 0.0 1.1 0.0 0.0 0.0 0.0 1.1 0.0 -9.609 0.05 6.704 1.0]
	ConcatTransform [-0.919989 -0.113784 -0.375065 0.0 0.202036 0.682333 -0.702569 0.0 0.335861 -0.722132 -0.60475 0.0 -0.445831 -0.506586 -0.657445 1.0]
