228
	ConcatTransform [1.1 0.0 0.0 0.0 0.0 1.1 0.0 0.0 0.0 0.0 1.1 0.0 -9.609 0.05 6.704 1.0]
	ConcatTransform [-0.177199 0.55844 -0.810398 0.0 -0.162551 0.795514 0.583725 0.0 0.970658 0.235167 -0.050189 0.0 -0.121617 -0.029464 0.074309 1.0]
229
	ConcatTransform [1.1 0.0 0.0 0.0 0.0 1.1 0.0 0.0 0.0 0.0 1.1 0.0 -9.609 0.05 6.704 1.0]
	ConcatTransform [-0.626192 -0.094894 0.773872 0.0 0.244717 0.918484 0.310644 0.0 -0.740268 0.383903 -0.551926 0.0 -0.213876 -0.080771 0.190636 1.0]
230
	ConcatTransform [1.1 0.0 0.0 0.0 0.0 1.1 0.0 0.0 0.0 0.0 1.1 0.0 -9.609 0.05 6.704 1.0]
	ConcatTransform [-0.331232 -0.357103 0.873363 0.0 -0.396451 0.892617 0.214617 0.0 -0.856219 -0.275158 -0.437237 0.0 -0.310415 -0.183656 0.375651 1.0]
231
	ConcatTransform [1.1 0.0 0.0 0.0 0.0 1.1 0.0 0.0 0.0 0.0 1.1 0.0 -9.609 0.05 6.704 1.0]
	ConcatTransform [-0.341389 -0.557731 0.756565 0.0 -0.737061 0.658342 0.152734 0.0 -0.583262 -0.505493 -0.635832 0.0 -0.369857 -0.262153 0.496177 1.0]
232
	ConcatTransform [1.1 0.0 0.0 0.0 0.0 1.1 0.0 0.0 0.0 0.0 1.1 0.0 -9.609 0.05 6.704 1.0]
	ConcatTransform [-0.226873 -0.768005 0.598913 0.0 -0.973879 0.172951 -0.147132 0.0 0.009416 -0.616649 -0.787182 0.0 -0.458518 -0.398919 0.676385 1.0]
233
	ConcatTransform [1.1 0.0 0.0 0.0 0.0 1.1 0.0 0.0 0.0 0.0 1.1 0.0 -9.609 0.05 6.704 1.0]
	ConcatTransform [-0.087996 -0.874366 0.477221 0.0 -0.901049 -0.134388 -0.412372 0.0 0.424697 -0.466287 -0.776022 0.0 -0.516626 -0.49953 0.793361 1.0]
234
	ConcatTransform [1.1 0.0 0.0 0.0 0.0 1.1 0.0 0.0 0.0 0.0 1.1 0.0 -9.609 0.05 6.704 1.0]
	ConcatTransform [0.004752 -0.917461 0.397798 0.0 -0.511603 -0.34403 -0.787341 0.0 0.859209 -0.199773 -0.471011 0.0 -0.591348 -0.619167 0.928215 1.0]
235
	ConcatTransform [1.1 0.0 0.0 0.0 0.0 1.1 0.0 0.0 0.0 0.0 1.1 0.0 -9.609 0.05 6.704 1.0]
	ConcatTransform [0.005946 -0.917462 0.39778 0.0 -0.341464 -0.37574 -0.861523 0.0 0.939876 -0.130705 -0.315515 0.0 -0.627585 -0.639879 0.971089 1.0]
236
	ConcatTransform [1.1 0.0 0.0 0.0 0.0 1.1 0.0 0.0 0.0 0.0 1.1 0.0 -9.609 0.05 6.704 1.0]
	ConcatTransform [0.1137 -0.903612 0.412987 0.0 -0.169187 -0.427221 -0.888177 0.0 0.979004 0.031114 -0.201455 0.0 -0.673176 -0.647292 1.008471 1.0]
237
	ConcatTransform [1.1 0.0 0.0 0.0 0.0 1.1 0.0 0.0 0.0 0.0 1.1 0.0 -9.609 0.05 6.704 1.0]
	ConcatTransform [0.134569 -0.904417 0.404872 0.0 -0.036656 -0.412853 -0.91006 0.0 0.990226 0.107624 -0.088709 0.0 -0.69832 -0.649115 1.02406 1.0]
238
	ConcatTransform [1.1 0.0 0.0 0.0 0.0 1.1 0.0 0.0 0.0 0.0 1.1 0.0 -9.609 0.05 6.704 1.0]
	ConcatTransform [0.150112 -0.895172 0.419683 0.0 0.158218 -0.397272 -0.903959 0.0 0.975927 0.202096 0.081997 0.0 -0.732171 -0.651632 1.035743 1.0]
239
	ConcatTransform [1.1 0.0 0.0 0.0 0.0 1.1 0.0 0.0 0.0 0.0 1.1 0.0 -9.609 0.05 6.704 1.0]
	ConcatTransform [0.120541 -0.903076 0.412218 0.0 0.294407 -0.364044 -0.883627 0.0 0.948048 0.227873 0.22199 0.0 -0.75271 -0.657431 1.039267 1.0]
240
	ConcatTransform [1.1 0.0 0.0 0.0 0.0 1.1 0.0 0.0 0.0 0.0 1.1 0.0 -9.609 0.05 6.704 1.0]
	ConcatTransform [0.109669 -0.909514 0.400944 0.0 0.485153 -0.303082 -0.820224 0.0 0.867525 0.284472 0.408015 0.0 -0.781079 -0.670969 1.037962 1.0]
241
	ConcatTransform [1.1 0.0 0.0 0.0 0.0 1.1 0.0 0.0 0.0 0.0 1.1 0.0 -9.609 0.05 6.704 1.0]
	ConcatTransform [0.093029 -0.918836 0.383519 0.0 0.604001 -0.254139 -0.755378 0.0 0.791536 0.301918 0.531335 0.0 -0.797294 -0.681554 1.033095 1.0]
242
	ConcatTransform [1.1 0.0 0.0 0.0 0.0 1.1 0.0 0.0 0.0 0.0 1.1 0.0 -9.609 0.05 6.704 1.0]
	ConcatTransform [0.058725 -0.940225 0.335452 0.0 0.760979 -0.175327 -0.624637 0.0 0.646113 0.291954 0.705195 0.0 -0.81696 -0.696678 1.020743 1.0]
243
	ConcatTransform [1.1 0.0 0.0 0.0 0.0 1.1 0.0 0.0 0.0 0.0 1.1 0.0 -9.609 0.05 6.704 1.0]
	ConcatTransform [0.057358 -0.946979 0.316136 0.0 0.84442 -0.122913 -0.52139 0.0 0.532602 0.296857 0.792598 0.0 -0.827258 -0.704538 1.009397 1.0]
244
	ConcatTransform [1.1 0.0 0.0 0.0 0.0 1.1 0.0 0.0 0.0 0.0 1.1 0.0 -9.609 0.05 6.704 1.0]
	ConcatTransform [0.056506 -0.948271 0.312393 0.0 0.935687 -0.058851 -0.347889 0.0 0.348278 0.31196 0.883959 0.0 -0.838472 -0.711166 0.989131 1.0]
245
	ConcatTransform [1.1 0.0 0.0 0.0 0.0 1.1 0.0 0.0 0.0 0.0 1.1 0.0 -9.609 0.05 6.704 1.0]
	ConcatTransform [0.037263 -0.952177 0.303268 0.0 0.974602 -0.032434 -0.221584 0.0 0.220823 0.303822 0.926784 0.0 -0.843465 -0.712931 0.974704 1.0]
246
	ConcatTransform [1.1 0.0 0.0 0.0 0.0 1.1 0.0 0.0 0.0 0.0 1.1 0.0 -9.609 0.05 6.704 1.0]
	ConcatTransform [0.001587 -0.960714 0.277537 0.0 0.999661 -0.005685 -0.025397 0.0 0.025977 0.277483 0.960379 0.0 -0.848436 -0.714032 0.952724 1.0]
247
	ConcatTransform [1.1 0.0 0.0 0.0 0.0 1.1 0.0 0.0 0.0 0.0 1.1 0.0 -9.609 0.05 6.704 1.0]
	ConcatTransform [-0.025523 -0.962576 0.269808 0.0 0.994675 0.002505 0.103031 0.0 -0.099851 0.271 0.957386 0.0 -0.850378 -0.714007 0.937996 1.0]
248
	ConcatTransform [1.1 0.0 0.0 0.0 0.0 1.1 0.0 0.0 0.0 0.0 1.1 0.0 -9.609 0.05 6.704 1.0]
	ConcatTransform [-0.07028 -0.963545 0.25815 0.0 0.956732 0.008143 0.290856 0.0 -0.282355 0.267422 0.921282 0.0 -0.851713 -0.713839 0.916539 1.0]
249
	ConcatTransform [1.1 0.0 0.0 0.0 0.0 1.1 0.0 0.0 0.0 0.0 1.1 0.0 -9.609 0.05 6.704 1.0]
	ConcatTransform [-0.107485 -0.966588 0.232711 0.0 0.910593 -0.001754 0.413301 0.0 -0.399083 0.256329 0.880357 0.0 -0.851644 -0.712829 0.903206 1.0]
250
	ConcatTransform [1.1 0.0 0.0 0.0 0.0 1.1 0.0 0.0 0.0 0.0 1.1 0.0 -9.609 0.05 6.704 1.0]
	ConcatTransform [-0.184238 -0.965329 0.184921 0.0 0.807215 -0.041266 0.588813 0.0 -0.560768 0.257753 0.786831 0.0 -0.850276 -0.710414 0.88465 1.0]
251
	ConcatTransform [1.1 0.0 0.0 0.0 0.0 1.1 0.0 0.0 0.0 0.0 1.1 0.0 -9.609 0.05 6.704 1.0]
	ConcatTransform [-0.202889 -0.96953 0.137288 0.0 0.728646 -0.05582 0.682612 0.0 -0.65415 0.238529 0.717769 0.0 -0.848988 -0.708112 0.873645 1.0]
252
	ConcatTransform [1.1 0.0 0.0 0.0 0.0 1.1 0.0 0.0 0.0 0.0 1.1 0.0 -9.609 0.05 6.704 1.0]
	ConcatTransform [-0.299318 -0.947169 0.115237 0.0 0.619497 -0.101057 0.778467 0.0 -0.725694 0.304398 0.617017 0.0 -0.846434 -0.702536 0.858977 1.0]
253
	ConcatTransform [1.1 0.0 0.0 0.0 0.0 1.1 0.0 0.0 0.0 0.0 1.1 0.0 -9.609 0.05 6.704 1.0]
	ConcatTransform [-0.399584 -0.911744 0.095157 0.0 0.541155 -0.150826 0.827286 0.0 -0.739922 0.382065 0.553663 0.0 -0.84374 -0.692464 0.851657 1.0]
254
	ConcatTransform [1.1 0.0 0.0 0.0 0.0 1.1 0.0 0.0 0.0 0.0 1.1 0.0 -9.609 0.05 6.704 1.0]
	ConcatTransform [-0.424644 -0.904971 0.026556 0.0 0.419066 -0.170471 0.891809 0.0 -0.802534 0.38983 0.451632 0.0 -0.84024 -0.683859 0.84275 1.0]
255
	ConcatTransform [1.1 0.0 0.0 0.0 0.0 1.1 0.0 0.0 0.0 0.0 1.1 0.0 -9.609 0.05 6.704 1.0]
	ConcatTransform [-0.440202 -0.897275 -0.033474 0.0 0.324802 -0.193881 0.925696 0.0 -0.837094 0.396621 0.376784 0.0 -0.836973 -0.684287 0.837883 1.0]
256
	ConcatTransform [1.1 0.0 0.0 0.0 0.0 1.1 0.0 0.0 0.0 0.0 1.1 0.0 -9.609 0.05 6.704 1.0]
	ConcatTransform [-0.449869 -0.88878 -0.087683 0.0 0.172429 -0.182767 0.967918 0.0 -0.876291 0.420317 0.235473 0.0 -0.829883 -0.683824 0.833308 1.0]
257
	ConcatTransform [1.1 0.0 0.0 0.0 0.0 1.1 0.0 0.0 0.0 0.0 1.1 0.0 -9.609 0.05 6.704 1.0]
	ConcatTransform [-0.458283 -0.88075 -0.1194 0.0 0.050844 -0.160096 0.985791 0.0 -0.887351 0.4457 0.118149 0.0 -0.823979 -0.685951 0.831866 1.0]
258
	ConcatTransform [1.1 0.0 0.0 0.0 0.0 1.1 0.0 0.0 0.0 0.0 1.1 0.0 -9.609 0.05 6.704 1.0]
	ConcatTransform [-0.458628 -0.873679 -0.162311 0.0 -0.141438 -0.108556 0.983977 0.0 -0.8773 0.474237 -0.073784 0.0 -0.812719 -0.690318 0.833245 1.0]
259
	ConcatTransform [1.1 0.0 0.0 0.0 0.0 1.1 0.0 0.0 0.0 0.0 1.1 0.0 -9.609 0.05 6.704 1.0]
	ConcatTransform [-0.447867 -0.870213 -0.205291 0.0 -0.282781 -0.079955 0.955846 0.0 -0.848204 0.486145 -0.21027 0.0 -0.803486 -0.692066 0.837073 1.0]
260
	ConcatTransform [1.1 0.0 0.0 0.0 0.0 1.1 0.0 0.0 0.0 0.0 1.1 0.0 -9.609 0.05 6.704 1.0]
	ConcatTransform [-0.4103 -0.874207 -0.259647 0.0 -0.471952 -0.040073 0.880713 0.0 -0.78033 0.483898 -0.396142 0.0 -0.787767 -0.696613 0.845346 1.0]
261
	ConcatTransform [1.1 0.0 0.0 0.0 0.0 1.1 0.0 0.0 0.0 0.0 1.1 0.0 -9.609 0.05 6.704 1.0]
	ConcatTransform [-0.375849 -0.882215 -0.283609 0.0 -0.584813 -0.011596 0.811085 0.0 -0.71884 0.470704 -0.511572 0.0 -0.776106 -0.700744 0.852901 1.0]
262
	ConcatTransform [1.1 0.0 0.0 0.0 0.0 1.1 0.0 0.0 0.0 0.0 1.1 0.0 -9.609 0.05 6.704 1.0]
	ConcatTransform [-0.322677 -0.895948 -0.305215 0.0 -0.732548 0.032194 0.679954 0.0 -0.599377 0.44299 -0.666713 0.0 -0.756956 -0.706662 0.867401 1.0]
263
	ConcatTransform [1.1 0.0 0.0 0.0 0.0 1.1 0.0 0.0 0.0 0.0 1.1 0.0 -9.609 0.05 6.704 1.0]
	ConcatTransform [-0.282539 -0.904532 -0.319364 0.0 -0.815528 0.05121 0.576448 0.0 -0.505061 0.423319 -0.75214 0.0 -0.743285 -0.709445 0.879227 1.0]
264
	ConcatTransform [1.1 0.0 0.0 0.0 0.0 1.1 0.0 0.0 0.0 0.0 1.1 0.0 -9.609 0.05 6.704 1.0]
	ConcatTransform [-0.207773 -0.922377 -0.325655 0.0 -0.913796 0.064241 0.40106 0.0 -0.349008 0.380912 -0.856212 0.0 -0.722148 -0.713473 0.899211 1.0]
265
	ConcatTransform [1.1 0.0 0.0 0.0 0.0 1.1 0.0 0.0 0.0 0.0 1.1 0.0 -9.609 0.05 6.704 1.0]
	ConcatTransform [-0.155509 -0.932301 -0.326545 0.0 -0.959252 0.063576 0.275307 0.0 -0.235909 0.356051 -0.904198 0.0 -0.707791 -0.714819 0.913908 1.0]
266
	ConcatTransform [1.1 0.0 0.0 0.0 0.0 1.1 0.0 0.0 0.0 0.0 1.1 0.0 -9.609 0.05 6.704 1.0]
	ConcatTransform [-0.075159 -0.943354 -0.323164 0.0 -0.995402 0.051678 0.08065 0.0 -0.059381 0.32774 -0.9429 0.0 -0.686412 -0.715469 0.937272 1.0]
267
	ConcatTransform [1.1 0.0 0.0 0.0 0.0 1.1 0.0 0.0 0.0 0.0 1.1 0.0 -9.609 0.05 6.704 1.0]
	ConcatTransform [-0.023572 -0.950612 -0.309485 0.0 -0.997856 0.041277 -0.050784 0.0 0.06105 0.307624 -0.949547 0.0 -0.672489 -0.715463 0.953226 1.0]
268
	ConcatTransform [1.1 0.0 0.0 0.0 0.0 1.1 0.0 0.0 0.0 0.0 1.1 0.0 -9.609 0.05 6.704 1.0]
	ConcatTransform [0.047397 -0.958735 -0.280324 0.0 -0.969774 0.023081 -0.242909 0.0 0.239355 0.283364 -0.928662 0.0 -0.652473 -0.714737 0.977232 1.0]
269
	ConcatTransform [1.1 0.0 0.0 0.0 0.0 1.1 0.0 0.0 0.0 0.0 1.1 0.0 -9.609 0.05 6.704 1.0]
	ConcatTransform [0.088948 -0.96117 -0.261229 0.0 -0.930768 0.013167 -0.365373 0.0 0.354625 0.275643 -0.893455 0.0 -0.639799 -0.714111 0.993042 1.0]
270
	ConcatTransform [1.1 0.0 0.0 0.0 0.0 1.1 0.0 0.0 0.0 0.0 1.1 0.0 -9.609 0.05 6.704 1.0]
	ConcatTransform [0.158021 -0.959485 -0.233277 0.0 -0.844218 -0.008739 -0.535929 0.0 0.512177 0.281624 -0.811395 0.0 -0.622118 -0.71286 1.015991 1.0]
271
	ConcatTransform [1.1 0.0 0.0 0.0 0.0 1.1 0.0 0.0 0.0 0.0 1.1 0.0 -9.609 0.05 6.704 1.0]
	ConcatTransform [0.201576 -0.957273 -0.207354 0.0 -0.768894 -0.023508 -0.638944 0.0 0.606769 0.288229 -0.74078 0.0 -0.61122 -0.711876 1.030419 1.0]
272
	ConcatTransform [1.1 0.0 0.0 0.0 0.0 1.1 0.0 0.0 0.0 0.0 1.1 0.0 -9.609 0.05 6.704 1.0]
	ConcatTransform [0.259702 -0.953066 -0.155629 0.0 -0.632299 -0.046012 -0.773357 0.0 0.729899 0.299246 -0.614572 0.0 -0.596365 -0.710043 1.050363 1.0]
273
	ConcatTransform [1.1 0.0 0.0 0.0 0.0 1.1 0.0 0.0 0.0 0.0 1.1 0.0 -9.609 0.05 6.704 1.0]
	ConcatTransform [0.29146 -0.94873 -0.122319 0.0 -0.528192 -0.053002 -0.847469 0.0 0.797537 0.311612 -0.516559 0.0 -0.587447 -0.709318 1.06257 1.0]
274
	ConcatTransform [1.1 0.0 0.0 0.0 0.0 1.1 0.0 0.0 0.0 0.0 1.1 0.0 -9.609 0.05 6.704 1.0]
	ConcatTransform [0.330975 -0.940474 -0.077226 0.0 -0.357255 -0.049138 -0.932713 0.0 0.873398 0.336294 -0.352252 0.0 -0.575621 -0.709217 1.079094 1.0]
275
	ConcatTransform [1.1 0.0 0.0 0.0 0.0 1.1 0.0 0.0 0.0 0.0 1.1 0.0 -9.609 0.05 6.704 1.0]
	ConcatTransform [0.349459 -0.936044 -0.041221 0.0 -0.235281 -0.045083 -0.970881 0.0 0.90693 0.348982 -0.235988 0.0 -0.568771 -0.709172 1.088615 1.0]
276
	ConcatTransform [1.1 0.0 0.0 0.0 0.0 1.1 0.0 0.0 0.0 0.0 1.1 0.0 -9.609 0.05 6.704 1.0]
	ConcatTransform [0.360661 -0.932482 0.020042 0.0 -0.044787 -0.038778 -0.998244 0.0 0.931621 0.35913 -0.055749 0.0 -0.559879 -0.709294 1.100605 1.0]
277
	ConcatTransform [1.1 0.0 0.0 0.0 0.0 1.1 0.0 0.0 0.0 0.0 1.1 0.0 -9.609 0.05 6.704 1.0]
	ConcatTransform [0.363489 -0.930058 0.053555 0.0 0.082897 -0.024969 -0.996245 0.0 0.927903 0.366563 0.068023 0.0 -0.554858 -0.710072 1.107309 1.0]
278
	ConcatTransform [1.1 0.0 0.0 0.0 0.0 1.1 0.0 0.0 0.0 0.0 1.1 0.0 -9.609 0.05 6.704 1.0]
	ConcatTransform [0.363522 -0.92464 0.113547 0.0 0.272441 -0.011038 -0.962109 0.0 0.890858 0.380683 0.247897 0.0 -0.548707 -0.710303 1.115075 1.0]
279
	ConcatTransform [1.1 0.0 0.0 0.0 0.0 1.1 0.0 0.0 0.0 0.0 1.1 0.0 -9.609 0.05 6.704 1.0]
	ConcatTransform [0.358951 -0.920714 0.153098 0.0 0.390645 -0.000772 -0.920541 0.0 0.847674 0.390237 0.359395 0.0 -0.545444 -0.710266 1.11884 1.0]
280
	ConcatTransform [1.1 0.0 0.0 0.0 0.0 1.1 0.0 0.0 0.0 0.0 1.1 0.0 -9.609 0.05 6.704 1.0]
	ConcatTransform [0.333721 -0.92079 0.201933 0.0 0.55316 0.017826 -0.832884 0.0 0.763312 0.389652 0.515293 0.0 -0.541451 -0.711229 1.122599 1.0]
281
	ConcatTransform [1.1 0.0 0.0 0.0 0.0 1.1 0.0 0.0 0.0 0.0 1.1 0.0 -9.609 0.05 6.704 1.0]
	ConcatTransform [0.315973 -0.921432 0.226106 0.0 0.652446 0.038005 -0.756882 0.0 0.688822 0.386677 0.613193 0.0 -0.539435 -0.712235 1.123884 1.0]
282
	ConcatTransform [1.1 0.0 0.0 0.0 0.0 1.1 0.0 0.0 0.0 0.0 1.1 0.0 -9.609 0.05 6.704 1.0]
	ConcatTransform [0.284972 -0.921231 0.26481 0.0 0.78229 0.063878 -0.619631 0.0 0.553908 0.383735 0.738873 0.0 -0.537297 -0.712961 1.12387 1.0]
283
	ConcatTransform [1.1 0.0 0.0 0.0 0.0 1.1 0.0 0.0 0.0 0.0 1.1 0.0 -9.609 0.05 6.704 1.0]
	ConcatTransform [0.254527 -0.925123 0.281714 0.0 0.851817 0.076554 -0.518216 0.0 0.457847 0.371869 0.807521 0.0 -0.536302 -0.713786 1.122956 1.0]
284
	ConcatTransform [1.1 0.0 0.0 0.0 0.0 1.1 0.0 0.0 0.0 0.0 1.1 0.0 -9.609 0.05 6.704 1.0]
	ConcatTransform [0.20109 -0.931891 0.301899 0.0 0.932176 0.087339 -0.351311 0.0 0.301016 0.352068 0.886249 0.0 -0.535394 -0.714791 1.120262 1.0]
285
	ConcatTransform [1.1 0.0 0.0 0.0 0.0 1.1 0.0 0.0 0.0 0.0 1.1 0.0 -9.609 0.05 6.704 1.0]
	ConcatTransform [0.166278 -0.936652 0.308278 0.0 0.96786 0.095206 -0.232772 0.0 0.188676 0.337075 0.922378 0.0 -0.535172 -0.715294 1.117793 1.0]
286
	ConcatTransform [1.1 0.0 0.0 0.0 0.0 1.1 0.0 0.0 0.0 0.0 1.1 0.0 -9.609 0.05 6.704 1.0]
	ConcatTransform [0.112164 -0.941968 0.316409 0.0 0.993585 0.101683 -0.049499 0.0 0.014453 0.319931 0.947331 0.0 -0.535281 -0.715585 1.11328 1.0]
287
	ConcatTransform [1.1 0.0 0.0 0.0 0.0 1.1 0.0 0.0 0.0 0.0 1.1 0.0 -9.609 0.05 6.704 1.0]
	ConcatTransform [0.071635 -0.94576 0.316869 0.0 0.99226 0.099878 0.073785 0.0 -0.101431 0.309131 0.945595 0.0 -0.535556 -0.715719 1.109977 1.0]
288
	ConcatTransform [1.1 0.0 0.0 0.0 0.0 1.1 0.0 0.0 0.0 0.0 1.1 0.0 -9.609 0.05 6.704 1.0]
	ConcatTransform [0.010995 -0.950222 0.311381 0.0 0.962157 0.094845 0.255457 0.0 -0.272273 0.296789 0.915305 0.0 -0.536282 -0.715779 1.104785 1.0]
289
	ConcatTransform [1.1 0.0 0.0 0.0 0.0 1.1 0.0 0.0 0.0 0.0 1.1 0.0 -9.609 0.05 6.704 1.0]
	ConcatTransform [-0.030309 -0.952172 0.304055 0.0 0.924026 0.089298 0.371755 0.0 -0.381126 0.292222 0.877126 0.0 -0.536901 -0.71578 1.101265 1.0]
290
	ConcatTransform [1.1 0.0 0.0 0.0 0.0 1.1 0.0 0.0 0.0 0.0 1.1 0.0 -9.609 0.05 6.704 1.0]
	ConcatTransform [-0.089394 -0.954291 0.285198 0.0 0.840868 0.081156 0.535121 0.0 -0.533806 0.287651 0.795178 0.0 -0.538 -0.715895 1.096083 1.0]
291
	ConcatTransform [1.1 0.0 0.0 0.0 0.0 1.1 0.0 0.0 0.0 0.0 1.1 0.0 -9.609 0.05 6.704 1.0]
	ConcatTransform [-0.126247 -0.955007 0.268372 0.0 0.769354 0.076522 0.634223 0.0 -0.626223 0.286542 0.725078 0.0 -0.538813 -0.716158 1.092735 1.0]
292
	ConcatTransform [1.1 0.0 0.0 0.0 0.0 1.1 0.0 0.0 0.0 0.0 1.1 0.0 -9.609 0.05 6.704 1.0]
	ConcatTransform [-0.179066 -0.954669 0.237787 0.0 0.640958 0.070162 0.764363 0.0 -0.746397 0.289283 0.599339 0.0 -0.540069 -0.715911 1.087974 1.0]
293
	ConcatTransform [1.1 0.0 0.0 0.0 0.0 1.1 0.0 0.0 0.0 0.0 1.1 0.0 -9.609 0.05 6.704 1.0]
	ConcatTransform [-0.210249 -0.954233 0.212685 0.0 0.542965 0.066941 0.837083 0.0 -0.813009 0.291476 0.504041 0.0 -0.540929 -0.715808 1.085022 1.0]
294
	ConcatTransform [1.1 0.0 0.0 0.0 0.0 1.1 0.0 0.0 0.0 0.0 1.1 0.0 -9.609 0.05 6.704 1.0]
	ConcatTransform [-0.245908 -0.954096 0.170966 0.0 0.381596 0.066846 0.921909 0.0 -0.891018 0.291944 0.347642 0.0 -0.542269 -0.715736 1.080916 1.0]
295
	ConcatTransform [1.1 0.0 0.0 0.0 0.0 1.1 0.0 0.0 0.0 0.0 1.1 0.0 -9.609 0.05 6.704 1.0]
	ConcatTransform [-0.259477 -0.95579 0.138337 0.0 0.272235 0.065044 0.96003 0.0 -0.926585 0.286766 0.243322 0.0 -0.543165 -0.715656 1.0784 1.0]
296
	ConcatTransform [1.1 0.0 0.0 0.0 0.0 1.1 0.0 0.0 0.0 0.0 1.1 0.0 -9.609 0.05 6.704 1.0]
	ConcatTransform [-0.273035 -0.958042 0.087216 0.0 0.110617 0.058794 0.992123 0.0 -0.955623 0.280531 0.089923 0.0 -0.544533 -0.71545 1.074897 1.0]
297
	ConcatTransform [1.1 0.0 0.0 0.0 0.0 1.1 0.0 0.0 0.0 0.0 1.1 0.0 -9.609 0.05 6.704 1.0]
	ConcatTransform [-0.276523 -0.959175 0.059313 0.0 0.007136 0.059669 0.998193 0.0 -0.960981 0.276447 -0.009655 0.0 -0.545582 -0.715388 1.072692 1.0]
298
	ConcatTransform [1.1 0.0 0.0 0.0 0.0 1.1 0.0 0.0 0.0 0.0 1.1 0.0 -9.609 0.05 6.704 1.0]
	ConcatTransform [-0.277462 -0.960451 0.023443 0.0 -0.132693 0.062478 0.989186 0.0 -0.951529 0.271351 -0.14478 0.0 -0.547399 -0.715309 1.06961 1.0]
299
	ConcatTransform [1.1 0.0 0.0 0.0 0.0 1.1 0.0 0.0 0.0 0.0 1.1 0.0 -9.609 0.05 6.704 1.0]
	ConcatTransform [-0.276413 -0.961038 -0.001523 0.0 -0.215649 0.06048 0.974596 0.0 -0.936532 0.269719 -0.223964 0.0 -0.548868 -0.715225 1.067783 1.0]
300
	ConcatTransform [1.1 0.0 0.0 0.0 0.0 1.1 0.0 0.0 0.0 0.0 1.1 0.0 -9.609 0.05 6.704 1.0]
	ConcatTransform [-0.272978 -0.96124 -0.03875 0.0 -0.326704 0.054742 0.94354 0.0 -0.904847 0.270226 -0.328984 0.0 -0.551572 -0.715131 1.065314 1.0]
301
	ConcatTransform [1.1 0.0 0.0 0.0 0.0 1.1 0.0 0.0 0.0 0.0 1.1 0.0 -9.609 0.05 6.704 1.0]
	ConcatTransform [-0.270699 -0.960803 -0.059838 0.0 -0.392989 0.05355 0.917983 0.0 -0.878796 0.272013 -0.392081 0.0 -0.553716 -0.715508 1.06377 1.0]
302
	ConcatTransform [1.1 0.0 0.0 0.0 0.0 1.1 0.0 0.0 0.0 0.0 1.1 0.0 -9.609 0.05 6.704 1.0]
	ConcatTransform [-0.268008 -0.959594 -0.085738 0.0 -0.479856 0.05579 0.875572 0.0 -0.83541 0.275802 -0.475419 0.0 -0.557459 -0.715434 1.061589 1.0]
303
	ConcatTransform [1.1 0.0 0.0 0.0 0.0 1.1 0.0 0.0 0.0 0.0 1.1 0.0 -9.609 0.05 6.704 1.0]
	ConcatTransform [-0.268339 -0.957901 -0.102079 0.0 -0.532495 0.05919 0.844361 0.0 -0.802772 0.280931 -0.52596 0.0 -0.560299 -0.715518 1.060276 1.0]
304
	ConcatTransform [1.1 0.0 0.0 0.0 0.0 1.1 0.0 0.0 0.0 0.0 1.1 0.0 -9.609 0.05 6.704 1.0]
	ConcatTransform [-0.269187 -0.954655 -0.127166 0.0 -0.604794 0.064804 0.793741 0.0 -0.749508 0.290575 -0.594814 0.0 -0.565037 -0.715673 1.058517 1.0]
305
	ConcatTransform [1.1 0.0 0.0 0.0 0.0 1.1 0.0 0.0 0.0 0.0 1.1 0.0 -9.609 0.05 6.704 1.0]
	ConcatTransform [-0.267441 -0.952887 -0.143112 0.0 -0.649094 0.06839 0.757628 0.0 -0.712147 0.295514 -0.636804 0.0 -0.568466 -0.715725 1.05745 1.0]
306
	ConcatTransform [1.1 0.0 0.0 0.0 0.0 1.1 0.0 0.0 0.0 0.0 1.1 0.0 -9.609 0.05 6.704 1.0]
	ConcatTransform [-0.262234 -0.950868 -0.164568 0.0 -0.710099 0.07466 0.700133 0.0 -0.653447 0.300458 -0.694789 0.0 -0.573854 -0.71577 1.055971 1.0]
307
	ConcatTransform [1.1 0.0 0.0 0.0 0.0 1.1 0.0 0.0 0.0 0.0 1.1 0.0 -9.609 0.05 6.704 1.0]
	ConcatTransform [-0.25797 -0.949591 -0.178125 0.0 -0.747087 0.079155 0.659996 0.0 -0.612627 0.303334 -0.729847 0.0 -0.57752 -0.715782 1.055077 1.0]
308
	ConcatTransform [1.1 0.0 0.0 0.0 0.0 1.1 0.0 0.0 0.0 0.0 1.1 0.0 -9.609 0.05 6.704 1.0]
	ConcatTransform [-0.249194 -0.947764 -0.199113 0.0 -0.797543 0.084199 0.597358 0.0 -0.549389 0.307659 -0.776864 0.0 -0.583024 -0.715763 1.053877 1.0]
309
	ConcatTransform [1.1 0.0 0.0 0.0 0.0 1.1 0.0 0.0 0.0 0.0 1.1 0.0 -9.609 0.05 6.704 1.0]
	ConcatTransform [-0.242164 -0.946744 -0.212209 0.0 -0.828097 0.08771 0.553681 0.0 -0.505581 0.309811 -0.805236 0.0 -0.586632 -0.715738 1.053145 1.0]
310
	ConcatTransform [1.1 0.0 0.0 0.0 0.0 1.1 0.0 0.0 0.0 0.0 1.1 0.0 -9.609 0.05 6.704 1.0]
	ConcatTransform [-0.229021 -0.94603 -0.229298 0.0 -0.869457 0.092881 0.485198 0.0 -0.437714 0.310485 -0.843804 0.0 -0.59187 -0.715702 1.052128 1.0]
311
	ConcatTransform [1.1 0.0 0.0 0.0 0.0 1.1 0.0 0.0 0.0 0.0 1.1 0.0 -9.609 0.05 6.704 1.0]
	ConcatTransform [-0.218841 -0.945671 -0.240447 0.0 -0.89393 0.095525 0.437908 0.0 -0.391148 0.310775 -0.866269 0.0 -0.595193 -0.715676 1.05153 1.0]
312
	ConcatTransform [1.1 0.0 0.0 0.0 0.0 1.1 0.0 0.0 0.0 0.0 1.1 0.0 -9.609 0.05 6.704 1.0]
	ConcatTransform [-0.201493 -0.945087 -0.257315 0.0 -0.925884 0.09806 0.364859 0.0 -0.319591 0.311761 -0.8948 0.0 -0.599866 -0.715641 1.050763 1.0]
313
	ConcatTransform [1.1 0.0 0.0 0.0 0.0 1.1 0.0 0.0 0.0 0.0 1.1 0.0 -9.609 0.05 6.704 1.0]
	ConcatTransform [-0.188604 -0.945152 -0.266678 0.0 -0.943947 0.099563 0.314723 0.0 -0.27091 0.311088 -0.910951 0.0 -0.602752 -0.715629 1.050307 1.0]
314
	ConcatTransform [1.1 0.0 0.0 0.0 0.0 1.1 0.0 0.0 0.0 0.0 1.1 0.0 -9.609 0.05 6.704 1.0]
	ConcatTransform [-0.167938 -0.945931 -0.277508 0.0 -0.965996 0.101771 0.237684 0.0 -0.196591 0.307988 -0.930857 0.0 -0.606706 -0.715625 1.049697 1.0]
315
	ConcatTransform [1.1 0.0 0.0 0.0 0.0 1.1 0.0 0.0 0.0 0.0 1.1 0.0 -9.609 0.05 6.704 1.0]
	ConcatTransform [-0.153093 -0.946266 -0.284858 0.0 -0.977295 0.102248 0.18558 0.0 -0.146482 0.306801 -0.940434 0.0 -0.609087 -0.715626 1.049373 1.0]
316
	ConcatTransform [1.1 0.0 0.0 0.0 0.0 1.1 0.0 0.0 0.0 0.0 1.1 0.0 -9.609 0.05 6.704 1.0]
	ConcatTransform [-0.129024 -0.946486 -0.295834 0.0 -0.989101 0.101493 0.10667 0.0 -0.070937 0.306373 -0.949265 0.0 -0.612283 -0.715638 1.049004 1.0]
317
	ConcatTransform [1.1 0.0 0.0 0.0 0.0 1.1 0.0 0.0 0.0 0.0 1.1 0.0 -9.609 0.05 6.704 1.0]
	ConcatTransform [-0.112643 -0.946948 -0.301001 0.0 -0.993429 0.101157 0.053531 0.0 -0.020243 0.305053 -0.95212 0.0 -0.614159 -0.715648 1.048799 1.0]
318
	ConcatTransform [1.1 0.0 0.0 0.0 0.0 1.1 0.0 0.0 0.0 0.0 1.1 0.0 -9.609 0.05 6.704 1.0]
	ConcatTransform [-0.088118 -0.947994 -0.305848 0.0 -0.99453 0.101015 -0.026566 0.0 0.056079 0.301834 -0.95171 0.0 -0.616602 -0.71566 1.048549 1.0]
319
	ConcatTransform [1.1 0.0 0.0 0.0 0.0 1.1 0.0 0.0 0.0 0.0 1.1 0.0 -9.609 0.05 6.704 1.0]
	ConcatTransform [-0.070868 -0.948414 -0.309011 0.0 -0.991774 0.100099 -0.079773 0.0 0.106589 0.300816 -0.947707 0.0 -0.618011 -0.715672 1.048446 1.0]
320
	ConcatTransform [1.1 0.0 0.0 0.0 0.0 1.1 0.0 0.0 0.0 0.0 1.1 0.0 -9.609 0.05 6.704 1.0]
	ConcatTransform [-0.043657 -0.948763 -0.31296 0.0 -0.982439 0.09765 -0.158988 0.0 0.181402 0.300523 -0.936365 0.0 -0.619821 -0.7157 1.04837 1.0]
321
	ConcatTransform [1.1 0.0 0.0 0.0 0.0 1.1 0.0 0.0 0.0 0.0 1.1 0.0 -9.609 0.05 6.704 1.0]
	ConcatTransform [-0.025979 -0.949153 -0.313741 0.0 -0.972636 0.096484 -0.211352 0.0 0.230877 0.299665 -0.925687 0.0 -0.620826 -0.715711 1.048345 1.0]
322
	ConcatTransform [1.1 0.0 0.0 0.0 0.0 1.1 0.0 0.0 0.0 0.0 1.1 0.0 -9.609 0.05 6.704 1.0]
	ConcatTransform [-0.00029 -0.949829 -0.312768 0.0 -0.952624 0.095391 -0.288804 0.0 0.30415 0.297867 -0.904858 0.0 -0.622058 -0.715719 1.048348 1.0]
323
	ConcatTransform [1.1 0.0 0.0 0.0 0.0 1.1 0.0 0.0 0.0 0.0 1.1 0.0 -9.609 0.05 6.704 1.0]
	ConcatTransform [0.020033 -0.949792 -0.312241 0.0 -0.936427 0.091595 -0.338696 0.0 0.35029 0.299176 -0.887575 0.0 -0.622737 -0.715735 1.048379 1.0]
324
	ConcatTransform [1.1 0.0 0.0 0.0 0.0 1.1 0.0 0.0 0.0 0.0 1.1 0.0 -9.609 0.05 6.704 1.0]
	ConcatTransform [0.053348 -0.948661 -0.311764 0.0 -0.909259 0.082914 -0.407888 0.0 0.412797 0.305235 -0.858155 0.0 -0.623642 -0.715781 1.048532 1.0]
325
	ConcatTransform [1.1 0.0 0.0 0.0 0.0 1.1 0.0 0.0 0.0 0.0 1.1 0.0 -9.609 0.05 6.704 1.0]
	ConcatTransform [0.070926 -0.948201 -0.309653 0.0 -0.887702 0.081579 -0.453134 0.0 0.454923 0.307019 -0.835933 0.0 -0.62417 -0.715768 1.048663 1.0]
326
	ConcatTransform [1.1 0.0 0.0 0.0 0.0 1.1 0.0 0.0 0.0 0.0 1.1 0.0 -9.609 0.05 6.704 1.0]
	ConcatTransform [0.096167 -0.947925 -0.303628 0.0 -0.850428 0.080263 -0.519933 0.0 0.517227 0.308214 -0.798423 0.0 -0.624993 -0.715754 1.048914 1.0]
327
	ConcatTransform [1.1 0.0 0.0 0.0 0.0 1.1 0.0 0.0 0.0 0.0 1.1 0.0 -9.609 0.05 6.704 1.0]
	ConcatTransform [0.113547 -0.947709 -0.298254 0.0 -0.822842 0.078537 -0.562816 0.0 0.55681 0.309322 -0.770897 0.0 -0.62562 -0.71574 1.049141 1.0]
328
	ConcatTransform [1.1 0.0 0.0 0.0 0.0 1.1 0.0 0.0 0.0 0.0 1.1 0.0 -9.609 0.05 6.704 1.0]
	ConcatTransform [0.13885 -0.947374 -0.288448 0.0 -0.777753 0.075988 -0.62396 0.0 0.613043 0.310978 -0.726272 0.0 -0.626725 -0.715715 1.049572 1.0]
329
	ConcatTransform [1.1 0.0 0.0 0.0 0.0 1.1 0.0 0.0 0.0 0.0 1.1 0.0 -9.609 0.05 6.704 1.0]
	ConcatTransform [0.153202 -0.947468 -0.280772 0.0 -0.745166 0.075849 -0.662551 0.0 0.649043 0.310726 -0.694401 0.0 -0.627571 -0.715715 1.049908 1.0]
330
	ConcatTransform [1.1 0.0 0.0 0.0 0.0 1.1 0.0 0.0 0.0 0.0 1.1 0.0 -9.609 0.05 6.704 1.0]
	ConcatTransform [0.172183 -0.947945 -0.267868 0.0 -0.692811 0.076773 -0.717021 0.0 0.700261 0.30904 -0.643528 0.0 -0.629036 -0.715729 1.050465 1.0]
331
	ConcatTransform [1.1 0.0 0.0 0.0 0.0 1.1 0.0 0.0 0.0 0.0 1.1 0.0 -9.609 0.05 6.704 1.0]
	ConcatTransform [0.183348 -0.948474 -0.25842 0.0 -0.655697 0.077864 -0.750998 0.0 0.732424 0.307139 -0.607636 0.0 -0.630136 -0.715745 1.050858 1.0]
332
	ConcatTransform [1.1 0.0 0.0 0.0 0.0 1.1 0.0 0.0 0.0 0.0 1.1 0.0 -9.609 0.05 6.704 1.0]
	ConcatTransform [0.198609 -0.949276 -0.24378 0.0 -0.597012 0.080081 -0.798225 0.0 0.777259 0.304075 -0.550824 0.0 -0.631939 -0.715764 1.05147 1.0]
333
	ConcatTransform [1.1 0.0 0.0 0.0 0.0 1.1 0.0 0.0 0.0 0.0 1.1 0.0 -9.609 0.05 6.704 1.0]
	ConcatTransform [0.207999 -0.949922 -0.233207 0.0 -0.55599 0.081336 -0.8272 0.0 0.804743 0.301717 -0.511229 0.0 -0.633212 -0.715771 1.051873 1.0]
334
	ConcatTransform [1.1 0.0 0.0 0.0 0.0 1.1 0.0 0.0 0.0 0.0 1.1 0.0 -9.609 0.05 6.704 1.0]
	ConcatTransform [0.221947 -0.950738 -0.216418 0.0 -0.491964 0.082442 -0.866703 0.0 0.84185 0.298832 -0.449431 0.0 -0.635178 -0.715772 1.052464 1.0]
335
	ConcatTransform [1.1 0.0 0.0 0.0 0.0 1.1 0.0 0.0 0.0 0.0 1.1 0.0 -9.609 0.05 6.704 1.0]
	ConcatTransform [0.231009 -0.951187 -0.204644 0.0 -0.447764 0.082801 -0.89031 0.0 0.863795 0.297301 -0.406779 0.0 -0.636489 -0.71577 1.052843 1.0]
336
	ConcatTransform [1.1 0.0 0.0 0.0 0.0 1.1 0.0 0.0 0.0 0.0 1.1 0.0 -9.609 0.05 6.704 1.0]
	ConcatTransform [0.243655 -0.95185 -0.186051 0.0 -0.379409 0.082997 -0.921499 0.0 0.89257 0.295117 -0.340918 0.0 -0.638407 -0.715763 1.053377 1.0]
337
	ConcatTransform [1.1 0.0 0.0 0.0 0.0 1.1 0.0 0.0 0.0 0.0 1.1 0.0 -9.609 0.05 6.704 1.0]
	ConcatTransform [0.251778 -0.952146 -0.173281 0.0 -0.332676 0.082987 -0.939383 0.0 0.908809 0.294162 -0.295862 0.0 -0.639637 -0.715758 1.05371 1.0]
338
	ConcatTransform [1.1 0.0 0.0 0.0 0.0 1.1 0.0 0.0 0.0 0.0 1.1 0.0 -9.609 0.05 6.704 1.0]
	ConcatTransform [0.263669 -0.952333 -0.15343 0.0 -0.261152 0.082644 -0.961753 0.0 0.928589 0.293653 -0.226913 0.0 -0.641385 -0.715755 1.054167 1.0]
339
	ConcatTransform [1.1 0.0 0.0 0.0 0.0 1.1 0.0 0.0 0.0 0.0 1.1 0.0 -9.609 0.05 6.704 1.0]
	ConcatTransform [0.270732 -0.952463 -0.13971 0.0 -0.212621 0.082382 -0.973656 0.0 0.93888 0.293305 -0.18021 0.0 -0.642466 -0.715753 1.054442 1.0]
340
	ConcatTransform [1.1 0.0 0.0 0.0 0.0 1.1 0.0 0.0 0.0 0.0 1.1 0.0 -9.609 0.05 6.704 1.0]
	ConcatTransform [0.279644 -0.952761 -0.118519 0.0 -0.138816 0.082024 -0.986915 0.0 0.950016 0.292437 -0.109321 0.0 -0.643943 -0.715748 1.05481 1.0]
341
	ConcatTransform [1.1 0.0 0.0 0.0 0.0 1.1 0.0 0.0 0.0 0.0 1.1 0.0 -9.609 0.05 6.704 1.0]
	ConcatTransform [0.285257 -0.952786 -0.104055 0.0 -0.089215 0.081699 -0.992656 0.0 0.95429 0.292445 -0.061697 0.0 -0.644839 -0.715748 1.055028 1.0]
342
	ConcatTransform [1.1 0.0 0.0 0.0 0.0 1.1 0.0 0.0 0.0 0.0 1.1 0.0 -9.609 0.05 6.704 1.0]
	ConcatTransform [0.293136 -0.952561 -0.081844 0.0 -0.014523 0.081158 -0.996595 0.0 0.955961 0.293326 0.009957 0.0 -0.64605 -0.715752 1.055312 1.0]
343
	ConcatTransform [1.1 0.0 0.0 0.0 0.0 1.1 0.0 0.0 0.0 0.0 1.1 0.0 -9.609 0.05 6.704 1.0]
	ConcatTransform [0.297143 -0.952494 -0.066791 0.0 0.035382 0.080887 -0.996095 0.0 0.954177 0.29362 0.057736 0.0 -0.646757 -0.715753 1.055475 1.0]
344
	ConcatTransform [1.1 0.0 0.0 0.0 0.0 1.1 0.0 0.0 0.0 0.0 1.1 0.0 -9.609 0.05 6.704 1.0]
	ConcatTransform [0.301322 -0.952504 -0.044058 0.0 0.110084 0.080647 -0.990645 0.0 0.947146 0.293653 0.129156 0.0 -0.647671 -0.715753 1.055684 1.0]
345
	ConcatTransform [1.1 0.0 0.0 0.0 0.0 1.1 0.0 0.0 0.0 0.0 1.1 0.0 -9.609 0.05 6.704 1.0]
	ConcatTransform [0.303563 -0.952378 -0.028741 0.0 0.159524 0.08054 -0.983903 0.0 0.939362 0.294092 0.176376 0.0 -0.648198 -0.715754 1.055799 1.0]
346
	ConcatTransform [1.1 0.0 0.0 0.0 0.0 1.1 0.0 0.0 0.0 0.0 1.1 0.0 -9.609 0.05 6.704 1.0]
	ConcatTransform [0.306005 -0.952014 -0.005439 0.0 0.232835 0.080377 -0.969189 0.0 0.923119 0.29531 0.246258 0.0 -0.648874 -0.715759 1.055939 1.0]
347
	ConcatTransform [1.1 0.0 0.0 0.0 0.0 1.1 0.0 0.0 0.0 0.0 1.1 0.0 -9.609 0.05 6.704 1.0]
	ConcatTransform [0.306357 -0.951864 0.010056 0.0 0.281041 0.080349 -0.956326 0.0 0.909484 0.295803 0.292128 0.0 -0.649243 -0.715761 1.056014 1.0]
348
	ConcatTransform [1.1 0.0 0.0 0.0 0.0 1.1 0.0 0.0 0.0 0.0 1.1 0.0 -9.609 0.05 6.704 1.0]
	ConcatTransform [0.305089 -0.951752 0.032984 0.0 0.352034 0.080529 -0.932517 0.0 0.884869 0.296112 0.359618 0.0 -0.649689 -0.715762 1.056107 1.0]
349
	ConcatTransform [1.1 0.0 0.0 0.0 0.0 1.1 0.0 0.0 0.0 0.0 1.1 0.0 -9.609 0.05 6.704 1.0]
	ConcatTransform [0.30353 -0.951594 0.048359 0.0 0.398253 0.080596 -0.913728 0.0 0.8656 0.296603 0.403439 0.0 -0.649927 -0.715764 1.056152 1.0]
350
	ConcatTransform [1.1 0.0 0.0 0.0 0.0 1.1 0.0 0.0 0.0 0.0 1.1 0.0 -9.609 0.05 6.704 1.0]
	ConcatTransform [0.299957 -0.95128 0.071359 0.0 0.46565 0.08072 -0.88128 0.0 0.832584 0.297574 0.467176 0.0 -0.650208 -0.715766 1.0562 1.0]
351
	ConcatTransform [1.1 0.0 0.0 0.0 0.0 1.1 0.0 0.0 0.0 0.0 1.1 0.0 -9.609 0.05 6.704 1.0]
	ConcatTransform [0.296407 -0.951151 0.086343 0.0 0.50917 0.080889 -0.856856 0.0 0.808015 0.297941 0.508274 0.0 -0.650343 -0.715767 1.056223 1.0]
352
	ConcatTransform [1.1 0.0 0.0 0.0 0.0 1.1 0.0 0.0 0.0 0.0 1.1 0.0 -9.609 0.05 6.704 1.0]
	ConcatTransform [0.289517 -0.951034 0.108231 0.0 0.572043 0.081258 -0.816189 0.0 0.767429 0.298214 0.567558 0.0 -0.650482 -0.715768 1.056249 1.0]
353
	ConcatTransform [1.1 0.0 0.0 0.0 0.0 1.1 0.0 0.0 0.0 0.0 1.1 0.0 -9.609 0.05 6.704 1.0]
	ConcatTransform [0.28412 -0.950915 0.122627 0.0 0.612171 0.081481 -0.786516 0.0 0.737918 0.298533 0.605273 0.0 -0.65054 -0.715769 1.056258 1.0]
354
	ConcatTransform [1.1 0.0 0.0 0.0 0.0 1.1 0.0 0.0 0.0 0.0 1.1 0.0 -9.609 0.05 6.704 1.0]
	ConcatTransform [0.274662 -0.950725 0.143816 0.0 0.66945 0.081712 -0.738349 0.0 0.690215 0.299074 0.658906 0.0 -0.650586 -0.715769 1.056261 1.0]
355
	ConcatTransform [1.1 0.0 0.0 0.0 0.0 1.1 0.0 0.0 0.0 0.0 1.1 0.0 -9.609 0.05 6.704 1.0]
	ConcatTransform [0.267394 -0.950642 0.157419 0.0 0.705567 0.0819 -0.703895 0.0 0.656259 0.299287 0.692641 0.0 -0.650591 -0.71577 1.056262 1.0]
356
	ConcatTransform [1.1 0.0 0.0 0.0 0.0 1.1 0.0 0.0 0.0 0.0 1.1 0.0 -9.609 0.05 6.704 1.0]
	ConcatTransform [0.255205 -0.950556 0.176956 0.0 0.7564 0.082276 -0.648915 0.0 0.602271 0.299456 0.739997 0.0 -0.650569 -0.71577 1.05626 1.0]
357
	ConcatTransform [1.1 0.0 0.0 0.0 0.0 1.1 0.0 0.0 0.0 0.0 1.1 0.0 -9.609 0.05 6.704 1.0]
	ConcatTransform [0.246251 -0.950488 0.189561 0.0 0.787931 0.082437 -0.61022 0.0 0.56438 0.299629 0.769219 0.0 -0.65054 -0.71577 1.056256 1.0]
358
	ConcatTransform [1.1 0.0 0.0 0.0 0.0 1.1 0.0 0.0 0.0 0.0 1.1 0.0 -9.609 0.05 6.704 1.0]
	ConcatTransform [0.231568 -0.95041 0.2076 0.0 0.831505 0.082603 -0.549341 0.0 0.504951 0.299831 0.809399 0.0 -0.650479 -0.71577 1.056247 1.0]
359
	ConcatTransform [1.1 0.0 0.0 0.0 0.0 1.1 0.0 0.0 0.0 0.0 1.1 0.0 -9.609 0.05 6.704 1.0]
	ConcatTransform [0.221036 -0.950371 0.218949 0.0 0.857962 0.082738 -0.507007 0.0 0.463729 0.299917 0.83367 0.0 -0.65043 -0.71577 1.056242 1.0]
360
	ConcatTransform [1.1 0.0 0.0 0.0 0.0 1.1 0.0 0.0 0.0 0.0 1.1 0.0 -9.609 0.05 6.704 1.0]
	ConcatTransform [0.038537 0.402756 -0.914496 0.0 -0.124214 -0.906147 -0.404313 0.0 -0.991507 0.129174 0.015107 0.0 -2.635602 -136.346512 0.049018 1.0]
