228
	ConcatTransform [1.1 0.0 0.0 0.0 0.0 1.1 0.0 0.0 0.0 0.0 1.1 0.0 -9.609 0.05 6.704 1.0]
	ConcatTransform [0.705774 0.698196 -0.120023 0.0 -0.644416 0.703093 0.300647 0.0 0.294298 -0.134844 0.946153 0.0 -0.018506 -0.025229 0.024013 1.0]
229
	ConcatTransform [1.1 0.0 0.0 0.0 0.0 1.1 0.0 0.0 0.0 0.0 1.1 0.0 -9.609 0.05 6.704 1.0]
	ConcatTransform [0.448548 0.85068 0.274131 0.0 -0.856603 0.321662 0.403442 0.0 0.255022 -0.415785 0.872976 0.0 -0.026715 -0.035689 0.041178 1.0]
230
	ConcatTransform [1.1 0.0 0.0 0.0 0.0 1.1 0.0 0.0 0.0 0.0 1.1 0.0 -9.609 0.05 6.704 1.0]
	ConcatTransform [0.495702 0.603008 0.625029 0.0 -0.784629 0.002401 0.619962 0.0 0.372341 -0.797731 0.474328 0.0 -0.030971 -0.063464 0.078841 1.0]
231
	ConcatTransform [1.1 0.0 0.0 0.0 0.0 1.1 0.0 0.0 0.0 0.0 1.1 0.0 -9.609 0.05 6.704 1.0]
	ConcatTransform [0.794418 0.269362 0.544374 0.0 -0.564281 -0.004253 0.825572 0.0 0.224693 -0.963029 0.148617 0.0 -0.047986 -0.081403 0.113328 1.0]
232
	ConcatTransform [1.1 0.0 0.0 0.0 0.0 1.1 0.0 0.0 0.0 0.0 1.1 0.0 -9.609 0.05 6.704 1.0]
	ConcatTransform [0.805134 -0.116723 0.581494 0.0 -0.581617 0.036549 0.812641 0.0 -0.116107 -0.992492 -0.038462 0.0 -0.102544 -0.110727 0.163104 1.0]
233
	ConcatTransform [1.1 0.0 0.0 0.0 0.0 1.1 0.0 0.0 0.0 0.0 1.1 0.0 -9.609 0.05 6.704 1.0]
	ConcatTransform [0.6902 -0.373882 0.619545 0.0 -0.631974 0.105584 0.767764 0.0 -0.352467 -0.921447 -0.163409 0.0 -0.146188 -0.137062 0.1981 1.0]
234
	ConcatTransform [1.1 0.0 0.0 0.0 0.0 1.1 0.0 0.0 0.0 0.0 1.1 0.0 -9.609 0.05 6.704 1.0]
	ConcatTransform [0.401029 -0.647072 0.648439 0.0 -0.659361 0.287505 0.694683 0.0 -0.635939 -0.706144 -0.311356 0.0 -0.215758 -0.188277 0.25428 1.0]
235
	ConcatTransform [1.1 0.0 0.0 0.0 0.0 1.1 0.0 0.0 0.0 0.0 1.1 0.0 -9.609 0.05 6.704 1.0]
	ConcatTransform [0.191502 -0.652574 0.733126 0.0 -0.629556 0.491378 0.601836 0.0 -0.752985 -0.576797 -0.316732 0.0 -0.270376 -0.221799 0.298673 1.0]
236
	ConcatTransform [1.1 0.0 0.0 0.0 0.0 1.1 0.0 0.0 0.0 0.0 1.1 0.0 -9.609 0.05 6.704 1.0]
	ConcatTransform [-0.091515 -0.476039 0.874649 0.0 -0.498729 0.782149 0.373513 0.0 -0.861913 -0.402031 -0.308993 0.0 -0.355537 -0.283277 0.368013 1.0]
237
	ConcatTransform [1.1 0.0 0.0 0.0 0.0 1.1 0.0 0.0 0.0 0.0 1.1 0.0 -9.609 0.05 6.704 1.0]
	ConcatTransform [-0.238458 -0.254651 0.937172 0.0 -0.359472 0.919611 0.158414 0.0 -0.902174 -0.299111 -0.310828 0.0 -0.41258 -0.334919 0.413386 1.0]
238
	ConcatTransform [1.1 0.0 0.0 0.0 0.0 1.1 0.0 0.0 0.0 0.0 1.1 0.0 -9.609 0.05 6.704 1.0]
	ConcatTransform [-0.41845 0.015351 0.90811 0.0 -0.367389 0.911544 -0.184699 0.0 -0.830617 -0.410917 -0.375795 0.0 -0.486456 -0.397661 0.482699 1.0]
239
	ConcatTransform [1.1 0.0 0.0 0.0 0.0 1.1 0.0 0.0 0.0 0.0 1.1 0.0 -9.609 0.05 6.704 1.0]
	ConcatTransform [-0.570138 0.196023 0.79782 0.0 -0.317958 0.842789 -0.434291 0.0 -0.757526 -0.50128 -0.418179 0.0 -0.5188 -0.426415 0.523804 1.0]
240
	ConcatTransform [1.1 0.0 0.0 0.0 0.0 1.1 0.0 0.0 0.0 0.0 1.1 0.0 -9.609 0.05 6.704 1.0]
	ConcatTransform [-0.81468 0.31097 0.489483 0.0 -0.226301 0.606666 -0.762066 0.0 -0.533932 -0.73161 -0.423866 0.0 -0.527347 -0.42125 0.569304 1.0]
241
	ConcatTransform [1.1 0.0 0.0 0.0 0.0 1.1 0.0 0.0 0.0 0.0 1.1 0.0 -9.609 0.05 6.704 1.0]
	ConcatTransform [-0.877323 0.293567 0.379636 0.0 -0.172551 0.545202 -0.820354 0.0 -0.447807 -0.785222 -0.427662 0.0 -0.524449 -0.40744 0.587245 1.0]
242
	ConcatTransform [1.1 0.0 0.0 0.0 0.0 1.1 0.0 0.0 0.0 0.0 1.1 0.0 -9.609 0.05 6.704 1.0]
	ConcatTransform [-0.863634 0.29426 0.409326 0.0 -0.195876 0.552291 -0.810313 0.0 -0.46451 -0.779991 -0.419338 0.0 -0.530325 -0.40303 0.597711 1.0]
243
	ConcatTransform [1.1 0.0 0.0 0.0 0.0 1.1 0.0 0.0 0.0 0.0 1.1 0.0 -9.609 0.05 6.704 1.0]
	ConcatTransform [-0.858939 0.281366 0.427851 0.0 -0.201939 0.581693 -0.787943 0.0 -0.470578 -0.763195 -0.44282 0.0 -0.540853 -0.412951 0.595496 1.0]
244
	ConcatTransform [1.1 0.0 0.0 0.0 0.0 1.1 0.0 0.0 0.0 0.0 1.1 0.0 -9.609 0.05 6.704 1.0]
	ConcatTransform [-0.83648 0.269118 0.477364 0.0 -0.201371 0.659209 -0.724495 0.0 -0.509658 -0.702153 -0.497223 0.0 -0.560767 -0.439328 0.579391 1.0]
245
	ConcatTransform [1.1 0.0 0.0 0.0 0.0 1.1 0.0 0.0 0.0 0.0 1.1 0.0 -9.609 0.05 6.704 1.0]
	ConcatTransform [-0.835156 0.209169 0.508688 0.0 -0.241656 0.691269 -0.680992 0.0 -0.494082 -0.691662 -0.52677 0.0 -0.567219 -0.453607 0.562677 1.0]
246
	ConcatTransform [1.1 0.0 0.0 0.0 0.0 1.1 0.0 0.0 0.0 0.0 1.1 0.0 -9.609 0.05 6.704 1.0]
	ConcatTransform [-0.870948 0.115478 0.477612 0.0 -0.282344 0.677903 -0.678771 0.0 -0.402158 -0.726025 -0.557814 0.0 -0.559149 -0.47275 0.535771 1.0]
247
	ConcatTransform [1.1 0.0 0.0 0.0 0.0 1.1 0.0 0.0 0.0 0.0 1.1 0.0 -9.609 0.05 6.704 1.0]
	ConcatTransform [-0.89764 0.02083 0.440237 0.0 -0.303161 0.695848 -0.651068 0.0 -0.319899 -0.717887 -0.618306 0.0 -0.548576 -0.483789 0.51562 1.0]
248
	ConcatTransform [1.1 0.0 0.0 0.0 0.0 1.1 0.0 0.0 0.0 0.0 1.1 0.0 -9.609 0.05 6.704 1.0]
	ConcatTransform [-0.939055 -0.083829 0.333388 0.0 -0.275635 0.76315 -0.584489 0.0 -0.205428 -0.640761 -0.739746 0.0 -0.522961 -0.499159 0.484799 1.0]
249
	ConcatTransform [1.1 0.0 0.0 0.0 0.0 1.1 0.0 0.0 0.0 0.0 1.1 0.0 -9.609 0.05 6.704 1.0]
	ConcatTransform [-0.947823 -0.166908 0.271613 0.0 -0.297294 0.770374 -0.564039 0.0 -0.115101 -0.615358 -0.779799 0.0 -0.502085 -0.503129 0.462443 1.0]
250
	ConcatTransform [1.1 0.0 0.0 0.0 0.0 1.1 0.0 0.0 0.0 0.0 1.1 0.0 -9.609 0.05 6.704 1.0]
	ConcatTransform [-0.943083 -0.305905 0.130451 0.0 -0.328116 0.792001 -0.514855 0.0 0.05418 -0.528353 -0.847294 0.0 -0.468523 -0.501117 0.431848 1.0]
251
	ConcatTransform [1.1 0.0 0.0 0.0 0.0 1.1 0.0 0.0 0.0 0.0 1.1 0.0 -9.609 0.05 6.704 1.0]
	ConcatTransform [-0.926244 -0.361141 0.107931 0.0 -0.364861 0.787191 -0.497199 0.0 0.094596 -0.499908 -0.860897 0.0 -0.444054 -0.493842 0.415546 1.0]
252
	ConcatTransform [1.1 0.0 0.0 0.0 0.0 1.1 0.0 0.0 0.0 0.0 1.1 0.0 -9.609 0.05 6.704 1.0]
	ConcatTransform [-0.88363 -0.456347 0.104617 0.0 -0.44934 0.763861 -0.46326 0.0 0.131495 -0.456359 -0.880026 0.0 -0.407956 -0.480829 0.400199 1.0]
253
	ConcatTransform [1.1 0.0 0.0 0.0 0.0 1.1 0.0 0.0 0.0 0.0 1.1 0.0 -9.609 0.05 6.704 1.0]
	ConcatTransform [-0.859223 -0.503546 0.090423 0.0 -0.488113 0.753932 -0.439696 0.0 0.153235 -0.421934 -0.893583 0.0 -0.387584 -0.469549 0.39215 1.0]
254
	ConcatTransform [1.1 0.0 0.0 0.0 0.0 1.1 0.0 0.0 0.0 0.0 1.1 0.0 -9.609 0.05 6.704 1.0]
	ConcatTransform [-0.830895 -0.552719 0.064149 0.0 -0.526209 0.74305 -0.413498 0.0 0.180882 -0.377329 -0.908242 0.0 -0.362472 -0.4559 0.380872 1.0]
255
	ConcatTransform [1.1 0.0 0.0 0.0 0.0 1.1 0.0 0.0 0.0 0.0 1.1 0.0 -9.609 0.05 6.704 1.0]
	ConcatTransform [-0.816442 -0.574678 0.056284 0.0 -0.546143 0.736882 -0.398413 0.0 0.187484 -0.35602 -0.915478 0.0 -0.350324 -0.448816 0.374448 1.0]
256
	ConcatTransform [1.1 0.0 0.0 0.0 0.0 1.1 0.0 0.0 0.0 0.0 1.1 0.0 -9.609 0.05 6.704 1.0]
	ConcatTransform [-0.803335 -0.593392 0.050399 0.0 -0.563734 0.730435 -0.385576 0.0 0.191984 -0.338158 -0.921299 0.0 -0.338502 -0.441757 0.368278 1.0]
257
	ConcatTransform [1.1 0.0 0.0 0.0 0.0 1.1 0.0 0.0 0.0 0.0 1.1 0.0 -9.609 0.05 6.704 1.0]
	ConcatTransform [-0.800575 -0.597733 0.042377 0.0 -0.563554 0.726984 -0.392302 0.0 0.203685 -0.337949 -0.91886 0.0 -0.335029 -0.439772 0.366724 1.0]
258
	ConcatTransform [1.1 0.0 0.0 0.0 0.0 1.1 0.0 0.0 0.0 0.0 1.1 0.0 -9.609 0.05 6.704 1.0]
	ConcatTransform [-0.809448 -0.584616 0.054935 0.0 -0.556611 0.734131 -0.388891 0.0 0.187022 -0.345365 -0.919644 0.0 -0.335827 -0.443412 0.366125 1.0]
259
	ConcatTransform [1.1 0.0 0.0 0.0 0.0 1.1 0.0 0.0 0.0 0.0 1.1 0.0 -9.609 0.05 6.704 1.0]
	ConcatTransform [-0.819412 -0.569849 0.061933 0.0 -0.544506 0.740071 -0.394726 0.0 0.179099 -0.357166 -0.916709 0.0 -0.341008 -0.448135 0.368711 1.0]
260
	ConcatTransform [1.1 0.0 0.0 0.0 0.0 1.1 0.0 0.0 0.0 0.0 1.1 0.0 -9.609 0.05 6.704 1.0]
	ConcatTransform [-0.839977 -0.537108 0.077157 0.0 -0.517059 0.749142 -0.414048 0.0 0.164587 -0.387686 -0.906979 0.0 -0.353938 -0.458116 0.379299 1.0]
261
	ConcatTransform [1.1 0.0 0.0 0.0 0.0 1.1 0.0 0.0 0.0 0.0 1.1 0.0 -9.609 0.05 6.704 1.0]
	ConcatTransform [-0.857703 -0.504639 0.098408 0.0 -0.494281 0.756632 -0.428013 0.0 0.141534 -0.415749 -0.898399 0.0 -0.366172 -0.466216 0.389223 1.0]
262
	ConcatTransform [1.1 0.0 0.0 0.0 0.0 1.1 0.0 0.0 0.0 0.0 1.1 0.0 -9.609 0.05 6.704 1.0]
	ConcatTransform [-0.887598 -0.445825 0.115802 0.0 -0.44583 0.768315 -0.459269 0.0 0.115781 -0.459274 -0.880717 0.0 -0.391637 -0.478488 0.40691 1.0]
263
	ConcatTransform [1.1 0.0 0.0 0.0 0.0 1.1 0.0 0.0 0.0 0.0 1.1 0.0 -9.609 0.05 6.704 1.0]
	ConcatTransform [-0.907992 -0.396054 0.136714 0.0 -0.410118 0.773349 -0.483461 0.0 0.085749 -0.495047 -0.864624 0.0 -0.412667 -0.487056 0.419475 1.0]
264
	ConcatTransform [1.1 0.0 0.0 0.0 0.0 1.1 0.0 0.0 0.0 0.0 1.1 0.0 -9.609 0.05 6.704 1.0]
	ConcatTransform [-0.93971 -0.306178 0.152313 0.0 -0.339501 0.781843 -0.522934 0.0 0.041026 -0.543117 -0.838654 0.0 -0.449407 -0.496521 0.439994 1.0]
265
	ConcatTransform [1.1 0.0 0.0 0.0 0.0 1.1 0.0 0.0 0.0 0.0 1.1 0.0 -9.609 0.05 6.704 1.0]
	ConcatTransform [-0.957007 -0.239638 0.163433 0.0 -0.290045 0.784245 -0.548483 0.0 0.003266 -0.572305 -0.820034 0.0 -0.47567 -0.499505 0.454508 1.0]
266
	ConcatTransform [1.1 0.0 0.0 0.0 0.0 1.1 0.0 0.0 0.0 0.0 1.1 0.0 -9.609 0.05 6.704 1.0]
	ConcatTransform [-0.971777 -0.148488 0.183307 0.0 -0.22973 0.772263 -0.592312 0.0 -0.05361 -0.617706 -0.784579 0.0 -0.513263 -0.497852 0.479848 1.0]
267
	ConcatTransform [1.1 0.0 0.0 0.0 0.0 1.1 0.0 0.0 0.0 0.0 1.1 0.0 -9.609 0.05 6.704 1.0]
	ConcatTransform [-0.976502 -0.095259 0.193314 0.0 -0.19673 0.760246 -0.619131 0.0 -0.087988 -0.642613 -0.761122 0.0 -0.537544 -0.49426 0.496244 1.0]
268
	ConcatTransform [1.1 0.0 0.0 0.0 0.0 1.1 0.0 0.0 0.0 0.0 1.1 0.0 -9.609 0.05 6.704 1.0]
	ConcatTransform [-0.980107 -0.012066 0.198103 0.0 -0.142147 0.739266 -0.65824 0.0 -0.138509 -0.673305 -0.726275 0.0 -0.570649 -0.485859 0.519056 1.0]
269
	ConcatTransform [1.1 0.0 0.0 0.0 0.0 1.1 0.0 0.0 0.0 0.0 1.1 0.0 -9.609 0.05 6.704 1.0]
	ConcatTransform [-0.979875 0.036773 0.196197 0.0 -0.108407 0.727272 -0.677734 0.0 -0.167611 -0.685363 -0.708649 0.0 -0.590293 -0.479145 0.53234 1.0]
270
	ConcatTransform [1.1 0.0 0.0 0.0 0.0 1.1 0.0 0.0 0.0 0.0 1.1 0.0 -9.609 0.05 6.704 1.0]
	ConcatTransform [-0.975678 0.098808 0.195677 0.0 -0.069217 0.708116 -0.702696 0.0 -0.207994 -0.699149 -0.684053 0.0 -0.615152 -0.468402 0.548129 1.0]
271
	ConcatTransform [1.1 0.0 0.0 0.0 0.0 1.1 0.0 0.0 0.0 0.0 1.1 0.0 -9.609 0.05 6.704 1.0]
	ConcatTransform [-0.973612 0.12406 0.191544 0.0 -0.051752 0.69744 -0.714772 0.0 -0.222265 -0.705823 -0.672615 0.0 -0.628408 -0.462982 0.556935 1.0]
272
	ConcatTransform [1.1 0.0 0.0 0.0 0.0 1.1 0.0 0.0 0.0 0.0 1.1 0.0 -9.609 0.05 6.704 1.0]
	ConcatTransform [-0.970767 0.152098 0.185682 0.0 -0.030535 0.689055 -0.724065 0.0 -0.238074 -0.708568 -0.664267 0.0 -0.643503 -0.457355 0.565118 1.0]
273
	ConcatTransform [1.1 0.0 0.0 0.0 0.0 1.1 0.0 0.0 0.0 0.0 1.1 0.0 -9.609 0.05 6.704 1.0]
	ConcatTransform [-0.968927 0.165387 0.18392 0.0 -0.021078 0.685665 -0.727612 0.0 -0.246446 -0.70888 -0.660873 0.0 -0.649176 -0.454287 0.567617 1.0]
274
	ConcatTransform [1.1 0.0 0.0 0.0 0.0 1.1 0.0 0.0 0.0 0.0 1.1 0.0 -9.609 0.05 6.704 1.0]
	ConcatTransform [-0.969923 0.158143 0.185042 0.0 -0.025606 0.689691 -0.723651 0.0 -0.242062 -0.706624 -0.664897 0.0 -0.652697 -0.455348 0.569237 1.0]
275
	ConcatTransform [1.1 0.0 0.0 0.0 0.0 1.1 0.0 0.0 0.0 0.0 1.1 0.0 -9.609 0.05 6.704 1.0]
	ConcatTransform [-0.970716 0.142467 0.193426 0.0 -0.041369 0.694004 -0.718781 0.0 -0.236641 -0.705734 -0.667787 0.0 -0.65052 -0.458863 0.56926 1.0]
276
	ConcatTransform [1.1 0.0 0.0 0.0 0.0 1.1 0.0 0.0 0.0 0.0 1.1 0.0 -9.609 0.05 6.704 1.0]
	ConcatTransform [-0.97568 0.107656 0.190939 0.0 -0.0608 0.703986 -0.707606 0.0 -0.210597 -0.702007 -0.68032 0.0 -0.640543 -0.465609 0.565603 1.0]
277
	ConcatTransform [1.1 0.0 0.0 0.0 0.0 1.1 0.0 0.0 0.0 0.0 1.1 0.0 -9.609 0.05 6.704 1.0]
	ConcatTransform [-0.97889 0.074448 0.190349 0.0 -0.08049 0.715634 -0.693822 0.0 -0.187874 -0.694497 -0.694534 0.0 -0.630598 -0.471661 0.560552 1.0]
278
	ConcatTransform [1.1 0.0 0.0 0.0 0.0 1.1 0.0 0.0 0.0 0.0 1.1 0.0 -9.609 0.05 6.704 1.0]
	ConcatTransform [-0.98183 0.010903 0.189451 0.0 -0.121155 0.73238 -0.670031 0.0 -0.146055 -0.680809 -0.717751 0.0 -0.611073 -0.481795 0.549023 1.0]
279
	ConcatTransform [1.1 0.0 0.0 0.0 0.0 1.1 0.0 0.0 0.0 0.0 1.1 0.0 -9.609 0.05 6.704 1.0]
	ConcatTransform [-0.981413 -0.030147 0.189525 0.0 -0.148778 0.74332 -0.652181 0.0 -0.121216 -0.668256 -0.733989 0.0 -0.594802 -0.487256 0.538423 1.0]
280
	ConcatTransform [1.1 0.0 0.0 0.0 0.0 1.1 0.0 0.0 0.0 0.0 1.1 0.0 -9.609 0.05 6.704 1.0]
	ConcatTransform [-0.976586 -0.108632 0.185684 0.0 -0.202056 0.759456 -0.618385 0.0 -0.073842 -0.641425 -0.763624 0.0 -0.567075 -0.495168 0.520371 1.0]
281
	ConcatTransform [1.1 0.0 0.0 0.0 0.0 1.1 0.0 0.0 0.0 0.0 1.1 0.0 -9.609 0.05 6.704 1.0]
	ConcatTransform [-0.969048 -0.163285 0.185158 0.0 -0.242265 0.773201 -0.586061 0.0 -0.04747 -0.612779 -0.788827 0.0 -0.547347 -0.49908 0.506463 1.0]
282
	ConcatTransform [1.1 0.0 0.0 0.0 0.0 1.1 0.0 0.0 0.0 0.0 1.1 0.0 -9.609 0.05 6.704 1.0]
	ConcatTransform [-0.952306 -0.249784 0.175274 0.0 -0.305145 0.779151 -0.54755 0.0 0.000204 -0.574919 -0.81821 0.0 -0.516392 -0.50123 0.484706 1.0]
283
	ConcatTransform [1.1 0.0 0.0 0.0 0.0 1.1 0.0 0.0 0.0 0.0 1.1 0.0 -9.609 0.05 6.704 1.0]
	ConcatTransform [-0.940853 -0.29558 0.165613 0.0 -0.337902 0.78274 -0.522629 0.0 0.024847 -0.547678 -0.83632 0.0 -0.49528 -0.498997 0.470912 1.0]
284
	ConcatTransform [1.1 0.0 0.0 0.0 0.0 1.1 0.0 0.0 0.0 0.0 1.1 0.0 -9.609 0.05 6.704 1.0]
	ConcatTransform [-0.925011 -0.345097 0.158944 0.0 -0.376971 0.781406 -0.49729 0.0 0.047414 -0.519915 -0.852901 0.0 -0.464209 -0.49376 0.452468 1.0]
285
	ConcatTransform [1.1 0.0 0.0 0.0 0.0 1.1 0.0 0.0 0.0 0.0 1.1 0.0 -9.609 0.05 6.704 1.0]
	ConcatTransform [-0.910627 -0.386148 0.147132 0.0 -0.407036 0.776786 -0.480546 0.0 0.071272 -0.497487 -0.864539 0.0 -0.445388 -0.488703 0.442809 1.0]
286
	ConcatTransform [1.1 0.0 0.0 0.0 0.0 1.1 0.0 0.0 0.0 0.0 1.1 0.0 -9.609 0.05 6.704 1.0]
	ConcatTransform [-0.891236 -0.435782 0.125669 0.0 -0.44176 0.771353 -0.458109 0.0 0.102701 -0.463798 -0.879968 0.0 -0.421584 -0.480674 0.429788 1.0]
287
	ConcatTransform [1.1 0.0 0.0 0.0 0.0 1.1 0.0 0.0 0.0 0.0 1.1 0.0 -9.609 0.05 6.704 1.0]
	ConcatTransform [-0.881175 -0.458473 0.115474 0.0 -0.458283 0.768229 -0.44699 0.0 0.116223 -0.446796 -0.887054 0.0 -0.408727 -0.476292 0.422197 1.0]
288
	ConcatTransform [1.1 0.0 0.0 0.0 0.0 1.1 0.0 0.0 0.0 0.0 1.1 0.0 -9.609 0.05 6.704 1.0]
	ConcatTransform [-0.868877 -0.483204 0.107547 0.0 -0.47824 0.763262 -0.434417 0.0 0.127825 -0.428888 -0.894268 0.0 -0.394644 -0.47086 0.412967 1.0]
289
	ConcatTransform [1.1 0.0 0.0 0.0 0.0 1.1 0.0 0.0 0.0 0.0 1.1 0.0 -9.609 0.05 6.704 1.0]
	ConcatTransform [-0.862716 -0.494563 0.105493 0.0 -0.488259 0.760356 -0.428324 0.0 0.13162 -0.42103 -0.897446 0.0 -0.388716 -0.468266 0.408858 1.0]
290
	ConcatTransform [1.1 0.0 0.0 0.0 0.0 1.1 0.0 0.0 0.0 0.0 1.1 0.0 -9.609 0.05 6.704 1.0]
	ConcatTransform [-0.85854 -0.502296 0.102995 0.0 -0.494612 0.758346 -0.424582 0.0 0.13516 -0.415462 -0.899512 0.0 -0.384891 -0.466444 0.406413 1.0]
291
	ConcatTransform [1.1 0.0 0.0 0.0 0.0 1.1 0.0 0.0 0.0 0.0 1.1 0.0 -9.609 0.05 6.704 1.0]
	ConcatTransform [-0.858843 -0.500221 0.110305 0.0 -0.495735 0.757454 -0.424865 0.0 0.128975 -0.419575 -0.898511 0.0 -0.38573 -0.467021 0.406776 1.0]
292
	ConcatTransform [1.1 0.0 0.0 0.0 0.0 1.1 0.0 0.0 0.0 0.0 1.1 0.0 -9.609 0.05 6.704 1.0]
	ConcatTransform [-0.866916 -0.484834 0.115728 0.0 -0.483723 0.762279 -0.43005 0.0 0.120286 -0.428797 -0.895357 0.0 -0.392612 -0.470083 0.409746 1.0]
293
	ConcatTransform [1.1 0.0 0.0 0.0 0.0 1.1 0.0 0.0 0.0 0.0 1.1 0.0 -9.609 0.05 6.704 1.0]
	ConcatTransform [-0.878207 -0.4616 0.125208 0.0 -0.466378 0.768447 -0.438156 0.0 0.106037 -0.443186 -0.890136 0.0 -0.399741 -0.474397 0.414061 1.0]
294
	ConcatTransform [1.1 0.0 0.0 0.0 0.0 1.1 0.0 0.0 0.0 0.0 1.1 0.0 -9.609 0.05 6.704 1.0]
	ConcatTransform [-0.894152 -0.426187 0.13732 0.0 -0.438992 0.773989 -0.456318 0.0 0.088193 -0.4683 -0.879157 0.0 -0.415306 -0.480754 0.424639 1.0]
295
	ConcatTransform [1.1 0.0 0.0 0.0 0.0 1.1 0.0 0.0 0.0 0.0 1.1 0.0 -9.609 0.05 6.704 1.0]
	ConcatTransform [-0.906595 -0.395889 0.146141 0.0 -0.415605 0.777542 -0.471911 0.0 0.073193 -0.488569 -0.86945 0.0 -0.428705 -0.485458 0.43329 1.0]
296
	ConcatTransform [1.1 0.0 0.0 0.0 0.0 1.1 0.0 0.0 0.0 0.0 1.1 0.0 -9.609 0.05 6.704 1.0]
	ConcatTransform [-0.92548 -0.341174 0.164583 0.0 -0.376457 0.78019 -0.499584 0.0 0.042039 -0.524313 -0.850487 0.0 -0.451889 -0.492224 0.449381 1.0]
297
	ConcatTransform [1.1 0.0 0.0 0.0 0.0 1.1 0.0 0.0 0.0 0.0 1.1 0.0 -9.609 0.05 6.704 1.0]
	ConcatTransform [-0.938595 -0.298161 0.173607 0.0 -0.344479 0.781638 -0.519977 0.0 0.019339 -0.547852 -0.836352 0.0 -0.469606 -0.495975 0.460996 1.0]
298
	ConcatTransform [1.1 0.0 0.0 0.0 0.0 1.1 0.0 0.0 0.0 0.0 1.1 0.0 -9.609 0.05 6.704 1.0]
	ConcatTransform [-0.956252 -0.225907 0.18587 0.0 -0.291796 0.781932 -0.550851 0.0 -0.020896 -0.580989 -0.813643 0.0 -0.498624 -0.499186 0.478869 1.0]
299
	ConcatTransform [1.1 0.0 0.0 0.0 0.0 1.1 0.0 0.0 0.0 0.0 1.1 0.0 -9.609 0.05 6.704 1.0]
	ConcatTransform [-0.96126 -0.18396 0.205277 0.0 -0.270447 0.773368 -0.573377 0.0 -0.053276 -0.606681 -0.793158 0.0 -0.517743 -0.499018 0.491747 1.0]
300
	ConcatTransform [1.1 0.0 0.0 0.0 0.0 1.1 0.0 0.0 0.0 0.0 1.1 0.0 -9.609 0.05 6.704 1.0]
	ConcatTransform [-0.967097 -0.121225 0.223671 0.0 -0.235129 0.76163 -0.60385 0.0 -0.097153 -0.636573 -0.765073 0.0 -0.544457 -0.496356 0.511786 1.0]
301
	ConcatTransform [1.1 0.0 0.0 0.0 0.0 1.1 0.0 0.0 0.0 0.0 1.1 0.0 -9.609 0.05 6.704 1.0]
	ConcatTransform [-0.970471 -0.086893 0.225022 0.0 -0.211699 0.753967 -0.621866 0.0 -0.115623 -0.65114 -0.750099 0.0 -0.561094 -0.493224 0.524275 1.0]
302
	ConcatTransform [1.1 0.0 0.0 0.0 0.0 1.1 0.0 0.0 0.0 0.0 1.1 0.0 -9.609 0.05 6.704 1.0]
	ConcatTransform [-0.97295 -0.041045 0.227339 0.0 -0.181178 0.74612 -0.640687 0.0 -0.143326 -0.664545 -0.733374 0.0 -0.584498 -0.488652 0.539786 1.0]
303
	ConcatTransform [1.1 0.0 0.0 0.0 0.0 1.1 0.0 0.0 0.0 0.0 1.1 0.0 -9.609 0.05 6.704 1.0]
	ConcatTransform [-0.974574 -0.014678 0.223582 0.0 -0.160698 0.741163 -0.651808 0.0 -0.156144 -0.671165 -0.724677 0.0 -0.597925 -0.485433 0.54862 1.0]
304
	ConcatTransform [1.1 0.0 0.0 0.0 0.0 1.1 0.0 0.0 0.0 0.0 1.1 0.0 -9.609 0.05 6.704 1.0]
	ConcatTransform [-0.975286 0.014469 0.220471 0.0 -0.139581 0.733163 -0.665574 0.0 -0.171271 -0.679899 -0.713024 0.0 -0.614243 -0.481286 0.559535 1.0]
305
	ConcatTransform [1.1 0.0 0.0 0.0 0.0 1.1 0.0 0.0 0.0 0.0 1.1 0.0 -9.609 0.05 6.704 1.0]
	ConcatTransform [-0.976372 0.026072 0.214518 0.0 -0.128076 0.72974 -0.671622 0.0 -0.174053 -0.683227 -0.709159 0.0 -0.622301 -0.479461 0.565482 1.0]
306
	ConcatTransform [1.1 0.0 0.0 0.0 0.0 1.1 0.0 0.0 0.0 0.0 1.1 0.0 -9.609 0.05 6.704 1.0]
	ConcatTransform [-0.977931 0.028545 0.206969 0.0 -0.121457 0.728361 -0.674342 0.0 -0.169997 -0.684598 -0.70882 0.0 -0.630313 -0.479072 0.572354 1.0]
307
	ConcatTransform [1.1 0.0 0.0 0.0 0.0 1.1 0.0 0.0 0.0 0.0 1.1 0.0 -9.609 0.05 6.704 1.0]
	ConcatTransform [-0.977759 0.027492 0.207924 0.0 -0.122724 0.728938 -0.67349 0.0 -0.170079 -0.684027 -0.709351 0.0 -0.633058 -0.479185 0.574086 1.0]
308
	ConcatTransform [1.1 0.0 0.0 0.0 0.0 1.1 0.0 0.0 0.0 0.0 1.1 0.0 -9.609 0.05 6.704 1.0]
	ConcatTransform [-0.97994 0.017171 0.19855 0.0 -0.122833 0.732503 -0.66959 0.0 -0.156936 -0.680547 -0.7157 0.0 -0.632627 -0.480656 0.57419 1.0]
309
	ConcatTransform [1.1 0.0 0.0 0.0 0.0 1.1 0.0 0.0 0.0 0.0 1.1 0.0 -9.609 0.05 6.704 1.0]
	ConcatTransform [-0.982137 0.003073 0.188144 0.0 -0.12542 0.734692 -0.666706 0.0 -0.140277 -0.678394 -0.721183 0.0 -0.629182 -0.482649 0.573105 1.0]
310
	ConcatTransform [1.1 0.0 0.0 0.0 0.0 1.1 0.0 0.0 0.0 0.0 1.1 0.0 -9.609 0.05 6.704 1.0]
	ConcatTransform [-0.982142 -0.027677 0.186094 0.0 -0.144807 0.742693 -0.653788 0.0 -0.120116 -0.66906 -0.733438 0.0 -0.619945 -0.486657 0.569247 1.0]
311
	ConcatTransform [1.1 0.0 0.0 0.0 0.0 1.1 0.0 0.0 0.0 0.0 1.1 0.0 -9.609 0.05 6.704 1.0]
	ConcatTransform [-0.980685 -0.055853 0.187448 0.0 -0.165365 0.748568 -0.642106 0.0 -0.104454 -0.660701 -0.743346 0.0 -0.611874 -0.48988 0.564534 1.0]
312
	ConcatTransform [1.1 0.0 0.0 0.0 0.0 1.1 0.0 0.0 0.0 0.0 1.1 0.0 -9.609 0.05 6.704 1.0]
	ConcatTransform [-0.976083 -0.105444 0.190117 0.0 -0.202615 0.758217 -0.619722 0.0 -0.078804 -0.64342 -0.761446 0.0 -0.597154 -0.494556 0.554684 1.0]
313
	ConcatTransform [1.1 0.0 0.0 0.0 0.0 1.1 0.0 0.0 0.0 0.0 1.1 0.0 -9.609 0.05 6.704 1.0]
	ConcatTransform [-0.971776 -0.144092 0.186787 0.0 -0.228729 0.769334 -0.596497 0.0 -0.057751 -0.622385 -0.780578 0.0 -0.58623 -0.497754 0.546564 1.0]
314
	ConcatTransform [1.1 0.0 0.0 0.0 0.0 1.1 0.0 0.0 0.0 0.0 1.1 0.0 -9.609 0.05 6.704 1.0]
	ConcatTransform [-0.964134 -0.196807 0.178078 0.0 -0.264338 0.772392 -0.577526 0.0 -0.023885 -0.603885 -0.796714 0.0 -0.567107 -0.499497 0.533655 1.0]
315
	ConcatTransform [1.1 0.0 0.0 0.0 0.0 1.1 0.0 0.0 0.0 0.0 1.1 0.0 -9.609 0.05 6.704 1.0]
	ConcatTransform [-0.958629 -0.225449 0.17379 0.0 -0.284528 0.777363 -0.561026 0.0 -0.008615 -0.587264 -0.80935 0.0 -0.554061 -0.4993 0.524426 1.0]
316
	ConcatTransform [1.1 0.0 0.0 0.0 0.0 1.1 0.0 0.0 0.0 0.0 1.1 0.0 -9.609 0.05 6.704 1.0]
	ConcatTransform [-0.94888 -0.268793 0.165459 0.0 -0.315282 0.782328 -0.537178 0.0 0.014947 -0.561883 -0.827081 0.0 -0.534877 -0.498325 0.510504 1.0]
317
	ConcatTransform [1.1 0.0 0.0 0.0 0.0 1.1 0.0 0.0 0.0 0.0 1.1 0.0 -9.609 0.05 6.704 1.0]
	ConcatTransform [-0.942437 -0.292421 0.16218 0.0 -0.333362 0.783755 -0.524022 0.0 0.026126 -0.547922 -0.836121 0.0 -0.52239 -0.496716 0.502011 1.0]
318
	ConcatTransform [1.1 0.0 0.0 0.0 0.0 1.1 0.0 0.0 0.0 0.0 1.1 0.0 -9.609 0.05 6.704 1.0]
	ConcatTransform [-0.931946 -0.326489 0.157741 0.0 -0.35999 0.78103 -0.510293 0.0 0.043404 -0.53235 -0.845411 0.0 -0.504822 -0.493974 0.491856 1.0]
319
	ConcatTransform [1.1 0.0 0.0 0.0 0.0 1.1 0.0 0.0 0.0 0.0 1.1 0.0 -9.609 0.05 6.704 1.0]
	ConcatTransform [-0.926645 -0.342079 0.155917 0.0 -0.372605 0.780623 -0.50179 0.0 0.049939 -0.523077 -0.850821 0.0 -0.494216 -0.492272 0.486665 1.0]
320
	ConcatTransform [1.1 0.0 0.0 0.0 0.0 1.1 0.0 0.0 0.0 0.0 1.1 0.0 -9.609 0.05 6.704 1.0]
	ConcatTransform [-0.921969 -0.357105 0.149827 0.0 -0.382565 0.779784 -0.495562 0.0 0.060135 -0.514211 -0.855553 0.0 -0.48192 -0.490664 0.478887 1.0]
321
	ConcatTransform [1.1 0.0 0.0 0.0 0.0 1.1 0.0 0.0 0.0 0.0 1.1 0.0 -9.609 0.05 6.704 1.0]
	ConcatTransform [-0.917733 -0.369221 0.146432 0.0 -0.391585 0.779273 -0.48928 0.0 0.066542 -0.506369 -0.859746 0.0 -0.475989 -0.489077 0.475342 1.0]
322
	ConcatTransform [1.1 0.0 0.0 0.0 0.0 1.1 0.0 0.0 0.0 0.0 1.1 0.0 -9.609 0.05 6.704 1.0]
	ConcatTransform [-0.913135 -0.381074 0.144803 0.0 -0.401379 0.778338 -0.482789 0.0 0.071273 -0.498972 -0.863682 0.0 -0.470665 -0.487402 0.471582 1.0]
323
	ConcatTransform [1.1 0.0 0.0 0.0 0.0 1.1 0.0 0.0 0.0 0.0 1.1 0.0 -9.609 0.05 6.704 1.0]
	ConcatTransform [-0.911781 -0.383618 0.146603 0.0 -0.404669 0.778417 -0.479906 0.0 0.069982 -0.496895 -0.864984 0.0 -0.469623 -0.486952 0.470029 1.0]
324
	ConcatTransform [1.1 0.0 0.0 0.0 0.0 1.1 0.0 0.0 0.0 0.0 1.1 0.0 -9.609 0.05 6.704 1.0]
	ConcatTransform [-0.912274 -0.377971 0.157778 0.0 -0.405101 0.775851 -0.483682 0.0 0.060406 -0.505167 -0.860905 0.0 -0.470674 -0.488267 0.470119 1.0]
325
	ConcatTransform [1.1 0.0 0.0 0.0 0.0 1.1 0.0 0.0 0.0 0.0 1.1 0.0 -9.609 0.05 6.704 1.0]
	ConcatTransform [-0.914321 -0.370028 0.164611 0.0 -0.401783 0.777717 -0.483452 0.0 0.05087 -0.508168 -0.859754 0.0 -0.474331 -0.488955 0.470951 1.0]
326
	ConcatTransform [1.1 0.0 0.0 0.0 0.0 1.1 0.0 0.0 0.0 0.0 1.1 0.0 -9.609 0.05 6.704 1.0]
	ConcatTransform [-0.920432 -0.349139 0.175804 0.0 -0.389321 0.778344 -0.492554 0.0 0.035134 -0.521806 -0.85234 0.0 -0.482258 -0.491386 0.474685 1.0]
327
	ConcatTransform [1.1 0.0 0.0 0.0 0.0 1.1 0.0 0.0 0.0 0.0 1.1 0.0 -9.609 0.05 6.704 1.0]
	ConcatTransform [-0.925149 -0.332218 0.183659 0.0 -0.378942 0.779694 -0.498478 0.0 0.022405 -0.530762 -0.847225 0.0 -0.489566 -0.49298 0.478469 1.0]
328
	ConcatTransform [1.1 0.0 0.0 0.0 0.0 1.1 0.0 0.0 0.0 0.0 1.1 0.0 -9.609 0.05 6.704 1.0]
	ConcatTransform [-0.933818 -0.300395 0.194285 0.0 -0.357745 0.781952 -0.51046 0.0 0.001418 -0.546181 -0.837666 0.0 -0.503333 -0.49543 0.48543 1.0]
329
	ConcatTransform [1.1 0.0 0.0 0.0 0.0 1.1 0.0 0.0 0.0 0.0 1.1 0.0 -9.609 0.05 6.704 1.0]
	ConcatTransform [-0.939902 -0.276389 0.200484 0.0 -0.341202 0.782442 -0.520929 0.0 -0.012888 -0.558027 -0.829723 0.0 -0.51366 -0.49697 0.491454 1.0]
330
	ConcatTransform [1.1 0.0 0.0 0.0 0.0 1.1 0.0 0.0 0.0 0.0 1.1 0.0 -9.609 0.05 6.704 1.0]
	ConcatTransform [-0.949359 -0.236145 0.207253 0.0 -0.312315 0.781305 -0.540391 0.0 -0.034318 -0.577753 -0.81549 0.0 -0.530077 -0.498731 0.502426 1.0]
331
	ConcatTransform [1.1 0.0 0.0 0.0 0.0 1.1 0.0 0.0 0.0 0.0 1.1 0.0 -9.609 0.05 6.704 1.0]
	ConcatTransform [-0.954031 -0.212305 0.211546 0.0 -0.296093 0.776968 -0.555562 0.0 -0.046415 -0.592661 -0.804114 0.0 -0.541138 -0.498874 0.510577 1.0]
332
	ConcatTransform [1.1 0.0 0.0 0.0 0.0 1.1 0.0 0.0 0.0 0.0 1.1 0.0 -9.609 0.05 6.704 1.0]
	ConcatTransform [-0.960325 -0.175183 0.216995 0.0 -0.271027 0.769624 -0.57812 0.0 -0.065728 -0.613994 -0.786569 0.0 -0.557004 -0.498331 0.523325 1.0]
333
	ConcatTransform [1.1 0.0 0.0 0.0 0.0 1.1 0.0 0.0 0.0 0.0 1.1 0.0 -9.609 0.05 6.704 1.0]
	ConcatTransform [-0.963477 -0.151054 0.221124 0.0 -0.255636 0.764764 -0.591427 0.0 -0.079771 -0.626353 -0.775447 0.0 -0.567142 -0.497397 0.531481 1.0]
334
	ConcatTransform [1.1 0.0 0.0 0.0 0.0 1.1 0.0 0.0 0.0 0.0 1.1 0.0 -9.609 0.05 6.704 1.0]
	ConcatTransform [-0.966618 -0.120944 0.225879 0.0 -0.236453 0.760625 -0.604599 0.0 -0.098687 -0.637826 -0.763831 0.0 -0.581574 -0.495535 0.541948 1.0]
335
	ConcatTransform [1.1 0.0 0.0 0.0 0.0 1.1 0.0 0.0 0.0 0.0 1.1 0.0 -9.609 0.05 6.704 1.0]
	ConcatTransform [-0.968729 -0.100659 0.226785 0.0 -0.222275 0.758235 -0.612922 0.0 -0.11026 -0.644164 -0.756898 0.0 -0.590281 -0.494091 0.547321 1.0]
336
	ConcatTransform [1.1 0.0 0.0 0.0 0.0 1.1 0.0 0.0 0.0 0.0 1.1 0.0 -9.609 0.05 6.704 1.0]
	ConcatTransform [-0.971365 -0.078915 0.224104 0.0 -0.205133 0.754464 -0.623462 0.0 -0.119878 -0.65158 -0.749048 0.0 -0.601189 -0.492293 0.553834 1.0]
337
	ConcatTransform [1.1 0.0 0.0 0.0 0.0 1.1 0.0 0.0 0.0 0.0 1.1 0.0 -9.609 0.05 6.704 1.0]
	ConcatTransform [-0.971514 -0.074238 0.225054 0.0 -0.202617 0.752751 -0.626349 0.0 -0.122911 -0.654106 -0.74635 0.0 -0.606773 -0.491679 0.557388 1.0]
338
	ConcatTransform [1.1 0.0 0.0 0.0 0.0 1.1 0.0 0.0 0.0 0.0 1.1 0.0 -9.609 0.05 6.704 1.0]
	ConcatTransform [-0.971474 -0.069073 0.226863 0.0 -0.200184 0.751734 -0.628349 0.0 -0.127139 -0.655839 -0.744117 0.0 -0.612396 -0.491022 0.56055 1.0]
339
	ConcatTransform [1.1 0.0 0.0 0.0 0.0 1.1 0.0 0.0 0.0 0.0 1.1 0.0 -9.609 0.05 6.704 1.0]
	ConcatTransform [-0.970829 -0.067584 0.230049 0.0 -0.201171 0.751643 -0.628143 0.0 -0.130463 -0.656098 -0.743313 0.0 -0.614171 -0.490899 0.561426 1.0]
340
	ConcatTransform [1.1 0.0 0.0 0.0 0.0 1.1 0.0 0.0 0.0 0.0 1.1 0.0 -9.609 0.05 6.704 1.0]
	ConcatTransform [-0.968805 -0.072501 0.23698 0.0 -0.209057 0.752605 -0.624404 0.0 -0.133083 -0.654468 -0.744285 0.0 -0.614155 -0.491327 0.560744 1.0]
341
	ConcatTransform [1.1 0.0 0.0 0.0 0.0 1.1 0.0 0.0 0.0 0.0 1.1 0.0 -9.609 0.05 6.704 1.0]
	ConcatTransform [-0.968877 -0.078077 0.234906 0.0 -0.211626 0.75355 -0.622396 0.0 -0.128418 -0.652737 -0.746621 0.0 -0.61208 -0.491806 0.559224 1.0]
342
	ConcatTransform [1.1 0.0 0.0 0.0 0.0 1.1 0.0 0.0 0.0 0.0 1.1 0.0 -9.609 0.05 6.704 1.0]
	ConcatTransform [-0.969012 -0.093121 0.228787 0.0 -0.218231 0.756646 -0.616329 0.0 -0.115717 -0.647159 -0.753522 0.0 -0.606553 -0.493148 0.55495 1.0]
343
	ConcatTransform [1.1 0.0 0.0 0.0 0.0 1.1 0.0 0.0 0.0 0.0 1.1 0.0 -9.609 0.05 6.704 1.0]
	ConcatTransform [-0.968534 -0.107115 0.224652 0.0 -0.225569 0.75923 -0.610482 0.0 -0.10517 -0.641947 -0.759502 0.0 -0.601224 -0.494283 0.551004 1.0]
344
	ConcatTransform [1.1 0.0 0.0 0.0 0.0 1.1 0.0 0.0 0.0 0.0 1.1 0.0 -9.609 0.05 6.704 1.0]
	ConcatTransform [-0.966735 -0.133275 0.218316 0.0 -0.24061 0.763419 -0.599415 0.0 -0.08678 -0.632005 -0.77009 0.0 -0.590994 -0.496105 0.543671 1.0]
345
	ConcatTransform [1.1 0.0 0.0 0.0 0.0 1.1 0.0 0.0 0.0 0.0 1.1 0.0 -9.609 0.05 6.704 1.0]
	ConcatTransform [-0.964684 -0.153747 0.213886 0.0 -0.253076 0.766188 -0.590685 0.0 -0.073061 -0.623953 -0.778039 0.0 -0.582741 -0.497244 0.538203 1.0]
346
	ConcatTransform [1.1 0.0 0.0 0.0 0.0 1.1 0.0 0.0 0.0 0.0 1.1 0.0 -9.609 0.05 6.704 1.0]
	ConcatTransform [-0.959695 -0.18599 0.210698 0.0 -0.275433 0.771491 -0.573532 0.0 -0.055881 -0.608448 -0.791623 0.0 -0.569547 -0.498289 0.528562 1.0]
347
	ConcatTransform [1.1 0.0 0.0 0.0 0.0 1.1 0.0 0.0 0.0 0.0 1.1 0.0 -9.609 0.05 6.704 1.0]
	ConcatTransform [-0.955549 -0.208051 0.208902 0.0 -0.291319 0.7753 -0.560396 0.0 -0.045371 -0.596343 -0.801446 0.0 -0.560622 -0.498577 0.521529 1.0]
348
	ConcatTransform [1.1 0.0 0.0 0.0 0.0 1.1 0.0 0.0 0.0 0.0 1.1 0.0 -9.609 0.05 6.704 1.0]
	ConcatTransform [-0.948767 -0.240499 0.204943 0.0 -0.314567 0.780101 -0.540824 0.0 -0.029809 -0.577584 -0.815787 0.0 -0.547199 -0.498454 0.510808 1.0]
349
	ConcatTransform [1.1 0.0 0.0 0.0 0.0 1.1 0.0 0.0 0.0 0.0 1.1 0.0 -9.609 0.05 6.704 1.0]
	ConcatTransform [-0.944378 -0.26064 0.200544 0.0 -0.328309 0.782595 -0.528922 0.0 -0.019086 -0.565342 -0.824636 0.0 -0.538549 -0.497897 0.503778 1.0]
350
	ConcatTransform [1.1 0.0 0.0 0.0 0.0 1.1 0.0 0.0 0.0 0.0 1.1 0.0 -9.609 0.05 6.704 1.0]
	ConcatTransform [-0.938264 -0.286799 0.193411 0.0 -0.345903 0.783551 -0.516138 0.0 -0.003519 -0.551175 -0.834383 0.0 -0.526791 -0.496562 0.493536 1.0]
351
	ConcatTransform [1.1 0.0 0.0 0.0 0.0 1.1 0.0 0.0 0.0 0.0 1.1 0.0 -9.609 0.05 6.704 1.0]
	ConcatTransform [-0.934873 -0.302058 0.186474 0.0 -0.354881 0.782802 -0.511156 0.0 0.008426 -0.544042 -0.839016 0.0 -0.519921 -0.495402 0.487678 1.0]
352
	ConcatTransform [1.1 0.0 0.0 0.0 0.0 1.1 0.0 0.0 0.0 0.0 1.1 0.0 -9.609 0.05 6.704 1.0]
	ConcatTransform [-0.93009 -0.321708 0.177302 0.0 -0.366572 0.781888 -0.504258 0.0 0.023594 -0.533999 -0.845156 0.0 -0.511327 -0.493742 0.480926 1.0]
353
	ConcatTransform [1.1 0.0 0.0 0.0 0.0 1.1 0.0 0.0 0.0 0.0 1.1 0.0 -9.609 0.05 6.704 1.0]
	ConcatTransform [-0.928386 -0.329741 0.171375 0.0 -0.370268 0.781522 -0.50212 0.0 0.031636 -0.529616 -0.847647 0.0 -0.506926 -0.49296 0.477603 1.0]
354
	ConcatTransform [1.1 0.0 0.0 0.0 0.0 1.1 0.0 0.0 0.0 0.0 1.1 0.0 -9.609 0.05 6.704 1.0]
	ConcatTransform [-0.926729 -0.335847 0.168461 0.0 -0.37389 0.779994 -0.501813 0.0 0.037134 -0.528031 -0.848413 0.0 -0.502173 -0.492737 0.474919 1.0]
355
	ConcatTransform [1.1 0.0 0.0 0.0 0.0 1.1 0.0 0.0 0.0 0.0 1.1 0.0 -9.609 0.05 6.704 1.0]
	ConcatTransform [-0.926178 -0.338283 0.166613 0.0 -0.374996 0.779789 -0.501305 0.0 0.03966 -0.526777 -0.849078 0.0 -0.500965 -0.492412 0.474169 1.0]
356
	ConcatTransform [1.1 0.0 0.0 0.0 0.0 1.1 0.0 0.0 0.0 0.0 1.1 0.0 -9.609 0.05 6.704 1.0]
	ConcatTransform [-0.927444 -0.33545 0.165289 0.0 -0.371881 0.780742 -0.502141 0.0 0.039395 -0.527176 -0.848842 0.0 -0.501827 -0.492446 0.474661 1.0]
357
	ConcatTransform [1.1 0.0 0.0 0.0 0.0 1.1 0.0 0.0 0.0 0.0 1.1 0.0 -9.609 0.05 6.704 1.0]
	ConcatTransform [-0.932062 -0.32188 0.166294 0.0 -0.360807 0.783058 -0.506595 0.0 0.032845 -0.532177 -0.845996 0.0 -0.503586 -0.493291 0.476287 1.0]
358
	ConcatTransform [1.1 0.0 0.0 0.0 0.0 1.1 0.0 0.0 0.0 0.0 1.1 0.0 -9.609 0.05 6.704 1.0]
	ConcatTransform [-0.937094 -0.303532 0.172404 0.0 -0.348342 0.781072 -0.518252 0.0 0.022646 -0.545706 -0.83767 0.0 -0.508065 -0.495263 0.481125 1.0]
359
	ConcatTransform [1.1 0.0 0.0 0.0 0.0 1.1 0.0 0.0 0.0 0.0 1.1 0.0 -9.609 0.05 6.704 1.0]
	ConcatTransform [-0.94208 -0.286454 0.17444 0.0 -0.335068 0.781155 -0.526807 0.0 0.014641 -0.554744 -0.831892 0.0 -0.512336 -0.496434 0.485409 1.0]
360
	ConcatTransform [1.1 0.0 0.0 0.0 0.0 1.1 0.0 0.0 0.0 0.0 1.1 0.0 -9.609 0.05 6.704 1.0]
	ConcatTransform [-0.425963 0.869015 -0.251732 0.0 -0.840588 -0.277227 0.465356 0.0 0.334614 0.409827 0.848572 0.0 -18.126162 -106.886322 25.743902 1.0]
