228
	ConcatTransform [1.1 0.0 0.0 0.0 0.0 1.1 0.0 0.0 0.0 0.0 1.1 0.0 -9.609 0.05 6.704 1.0]
	ConcatTransform [0.970896 0.199431 -0.132622 0.0 -0.191826 0.979073 0.067967 0.0 0.143401 -0.040549 0.988834 0.0 -0.002051 -0.018446 0.006416 1.0]
229
	ConcatTransform [1.1 0.0 0.0 0.0 0.0 1.1 0.0 0.0 0.0 0.0 1.1 0.0 -9.609 0.05 6.704 1.0]
	ConcatTransform [0.890575 0.419094 -0.176736 0.0 -0.39158 0.904148 0.170826 0.0 0.231388 -0.082927 0.969321 0.0 -0.005478 -0.043869 0.010751 1.0]
230
	ConcatTransform [1.1 0.0 0.0 0.0 0.0 1.1 0.0 0.0 0.0 0.0 1.1 0.0 -9.609 0.05 6.704 1.0]
	ConcatTransform [0.795205 0.585292 -0.158375 0.0 -0.504846 0.783778 0.361694 0.0 0.335828 -0.207665 0.918746 0.0 -0.013863 -0.094839 0.014128 1.0]
231
	ConcatTransform [1.1 0.0 0.0 0.0 0.0 1.1 0.0 0.0 0.0 0.0 1.1 0.0 -9.609 0.05 6.704 1.0]
	ConcatTransform [0.788873 0.605614 -0.104454 0.0 -0.48067 0.71394 0.509162 0.0 0.38293 -0.351456 0.854309 0.0 -0.025666 -0.135448 0.012353 1.0]
232
	ConcatTransform [1.1 0.0 0.0 0.0 0.0 1.1 0.0 0.0 0.0 0.0 1.1 0.0 -9.609 0.05 6.704 1.0]
	ConcatTransform [0.79813 0.602484 0.000828 0.0 -0.449714 0.594835 0.66628 0.0 0.40093 -0.53215 0.745702 0.0 -0.043313 -0.214637 0.008719 1.0]
233
	ConcatTransform [1.1 0.0 0.0 0.0 0.0 1.1 0.0 0.0 0.0 0.0 1.1 0.0 -9.609 0.05 6.704 1.0]
	ConcatTransform [0.814152 0.571905 0.100408 0.0 -0.442863 0.499761 0.744387 0.0 0.375538 -0.650511 0.660157 0.0 -0.053855 -0.280411 0.005991 1.0]
234
	ConcatTransform [1.1 0.0 0.0 0.0 0.0 1.1 0.0 0.0 0.0 0.0 1.1 0.0 -9.609 0.05 6.704 1.0]
	ConcatTransform [0.896355 0.384328 0.220997 0.0 -0.397976 0.477891 0.783093 0.0 0.195352 -0.789881 0.581314 0.0 -0.075932 -0.388243 -0.002936 1.0]
235
	ConcatTransform [1.1 0.0 0.0 0.0 0.0 1.1 0.0 0.0 0.0 0.0 1.1 0.0 -9.609 0.05 6.704 1.0]
	ConcatTransform [0.946503 0.233121 0.223129 0.0 -0.315656 0.525227 0.790252 0.0 0.067031 -0.818408 0.570714 0.0 -0.105368 -0.457651 -0.007406 1.0]
236
	ConcatTransform [1.1 0.0 0.0 0.0 0.0 1.1 0.0 0.0 0.0 0.0 1.1 0.0 -9.609 0.05 6.704 1.0]
	ConcatTransform [0.955654 0.001674 0.294487 0.0 -0.243124 0.568775 0.785739 0.0 -0.166181 -0.822491 0.543959 0.0 -0.184991 -0.518504 0.001645 1.0]
237
	ConcatTransform [1.1 0.0 0.0 0.0 0.0 1.1 0.0 0.0 0.0 0.0 1.1 0.0 -9.609 0.05 6.704 1.0]
	ConcatTransform [0.919282 -0.155083 0.36176 0.0 -0.196058 0.616546 0.762517 0.0 -0.341295 -0.771894 0.536375 0.0 -0.254916 -0.531131 0.01304 1.0]
238
	ConcatTransform [1.1 0.0 0.0 0.0 0.0 1.1 0.0 0.0 0.0 0.0 1.1 0.0 -9.609 0.05 6.704 1.0]
	ConcatTransform [0.822915 -0.315428 0.472563 0.0 -0.162696 0.666084 0.727917 0.0 -0.544372 -0.675898 0.496811 0.0 -0.365673 -0.524419 0.033502 1.0]
239
	ConcatTransform [1.1 0.0 0.0 0.0 0.0 1.1 0.0 0.0 0.0 0.0 1.1 0.0 -9.609 0.05 6.704 1.0]
	ConcatTransform [0.762446 -0.358898 0.538395 0.0 -0.124178 0.735446 0.666108 0.0 -0.635025 -0.574728 0.51617 0.0 -0.438233 -0.512387 0.048493 1.0]
240
	ConcatTransform [1.1 0.0 0.0 0.0 0.0 1.1 0.0 0.0 0.0 0.0 1.1 0.0 -9.609 0.05 6.704 1.0]
	ConcatTransform [0.62958 -0.386921 0.673736 0.0 -0.100253 0.819464 0.564294 0.0 -0.77044 -0.422812 0.477129 0.0 -0.537487 -0.479363 0.067387 1.0]
241
	ConcatTransform [1.1 0.0 0.0 0.0 0.0 1.1 0.0 0.0 0.0 0.0 1.1 0.0 -9.609 0.05 6.704 1.0]
	ConcatTransform [0.545587 -0.394023 0.739649 0.0 -0.090114 0.84988 0.519215 0.0 -0.833195 -0.349929 0.428176 0.0 -0.596521 -0.456784 0.073786 1.0]
242
	ConcatTransform [1.1 0.0 0.0 0.0 0.0 1.1 0.0 0.0 0.0 0.0 1.1 0.0 -9.609 0.05 6.704 1.0]
	ConcatTransform [0.375714 -0.373085 0.84832 0.0 -0.152618 0.877978 0.453721 0.0 -0.914082 -0.299938 0.272929 0.0 -0.675153 -0.43082 0.07617 1.0]
243
	ConcatTransform [1.1 0.0 0.0 0.0 0.0 1.1 0.0 0.0 0.0 0.0 1.1 0.0 -9.609 0.05 6.704 1.0]
	ConcatTransform [0.254219 -0.324254 0.91117 0.0 -0.19502 0.905583 0.376677 0.0 -0.94728 -0.273455 0.166981 0.0 -0.718725 -0.416595 0.072099 1.0]
244
	ConcatTransform [1.1 0.0 0.0 0.0 0.0 1.1 0.0 0.0 0.0 0.0 1.1 0.0 -9.609 0.05 6.704 1.0]
	ConcatTransform [0.122577 -0.204226 0.971219 0.0 -0.255671 0.939071 0.229734 0.0 -0.958961 -0.276473 0.062894 0.0 -0.776621 -0.407057 0.061635 1.0]
245
	ConcatTransform [1.1 0.0 0.0 0.0 0.0 1.1 0.0 0.0 0.0 0.0 1.1 0.0 -9.609 0.05 6.704 1.0]
	ConcatTransform [0.020393 -0.141699 0.9897 0.0 -0.285768 0.947782 0.141585 0.0 -0.958082 -0.285712 -0.021165 0.0 -0.807429 -0.405444 0.052111 1.0]
246
	ConcatTransform [1.1 0.0 0.0 0.0 0.0 1.1 0.0 0.0 0.0 0.0 1.1 0.0 -9.609 0.05 6.704 1.0]
	ConcatTransform [-0.112934 -0.129741 0.985096 0.0 -0.34167 0.936049 0.084111 0.0 -0.93301 -0.327078 -0.150041 0.0 -0.845892 -0.412996 0.03619 1.0]
247
	ConcatTransform [1.1 0.0 0.0 0.0 0.0 1.1 0.0 0.0 0.0 0.0 1.1 0.0 -9.609 0.05 6.704 1.0]
	ConcatTransform [-0.135496 -0.132937 0.981819 0.0 -0.371179 0.9256 0.074101 0.0 -0.918622 -0.35439 -0.174759 0.0 -0.860895 -0.419176 0.022398 1.0]
248
	ConcatTransform [1.1 0.0 0.0 0.0 0.0 1.1 0.0 0.0 0.0 0.0 1.1 0.0 -9.609 0.05 6.704 1.0]
	ConcatTransform [-0.147621 -0.171754 0.974017 0.0 -0.385203 0.91703 0.103324 0.0 -0.910948 -0.359941 -0.201533 0.0 -0.867842 -0.428655 -0.001346 1.0]
249
	ConcatTransform [1.1 0.0 0.0 0.0 0.0 1.1 0.0 0.0 0.0 0.0 1.1 0.0 -9.609 0.05 6.704 1.0]
	ConcatTransform [-0.148893 -0.218802 0.964343 0.0 -0.402484 0.904187 0.14301 0.0 -0.903237 -0.366839 -0.222692 0.0 -0.863822 -0.435561 -0.018622 1.0]
250
	ConcatTransform [1.1 0.0 0.0 0.0 0.0 1.1 0.0 0.0 0.0 0.0 1.1 0.0 -9.609 0.05 6.704 1.0]
	ConcatTransform [-0.135036 -0.303977 0.94306 0.0 -0.452163 0.865801 0.214329 0.0 -0.881654 -0.397474 -0.254362 0.0 -0.850011 -0.453206 -0.045117 1.0]
251
	ConcatTransform [1.1 0.0 0.0 0.0 0.0 1.1 0.0 0.0 0.0 0.0 1.1 0.0 -9.609 0.05 6.704 1.0]
	ConcatTransform [-0.094187 -0.345776 0.933578 0.0 -0.492717 0.831036 0.258087 0.0 -0.865077 -0.435681 -0.248643 0.0 -0.834803 -0.468832 -0.063096 1.0]
252
	ConcatTransform [1.1 0.0 0.0 0.0 0.0 1.1 0.0 0.0 0.0 0.0 1.1 0.0 -9.609 0.05 6.704 1.0]
	ConcatTransform [-0.095397 -0.403605 0.909946 0.0 -0.584005 0.76296 0.277184 0.0 -0.806125 -0.50497 -0.308491 0.0 -0.801717 -0.492299 -0.088387 1.0]
253
	ConcatTransform [1.1 0.0 0.0 0.0 0.0 1.1 0.0 0.0 0.0 0.0 1.1 0.0 -9.609 0.05 6.704 1.0]
	ConcatTransform [-0.101956 -0.420649 0.901476 0.0 -0.653512 0.711547 0.258112 0.0 -0.750018 -0.56281 -0.347446 0.0 -0.772723 -0.49862 -0.102432 1.0]
254
	ConcatTransform [1.1 0.0 0.0 0.0 0.0 1.1 0.0 0.0 0.0 0.0 1.1 0.0 -9.609 0.05 6.704 1.0]
	ConcatTransform [-0.148415 -0.447345 0.881961 0.0 -0.74472 0.637344 0.197952 0.0 -0.650665 -0.627435 -0.427738 0.0 -0.72424 -0.500195 -0.118408 1.0]
255
	ConcatTransform [1.1 0.0 0.0 0.0 0.0 1.1 0.0 0.0 0.0 0.0 1.1 0.0 -9.609 0.05 6.704 1.0]
	ConcatTransform [-0.201922 -0.470361 0.859062 0.0 -0.797478 0.588147 0.134581 0.0 -0.568556 -0.657909 -0.493862 0.0 -0.69096 -0.497772 -0.125559 1.0]
256
	ConcatTransform [1.1 0.0 0.0 0.0 0.0 1.1 0.0 0.0 0.0 0.0 1.1 0.0 -9.609 0.05 6.704 1.0]
	ConcatTransform [-0.298228 -0.513016 0.804907 0.0 -0.854769 0.51882 0.013973 0.0 -0.42477 -0.683843 -0.593237 0.0 -0.641871 -0.48964 -0.130962 1.0]
257
	ConcatTransform [1.1 0.0 0.0 0.0 0.0 1.1 0.0 0.0 0.0 0.0 1.1 0.0 -9.609 0.05 6.704 1.0]
	ConcatTransform [-0.364613 -0.541332 0.757639 0.0 -0.873151 0.481456 -0.076203 0.0 -0.323519 -0.689318 -0.64821 0.0 -0.610756 -0.482815 -0.131296 1.0]
258
	ConcatTransform [1.1 0.0 0.0 0.0 0.0 1.1 0.0 0.0 0.0 0.0 1.1 0.0 -9.609 0.05 6.704 1.0]
	ConcatTransform [-0.449007 -0.57722 0.682063 0.0 -0.873803 0.443163 -0.200188 0.0 -0.186712 -0.685874 -0.70336 0.0 -0.567692 -0.472579 -0.12716 1.0]
259
	ConcatTransform [1.1 0.0 0.0 0.0 0.0 1.1 0.0 0.0 0.0 0.0 1.1 0.0 -9.609 0.05 6.704 1.0]
	ConcatTransform [-0.471121 -0.596264 0.650011 0.0 -0.874342 0.413003 -0.25486 0.0 -0.116493 -0.688402 -0.715913 0.0 -0.542501 -0.465613 -0.121026 1.0]
260
	ConcatTransform [1.1 0.0 0.0 0.0 0.0 1.1 0.0 0.0 0.0 0.0 1.1 0.0 -9.609 0.05 6.704 1.0]
	ConcatTransform [-0.472711 -0.611778 0.634249 0.0 -0.880205 0.362293 -0.306567 0.0 -0.042233 -0.703187 -0.70975 0.0 -0.510835 -0.457523 -0.107786 1.0]
261
	ConcatTransform [1.1 0.0 0.0 0.0 0.0 1.1 0.0 0.0 0.0 0.0 1.1 0.0 -9.609 0.05 6.704 1.0]
	ConcatTransform [-0.474652 -0.610912 0.633634 0.0 -0.880167 0.332224 -0.339018 0.0 -0.003398 -0.718619 -0.695396 0.0 -0.49444 -0.453649 -0.096803 1.0]
262
	ConcatTransform [1.1 0.0 0.0 0.0 0.0 1.1 0.0 0.0 0.0 0.0 1.1 0.0 -9.609 0.05 6.704 1.0]
	ConcatTransform [-0.486479 -0.606318 0.62906 0.0 -0.872252 0.295722 -0.389518 0.0 0.050145 -0.738191 -0.672725 0.0 -0.47753 -0.447869 -0.077484 1.0]
263
	ConcatTransform [1.1 0.0 0.0 0.0 0.0 1.1 0.0 0.0 0.0 0.0 1.1 0.0 -9.609 0.05 6.704 1.0]
	ConcatTransform [-0.496845 -0.59988 0.627128 0.0 -0.864567 0.279442 -0.417656 0.0 0.075298 -0.749704 -0.657475 0.0 -0.470712 -0.445694 -0.063355 1.0]
264
	ConcatTransform [1.1 0.0 0.0 0.0 0.0 1.1 0.0 0.0 0.0 0.0 1.1 0.0 -9.609 0.05 6.704 1.0]
	ConcatTransform [-0.521859 -0.581031 0.624552 0.0 -0.846563 0.262769 -0.462907 0.0 0.104851 -0.770295 -0.629008 0.0 -0.467377 -0.44545 -0.041267 1.0]
265
	ConcatTransform [1.1 0.0 0.0 0.0 0.0 1.1 0.0 0.0 0.0 0.0 1.1 0.0 -9.609 0.05 6.704 1.0]
	ConcatTransform [-0.546052 -0.566562 0.617119 0.0 -0.829304 0.26122 -0.493982 0.0 0.118668 -0.781519 -0.612492 0.0 -0.469879 -0.446997 -0.026268 1.0]
266
	ConcatTransform [1.1 0.0 0.0 0.0 0.0 1.1 0.0 0.0 0.0 0.0 1.1 0.0 -9.609 0.05 6.704 1.0]
	ConcatTransform [-0.587562 -0.534816 0.607241 0.0 -0.799171 0.265875 -0.539107 0.0 0.126873 -0.802049 -0.583628 0.0 -0.480449 -0.451811 -0.004161 1.0]
267
	ConcatTransform [1.1 0.0 0.0 0.0 0.0 1.1 0.0 0.0 0.0 0.0 1.1 0.0 -9.609 0.05 6.704 1.0]
	ConcatTransform [-0.616352 -0.506165 0.603248 0.0 -0.778146 0.273942 -0.565194 0.0 0.120826 -0.817773 -0.562715 0.0 -0.492069 -0.456239 0.009872 1.0]
268
	ConcatTransform [1.1 0.0 0.0 0.0 0.0 1.1 0.0 0.0 0.0 0.0 1.1 0.0 -9.609 0.05 6.704 1.0]
	ConcatTransform [-0.659461 -0.456509 0.597253 0.0 -0.745248 0.292828 -0.599047 0.0 0.098578 -0.840149 -0.533321 0.0 -0.515718 -0.46551 0.029202 1.0]
269
	ConcatTransform [1.1 0.0 0.0 0.0 0.0 1.1 0.0 0.0 0.0 0.0 1.1 0.0 -9.609 0.05 6.704 1.0]
	ConcatTransform [-0.690806 -0.40996 0.595583 0.0 -0.720228 0.317589 -0.616773 0.0 0.063702 -0.855026 -0.514657 0.0 -0.535587 -0.473233 0.040635 1.0]
270
	ConcatTransform [1.1 0.0 0.0 0.0 0.0 1.1 0.0 0.0 0.0 0.0 1.1 0.0 -9.609 0.05 6.704 1.0]
	ConcatTransform [-0.726186 -0.334159 0.600826 0.0 -0.687479 0.359563 -0.630942 0.0 -0.005199 -0.871236 -0.490837 0.0 -0.572208 -0.483025 0.054573 1.0]
271
	ConcatTransform [1.1 0.0 0.0 0.0 0.0 1.1 0.0 0.0 0.0 0.0 1.1 0.0 -9.609 0.05 6.704 1.0]
	ConcatTransform [-0.750151 -0.274874 0.601429 0.0 -0.65827 0.39689 -0.639656 0.0 -0.062877 -0.875742 -0.478668 0.0 -0.599488 -0.48931 0.061709 1.0]
272
	ConcatTransform [1.1 0.0 0.0 0.0 0.0 1.1 0.0 0.0 0.0 0.0 1.1 0.0 -9.609 0.05 6.704 1.0]
	ConcatTransform [-0.764887 -0.19011 0.615472 0.0 -0.624743 0.451776 -0.636863 0.0 -0.156981 -0.87164 -0.464328 0.0 -0.64423 -0.494422 0.068021 1.0]
273
	ConcatTransform [1.1 0.0 0.0 0.0 0.0 1.1 0.0 0.0 0.0 0.0 1.1 0.0 -9.609 0.05 6.704 1.0]
	ConcatTransform [-0.755888 -0.134403 0.640756 0.0 -0.610538 0.498069 -0.615768 0.0 -0.23638 -0.856658 -0.458542 0.0 -0.67447 -0.496606 0.070265 1.0]
274
	ConcatTransform [1.1 0.0 0.0 0.0 0.0 1.1 0.0 0.0 0.0 0.0 1.1 0.0 -9.609 0.05 6.704 1.0]
	ConcatTransform [-0.735474 -0.06382 0.674541 0.0 -0.581327 0.570838 -0.579831 0.0 -0.348048 -0.818579 -0.456937 0.0 -0.717866 -0.493782 0.069131 1.0]
275
	ConcatTransform [1.1 0.0 0.0 0.0 0.0 1.1 0.0 0.0 0.0 0.0 1.1 0.0 -9.609 0.05 6.704 1.0]
	ConcatTransform [-0.715253 -0.029418 0.698246 0.0 -0.563701 0.614866 -0.551526 0.0 -0.413103 -0.788083 -0.456368 0.0 -0.74489 -0.491197 0.065819 1.0]
276
	ConcatTransform [1.1 0.0 0.0 0.0 0.0 1.1 0.0 0.0 0.0 0.0 1.1 0.0 -9.609 0.05 6.704 1.0]
	ConcatTransform [-0.673132 -0.009085 0.739467 0.0 -0.546164 0.680271 -0.488812 0.0 -0.498597 -0.732904 -0.462874 0.0 -0.781444 -0.487891 0.057914 1.0]
277
	ConcatTransform [1.1 0.0 0.0 0.0 0.0 1.1 0.0 0.0 0.0 0.0 1.1 0.0 -9.609 0.05 6.704 1.0]
	ConcatTransform [-0.627511 -0.009333 0.778552 0.0 -0.540846 0.724537 -0.427236 0.0 -0.560102 -0.689172 -0.459703 0.0 -0.802429 -0.485756 0.050618 1.0]
278
	ConcatTransform [1.1 0.0 0.0 0.0 0.0 1.1 0.0 0.0 0.0 0.0 1.1 0.0 -9.609 0.05 6.704 1.0]
	ConcatTransform [-0.544937 -0.0242 0.838128 0.0 -0.538857 0.775939 -0.327951 0.0 -0.6424 -0.630344 -0.435878 0.0 -0.826331 -0.480493 0.036616 1.0]
279
	ConcatTransform [1.1 0.0 0.0 0.0 0.0 1.1 0.0 0.0 0.0 0.0 1.1 0.0 -9.609 0.05 6.704 1.0]
	ConcatTransform [-0.485858 -0.060739 0.871925 0.0 -0.554608 0.792449 -0.253839 0.0 -0.675538 -0.606906 -0.418704 0.0 -0.838828 -0.481502 0.026598 1.0]
280
	ConcatTransform [1.1 0.0 0.0 0.0 0.0 1.1 0.0 0.0 0.0 0.0 1.1 0.0 -9.609 0.05 6.704 1.0]
	ConcatTransform [-0.407718 -0.131913 0.903529 0.0 -0.575816 0.805102 -0.142295 0.0 -0.708662 -0.578282 -0.404212 0.0 -0.849594 -0.485627 0.010815 1.0]
281
	ConcatTransform [1.1 0.0 0.0 0.0 0.0 1.1 0.0 0.0 0.0 0.0 1.1 0.0 -9.609 0.05 6.704 1.0]
	ConcatTransform [-0.358289 -0.177106 0.916658 0.0 -0.595045 0.799895 -0.078035 0.0 -0.71941 -0.573412 -0.39198 0.0 -0.851976 -0.490582 -0.000285 1.0]
282
	ConcatTransform [1.1 0.0 0.0 0.0 0.0 1.1 0.0 0.0 0.0 0.0 1.1 0.0 -9.609 0.05 6.704 1.0]
	ConcatTransform [-0.295234 -0.228595 0.927675 0.0 -0.632344 0.774619 -0.010365 0.0 -0.716225 -0.58967 -0.373244 0.0 -0.848678 -0.500418 -0.01734 1.0]
283
	ConcatTransform [1.1 0.0 0.0 0.0 0.0 1.1 0.0 0.0 0.0 0.0 1.1 0.0 -9.609 0.05 6.704 1.0]
	ConcatTransform [-0.267079 -0.261351 0.927558 0.0 -0.667205 0.744664 0.017705 0.0 -0.695346 -0.614143 -0.373259 0.0 -0.841894 -0.505773 -0.02843 1.0]
284
	ConcatTransform [1.1 0.0 0.0 0.0 0.0 1.1 0.0 0.0 0.0 0.0 1.1 0.0 -9.609 0.05 6.704 1.0]
	ConcatTransform [-0.21879 -0.292564 0.93088 0.0 -0.700375 0.711337 0.05895 0.0 -0.679416 -0.639067 -0.360538 0.0 -0.827327 -0.506908 -0.043746 1.0]
285
	ConcatTransform [1.1 0.0 0.0 0.0 0.0 1.1 0.0 0.0 0.0 0.0 1.1 0.0 -9.609 0.05 6.704 1.0]
	ConcatTransform [-0.183828 -0.310229 0.932719 0.0 -0.722253 0.686272 0.085911 0.0 -0.666751 -0.657866 -0.35022 0.0 -0.81633 -0.507419 -0.05311 1.0]
286
	ConcatTransform [1.1 0.0 0.0 0.0 0.0 1.1 0.0 0.0 0.0 0.0 1.1 0.0 -9.609 0.05 6.704 1.0]
	ConcatTransform [-0.128809 -0.330709 0.934901 0.0 -0.755051 0.643884 0.123736 0.0 -0.642888 -0.68996 -0.33264 0.0 -0.798741 -0.507589 -0.065701 1.0]
287
	ConcatTransform [1.1 0.0 0.0 0.0 0.0 1.1 0.0 0.0 0.0 0.0 1.1 0.0 -9.609 0.05 6.704 1.0]
	ConcatTransform [-0.093659 -0.33737 0.936701 0.0 -0.770028 0.620928 0.146645 0.0 -0.631098 -0.707552 -0.31794 0.0 -0.78659 -0.50721 -0.073045 1.0]
288
	ConcatTransform [1.1 0.0 0.0 0.0 0.0 1.1 0.0 0.0 0.0 0.0 1.1 0.0 -9.609 0.05 6.704 1.0]
	ConcatTransform [-0.045469 -0.338854 0.939739 0.0 -0.78398 0.595119 0.176657 0.0 -0.619118 -0.728705 -0.292715 0.0 -0.768495 -0.506508 -0.082455 1.0]
289
	ConcatTransform [1.1 0.0 0.0 0.0 0.0 1.1 0.0 0.0 0.0 0.0 1.1 0.0 -9.609 0.05 6.704 1.0]
	ConcatTransform [-0.014845 -0.343291 0.939112 0.0 -0.792658 0.576541 0.198224 0.0 -0.609485 -0.741452 -0.280672 0.0 -0.757016 -0.505626 -0.087441 1.0]
290
	ConcatTransform [1.1 0.0 0.0 0.0 0.0 1.1 0.0 0.0 0.0 0.0 1.1 0.0 -9.609 0.05 6.704 1.0]
	ConcatTransform [0.020754 -0.350871 0.936194 0.0 -0.804493 0.550103 0.224004 0.0 -0.593599 -0.75781 -0.270856 0.0 -0.740997 -0.503919 -0.093056 1.0]
291
	ConcatTransform [1.1 0.0 0.0 0.0 0.0 1.1 0.0 0.0 0.0 0.0 1.1 0.0 -9.609 0.05 6.704 1.0]
	ConcatTransform [0.041392 -0.352507 0.934893 0.0 -0.810623 0.535164 0.237677 0.0 -0.584104 -0.767684 -0.263598 0.0 -0.731254 -0.50285 -0.095585 1.0]
292
	ConcatTransform [1.1 0.0 0.0 0.0 0.0 1.1 0.0 0.0 0.0 0.0 1.1 0.0 -9.609 0.05 6.704 1.0]
	ConcatTransform [0.063379 -0.350518 0.934409 0.0 -0.819744 0.515738 0.249066 0.0 -0.569212 -0.781762 -0.254648 0.0 -0.718301 -0.501411 -0.097559 1.0]
293
	ConcatTransform [1.1 0.0 0.0 0.0 0.0 1.1 0.0 0.0 0.0 0.0 1.1 0.0 -9.609 0.05 6.704 1.0]
	ConcatTransform [0.07103 -0.348505 0.934612 0.0 -0.825411 0.505544 0.251242 0.0 -0.560047 -0.789284 -0.251751 0.0 -0.711014 -0.500568 -0.097589 1.0]
294
	ConcatTransform [1.1 0.0 0.0 0.0 0.0 1.1 0.0 0.0 0.0 0.0 1.1 0.0 -9.609 0.05 6.704 1.0]
	ConcatTransform [0.075309 -0.344336 0.935821 0.0 -0.83259 0.494743 0.249042 0.0 -0.548746 -0.797911 -0.249432 0.0 -0.70235 -0.499628 -0.095748 1.0]
295
	ConcatTransform [1.1 0.0 0.0 0.0 0.0 1.1 0.0 0.0 0.0 0.0 1.1 0.0 -9.609 0.05 6.704 1.0]
	ConcatTransform [0.074459 -0.339155 0.937779 0.0 -0.836529 0.49066 0.243871 0.0 -0.542841 -0.802637 -0.247179 0.0 -0.698153 -0.499333 -0.093361 1.0]
296
	ConcatTransform [1.1 0.0 0.0 0.0 0.0 1.1 0.0 0.0 0.0 0.0 1.1 0.0 -9.609 0.05 6.704 1.0]
	ConcatTransform [0.070403 -0.328465 0.941889 0.0 -0.840784 0.488559 0.233221 0.0 -0.536773 -0.808344 -0.241772 0.0 -0.694366 -0.499329 -0.08817 1.0]
297
	ConcatTransform [1.1 0.0 0.0 0.0 0.0 1.1 0.0 0.0 0.0 0.0 1.1 0.0 -9.609 0.05 6.704 1.0]
	ConcatTransform [0.063926 -0.320818 0.944981 0.0 -0.841875 0.491131 0.223689 0.0 -0.535873 -0.809855 -0.238693 0.0 -0.69344 -0.499714 -0.083767 1.0]
298
	ConcatTransform [1.1 0.0 0.0 0.0 0.0 1.1 0.0 0.0 0.0 0.0 1.1 0.0 -9.609 0.05 6.704 1.0]
	ConcatTransform [0.050358 -0.308191 0.949991 0.0 -0.840349 0.500939 0.207058 0.0 -0.539701 -0.808751 -0.233762 0.0 -0.694707 -0.500947 -0.075889 1.0]
299
	ConcatTransform [1.1 0.0 0.0 0.0 0.0 1.1 0.0 0.0 0.0 0.0 1.1 0.0 -9.609 0.05 6.704 1.0]
	ConcatTransform [0.042513 -0.296482 0.954092 0.0 -0.838454 0.508721 0.195444 0.0 -0.543312 -0.808271 -0.226959 0.0 -0.697478 -0.501755 -0.069924 1.0]
300
	ConcatTransform [1.1 0.0 0.0 0.0 0.0 1.1 0.0 0.0 0.0 0.0 1.1 0.0 -9.609 0.05 6.704 1.0]
	ConcatTransform [0.037216 -0.280688 0.959077 0.0 -0.833277 0.521046 0.184826 0.0 -0.551602 -0.806055 -0.2145 0.0 -0.704028 -0.502944 -0.060225 1.0]
301
	ConcatTransform [1.1 0.0 0.0 0.0 0.0 1.1 0.0 0.0 0.0 0.0 1.1 0.0 -9.609 0.05 6.704 1.0]
	ConcatTransform [0.035086 -0.269256 0.962429 0.0 -0.826692 0.533308 0.17934 0.0 -0.56156 -0.801925 -0.20388 0.0 -0.709767 -0.503969 -0.053494 1.0]
302
	ConcatTransform [1.1 0.0 0.0 0.0 0.0 1.1 0.0 0.0 0.0 0.0 1.1 0.0 -9.609 0.05 6.704 1.0]
	ConcatTransform [0.035362 -0.252094 0.967056 0.0 -0.812019 0.556825 0.174846 0.0 -0.582559 -0.791451 -0.185015 0.0 -0.720396 -0.505613 -0.043209 1.0]
303
	ConcatTransform [1.1 0.0 0.0 0.0 0.0 1.1 0.0 0.0 0.0 0.0 1.1 0.0 -9.609 0.05 6.704 1.0]
	ConcatTransform [0.036568 -0.241112 0.969808 0.0 -0.800222 0.574228 0.172937 0.0 -0.598588 -0.782386 -0.171945 0.0 -0.728691 -0.50657 -0.036399 1.0]
304
	ConcatTransform [1.1 0.0 0.0 0.0 0.0 1.1 0.0 0.0 0.0 0.0 1.1 0.0 -9.609 0.05 6.704 1.0]
	ConcatTransform [0.039477 -0.225352 0.973477 0.0 -0.78046 0.601403 0.17087 0.0 -0.623958 -0.766506 -0.152136 0.0 -0.742601 -0.5076 -0.02652 1.0]
305
	ConcatTransform [1.1 0.0 0.0 0.0 0.0 1.1 0.0 0.0 0.0 0.0 1.1 0.0 -9.609 0.05 6.704 1.0]
	ConcatTransform [0.042752 -0.215021 0.975673 0.0 -0.76423 0.621982 0.170561 0.0 -0.643526 -0.75293 -0.137735 0.0 -0.752517 -0.507998 -0.02031 1.0]
306
	ConcatTransform [1.1 0.0 0.0 0.0 0.0 1.1 0.0 0.0 0.0 0.0 1.1 0.0 -9.609 0.05 6.704 1.0]
	ConcatTransform [0.049108 -0.207509 0.977 0.0 -0.737219 0.652428 0.175628 0.0 -0.673867 -0.728888 -0.12094 0.0 -0.767846 -0.508135 -0.011692 1.0]
307
	ConcatTransform [1.1 0.0 0.0 0.0 0.0 1.1 0.0 0.0 0.0 0.0 1.1 0.0 -9.609 0.05 6.704 1.0]
	ConcatTransform [0.055887 -0.208421 0.976441 0.0 -0.721114 0.667977 0.183853 0.0 -0.690559 -0.7144 -0.112964 0.0 -0.778105 -0.507879 -0.006727 1.0]
308
	ConcatTransform [1.1 0.0 0.0 0.0 0.0 1.1 0.0 0.0 0.0 0.0 1.1 0.0 -9.609 0.05 6.704 1.0]
	ConcatTransform [0.073028 -0.213509 0.974208 0.0 -0.703874 0.680994 0.202011 0.0 -0.70656 -0.700472 -0.100552 0.0 -0.793106 -0.507632 -0.000932 1.0]
309
	ConcatTransform [1.1 0.0 0.0 0.0 0.0 1.1 0.0 0.0 0.0 0.0 1.1 0.0 -9.609 0.05 6.704 1.0]
	ConcatTransform [0.083631 -0.224742 0.970823 0.0 -0.690923 0.688956 0.21901 0.0 -0.718075 -0.68908 -0.097661 0.0 -0.80243 -0.507646 0.001861 1.0]
310
	ConcatTransform [1.1 0.0 0.0 0.0 0.0 1.1 0.0 0.0 0.0 0.0 1.1 0.0 -9.609 0.05 6.704 1.0]
	ConcatTransform [0.097601 -0.231173 0.968005 0.0 -0.670936 0.703105 0.23556 0.0 -0.735064 -0.67246 -0.086478 0.0 -0.815119 -0.506928 0.004745 1.0]
311
	ConcatTransform [1.1 0.0 0.0 0.0 0.0 1.1 0.0 0.0 0.0 0.0 1.1 0.0 -9.609 0.05 6.704 1.0]
	ConcatTransform [0.108747 -0.232687 0.966453 0.0 -0.661945 0.708369 0.245033 0.0 -0.741621 -0.666386 -0.076993 0.0 -0.822743 -0.506577 0.006207 1.0]
312
	ConcatTransform [1.1 0.0 0.0 0.0 0.0 1.1 0.0 0.0 0.0 0.0 1.1 0.0 -9.609 0.05 6.704 1.0]
	ConcatTransform [0.128069 -0.238092 0.962762 0.0 -0.655154 0.708479 0.262358 0.0 -0.744562 -0.664357 -0.065253 0.0 -0.832763 -0.506525 0.007886 1.0]
313
	ConcatTransform [1.1 0.0 0.0 0.0 0.0 1.1 0.0 0.0 0.0 0.0 1.1 0.0 -9.609 0.05 6.704 1.0]
	ConcatTransform [0.140854 -0.24029 0.960427 0.0 -0.649867 0.709405 0.272794 0.0 -0.746882 -0.662574 -0.056234 0.0 -0.838269 -0.506442 0.008589 1.0]
314
	ConcatTransform [1.1 0.0 0.0 0.0 0.0 1.1 0.0 0.0 0.0 0.0 1.1 0.0 -9.609 0.05 6.704 1.0]
	ConcatTransform [0.160289 -0.241395 0.957098 0.0 -0.642255 0.710798 0.286835 0.0 -0.749544 -0.660677 -0.041104 0.0 -0.844761 -0.50633 0.009043 1.0]
315
	ConcatTransform [1.1 0.0 0.0 0.0 0.0 1.1 0.0 0.0 0.0 0.0 1.1 0.0 -9.609 0.05 6.704 1.0]
	ConcatTransform [0.174294 -0.243649 0.954074 0.0 -0.639978 0.708336 0.297806 0.0 -0.748365 -0.662492 -0.032471 0.0 -0.848005 -0.506909 0.009014 1.0]
316
	ConcatTransform [1.1 0.0 0.0 0.0 0.0 1.1 0.0 0.0 0.0 0.0 1.1 0.0 -9.609 0.05 6.704 1.0]
	ConcatTransform [0.19434 -0.248797 0.948858 0.0 -0.63948 0.701368 0.314878 0.0 -0.743839 -0.667969 -0.022797 0.0 -0.851062 -0.508206 0.008398 1.0]
317
	ConcatTransform [1.1 0.0 0.0 0.0 0.0 1.1 0.0 0.0 0.0 0.0 1.1 0.0 -9.609 0.05 6.704 1.0]
	ConcatTransform [0.203998 -0.253323 0.945628 0.0 -0.641254 0.695292 0.324597 0.0 -0.739715 -0.672604 -0.020606 0.0 -0.851933 -0.508029 0.00766 1.0]
318
	ConcatTransform [1.1 0.0 0.0 0.0 0.0 1.1 0.0 0.0 0.0 0.0 1.1 0.0 -9.609 0.05 6.704 1.0]
	ConcatTransform [0.211909 -0.258618 0.94245 0.0 -0.64406 0.688351 0.333707 0.0 -0.735039 -0.677709 -0.020698 0.0 -0.851799 -0.507891 0.006212 1.0]
319
	ConcatTransform [1.1 0.0 0.0 0.0 0.0 1.1 0.0 0.0 0.0 0.0 1.1 0.0 -9.609 0.05 6.704 1.0]
	ConcatTransform [0.21631 -0.261971 0.940522 0.0 -0.649442 0.680684 0.338961 0.0 -0.728996 -0.684135 -0.022896 0.0 -0.850969 -0.508022 0.00515 1.0]
320
	ConcatTransform [1.1 0.0 0.0 0.0 0.0 1.1 0.0 0.0 0.0 0.0 1.1 0.0 -9.609 0.05 6.704 1.0]
	ConcatTransform [0.221417 -0.266637 0.938019 0.0 -0.659867 0.667271 0.345435 0.0 -0.718018 -0.695453 -0.028199 0.0 -0.848749 -0.508268 0.003536 1.0]
321
	ConcatTransform [1.1 0.0 0.0 0.0 0.0 1.1 0.0 0.0 0.0 0.0 1.1 0.0 -9.609 0.05 6.704 1.0]
	ConcatTransform [0.22262 -0.268041 0.937334 0.0 -0.665974 0.660352 0.347006 0.0 -0.711982 -0.70149 -0.0315 0.0 -0.846684 -0.508351 0.002472 1.0]
322
	ConcatTransform [1.1 0.0 0.0 0.0 0.0 1.1 0.0 0.0 0.0 0.0 1.1 0.0 -9.609 0.05 6.704 1.0]
	ConcatTransform [0.221713 -0.26846 0.937429 0.0 -0.67488 0.651657 0.346238 0.0 -0.703833 -0.709417 -0.036698 0.0 -0.842976 -0.508423 0.001015 1.0]
323
	ConcatTransform [1.1 0.0 0.0 0.0 0.0 1.1 0.0 0.0 0.0 0.0 1.1 0.0 -9.609 0.05 6.704 1.0]
	ConcatTransform [0.219824 -0.268562 0.937844 0.0 -0.681313 0.645791 0.344625 0.0 -0.698205 -0.714722 -0.041014 0.0 -0.840241 -0.50845 0.000195 1.0]
324
	ConcatTransform [1.1 0.0 0.0 0.0 0.0 1.1 0.0 0.0 0.0 0.0 1.1 0.0 -9.609 0.05 6.704 1.0]
	ConcatTransform [0.214775 -0.267932 0.939193 0.0 -0.690696 0.63822 0.34002 0.0 -0.690514 -0.721725 -0.047986 0.0 -0.83592 -0.50845 -0.00077 1.0]
325
	ConcatTransform [1.1 0.0 0.0 0.0 0.0 1.1 0.0 0.0 0.0 0.0 1.1 0.0 -9.609 0.05 6.704 1.0]
	ConcatTransform [0.210538 -0.266364 0.940598 0.0 -0.696798 0.633967 0.335498 0.0 -0.685672 -0.726042 -0.052128 0.0 -0.832999 -0.508438 -0.001236 1.0]
326
	ConcatTransform [1.1 0.0 0.0 0.0 0.0 1.1 0.0 0.0 0.0 0.0 1.1 0.0 -9.609 0.05 6.704 1.0]
	ConcatTransform [0.202146 -0.2657 0.942624 0.0 -0.705803 0.627742 0.328303 0.0 -0.678954 -0.731672 -0.060636 0.0 -0.828737 -0.508382 -0.00162 1.0]
327
	ConcatTransform [1.1 0.0 0.0 0.0 0.0 1.1 0.0 0.0 0.0 0.0 1.1 0.0 -9.609 0.05 6.704 1.0]
	ConcatTransform [0.194222 -0.265423 0.944367 0.0 -0.711094 0.625066 0.321927 0.0 -0.675739 -0.734059 -0.067339 0.0 -0.826043 -0.508346 -0.001678 1.0]
328
	ConcatTransform [1.1 0.0 0.0 0.0 0.0 1.1 0.0 0.0 0.0 0.0 1.1 0.0 -9.609 0.05 6.704 1.0]
	ConcatTransform [0.18098 -0.26513 0.947076 0.0 -0.718904 0.621477 0.311358 0.0 -0.671136 -0.737206 -0.078128 0.0 -0.822367 -0.50829 -0.001457 1.0]
329
	ConcatTransform [1.1 0.0 0.0 0.0 0.0 1.1 0.0 0.0 0.0 0.0 1.1 0.0 -9.609 0.05 6.704 1.0]
	ConcatTransform [0.171332 -0.263802 0.949239 0.0 -0.72374 0.620022 0.302941 0.0 -0.668466 -0.738905 -0.084695 0.0 -0.82021 -0.508268 -0.001121 1.0]
330
	ConcatTransform [1.1 0.0 0.0 0.0 0.0 1.1 0.0 0.0 0.0 0.0 1.1 0.0 -9.609 0.05 6.704 1.0]
	ConcatTransform [0.156946 -0.258102 0.953285 0.0 -0.729506 0.620354 0.288065 0.0 -0.665724 -0.740638 -0.090925 0.0 -0.817431 -0.508281 -0.000402 1.0]
331
	ConcatTransform [1.1 0.0 0.0 0.0 0.0 1.1 0.0 0.0 0.0 0.0 1.1 0.0 -9.609 0.05 6.704 1.0]
	ConcatTransform [0.146968 -0.255978 0.955445 0.0 -0.732037 0.621468 0.279104 0.0 -0.665223 -0.740441 -0.09605 0.0 -0.815889 -0.508299 0.00024 1.0]
332
	ConcatTransform [1.1 0.0 0.0 0.0 0.0 1.1 0.0 0.0 0.0 0.0 1.1 0.0 -9.609 0.05 6.704 1.0]
	ConcatTransform [0.131858 -0.254354 0.95808 0.0 -0.734514 0.623969 0.266742 0.0 -0.665659 -0.738896 -0.104551 0.0 -0.814044 -0.508336 0.001366 1.0]
333
	ConcatTransform [1.1 0.0 0.0 0.0 0.0 1.1 0.0 0.0 0.0 0.0 1.1 0.0 -9.609 0.05 6.704 1.0]
	ConcatTransform [0.122066 -0.252642 0.959829 0.0 -0.736245 0.625491 0.258271 0.0 -0.665615 -0.738196 -0.109655 0.0 -0.813144 -0.508354 0.002166 1.0]
334
	ConcatTransform [1.1 0.0 0.0 0.0 0.0 1.1 0.0 0.0 0.0 0.0 1.1 0.0 -9.609 0.05 6.704 1.0]
	ConcatTransform [0.107632 -0.249372 0.962408 0.0 -0.738941 0.627551 0.245247 0.0 -0.665118 -0.737559 -0.116727 0.0 -0.81225 -0.508371 0.003384 1.0]
335
	ConcatTransform [1.1 0.0 0.0 0.0 0.0 1.1 0.0 0.0 0.0 0.0 1.1 0.0 -9.609 0.05 6.704 1.0]
	ConcatTransform [0.097795 -0.248241 0.963749 0.0 -0.739914 0.629485 0.237224 0.0 -0.665555 -0.736291 -0.122116 0.0 -0.811906 -0.50839 0.004201 1.0]
336
	ConcatTransform [1.1 0.0 0.0 0.0 0.0 1.1 0.0 0.0 0.0 0.0 1.1 0.0 -9.609 0.05 6.704 1.0]
	ConcatTransform [0.082677 -0.247544 0.965343 0.0 -0.740358 0.633165 0.225771 0.0 -0.66711 -0.733365 -0.130923 0.0 -0.811715 -0.508425 0.005381 1.0]
337
	ConcatTransform [1.1 0.0 0.0 0.0 0.0 1.1 0.0 0.0 0.0 0.0 1.1 0.0 -9.609 0.05 6.704 1.0]
	ConcatTransform [0.072029 -0.246324 0.966507 0.0 -0.741158 0.635246 0.217134 0.0 -0.667456 -0.731974 -0.136809 0.0 -0.811809 -0.508437 0.006092 1.0]
338
	ConcatTransform [1.1 0.0 0.0 0.0 0.0 1.1 0.0 0.0 0.0 0.0 1.1 0.0 -9.609 0.05 6.704 1.0]
	ConcatTransform [0.05239 -0.24289 0.968638 0.0 -0.743014 0.638594 0.200318 0.0 -0.667222 -0.730207 -0.147015 0.0 -0.812226 -0.508446 0.007003 1.0]
339
	ConcatTransform [1.1 0.0 0.0 0.0 0.0 1.1 0.0 0.0 0.0 0.0 1.1 0.0 -9.609 0.05 6.704 1.0]
	ConcatTransform [0.037986 -0.243454 0.969168 0.0 -0.744374 0.640166 0.189984 0.0 -0.666681 -0.728641 -0.156904 0.0 -0.81263 -0.508452 0.00754 1.0]
340
	ConcatTransform [1.1 0.0 0.0 0.0 0.0 1.1 0.0 0.0 0.0 0.0 1.1 0.0 -9.609 0.05 6.704 1.0]
	ConcatTransform [0.014475 -0.242966 0.969927 0.0 -0.745752 0.643547 0.172337 0.0 -0.666066 -0.72582 -0.171877 0.0 -0.813328 -0.508451 0.008124 1.0]
341
	ConcatTransform [1.1 0.0 0.0 0.0 0.0 1.1 0.0 0.0 0.0 0.0 1.1 0.0 -9.609 0.05 6.704 1.0]
	ConcatTransform [-0.001461 -0.243905 0.969798 0.0 -0.747084 0.64492 0.161072 0.0 -0.664728 -0.724285 -0.183159 0.0 -0.81384 -0.508453 0.008398 1.0]
342
	ConcatTransform [1.1 0.0 0.0 0.0 0.0 1.1 0.0 0.0 0.0 0.0 1.1 0.0 -9.609 0.05 6.704 1.0]
	ConcatTransform [-0.025547 -0.244755 0.969248 0.0 -0.749203 0.646601 0.143533 0.0 -0.661847 -0.722497 -0.19989 0.0 -0.814603 -0.508453 0.00861 1.0]
343
	ConcatTransform [1.1 0.0 0.0 0.0 0.0 1.1 0.0 0.0 0.0 0.0 1.1 0.0 -9.609 0.05 6.704 1.0]
	ConcatTransform [-0.042389 -0.245069 0.968579 0.0 -0.750158 0.648121 0.131157 0.0 -0.659899 -0.721027 -0.211313 0.0 -0.815063 -0.508447 0.008634 1.0]
344
	ConcatTransform [1.1 0.0 0.0 0.0 0.0 1.1 0.0 0.0 0.0 0.0 1.1 0.0 -9.609 0.05 6.704 1.0]
	ConcatTransform [-0.067871 -0.247534 0.966499 0.0 -0.751132 0.65027 0.113796 0.0 -0.656654 -0.718245 -0.230065 0.0 -0.815623 -0.508445 0.008543 1.0]
345
	ConcatTransform [1.1 0.0 0.0 0.0 0.0 1.1 0.0 0.0 0.0 0.0 1.1 0.0 -9.609 0.05 6.704 1.0]
	ConcatTransform [-0.085226 -0.24887 0.96478 0.0 -0.752258 0.651007 0.101478 0.0 -0.653333 -0.717115 -0.242698 0.0 -0.815915 -0.508442 0.008388 1.0]
346
	ConcatTransform [1.1 0.0 0.0 0.0 0.0 1.1 0.0 0.0 0.0 0.0 1.1 0.0 -9.609 0.05 6.704 1.0]
	ConcatTransform [-0.110604 -0.249162 0.962125 0.0 -0.753832 0.65191 0.082166 0.0 -0.647692 -0.716193 -0.259931 0.0 -0.816157 -0.508437 0.008052 1.0]
347
	ConcatTransform [1.1 0.0 0.0 0.0 0.0 1.1 0.0 0.0 0.0 0.0 1.1 0.0 -9.609 0.05 6.704 1.0]
	ConcatTransform [-0.123103 -0.248766 0.960709 0.0 -0.754603 0.652199 0.072188 0.0 -0.644531 -0.716067 -0.268007 0.0 -0.816169 -0.508431 0.007806 1.0]
348
	ConcatTransform [1.1 0.0 0.0 0.0 0.0 1.1 0.0 0.0 0.0 0.0 1.1 0.0 -9.609 0.05 6.704 1.0]
	ConcatTransform [-0.133396 -0.249433 0.95916 0.0 -0.755324 0.652165 0.06455 0.0 -0.641632 -0.715866 -0.275399 0.0 -0.815942 -0.508436 0.007442 1.0]
349
	ConcatTransform [1.1 0.0 0.0 0.0 0.0 1.1 0.0 0.0 0.0 0.0 1.1 0.0 -9.609 0.05 6.704 1.0]
	ConcatTransform [-0.137139 -0.249727 0.958556 0.0 -0.755875 0.651805 0.061669 0.0 -0.640192 -0.716091 -0.27815 0.0 -0.81566 -0.508441 0.007166 1.0]
350
	ConcatTransform [1.1 0.0 0.0 0.0 0.0 1.1 0.0 0.0 0.0 0.0 1.1 0.0 -9.609 0.05 6.704 1.0]
	ConcatTransform [-0.140507 -0.250204 0.957944 0.0 -0.756493 0.651321 0.059158 0.0 -0.63873 -0.716365 -0.280793 0.0 -0.814986 -0.508444 0.006746 1.0]
351
	ConcatTransform [1.1 0.0 0.0 0.0 0.0 1.1 0.0 0.0 0.0 0.0 1.1 0.0 -9.609 0.05 6.704 1.0]
	ConcatTransform [-0.141812 -0.25112 0.957511 0.0 -0.757379 0.650359 0.058393 0.0 -0.63739 -0.716918 -0.282422 0.0 -0.814396 -0.50845 0.006479 1.0]
352
	ConcatTransform [1.1 0.0 0.0 0.0 0.0 1.1 0.0 0.0 0.0 0.0 1.1 0.0 -9.609 0.05 6.704 1.0]
	ConcatTransform [-0.141179 -0.253092 0.957086 0.0 -0.759044 0.648316 0.059475 0.0 -0.635547 -0.718074 -0.283637 0.0 -0.813315 -0.508464 0.006088 1.0]
353
	ConcatTransform [1.1 0.0 0.0 0.0 0.0 1.1 0.0 0.0 0.0 0.0 1.1 0.0 -9.609 0.05 6.704 1.0]
	ConcatTransform [-0.139504 -0.254443 0.956973 0.0 -0.760074 0.646947 0.061211 0.0 -0.634686 -0.718831 -0.283647 0.0 -0.812518 -0.508468 0.00581 1.0]
354
	ConcatTransform [1.1 0.0 0.0 0.0 0.0 1.1 0.0 0.0 0.0 0.0 1.1 0.0 -9.609 0.05 6.704 1.0]
	ConcatTransform [-0.135967 -0.255867 0.957102 0.0 -0.761471 0.645006 0.064257 0.0 -0.633778 -0.720069 -0.282535 0.0 -0.811218 -0.508471 0.005437 1.0]
355
	ConcatTransform [1.1 0.0 0.0 0.0 0.0 1.1 0.0 0.0 0.0 0.0 1.1 0.0 -9.609 0.05 6.704 1.0]
	ConcatTransform [-0.132689 -0.256492 0.957395 0.0 -0.762127 0.643962 0.066895 0.0 -0.633684 -0.720781 -0.280926 0.0 -0.810308 -0.508472 0.005209 1.0]
356
	ConcatTransform [1.1 0.0 0.0 0.0 0.0 1.1 0.0 0.0 0.0 0.0 1.1 0.0 -9.609 0.05 6.704 1.0]
	ConcatTransform [-0.127605 -0.257248 0.957883 0.0 -0.763611 0.641801 0.070636 0.0 -0.632942 -0.722437 -0.278335 0.0 -0.808919 -0.508465 0.004959 1.0]
357
	ConcatTransform [1.1 0.0 0.0 0.0 0.0 1.1 0.0 0.0 0.0 0.0 1.1 0.0 -9.609 0.05 6.704 1.0]
	ConcatTransform [-0.124253 -0.257724 0.958196 0.0 -0.764739 0.640189 0.073024 0.0 -0.632247 -0.723696 -0.276637 0.0 -0.808 -0.508474 0.004851 1.0]
358
	ConcatTransform [1.1 0.0 0.0 0.0 0.0 1.1 0.0 0.0 0.0 0.0 1.1 0.0 -9.609 0.05 6.704 1.0]
	ConcatTransform [-0.119484 -0.25759 0.958838 0.0 -0.76586 0.638489 0.076092 0.0 -0.631809 -0.725244 -0.273567 0.0 -0.806668 -0.508467 0.004756 1.0]
359
	ConcatTransform [1.1 0.0 0.0 0.0 0.0 1.1 0.0 0.0 0.0 0.0 1.1 0.0 -9.609 0.05 6.704 1.0]
	ConcatTransform [-0.116461 -0.257327 0.959281 0.0 -0.766445 0.637559 0.077975 0.0 -0.631664 -0.726155 -0.271478 0.0 -0.805837 -0.508464 0.004745 1.0]
360
	ConcatTransform [1.1 0.0 0.0 0.0 0.0 1.1 0.0 0.0 0.0 0.0 1.1 0.0 -9.609 0.05 6.704 1.0]
	ConcatTransform [-0.459285 -0.847523 -0.26601 0.0 0.727896 -0.530727 0.434162 0.0 -0.509141 0.005776 0.860664 0.0 6.713078 -136.252029 4.858888 1.0]
