228
	ConcatTransform [1.1 0.0 0.0 0.0 0.0 1.1 0.0 0.0 0.0 0.0 1.1 0.0 -9.609 0.05 6.704 1.0]
	ConcatTransform [0.995986 0.067587 -0.058684 0.0 -0.06577 0.99731 0.032358 0.0 0.060713 -0.028368 0.997752 0.0 -0.01585 -0.032005 0.01254 1.0]
229
	ConcatTransform [1.1 0.0 0.0 0.0 0.0 1.1 0.0 0.0 0.0 0.0 1.1 0.0 -9.609 0.05 6.704 1.0]
	ConcatTransform [0.988612 0.115624 -0.096322 0.0 -0.106314 0.989614 0.096753 0.0 0.106508 -0.085411 0.990637 0.0 -0.02567 -0.062826 0.021236 1.0]
230
	ConcatTransform [1.1 0.0 0.0 0.0 0.0 1.1 0.0 0.0 0.0 0.0 1.1 0.0 -9.609 0.05 6.704 1.0]
	ConcatTransform [0.969306 0.219566 -0.110621 0.0 -0.202039 0.967747 0.150486 0.0 0.140095 -0.123517 0.982404 0.0 -0.038735 -0.124182 0.033783 1.0]
231
	ConcatTransform [1.1 0.0 0.0 0.0 0.0 1.1 0.0 0.0 0.0 0.0 1.1 0.0 -9.609 0.05 6.704 1.0]
	ConcatTransform [0.952645 0.298123 -0.059913 0.0 -0.286432 0.945907 0.152366 0.0 0.102096 -0.12799 0.986506 0.0 -0.0465 -0.173779 0.041641 1.0]
232
	ConcatTransform [1.1 0.0 0.0 0.0 0.0 1.1 0.0 0.0 0.0 0.0 1.1 0.0 -9.609 0.05 6.704 1.0]
	ConcatTransform [0.911005 0.400414 0.098686 0.0 -0.411541 0.898099 0.155084 0.0 -0.026532 -0.181896 0.98296 0.0 -0.057532 -0.264471 0.054627 1.0]
233
	ConcatTransform [1.1 0.0 0.0 0.0 0.0 1.1 0.0 0.0 0.0 0.0 1.1 0.0 -9.609 0.05 6.704 1.0]
	ConcatTransform [0.868096 0.477199 0.136716 0.0 -0.491638 0.864566 0.104005 0.0 -0.068568 -0.157501 0.985135 0.0 -0.058703 -0.32688 0.059016 1.0]
234
	ConcatTransform [1.1 0.0 0.0 0.0 0.0 1.1 0.0 0.0 0.0 0.0 1.1 0.0 -9.609 0.05 6.704 1.0]
	ConcatTransform [0.857636 0.512319 0.044596 0.0 -0.507396 0.828888 0.235574 0.0 0.083724 -0.224665 0.970833 0.0 -0.044531 -0.398694 0.058353 1.0]
235
	ConcatTransform [1.1 0.0 0.0 0.0 0.0 1.1 0.0 0.0 0.0 0.0 1.1 0.0 -9.609 0.05 6.704 1.0]
	ConcatTransform [0.855366 0.516831 0.035142 0.0 -0.506799 0.820857 0.263344 0.0 0.107257 -0.243065 0.964062 0.0 -0.025723 -0.432402 0.056387 1.0]
236
	ConcatTransform [1.1 0.0 0.0 0.0 0.0 1.1 0.0 0.0 0.0 0.0 1.1 0.0 -9.609 0.05 6.704 1.0]
	ConcatTransform [0.842811 0.538165 -0.006938 0.0 -0.503206 0.792504 0.344561 0.0 0.190929 -0.286908 0.938738 0.0 0.022487 -0.444306 0.057905 1.0]
237
	ConcatTransform [1.1 0.0 0.0 0.0 0.0 1.1 0.0 0.0 0.0 0.0 1.1 0.0 -9.609 0.05 6.704 1.0]
	ConcatTransform [0.820912 0.564536 -0.08604 0.0 -0.495682 0.77924 0.383516 0.0 0.283554 -0.272184 0.919518 0.0 0.061963 -0.437609 0.060062 1.0]
238
	ConcatTransform [1.1 0.0 0.0 0.0 0.0 1.1 0.0 0.0 0.0 0.0 1.1 0.0 -9.609 0.05 6.704 1.0]
	ConcatTransform [0.786092 0.618072 -0.006848 0.0 -0.57583 0.736305 0.35535 0.0 0.224674 -0.275394 0.934708 0.0 0.11765 -0.437423 0.075464 1.0]
239
	ConcatTransform [1.1 0.0 0.0 0.0 0.0 1.1 0.0 0.0 0.0 0.0 1.1 0.0 -9.609 0.05 6.704 1.0]
	ConcatTransform [0.725707 0.684233 0.071942 0.0 -0.672822 0.683956 0.281983 0.0 0.143737 -0.253041 0.956718 0.0 0.153347 -0.432549 0.088126 1.0]
240
	ConcatTransform [1.1 0.0 0.0 0.0 0.0 1.1 0.0 0.0 0.0 0.0 1.1 0.0 -9.609 0.05 6.704 1.0]
	ConcatTransform [0.673158 0.723977 0.150713 0.0 -0.737589 0.642693 0.207142 0.0 0.053104 -0.250604 0.966632 0.0 0.201463 -0.423332 0.109819 1.0]
241
	ConcatTransform [1.1 0.0 0.0 0.0 0.0 1.1 0.0 0.0 0.0 0.0 1.1 0.0 -9.609 0.05 6.704 1.0]
	ConcatTransform [0.610845 0.775081 0.161612 0.0 -0.791174 0.589758 0.161954 0.0 0.030215 -0.226791 0.973475 0.0 0.228322 -0.418779 0.124839 1.0]
242
	ConcatTransform [1.1 0.0 0.0 0.0 0.0 1.1 0.0 0.0 0.0 0.0 1.1 0.0 -9.609 0.05 6.704 1.0]
	ConcatTransform [0.546165 0.832089 0.096594 0.0 -0.83558 0.53301 0.133064 0.0 0.059235 -0.153387 0.986389 0.0 0.267814 -0.428124 0.147457 1.0]
243
	ConcatTransform [1.1 0.0 0.0 0.0 0.0 1.1 0.0 0.0 0.0 0.0 1.1 0.0 -9.609 0.05 6.704 1.0]
	ConcatTransform [0.512236 0.858306 0.030423 0.0 -0.850551 0.50206 0.15652 0.0 0.119068 -0.106052 0.987206 0.0 0.291122 -0.435796 0.162558 1.0]
244
	ConcatTransform [1.1 0.0 0.0 0.0 0.0 1.1 0.0 0.0 0.0 0.0 1.1 0.0 -9.609 0.05 6.704 1.0]
	ConcatTransform [0.521677 0.85021 -0.070688 0.0 -0.824929 0.523822 0.212372 0.0 0.217589 -0.052477 0.974629 0.0 0.31308 -0.435071 0.17411 1.0]
245
	ConcatTransform [1.1 0.0 0.0 0.0 0.0 1.1 0.0 0.0 0.0 0.0 1.1 0.0 -9.609 0.05 6.704 1.0]
	ConcatTransform [0.530569 0.835891 -0.14065 0.0 -0.791702 0.547964 0.270078 0.0 0.302827 -0.031943 0.95251 0.0 0.32061 -0.434545 0.176555 1.0]
246
	ConcatTransform [1.1 0.0 0.0 0.0 0.0 1.1 0.0 0.0 0.0 0.0 1.1 0.0 -9.609 0.05 6.704 1.0]
	ConcatTransform [0.54365 0.801684 -0.24849 0.0 -0.711875 0.597267 0.369466 0.0 0.44461 -0.023967 0.895404 0.0 0.325392 -0.440229 0.175813 1.0]
247
	ConcatTransform [1.1 0.0 0.0 0.0 0.0 1.1 0.0 0.0 0.0 0.0 1.1 0.0 -9.609 0.05 6.704 1.0]
	ConcatTransform [0.556392 0.767133 -0.319273 0.0 -0.636901 0.640512 0.429071 0.0 0.533652 -0.035386 0.844963 0.0 0.324824 -0.447998 0.172531 1.0]
248
	ConcatTransform [1.1 0.0 0.0 0.0 0.0 1.1 0.0 0.0 0.0 0.0 1.1 0.0 -9.609 0.05 6.704 1.0]
	ConcatTransform [0.580796 0.704223 -0.408346 0.0 -0.506627 0.705333 0.495817 0.0 0.637185 -0.08109 0.766433 0.0 0.317636 -0.463807 0.163014 1.0]
249
	ConcatTransform [1.1 0.0 0.0 0.0 0.0 1.1 0.0 0.0 0.0 0.0 1.1 0.0 -9.609 0.05 6.704 1.0]
	ConcatTransform [0.588356 0.670812 -0.451496 0.0 -0.419348 0.730541 0.53894 0.0 0.691364 -0.127755 0.711122 0.0 0.308048 -0.473807 0.153657 1.0]
250
	ConcatTransform [1.1 0.0 0.0 0.0 0.0 1.1 0.0 0.0 0.0 0.0 1.1 0.0 -9.609 0.05 6.704 1.0]
	ConcatTransform [0.616246 0.624796 -0.479449 0.0 -0.297525 0.748363 0.592817 0.0 0.729191 -0.222673 0.647068 0.0 0.288355 -0.488953 0.135752 1.0]
251
	ConcatTransform [1.1 0.0 0.0 0.0 0.0 1.1 0.0 0.0 0.0 0.0 1.1 0.0 -9.609 0.05 6.704 1.0]
	ConcatTransform [0.627269 0.600754 -0.495609 0.0 -0.224697 0.748914 0.62341 0.0 0.745684 -0.279683 0.604758 0.0 0.270994 -0.495448 0.121328 1.0]
252
	ConcatTransform [1.1 0.0 0.0 0.0 0.0 1.1 0.0 0.0 0.0 0.0 1.1 0.0 -9.609 0.05 6.704 1.0]
	ConcatTransform [0.627002 0.593781 -0.504274 0.0 -0.156573 0.730165 0.665089 0.0 0.763121 -0.338057 0.550785 0.0 0.242038 -0.494883 0.099444 1.0]
253
	ConcatTransform [1.1 0.0 0.0 0.0 0.0 1.1 0.0 0.0 0.0 0.0 1.1 0.0 -9.609 0.05 6.704 1.0]
	ConcatTransform [0.633648 0.587793 -0.502981 0.0 -0.122035 0.717969 0.685294 0.0 0.763936 -0.372854 0.526671 0.0 0.224242 -0.490806 0.08698 1.0]
254
	ConcatTransform [1.1 0.0 0.0 0.0 0.0 1.1 0.0 0.0 0.0 0.0 1.1 0.0 -9.609 0.05 6.704 1.0]
	ConcatTransform [0.64739 0.559189 -0.517875 0.0 -0.076015 0.723469 0.686159 0.0 0.758359 -0.404846 0.510873 0.0 0.200085 -0.48619 0.071216 1.0]
255
	ConcatTransform [1.1 0.0 0.0 0.0 0.0 1.1 0.0 0.0 0.0 0.0 1.1 0.0 -9.609 0.05 6.704 1.0]
	ConcatTransform [0.651292 0.548811 -0.524047 0.0 -0.055369 0.72313 0.688489 0.0 0.756805 -0.419391 0.501356 0.0 0.186147 -0.483851 0.062557 1.0]
256
	ConcatTransform [1.1 0.0 0.0 0.0 0.0 1.1 0.0 0.0 0.0 0.0 1.1 0.0 -9.609 0.05 6.704 1.0]
	ConcatTransform [0.649278 0.544982 -0.530503 0.0 -0.039756 0.72089 0.691908 0.0 0.759512 -0.42815 0.489724 0.0 0.168785 -0.48222 0.052139 1.0]
257
	ConcatTransform [1.1 0.0 0.0 0.0 0.0 1.1 0.0 0.0 0.0 0.0 1.1 0.0 -9.609 0.05 6.704 1.0]
	ConcatTransform [0.646697 0.538749 -0.539937 0.0 -0.028301 0.724346 0.688856 0.0 0.762222 -0.4302 0.483679 0.0 0.160202 -0.481733 0.046796 1.0]
258
	ConcatTransform [1.1 0.0 0.0 0.0 0.0 1.1 0.0 0.0 0.0 0.0 1.1 0.0 -9.609 0.05 6.704 1.0]
	ConcatTransform [0.640358 0.525636 -0.560043 0.0 -0.011206 0.735466 0.677469 0.0 0.767994 -0.427547 0.476852 0.0 0.152009 -0.481769 0.041058 1.0]
259
	ConcatTransform [1.1 0.0 0.0 0.0 0.0 1.1 0.0 0.0 0.0 0.0 1.1 0.0 -9.609 0.05 6.704 1.0]
	ConcatTransform [0.631375 0.525456 -0.570318 0.0 -0.010207 0.741007 0.671419 0.0 0.775411 -0.418096 0.473217 0.0 0.149248 -0.482975 0.038697 1.0]
260
	ConcatTransform [1.1 0.0 0.0 0.0 0.0 1.1 0.0 0.0 0.0 0.0 1.1 0.0 -9.609 0.05 6.704 1.0]
	ConcatTransform [0.610944 0.536244 -0.5824 0.0 -0.022843 0.747291 0.664105 0.0 0.791345 -0.392427 0.468802 0.0 0.149097 -0.486354 0.037098 1.0]
261
	ConcatTransform [1.1 0.0 0.0 0.0 0.0 1.1 0.0 0.0 0.0 0.0 1.1 0.0 -9.609 0.05 6.704 1.0]
	ConcatTransform [0.595896 0.541308 -0.593206 0.0 -0.031753 0.753985 0.656124 0.0 0.802433 -0.372146 0.466485 0.0 0.151926 -0.488692 0.037124 1.0]
262
	ConcatTransform [1.1 0.0 0.0 0.0 0.0 1.1 0.0 0.0 0.0 0.0 1.1 0.0 -9.609 0.05 6.704 1.0]
	ConcatTransform [0.571904 0.547219 -0.611128 0.0 -0.046578 0.765447 0.641811 0.0 0.818997 -0.338589 0.463251 0.0 0.160106 -0.49196 0.03854 1.0]
263
	ConcatTransform [1.1 0.0 0.0 0.0 0.0 1.1 0.0 0.0 0.0 0.0 1.1 0.0 -9.609 0.05 6.704 1.0]
	ConcatTransform [0.551775 0.556969 -0.62075 0.0 -0.064303 0.770507 0.63418 0.0 0.831511 -0.310008 0.460961 0.0 0.167553 -0.494384 0.040272 1.0]
264
	ConcatTransform [1.1 0.0 0.0 0.0 0.0 1.1 0.0 0.0 0.0 0.0 1.1 0.0 -9.609 0.05 6.704 1.0]
	ConcatTransform [0.531735 0.576783 -0.620145 0.0 -0.08229 0.763965 0.639989 0.0 0.842904 -0.289273 0.45369 0.0 0.180156 -0.495972 0.04301 1.0]
265
	ConcatTransform [1.1 0.0 0.0 0.0 0.0 1.1 0.0 0.0 0.0 0.0 1.1 0.0 -9.609 0.05 6.704 1.0]
	ConcatTransform [0.525916 0.585908 -0.616543 0.0 -0.083723 0.757028 0.647996 0.0 0.846406 -0.289173 0.447187 0.0 0.187386 -0.495767 0.043779 1.0]
266
	ConcatTransform [1.1 0.0 0.0 0.0 0.0 1.1 0.0 0.0 0.0 0.0 1.1 0.0 -9.609 0.05 6.704 1.0]
	ConcatTransform [0.517898 0.60326 -0.606514 0.0 -0.088518 0.742992 0.663421 0.0 0.85085 -0.289896 0.438193 0.0 0.195744 -0.495628 0.043667 1.0]
267
	ConcatTransform [1.1 0.0 0.0 0.0 0.0 1.1 0.0 0.0 0.0 0.0 1.1 0.0 -9.609 0.05 6.704 1.0]
	ConcatTransform [0.516879 0.61083 -0.599769 0.0 -0.092785 0.736464 0.670084 0.0 0.851015 -0.290703 0.437339 0.0 0.200041 -0.495472 0.042955 1.0]
268
	ConcatTransform [1.1 0.0 0.0 0.0 0.0 1.1 0.0 0.0 0.0 0.0 1.1 0.0 -9.609 0.05 6.704 1.0]
	ConcatTransform [0.519023 0.614823 -0.593807 0.0 -0.095927 0.732215 0.674284 0.0 0.84936 -0.293007 0.439015 0.0 0.205113 -0.495432 0.041503 1.0]
269
	ConcatTransform [1.1 0.0 0.0 0.0 0.0 1.1 0.0 0.0 0.0 0.0 1.1 0.0 -9.609 0.05 6.704 1.0]
	ConcatTransform [0.519201 0.618585 -0.589731 0.0 -0.10171 0.729843 0.676006 0.0 0.848578 -0.291001 0.441852 0.0 0.207505 -0.495201 0.040528 1.0]
270
	ConcatTransform [1.1 0.0 0.0 0.0 0.0 1.1 0.0 0.0 0.0 0.0 1.1 0.0 -9.609 0.05 6.704 1.0]
	ConcatTransform [0.522482 0.622606 -0.582558 0.0 -0.110007 0.726744 0.678042 0.0 0.845524 -0.290179 0.448202 0.0 0.209819 -0.495051 0.039194 1.0]
271
	ConcatTransform [1.1 0.0 0.0 0.0 0.0 1.1 0.0 0.0 0.0 0.0 1.1 0.0 -9.609 0.05 6.704 1.0]
	ConcatTransform [0.52434 0.62511 -0.578191 0.0 -0.114847 0.724732 0.679392 0.0 0.843729 -0.289829 0.451798 0.0 0.210894 -0.494982 0.038694 1.0]
272
	ConcatTransform [1.1 0.0 0.0 0.0 0.0 1.1 0.0 0.0 0.0 0.0 1.1 0.0 -9.609 0.05 6.704 1.0]
	ConcatTransform [0.521772 0.626824 -0.578658 0.0 -0.113298 0.723221 0.68126 0.0 0.845528 -0.289902 0.448374 0.0 0.212013 -0.494946 0.038668 1.0]
273
	ConcatTransform [1.1 0.0 0.0 0.0 0.0 1.1 0.0 0.0 0.0 0.0 1.1 0.0 -9.609 0.05 6.704 1.0]
	ConcatTransform [0.519582 0.625613 -0.58193 0.0 -0.109827 0.724334 0.680646 0.0 0.847333 -0.28974 0.44506 0.0 0.21245 -0.495004 0.039133 1.0]
274
	ConcatTransform [1.1 0.0 0.0 0.0 0.0 1.1 0.0 0.0 0.0 0.0 1.1 0.0 -9.609 0.05 6.704 1.0]
	ConcatTransform [0.515967 0.623642 -0.587238 0.0 -0.106055 0.726772 0.678642 0.0 0.850018 -0.287877 0.441131 0.0 0.211916 -0.495108 0.040187 1.0]
275
	ConcatTransform [1.1 0.0 0.0 0.0 0.0 1.1 0.0 0.0 0.0 0.0 1.1 0.0 -9.609 0.05 6.704 1.0]
	ConcatTransform [0.51161 0.620652 -0.594177 0.0 -0.094442 0.727963 0.679081 0.0 0.854012 -0.291309 0.431049 0.0 0.210915 -0.49515 0.041158 1.0]
276
	ConcatTransform [1.1 0.0 0.0 0.0 0.0 1.1 0.0 0.0 0.0 0.0 1.1 0.0 -9.609 0.05 6.704 1.0]
	ConcatTransform [0.508159 0.615689 -0.602247 0.0 -0.085581 0.731896 0.676021 0.0 0.857001 -0.291986 0.424611 0.0 0.209556 -0.495185 0.043609 1.0]
277
	ConcatTransform [1.1 0.0 0.0 0.0 0.0 1.1 0.0 0.0 0.0 0.0 1.1 0.0 -9.609 0.05 6.704 1.0]
	ConcatTransform [0.503698 0.611582 -0.610127 0.0 -0.077984 0.735571 0.672944 0.0 0.860353 -0.29138 0.4182 0.0 0.208896 -0.495294 0.045963 1.0]
278
	ConcatTransform [1.1 0.0 0.0 0.0 0.0 1.1 0.0 0.0 0.0 0.0 1.1 0.0 -9.609 0.05 6.704 1.0]
	ConcatTransform [0.499221 0.604478 -0.620794 0.0 -0.069625 0.742128 0.666632 0.0 0.863673 -0.289574 0.412572 0.0 0.207681 -0.495491 0.05009 1.0]
279
	ConcatTransform [1.1 0.0 0.0 0.0 0.0 1.1 0.0 0.0 0.0 0.0 1.1 0.0 -9.609 0.05 6.704 1.0]
	ConcatTransform [0.498624 0.598863 -0.626688 0.0 -0.064557 0.746623 0.662108 0.0 0.864411 -0.289686 0.410944 0.0 0.206295 -0.495589 0.05285 1.0]
280
	ConcatTransform [1.1 0.0 0.0 0.0 0.0 1.1 0.0 0.0 0.0 0.0 1.1 0.0 -9.609 0.05 6.704 1.0]
	ConcatTransform [0.501252 0.590175 -0.632803 0.0 -0.059709 0.753157 0.655125 0.0 0.863239 -0.290598 0.412761 0.0 0.20381 -0.495632 0.057059 1.0]
281
	ConcatTransform [1.1 0.0 0.0 0.0 0.0 1.1 0.0 0.0 0.0 0.0 1.1 0.0 -9.609 0.05 6.704 1.0]
	ConcatTransform [0.502425 0.584141 -0.637454 0.0 -0.055504 0.757534 0.650432 0.0 0.862837 -0.291412 0.413026 0.0 0.202131 -0.495607 0.059903 1.0]
282
	ConcatTransform [1.1 0.0 0.0 0.0 0.0 1.1 0.0 0.0 0.0 0.0 1.1 0.0 -9.609 0.05 6.704 1.0]
	ConcatTransform [0.504321 0.575899 -0.643429 0.0 -0.049901 0.763318 0.644093 0.0 0.862073 -0.292722 0.413695 0.0 0.199893 -0.495519 0.064222 1.0]
283
	ConcatTransform [1.1 0.0 0.0 0.0 0.0 1.1 0.0 0.0 0.0 0.0 1.1 0.0 -9.609 0.05 6.704 1.0]
	ConcatTransform [0.506133 0.570576 -0.64674 0.0 -0.047459 0.767172 0.639684 0.0 0.861149 -0.293071 0.41537 0.0 0.198635 -0.495462 0.06703 1.0]
284
	ConcatTransform [1.1 0.0 0.0 0.0 0.0 1.1 0.0 0.0 0.0 0.0 1.1 0.0 -9.609 0.05 6.704 1.0]
	ConcatTransform [0.508205 0.564992 -0.650009 0.0 -0.045296 0.77123 0.634943 0.0 0.860044 -0.293238 0.417535 0.0 0.196799 -0.49538 0.070879 1.0]
285
	ConcatTransform [1.1 0.0 0.0 0.0 0.0 1.1 0.0 0.0 0.0 0.0 1.1 0.0 -9.609 0.05 6.704 1.0]
	ConcatTransform [0.509089 0.562515 -0.651464 0.0 -0.044215 0.77298 0.632888 0.0 0.859578 -0.293392 0.418387 0.0 0.195693 -0.495335 0.073144 1.0]
286
	ConcatTransform [1.1 0.0 0.0 0.0 0.0 1.1 0.0 0.0 0.0 0.0 1.1 0.0 -9.609 0.05 6.704 1.0]
	ConcatTransform [0.510156 0.559453 -0.653264 0.0 -0.042583 0.775034 0.630483 0.0 0.859027 -0.293826 0.419212 0.0 0.194158 -0.495276 0.075929 1.0]
287
	ConcatTransform [1.1 0.0 0.0 0.0 0.0 1.1 0.0 0.0 0.0 0.0 1.1 0.0 -9.609 0.05 6.704 1.0]
	ConcatTransform [0.510406 0.559266 -0.653229 0.0 -0.042585 0.775133 0.630361 0.0 0.858879 -0.293922 0.419449 0.0 0.193114 -0.495266 0.077339 1.0]
288
	ConcatTransform [1.1 0.0 0.0 0.0 0.0 1.1 0.0 0.0 0.0 0.0 1.1 0.0 -9.609 0.05 6.704 1.0]
	ConcatTransform [0.512756 0.556078 -0.654109 0.0 -0.042473 0.777388 0.627586 0.0 0.857483 -0.294017 0.422229 0.0 0.192266 -0.495161 0.078933 1.0]
289
	ConcatTransform [1.1 0.0 0.0 0.0 0.0 1.1 0.0 0.0 0.0 0.0 1.1 0.0 -9.609 0.05 6.704 1.0]
	ConcatTransform [0.5137 0.554841 -0.654419 0.0 -0.042595 0.778304 0.626441 0.0 0.856912 -0.293928 0.423448 0.0 0.191977 -0.495119 0.079582 1.0]
290
	ConcatTransform [1.1 0.0 0.0 0.0 0.0 1.1 0.0 0.0 0.0 0.0 1.1 0.0 -9.609 0.05 6.704 1.0]
	ConcatTransform [0.514311 0.55433 -0.654372 0.0 -0.043012 0.778736 0.625875 0.0 0.856524 -0.293749 0.424356 0.0 0.191879 -0.495096 0.079854 1.0]
291
	ConcatTransform [1.1 0.0 0.0 0.0 0.0 1.1 0.0 0.0 0.0 0.0 1.1 0.0 -9.609 0.05 6.704 1.0]
	ConcatTransform [0.514425 0.554952 -0.653755 0.0 -0.043611 0.778309 0.626366 0.0 0.856426 -0.293707 0.424583 0.0 0.192037 -0.495107 0.079559 1.0]
292
	ConcatTransform [1.1 0.0 0.0 0.0 0.0 1.1 0.0 0.0 0.0 0.0 1.1 0.0 -9.609 0.05 6.704 1.0]
	ConcatTransform [0.514651 0.557372 -0.651514 0.0 -0.045623 0.776598 0.628343 0.0 0.856185 -0.293653 0.425105 0.0 0.192649 -0.49516 0.078442 1.0]
293
	ConcatTransform [1.1 0.0 0.0 0.0 0.0 1.1 0.0 0.0 0.0 0.0 1.1 0.0 -9.609 0.05 6.704 1.0]
	ConcatTransform [0.514882 0.559901 -0.649159 0.0 -0.047867 0.774843 0.630339 0.0 0.855924 -0.293477 0.425753 0.0 0.193323 -0.495216 0.077281 1.0]
294
	ConcatTransform [1.1 0.0 0.0 0.0 0.0 1.1 0.0 0.0 0.0 0.0 1.1 0.0 -9.609 0.05 6.704 1.0]
	ConcatTransform [0.514859 0.564798 -0.644922 0.0 -0.051798 0.771413 0.634223 0.0 0.855709 -0.293129 0.426424 0.0 0.194628 -0.495318 0.074948 1.0]
295
	ConcatTransform [1.1 0.0 0.0 0.0 0.0 1.1 0.0 0.0 0.0 0.0 1.1 0.0 -9.609 0.05 6.704 1.0]
	ConcatTransform [0.514763 0.568777 -0.641492 0.0 -0.054805 0.768542 0.637447 0.0 0.855579 -0.292977 0.426789 0.0 0.19566 -0.495385 0.073048 1.0]
296
	ConcatTransform [1.1 0.0 0.0 0.0 0.0 1.1 0.0 0.0 0.0 0.0 1.1 0.0 -9.609 0.05 6.704 1.0]
	ConcatTransform [0.514472 0.575459 -0.635741 0.0 -0.059559 0.763571 0.642971 0.0 0.855437 -0.292926 0.427109 0.0 0.197361 -0.495467 0.069766 1.0]
297
	ConcatTransform [1.1 0.0 0.0 0.0 0.0 1.1 0.0 0.0 0.0 0.0 1.1 0.0 -9.609 0.05 6.704 1.0]
	ConcatTransform [0.513768 0.580269 -0.631926 0.0 -0.06258 0.759956 0.646954 0.0 0.855644 -0.292839 0.426754 0.0 0.198562 -0.495506 0.067362 1.0]
298
	ConcatTransform [1.1 0.0 0.0 0.0 0.0 1.1 0.0 0.0 0.0 0.0 1.1 0.0 -9.609 0.05 6.704 1.0]
	ConcatTransform [0.511896 0.587672 -0.626581 0.0 -0.066331 0.754253 0.653225 0.0 0.856483 -0.292822 0.42508 0.0 0.200408 -0.495527 0.063568 1.0]
299
	ConcatTransform [1.1 0.0 0.0 0.0 0.0 1.1 0.0 0.0 0.0 0.0 1.1 0.0 -9.609 0.05 6.704 1.0]
	ConcatTransform [0.510506 0.592236 -0.62341 0.0 -0.06838 0.750667 0.657133 0.0 0.857151 -0.292842 0.423717 0.0 0.201358 -0.495523 0.060846 1.0]
300
	ConcatTransform [1.1 0.0 0.0 0.0 0.0 1.1 0.0 0.0 0.0 0.0 1.1 0.0 -9.609 0.05 6.704 1.0]
	ConcatTransform [0.507813 0.598178 -0.619926 0.0 -0.07035 0.746008 0.66221 0.0 0.85859 -0.292667 0.420915 0.0 0.20307 -0.495483 0.057034 1.0]
301
	ConcatTransform [1.1 0.0 0.0 0.0 0.0 1.1 0.0 0.0 0.0 0.0 1.1 0.0 -9.609 0.05 6.704 1.0]
	ConcatTransform [0.506908 0.602393 -0.616577 0.0 -0.073107 0.742753 0.665562 0.0 0.858895 -0.292302 0.420546 0.0 0.204491 -0.495449 0.054826 1.0]
302
	ConcatTransform [1.1 0.0 0.0 0.0 0.0 1.1 0.0 0.0 0.0 0.0 1.1 0.0 -9.609 0.05 6.704 1.0]
	ConcatTransform [0.505337 0.608988 -0.611366 0.0 -0.077389 0.737612 0.670775 0.0 0.859445 -0.291655 0.419872 0.0 0.206668 -0.49535 0.051984 1.0]
303
	ConcatTransform [1.1 0.0 0.0 0.0 0.0 1.1 0.0 0.0 0.0 0.0 1.1 0.0 -9.609 0.05 6.704 1.0]
	ConcatTransform [0.504843 0.612213 -0.608546 0.0 -0.079929 0.735105 0.673225 0.0 0.859503 -0.291233 0.420046 0.0 0.208002 -0.495284 0.050373 1.0]
304
	ConcatTransform [1.1 0.0 0.0 0.0 0.0 1.1 0.0 0.0 0.0 0.0 1.1 0.0 -9.609 0.05 6.704 1.0]
	ConcatTransform [0.504132 0.61552 -0.605794 0.0 -0.082187 0.732463 0.675828 0.0 0.859707 -0.290918 0.419845 0.0 0.209474 -0.49521 0.048322 1.0]
305
	ConcatTransform [1.1 0.0 0.0 0.0 0.0 1.1 0.0 0.0 0.0 0.0 1.1 0.0 -9.609 0.05 6.704 1.0]
	ConcatTransform [0.503859 0.617277 -0.604231 0.0 -0.083241 0.730958 0.677326 0.0 0.859765 -0.29098 0.419683 0.0 0.210155 -0.495167 0.047288 1.0]
306
	ConcatTransform [1.1 0.0 0.0 0.0 0.0 1.1 0.0 0.0 0.0 0.0 1.1 0.0 -9.609 0.05 6.704 1.0]
	ConcatTransform [0.504123 0.618946 -0.6023 0.0 -0.084771 0.729499 0.678708 0.0 0.859462 -0.291094 0.420226 0.0 0.210813 -0.495123 0.046336 1.0]
307
	ConcatTransform [1.1 0.0 0.0 0.0 0.0 1.1 0.0 0.0 0.0 0.0 1.1 0.0 -9.609 0.05 6.704 1.0]
	ConcatTransform [0.504573 0.619093 -0.601772 0.0 -0.085346 0.729357 0.678789 0.0 0.85914 -0.29114 0.420851 0.0 0.211033 -0.495116 0.046101 1.0]
308
	ConcatTransform [1.1 0.0 0.0 0.0 0.0 1.1 0.0 0.0 0.0 0.0 1.1 0.0 -9.609 0.05 6.704 1.0]
	ConcatTransform [0.505814 0.618235 -0.601613 0.0 -0.086077 0.730098 0.6779 0.0 0.858337 -0.291106 0.42251 0.0 0.211056 -0.495138 0.046326 1.0]
309
	ConcatTransform [1.1 0.0 0.0 0.0 0.0 1.1 0.0 0.0 0.0 0.0 1.1 0.0 -9.609 0.05 6.704 1.0]
	ConcatTransform [0.506514 0.616985 -0.602307 0.0 -0.085718 0.731116 0.676847 0.0 0.85796 -0.291204 0.423207 0.0 0.210827 -0.495169 0.046841 1.0]
310
	ConcatTransform [1.1 0.0 0.0 0.0 0.0 1.1 0.0 0.0 0.0 0.0 1.1 0.0 -9.609 0.05 6.704 1.0]
	ConcatTransform [0.508005 0.614524 -0.603565 0.0 -0.0854 0.733198 0.674632 0.0 0.85711 -0.291172 0.424949 0.0 0.210121 -0.495219 0.04816 1.0]
311
	ConcatTransform [1.1 0.0 0.0 0.0 0.0 1.1 0.0 0.0 0.0 0.0 1.1 0.0 -9.609 0.05 6.704 1.0]
	ConcatTransform [0.508316 0.611673 -0.606194 0.0 -0.083109 0.735477 0.672434 0.0 0.857151 -0.291429 0.42469 0.0 0.209154 -0.495281 0.049203 1.0]
312
	ConcatTransform [1.1 0.0 0.0 0.0 0.0 1.1 0.0 0.0 0.0 0.0 1.1 0.0 -9.609 0.05 6.704 1.0]
	ConcatTransform [0.505408 0.606837 -0.613442 0.0 -0.075123 0.739169 0.669318 0.0 0.859604 -0.292195 0.419169 0.0 0.20731 -0.495361 0.051224 1.0]
313
	ConcatTransform [1.1 0.0 0.0 0.0 0.0 1.1 0.0 0.0 0.0 0.0 1.1 0.0 -9.609 0.05 6.704 1.0]
	ConcatTransform [0.501771 0.603309 -0.619874 0.0 -0.068342 0.742027 0.666877 0.0 0.862297 -0.292256 0.413559 0.0 0.205902 -0.495416 0.052858 1.0]
314
	ConcatTransform [1.1 0.0 0.0 0.0 0.0 1.1 0.0 0.0 0.0 0.0 1.1 0.0 -9.609 0.05 6.704 1.0]
	ConcatTransform [0.497306 0.597407 -0.629119 0.0 -0.05915 0.746807 0.662406 0.0 0.865556 -0.292206 0.406728 0.0 0.203718 -0.495465 0.055633 1.0]
315
	ConcatTransform [1.1 0.0 0.0 0.0 0.0 1.1 0.0 0.0 0.0 0.0 1.1 0.0 -9.609 0.05 6.704 1.0]
	ConcatTransform [0.495317 0.593312 -0.634541 0.0 -0.053462 0.749873 0.659418 0.0 0.867066 -0.292698 0.403145 0.0 0.202461 -0.495496 0.05774 1.0]
316
	ConcatTransform [1.1 0.0 0.0 0.0 0.0 1.1 0.0 0.0 0.0 0.0 1.1 0.0 -9.609 0.05 6.704 1.0]
	ConcatTransform [0.493337 0.587218 -0.641712 0.0 -0.047349 0.754772 0.654276 0.0 0.868549 -0.292394 0.400161 0.0 0.201053 -0.495509 0.061181 1.0]
317
	ConcatTransform [1.1 0.0 0.0 0.0 0.0 1.1 0.0 0.0 0.0 0.0 1.1 0.0 -9.609 0.05 6.704 1.0]
	ConcatTransform [0.493483 0.582885 -0.645538 0.0 -0.044776 0.758248 0.650427 0.0 0.868602 -0.29207 0.400282 0.0 0.200194 -0.495506 0.063425 1.0]
318
	ConcatTransform [1.1 0.0 0.0 0.0 0.0 1.1 0.0 0.0 0.0 0.0 1.1 0.0 -9.609 0.05 6.704 1.0]
	ConcatTransform [0.494637 0.576796 -0.650108 0.0 -0.040618 0.762549 0.645654 0.0 0.86815 -0.292958 0.400613 0.0 0.198602 -0.495482 0.066354 1.0]
319
	ConcatTransform [1.1 0.0 0.0 0.0 0.0 1.1 0.0 0.0 0.0 0.0 1.1 0.0 -9.609 0.05 6.704 1.0]
	ConcatTransform [0.49466 0.573261 -0.65321 0.0 -0.038035 0.765165 0.64271 0.0 0.868254 -0.293078 0.4003 0.0 0.197686 -0.495443 0.068149 1.0]
320
	ConcatTransform [1.1 0.0 0.0 0.0 0.0 1.1 0.0 0.0 0.0 0.0 1.1 0.0 -9.609 0.05 6.704 1.0]
	ConcatTransform [0.495209 0.568539 -0.656911 0.0 -0.034964 0.768565 0.638815 0.0 0.86807 -0.293379 0.400479 0.0 0.19641 -0.495386 0.070494 1.0]
321
	ConcatTransform [1.1 0.0 0.0 0.0 0.0 1.1 0.0 0.0 0.0 0.0 1.1 0.0 -9.609 0.05 6.704 1.0]
	ConcatTransform [0.495084 0.565802 -0.659363 0.0 -0.032548 0.770441 0.63668 0.0 0.868235 -0.293749 0.399849 0.0 0.195643 -0.495361 0.07177 1.0]
322
	ConcatTransform [1.1 0.0 0.0 0.0 0.0 1.1 0.0 0.0 0.0 0.0 1.1 0.0 -9.609 0.05 6.704 1.0]
	ConcatTransform [0.495543 0.562619 -0.661737 0.0 -0.030132 0.772535 0.634257 0.0 0.86806 -0.294362 0.399778 0.0 0.194696 -0.495316 0.073189 1.0]
323
	ConcatTransform [1.1 0.0 0.0 0.0 0.0 1.1 0.0 0.0 0.0 0.0 1.1 0.0 -9.609 0.05 6.704 1.0]
	ConcatTransform [0.494715 0.561205 -0.663556 0.0 -0.028716 0.773676 0.632931 0.0 0.868581 -0.294065 0.398864 0.0 0.194313 -0.495286 0.07384 1.0]
324
	ConcatTransform [1.1 0.0 0.0 0.0 0.0 1.1 0.0 0.0 0.0 0.0 1.1 0.0 -9.609 0.05 6.704 1.0]
	ConcatTransform [0.492951 0.560276 -0.665651 0.0 -0.026418 0.774351 0.632205 0.0 0.869656 -0.294061 0.396518 0.0 0.194164 -0.495258 0.074344 1.0]
325
	ConcatTransform [1.1 0.0 0.0 0.0 0.0 1.1 0.0 0.0 0.0 0.0 1.1 0.0 -9.609 0.05 6.704 1.0]
	ConcatTransform [0.492367 0.560448 -0.665937 0.0 -0.026286 0.77433 0.632236 0.0 0.86999 -0.293788 0.395987 0.0 0.194316 -0.49525 0.07433 1.0]
326
	ConcatTransform [1.1 0.0 0.0 0.0 0.0 1.1 0.0 0.0 0.0 0.0 1.1 0.0 -9.609 0.05 6.704 1.0]
	ConcatTransform [0.491725 0.561925 -0.665167 0.0 -0.026965 0.773361 0.633392 0.0 0.870333 -0.293518 0.395433 0.0 0.194794 -0.49526 0.07373 1.0]
327
	ConcatTransform [1.1 0.0 0.0 0.0 0.0 1.1 0.0 0.0 0.0 0.0 1.1 0.0 -9.609 0.05 6.704 1.0]
	ConcatTransform [0.490941 0.564651 -0.663435 0.0 -0.027786 0.771286 0.635882 0.0 0.87075 -0.293746 0.394345 0.0 0.195312 -0.495323 0.073012 1.0]
328
	ConcatTransform [1.1 0.0 0.0 0.0 0.0 1.1 0.0 0.0 0.0 0.0 1.1 0.0 -9.609 0.05 6.704 1.0]
	ConcatTransform [0.489006 0.568149 -0.661876 0.0 -0.028748 0.768873 0.638755 0.0 0.871807 -0.293328 0.392316 0.0 0.19632 -0.495356 0.071399 1.0]
329
	ConcatTransform [1.1 0.0 0.0 0.0 0.0 1.1 0.0 0.0 0.0 0.0 1.1 0.0 -9.609 0.05 6.704 1.0]
	ConcatTransform [0.487606 0.57097 -0.66048 0.0 -0.029511 0.766854 0.641142 0.0 0.872565 -0.293134 0.390772 0.0 0.197051 -0.495398 0.070001 1.0]
330
	ConcatTransform [1.1 0.0 0.0 0.0 0.0 1.1 0.0 0.0 0.0 0.0 1.1 0.0 -9.609 0.05 6.704 1.0]
	ConcatTransform [0.485726 0.575825 -0.657644 0.0 -0.030944 0.763213 0.645406 0.0 0.873563 -0.293141 0.388531 0.0 0.198156 -0.495454 0.067471 1.0]
331
	ConcatTransform [1.1 0.0 0.0 0.0 0.0 1.1 0.0 0.0 0.0 0.0 1.1 0.0 -9.609 0.05 6.704 1.0]
	ConcatTransform [0.48435 0.579394 -0.655521 0.0 -0.031587 0.760367 0.648725 0.0 0.874304 -0.293504 0.386585 0.0 0.198857 -0.495495 0.065544 1.0]
332
	ConcatTransform [1.1 0.0 0.0 0.0 0.0 1.1 0.0 0.0 0.0 0.0 1.1 0.0 -9.609 0.05 6.704 1.0]
	ConcatTransform [0.483338 0.585169 -0.651123 0.0 -0.034951 0.756078 0.653548 0.0 0.874736 -0.293127 0.385893 0.0 0.200273 -0.495528 0.062613 1.0]
333
	ConcatTransform [1.1 0.0 0.0 0.0 0.0 1.1 0.0 0.0 0.0 0.0 1.1 0.0 -9.609 0.05 6.704 1.0]
	ConcatTransform [0.482421 0.589117 -0.648237 0.0 -0.037025 0.7531 0.656863 0.0 0.875157 -0.292883 0.385123 0.0 0.201269 -0.495524 0.060625 1.0]
334
	ConcatTransform [1.1 0.0 0.0 0.0 0.0 1.1 0.0 0.0 0.0 0.0 1.1 0.0 -9.609 0.05 6.704 1.0]
	ConcatTransform [0.482125 0.594976 -0.643085 0.0 -0.040838 0.748494 0.661883 0.0 0.87515 -0.292848 0.385165 0.0 0.202636 -0.495514 0.057602 1.0]
335
	ConcatTransform [1.1 0.0 0.0 0.0 0.0 1.1 0.0 0.0 0.0 0.0 1.1 0.0 -9.609 0.05 6.704 1.0]
	ConcatTransform [0.481919 0.598701 -0.639774 0.0 -0.043617 0.745642 0.664917 0.0 0.87513 -0.292531 0.385453 0.0 0.203588 -0.495488 0.055708 1.0]
336
	ConcatTransform [1.1 0.0 0.0 0.0 0.0 1.1 0.0 0.0 0.0 0.0 1.1 0.0 -9.609 0.05 6.704 1.0]
	ConcatTransform [0.481777 0.603812 -0.635061 0.0 -0.047447 0.741624 0.669136 0.0 0.875009 -0.292242 0.385946 0.0 0.204848 -0.495445 0.053069 1.0]
337
	ConcatTransform [1.1 0.0 0.0 0.0 0.0 1.1 0.0 0.0 0.0 0.0 1.1 0.0 -9.609 0.05 6.704 1.0]
	ConcatTransform [0.48196 0.60679 -0.632076 0.0 -0.049847 0.739209 0.671629 0.0 0.874774 -0.292191 0.386516 0.0 0.205561 -0.495418 0.051508 1.0]
338
	ConcatTransform [1.1 0.0 0.0 0.0 0.0 1.1 0.0 0.0 0.0 0.0 1.1 0.0 -9.609 0.05 6.704 1.0]
	ConcatTransform [0.481947 0.610519 -0.628485 0.0 -0.052851 0.736234 0.67466 0.0 0.874605 -0.291934 0.387092 0.0 0.20657 -0.495348 0.049643 1.0]
339
	ConcatTransform [1.1 0.0 0.0 0.0 0.0 1.1 0.0 0.0 0.0 0.0 1.1 0.0 -9.609 0.05 6.704 1.0]
	ConcatTransform [0.48204 0.612426 -0.626556 0.0 -0.05474 0.734779 0.676094 0.0 0.874438 -0.291606 0.387717 0.0 0.207147 -0.495305 0.048731 1.0]
340
	ConcatTransform [1.1 0.0 0.0 0.0 0.0 1.1 0.0 0.0 0.0 0.0 1.1 0.0 -9.609 0.05 6.704 1.0]
	ConcatTransform [0.481798 0.614232 -0.624971 0.0 -0.056157 0.733384 0.677491 0.0 0.874481 -0.291317 0.387836 0.0 0.207676 -0.495258 0.047846 1.0]
341
	ConcatTransform [1.1 0.0 0.0 0.0 0.0 1.1 0.0 0.0 0.0 0.0 1.1 0.0 -9.609 0.05 6.704 1.0]
	ConcatTransform [0.482034 0.613972 -0.625045 0.0 -0.056382 0.733656 0.677177 0.0 0.874336 -0.291181 0.388265 0.0 0.207658 -0.495248 0.04752 1.0]
342
	ConcatTransform [1.1 0.0 0.0 0.0 0.0 1.1 0.0 0.0 0.0 0.0 1.1 0.0 -9.609 0.05 6.704 1.0]
	ConcatTransform [0.482685 0.613591 -0.624917 0.0 -0.056813 0.733978 0.676793 0.0 0.873949 -0.291175 0.38914 0.0 0.207557 -0.495251 0.047734 1.0]
343
	ConcatTransform [1.1 0.0 0.0 0.0 0.0 1.1 0.0 0.0 0.0 0.0 1.1 0.0 -9.609 0.05 6.704 1.0]
	ConcatTransform [0.484118 0.612588 -0.624792 0.0 -0.057379 0.734735 0.675924 0.0 0.873119 -0.291377 0.390848 0.0 0.207238 -0.495272 0.048216 1.0]
344
	ConcatTransform [1.1 0.0 0.0 0.0 0.0 1.1 0.0 0.0 0.0 0.0 1.1 0.0 -9.609 0.05 6.704 1.0]
	ConcatTransform [0.484263 0.612491 -0.624776 0.0 -0.063991 0.736975 0.672884 0.0 0.872579 -0.285873 0.396083 0.0 0.206665 -0.495534 0.049608 1.0]
345
	ConcatTransform [1.1 0.0 0.0 0.0 0.0 1.1 0.0 0.0 0.0 0.0 1.1 0.0 -9.609 0.05 6.704 1.0]
	ConcatTransform [0.488086 0.608867 -0.625342 0.0 -0.062719 0.739097 0.670672 0.0 0.870539 -0.288125 0.398931 0.0 0.206008 -0.495511 0.050768 1.0]
346
	ConcatTransform [1.1 0.0 0.0 0.0 0.0 1.1 0.0 0.0 0.0 0.0 1.1 0.0 -9.609 0.05 6.704 1.0]
	ConcatTransform [0.491113 0.603303 -0.628358 0.0 -0.059367 0.742846 0.666825 0.0 0.869071 -0.290183 0.400637 0.0 0.204404 -0.495526 0.052756 1.0]
347
	ConcatTransform [1.1 0.0 0.0 0.0 0.0 1.1 0.0 0.0 0.0 0.0 1.1 0.0 -9.609 0.05 6.704 1.0]
	ConcatTransform [0.492843 0.59941 -0.630724 0.0 -0.057339 0.745669 0.663844 0.0 0.868227 -0.291006 0.401868 0.0 0.203086 -0.495529 0.054251 1.0]
348
	ConcatTransform [1.1 0.0 0.0 0.0 0.0 1.1 0.0 0.0 0.0 0.0 1.1 0.0 -9.609 0.05 6.704 1.0]
	ConcatTransform [0.495294 0.59259 -0.635233 0.0 -0.053886 0.750772 0.658359 0.0 0.867053 -0.291852 0.403785 0.0 0.201044 -0.495542 0.056747 1.0]
349
	ConcatTransform [1.1 0.0 0.0 0.0 0.0 1.1 0.0 0.0 0.0 0.0 1.1 0.0 -9.609 0.05 6.704 1.0]
	ConcatTransform [0.496913 0.587863 -0.638354 0.0 -0.05187 0.754405 0.654357 0.0 0.866249 -0.292047 0.405366 0.0 0.199718 -0.495551 0.05854 1.0]
350
	ConcatTransform [1.1 0.0 0.0 0.0 0.0 1.1 0.0 0.0 0.0 0.0 1.1 0.0 -9.609 0.05 6.704 1.0]
	ConcatTransform [0.499162 0.582138 -0.641835 0.0 -0.04898 0.758486 0.649846 0.0 0.865123 -0.292941 0.407121 0.0 0.197804 -0.495535 0.061317 1.0]
351
	ConcatTransform [1.1 0.0 0.0 0.0 0.0 1.1 0.0 0.0 0.0 0.0 1.1 0.0 -9.609 0.05 6.704 1.0]
	ConcatTransform [0.500424 0.578253 -0.644359 0.0 -0.04719 0.761364 0.646606 0.0 0.864493 -0.29317 0.408293 0.0 0.196641 -0.495505 0.063134 1.0]
352
	ConcatTransform [1.1 0.0 0.0 0.0 0.0 1.1 0.0 0.0 0.0 0.0 1.1 0.0 -9.609 0.05 6.704 1.0]
	ConcatTransform [0.501839 0.572976 -0.647962 0.0 -0.04437 0.76519 0.642274 0.0 0.863822 -0.293568 0.409426 0.0 0.19492 -0.495452 0.065609 1.0]
353
	ConcatTransform [1.1 0.0 0.0 0.0 0.0 1.1 0.0 0.0 0.0 0.0 1.1 0.0 -9.609 0.05 6.704 1.0]
	ConcatTransform [0.502339 0.570031 -0.650169 0.0 -0.042446 0.767277 0.63991 0.0 0.863628 -0.293855 0.409629 0.0 0.193884 -0.495416 0.067088 1.0]
354
	ConcatTransform [1.1 0.0 0.0 0.0 0.0 1.1 0.0 0.0 0.0 0.0 1.1 0.0 -9.609 0.05 6.704 1.0]
	ConcatTransform [0.503465 0.566443 -0.65243 0.0 -0.041214 0.769999 0.636713 0.0 0.863032 -0.293673 0.411013 0.0 0.192721 -0.495362 0.069038 1.0]
355
	ConcatTransform [1.1 0.0 0.0 0.0 0.0 1.1 0.0 0.0 0.0 0.0 1.1 0.0 -9.609 0.05 6.704 1.0]
	ConcatTransform [0.504154 0.5644 -0.653668 0.0 -0.040239 0.771428 0.635044 0.0 0.862676 -0.293857 0.411629 0.0 0.19211 -0.495327 0.07006 1.0]
356
	ConcatTransform [1.1 0.0 0.0 0.0 0.0 1.1 0.0 0.0 0.0 0.0 1.1 0.0 -9.609 0.05 6.704 1.0]
	ConcatTransform [0.504475 0.562512 -0.655046 0.0 -0.039257 0.772817 0.633413 0.0 0.862534 -0.293826 0.411949 0.0 0.191505 -0.495287 0.071145 1.0]
357
	ConcatTransform [1.1 0.0 0.0 0.0 0.0 1.1 0.0 0.0 0.0 0.0 1.1 0.0 -9.609 0.05 6.704 1.0]
	ConcatTransform [0.504353 0.562137 -0.655462 0.0 -0.038888 0.773094 0.633098 0.0 0.862621 -0.293815 0.411773 0.0 0.191205 -0.495279 0.071494 1.0]
358
	ConcatTransform [1.1 0.0 0.0 0.0 0.0 1.1 0.0 0.0 0.0 0.0 1.1 0.0 -9.609 0.05 6.704 1.0]
	ConcatTransform [0.504134 0.56251 -0.65531 0.0 -0.03911 0.772881 0.633344 0.0 0.862739 -0.293661 0.411636 0.0 0.190927 -0.495286 0.071428 1.0]
359
	ConcatTransform [1.1 0.0 0.0 0.0 0.0 1.1 0.0 0.0 0.0 0.0 1.1 0.0 -9.609 0.05 6.704 1.0]
	ConcatTransform [0.503855 0.563105 -0.655014 0.0 -0.039057 0.77238 0.633959 0.0 0.862905 -0.29384 0.411161 0.0 0.191021 -0.495303 0.071082 1.0]
360
	ConcatTransform [1.1 0.0 0.0 0.0 0.0 1.1 0.0 0.0 0.0 0.0 1.1 0.0 -9.609 0.05 6.704 1.0]
	ConcatTransform [0.797971 0.600697 0.049052 0.0 -0.580522 0.744189 0.330419 0.0 0.161977 -0.29214 0.942559 0.0 0.486887 -0.495454 0.363729 1.0]
