228
	ConcatTransform [1.1 0.0 0.0 0.0 0.0 1.1 0.0 0.0 0.0 0.0 1.1 0.0 -9.609 0.05 6.704 1.0]
	ConcatTransform [0.996199 0.006365 0.086877 0.0 -0.00526 0.999902 -0.012942 0.0 -0.086951 0.012436 0.996135 0.0 0.028115 -0.011051 0.017205 1.0]
229
	ConcatTransform [1.1 0.0 0.0 0.0 0.0 1.1 0.0 0.0 0.0 0.0 1.1 0.0 -9.609 0.05 6.704 1.0]
	ConcatTransform [0.990902 0.030879 0.130993 0.0 -0.031454 0.999503 0.002321 0.0 -0.130856 -0.00642 0.991381 0.0 0.049174 -0.030063 0.031963 1.0]
230
	ConcatTransform [1.1 0.0 0.0 0.0 0.0 1.1 0.0 0.0 0.0 0.0 1.1 0.0 -9.609 0.05 6.704 1.0]
	ConcatTransform [0.962505 0.157165 0.221096 0.0 -0.160714 0.986999 -0.001962 0.0 -0.218529 -0.033645 0.97525 0.0 0.078292 -0.075047 0.054433 1.0]
231
	ConcatTransform [1.1 0.0 0.0 0.0 0.0 1.1 0.0 0.0 0.0 0.0 1.1 0.0 -9.609 0.05 6.704 1.0]
	ConcatTransform [0.936201 0.25572 0.241111 0.0 -0.25777 0.965919 -0.023561 0.0 -0.238918 -0.040093 0.970212 0.0 0.098285 -0.116861 0.068298 1.0]
232
	ConcatTransform [1.1 0.0 0.0 0.0 0.0 1.1 0.0 0.0 0.0 0.0 1.1 0.0 -9.609 0.05 6.704 1.0]
	ConcatTransform [0.884177 0.409303 0.22517 0.0 -0.410061 0.910916 -0.045627 0.0 -0.223786 -0.051991 0.973251 0.0 0.128128 -0.198311 0.087627 1.0]
233
	ConcatTransform [1.1 0.0 0.0 0.0 0.0 1.1 0.0 0.0 0.0 0.0 1.1 0.0 -9.609 0.05 6.704 1.0]
	ConcatTransform [0.8511 0.487188 0.195643 0.0 -0.490077 0.870904 -0.036751 0.0 -0.188291 -0.064601 0.979986 0.0 0.148432 -0.265519 0.099763 1.0]
234
	ConcatTransform [1.1 0.0 0.0 0.0 0.0 1.1 0.0 0.0 0.0 0.0 1.1 0.0 -9.609 0.05 6.704 1.0]
	ConcatTransform [0.77895 0.608789 0.150377 0.0 -0.61215 0.790236 -0.028277 0.0 -0.136048 -0.070027 0.988224 0.0 0.178789 -0.384486 0.118014 1.0]
235
	ConcatTransform [1.1 0.0 0.0 0.0 0.0 1.1 0.0 0.0 0.0 0.0 1.1 0.0 -9.609 0.05 6.704 1.0]
	ConcatTransform [0.688271 0.719199 0.095058 0.0 -0.718258 0.693978 -0.049994 0.0 -0.101923 -0.033866 0.994216 0.0 0.200865 -0.472994 0.132125 1.0]
236
	ConcatTransform [1.1 0.0 0.0 0.0 0.0 1.1 0.0 0.0 0.0 0.0 1.1 0.0 -9.609 0.05 6.704 1.0]
	ConcatTransform [0.532506 0.845352 -0.042633 0.0 -0.846171 0.530433 -0.051345 0.0 -0.020791 0.063416 0.997771 0.0 0.253574 -0.584616 0.171687 1.0]
237
	ConcatTransform [1.1 0.0 0.0 0.0 0.0 1.1 0.0 0.0 0.0 0.0 1.1 0.0 -9.609 0.05 6.704 1.0]
	ConcatTransform [0.483024 0.868592 -0.110619 0.0 -0.874631 0.472656 -0.107779 0.0 -0.041331 0.14881 0.988002 0.0 0.305441 -0.604324 0.216539 1.0]
238
	ConcatTransform [1.1 0.0 0.0 0.0 0.0 1.1 0.0 0.0 0.0 0.0 1.1 0.0 -9.609 0.05 6.704 1.0]
	ConcatTransform [0.443557 0.882744 -0.154986 0.0 -0.877576 0.392661 -0.275095 0.0 -0.181981 0.258032 0.948843 0.0 0.377292 -0.620727 0.282637 1.0]
239
	ConcatTransform [1.1 0.0 0.0 0.0 0.0 1.1 0.0 0.0 0.0 0.0 1.1 0.0 -9.609 0.05 6.704 1.0]
	ConcatTransform [0.401217 0.897696 -0.182118 0.0 -0.870987 0.312342 -0.379242 0.0 -0.283561 0.310781 0.907198 0.0 0.422641 -0.626636 0.325591 1.0]
240
	ConcatTransform [1.1 0.0 0.0 0.0 0.0 1.1 0.0 0.0 0.0 0.0 1.1 0.0 -9.609 0.05 6.704 1.0]
	ConcatTransform [0.338489 0.918387 -0.204915 0.0 -0.823958 0.184112 -0.535907 0.0 -0.454443 0.35024 0.819032 0.0 0.490882 -0.626112 0.39013 1.0]
241
	ConcatTransform [1.1 0.0 0.0 0.0 0.0 1.1 0.0 0.0 0.0 0.0 1.1 0.0 -9.609 0.05 6.704 1.0]
	ConcatTransform [0.296826 0.927928 -0.225485 0.0 -0.77247 0.094499 -0.627981 0.0 -0.561413 0.360582 0.744846 0.0 0.535502 -0.619941 0.431816 1.0]
242
	ConcatTransform [1.1 0.0 0.0 0.0 0.0 1.1 0.0 0.0 0.0 0.0 1.1 0.0 -9.609 0.05 6.704 1.0]
	ConcatTransform [0.23166 0.937269 -0.2605 0.0 -0.677481 -0.036728 -0.734623 0.0 -0.698107 0.346666 0.626474 0.0 0.59882 -0.602255 0.49079 1.0]
243
	ConcatTransform [1.1 0.0 0.0 0.0 0.0 1.1 0.0 0.0 0.0 0.0 1.1 0.0 -9.609 0.05 6.704 1.0]
	ConcatTransform [0.191502 0.93779 -0.289616 0.0 -0.621795 -0.112391 -0.775074 0.0 -0.759406 0.32851 0.56159 0.0 0.637387 -0.58748 0.526729 1.0]
244
	ConcatTransform [1.1 0.0 0.0 0.0 0.0 1.1 0.0 0.0 0.0 0.0 1.1 0.0 -9.609 0.05 6.704 1.0]
	ConcatTransform [0.129823 0.93534 -0.329067 0.0 -0.560067 -0.204688 -0.802762 0.0 -0.818212 0.288517 0.49728 0.0 0.689153 -0.564471 0.574845 1.0]
245
	ConcatTransform [1.1 0.0 0.0 0.0 0.0 1.1 0.0 0.0 0.0 0.0 1.1 0.0 -9.609 0.05 6.704 1.0]
	ConcatTransform [0.087595 0.929983 -0.357013 0.0 -0.547104 -0.254588 -0.79741 0.0 -0.832469 0.265172 0.486497 0.0 0.718555 -0.548977 0.602325 1.0]
246
	ConcatTransform [1.1 0.0 0.0 0.0 0.0 1.1 0.0 0.0 0.0 0.0 1.1 0.0 -9.609 0.05 6.704 1.0]
	ConcatTransform [0.030379 0.919142 -0.392753 0.0 -0.532858 -0.317549 -0.784363 0.0 -0.845659 0.23311 0.480126 0.0 0.756967 -0.530299 0.63734 1.0]
247
	ConcatTransform [1.1 0.0 0.0 0.0 0.0 1.1 0.0 0.0 0.0 0.0 1.1 0.0 -9.609 0.05 6.704 1.0]
	ConcatTransform [0.028053 0.906611 -0.421034 0.0 -0.514989 -0.347891 -0.783427 0.0 -0.856737 0.238805 0.457136 0.0 0.778247 -0.518005 0.654021 1.0]
248
	ConcatTransform [1.1 0.0 0.0 0.0 0.0 1.1 0.0 0.0 0.0 0.0 1.1 0.0 -9.609 0.05 6.704 1.0]
	ConcatTransform [0.002072 0.903763 -0.428028 0.0 -0.505776 -0.368298 -0.780094 0.0 -0.862662 0.218102 0.456339 0.0 0.804699 -0.509054 0.675602 1.0]
249
	ConcatTransform [1.1 0.0 0.0 0.0 0.0 1.1 0.0 0.0 0.0 0.0 1.1 0.0 -9.609 0.05 6.704 1.0]
	ConcatTransform [0.011867 0.90138 -0.432867 0.0 -0.495832 -0.370623 -0.78536 0.0 -0.868338 0.223948 0.442535 0.0 0.818952 -0.507102 0.684999 1.0]
250
	ConcatTransform [1.1 0.0 0.0 0.0 0.0 1.1 0.0 0.0 0.0 0.0 1.1 0.0 -9.609 0.05 6.704 1.0]
	ConcatTransform [-0.008236 0.902876 -0.429821 0.0 -0.491598 -0.377963 -0.784523 0.0 -0.870784 0.204838 0.446965 0.0 0.828904 -0.503729 0.688586 1.0]
251
	ConcatTransform [1.1 0.0 0.0 0.0 0.0 1.1 0.0 0.0 0.0 0.0 1.1 0.0 -9.609 0.05 6.704 1.0]
	ConcatTransform [-0.002752 0.906244 -0.422747 0.0 -0.489156 -0.369939 -0.789856 0.0 -0.872192 0.204615 0.444312 0.0 0.832173 -0.506261 0.6866 1.0]
252
	ConcatTransform [1.1 0.0 0.0 0.0 0.0 1.1 0.0 0.0 0.0 0.0 1.1 0.0 -9.609 0.05 6.704 1.0]
	ConcatTransform [0.014782 0.918423 -0.395323 0.0 -0.490887 -0.337775 -0.80308 0.0 -0.871098 0.20593 0.445849 0.0 0.831427 -0.517516 0.677986 1.0]
253
	ConcatTransform [1.1 0.0 0.0 0.0 0.0 1.1 0.0 0.0 0.0 0.0 1.1 0.0 -9.609 0.05 6.704 1.0]
	ConcatTransform [0.035023 0.928189 -0.370457 0.0 -0.492567 -0.306502 -0.814515 0.0 -0.86957 0.211001 0.446461 0.0 0.826766 -0.528696 0.66772 1.0]
254
	ConcatTransform [1.1 0.0 0.0 0.0 0.0 1.1 0.0 0.0 0.0 0.0 1.1 0.0 -9.609 0.05 6.704 1.0]
	ConcatTransform [0.082339 0.942238 -0.324665 0.0 -0.49389 -0.244375 -0.834478 0.0 -0.865617 0.229059 0.445241 0.0 0.813839 -0.549825 0.645441 1.0]
255
	ConcatTransform [1.1 0.0 0.0 0.0 0.0 1.1 0.0 0.0 0.0 0.0 1.1 0.0 -9.609 0.05 6.704 1.0]
	ConcatTransform [0.118283 0.952694 -0.279969 0.0 -0.4957 -0.187652 -0.847979 0.0 -0.860401 0.239082 0.450055 0.0 0.801335 -0.566351 0.626778 1.0]
256
	ConcatTransform [1.1 0.0 0.0 0.0 0.0 1.1 0.0 0.0 0.0 0.0 1.1 0.0 -9.609 0.05 6.704 1.0]
	ConcatTransform [0.178387 0.964355 -0.195444 0.0 -0.497289 -0.083035 -0.863602 0.0 -0.849047 0.251247 0.464751 0.0 0.776496 -0.590933 0.592717 1.0]
257
	ConcatTransform [1.1 0.0 0.0 0.0 0.0 1.1 0.0 0.0 0.0 0.0 1.1 0.0 -9.609 0.05 6.704 1.0]
	ConcatTransform [0.229999 0.963657 -0.135889 0.0 -0.492254 -0.005256 -0.870436 0.0 -0.839516 0.267092 0.473155 0.0 0.756627 -0.605689 0.566011 1.0]
258
	ConcatTransform [1.1 0.0 0.0 0.0 0.0 1.1 0.0 0.0 0.0 0.0 1.1 0.0 -9.609 0.05 6.704 1.0]
	ConcatTransform [0.306866 0.950585 -0.04714 0.0 -0.477088 0.110777 -0.871846 0.0 -0.823541 0.29003 0.487506 0.0 0.722129 -0.620439 0.521094 1.0]
259
	ConcatTransform [1.1 0.0 0.0 0.0 0.0 1.1 0.0 0.0 0.0 0.0 1.1 0.0 -9.609 0.05 6.704 1.0]
	ConcatTransform [0.356514 0.934278 0.004729 0.0 -0.455967 0.178408 -0.871932 0.0 -0.81547 0.308699 0.489605 0.0 0.696993 -0.625263 0.489447 1.0]
260
	ConcatTransform [1.1 0.0 0.0 0.0 0.0 1.1 0.0 0.0 0.0 0.0 1.1 0.0 -9.609 0.05 6.704 1.0]
	ConcatTransform [0.411908 0.909405 0.057574 0.0 -0.429587 0.249523 -0.867867 0.0 -0.803609 0.332749 0.493449 0.0 0.656357 -0.626317 0.444273 1.0]
261
	ConcatTransform [1.1 0.0 0.0 0.0 0.0 1.1 0.0 0.0 0.0 0.0 1.1 0.0 -9.609 0.05 6.704 1.0]
	ConcatTransform [0.449483 0.889697 0.080026 0.0 -0.420334 0.2897 -0.85988 0.0 -0.788216 0.352864 0.504185 0.0 0.628454 -0.625112 0.417637 1.0]
262
	ConcatTransform [1.1 0.0 0.0 0.0 0.0 1.1 0.0 0.0 0.0 0.0 1.1 0.0 -9.609 0.05 6.704 1.0]
	ConcatTransform [0.504767 0.854333 0.123793 0.0 -0.382858 0.350081 -0.854905 0.0 -0.773712 0.384133 0.503798 0.0 0.587353 -0.620424 0.382595 1.0]
263
	ConcatTransform [1.1 0.0 0.0 0.0 0.0 1.1 0.0 0.0 0.0 0.0 1.1 0.0 -9.609 0.05 6.704 1.0]
	ConcatTransform [0.534779 0.831651 0.149561 0.0 -0.352893 0.380636 -0.854741 0.0 -0.767774 0.404319 0.49704 0.0 0.560976 -0.615796 0.361578 1.0]
264
	ConcatTransform [1.1 0.0 0.0 0.0 0.0 1.1 0.0 0.0 0.0 0.0 1.1 0.0 -9.609 0.05 6.704 1.0]
	ConcatTransform [0.579849 0.793647 0.184116 0.0 -0.303881 0.420359 -0.854959 0.0 -0.75593 0.439798 0.48492 0.0 0.524269 -0.607976 0.333511 1.0]
265
	ConcatTransform [1.1 0.0 0.0 0.0 0.0 1.1 0.0 0.0 0.0 0.0 1.1 0.0 -9.609 0.05 6.704 1.0]
	ConcatTransform [0.607234 0.767803 0.204317 0.0 -0.275071 0.444414 -0.852545 0.0 -0.745388 0.461492 0.481064 0.0 0.502371 -0.601261 0.317353 1.0]
266
	ConcatTransform [1.1 0.0 0.0 0.0 0.0 1.1 0.0 0.0 0.0 0.0 1.1 0.0 -9.609 0.05 6.704 1.0]
	ConcatTransform [0.64142 0.731206 0.232202 0.0 -0.235904 0.475981 -0.847226 0.0 -0.730021 0.48865 0.477798 0.0 0.474097 -0.590673 0.297159 1.0]
267
	ConcatTransform [1.1 0.0 0.0 0.0 0.0 1.1 0.0 0.0 0.0 0.0 1.1 0.0 -9.609 0.05 6.704 1.0]
	ConcatTransform [0.658722 0.710902 0.24638 0.0 -0.215747 0.492187 -0.84333 0.0 -0.72079 0.502364 0.47759 0.0 0.458362 -0.584246 0.286485 1.0]
268
	ConcatTransform [1.1 0.0 0.0 0.0 0.0 1.1 0.0 0.0 0.0 0.0 1.1 0.0 -9.609 0.05 6.704 1.0]
	ConcatTransform [0.6767 0.690162 0.256424 0.0 -0.206952 0.512541 -0.83335 0.0 -0.706575 0.510861 0.489667 0.0 0.43952 -0.577167 0.27389 1.0]
269
	ConcatTransform [1.1 0.0 0.0 0.0 0.0 1.1 0.0 0.0 0.0 0.0 1.1 0.0 -9.609 0.05 6.704 1.0]
	ConcatTransform [0.684549 0.68262 0.255778 0.0 -0.211125 0.521495 -0.826722 0.0 -0.697724 0.511931 0.501107 0.0 0.430698 -0.573983 0.267784 1.0]
270
	ConcatTransform [1.1 0.0 0.0 0.0 0.0 1.1 0.0 0.0 0.0 0.0 1.1 0.0 -9.609 0.05 6.704 1.0]
	ConcatTransform [0.692729 0.677035 0.248496 0.0 -0.221519 0.527649 -0.820071 0.0 -0.686335 0.513041 0.515493 0.0 0.423569 -0.572223 0.261908 1.0]
271
	ConcatTransform [1.1 0.0 0.0 0.0 0.0 1.1 0.0 0.0 0.0 0.0 1.1 0.0 -9.609 0.05 6.704 1.0]
	ConcatTransform [0.691526 0.681077 0.240677 0.0 -0.233875 0.52634 -0.817477 0.0 -0.683443 0.509019 0.523264 0.0 0.422477 -0.573543 0.260103 1.0]
272
	ConcatTransform [1.1 0.0 0.0 0.0 0.0 1.1 0.0 0.0 0.0 0.0 1.1 0.0 -9.609 0.05 6.704 1.0]
	ConcatTransform [0.678992 0.698654 0.225505 0.0 -0.26018 0.516231 -0.815973 0.0 -0.686495 0.495367 0.532292 0.0 0.426267 -0.579184 0.260514 1.0]
273
	ConcatTransform [1.1 0.0 0.0 0.0 0.0 1.1 0.0 0.0 0.0 0.0 1.1 0.0 -9.609 0.05 6.704 1.0]
	ConcatTransform [0.667479 0.713999 0.211368 0.0 -0.280397 0.50397 -0.816941 0.0 -0.689818 0.486024 0.536593 0.0 0.432985 -0.584138 0.262988 1.0]
274
	ConcatTransform [1.1 0.0 0.0 0.0 0.0 1.1 0.0 0.0 0.0 0.0 1.1 0.0 -9.609 0.05 6.704 1.0]
	ConcatTransform [0.64348 0.74361 0.181596 0.0 -0.322065 0.478228 -0.817051 0.0 -0.694412 0.46727 0.547221 0.0 0.448675 -0.592924 0.26984 1.0]
275
	ConcatTransform [1.1 0.0 0.0 0.0 0.0 1.1 0.0 0.0 0.0 0.0 1.1 0.0 -9.609 0.05 6.704 1.0]
	ConcatTransform [0.620299 0.768214 0.158355 0.0 -0.353699 0.454154 -0.817705 0.0 -0.70009 0.451211 0.553428 0.0 0.462322 -0.600092 0.276131 1.0]
276
	ConcatTransform [1.1 0.0 0.0 0.0 0.0 1.1 0.0 0.0 0.0 0.0 1.1 0.0 -9.609 0.05 6.704 1.0]
	ConcatTransform [0.572235 0.811013 0.121677 0.0 -0.405341 0.408685 -0.817725 0.0 -0.712913 0.418611 0.562601 0.0 0.487216 -0.611074 0.288033 1.0]
277
	ConcatTransform [1.1 0.0 0.0 0.0 0.0 1.1 0.0 0.0 0.0 0.0 1.1 0.0 -9.609 0.05 6.704 1.0]
	ConcatTransform [0.540158 0.836208 0.094795 0.0 -0.437904 0.375471 -0.816861 0.0 -0.718658 0.399723 0.568992 0.0 0.507033 -0.616296 0.297334 1.0]
278
	ConcatTransform [1.1 0.0 0.0 0.0 0.0 1.1 0.0 0.0 0.0 0.0 1.1 0.0 -9.609 0.05 6.704 1.0]
	ConcatTransform [0.494735 0.866391 0.067854 0.0 -0.481423 0.338234 -0.808597 0.0 -0.723512 0.367375 0.584436 0.0 0.539882 -0.621033 0.312924 1.0]
279
	ConcatTransform [1.1 0.0 0.0 0.0 0.0 1.1 0.0 0.0 0.0 0.0 1.1 0.0 -9.609 0.05 6.704 1.0]
	ConcatTransform [0.461635 0.885695 0.049383 0.0 -0.510404 0.310736 -0.80183 0.0 -0.725521 0.344947 0.595509 0.0 0.56291 -0.623163 0.323706 1.0]
280
	ConcatTransform [1.1 0.0 0.0 0.0 0.0 1.1 0.0 0.0 0.0 0.0 1.1 0.0 -9.609 0.05 6.704 1.0]
	ConcatTransform [0.413767 0.910226 0.016933 0.0 -0.550778 0.265093 -0.791435 0.0 -0.724873 0.318143 0.611018 0.0 0.598359 -0.624996 0.339937 1.0]
281
	ConcatTransform [1.1 0.0 0.0 0.0 0.0 1.1 0.0 0.0 0.0 0.0 1.1 0.0 -9.609 0.05 6.704 1.0]
	ConcatTransform [0.378212 0.925685 -0.007925 0.0 -0.576974 0.229025 -0.783995 0.0 -0.723918 0.301089 0.620716 0.0 0.621619 -0.62496 0.350492 1.0]
282
	ConcatTransform [1.1 0.0 0.0 0.0 0.0 1.1 0.0 0.0 0.0 0.0 1.1 0.0 -9.609 0.05 6.704 1.0]
	ConcatTransform [0.331096 0.942656 -0.042123 0.0 -0.610939 0.180136 -0.770911 0.0 -0.719116 0.280981 0.635548 0.0 0.655721 -0.623088 0.365959 1.0]
283
	ConcatTransform [1.1 0.0 0.0 0.0 0.0 1.1 0.0 0.0 0.0 0.0 1.1 0.0 -9.609 0.05 6.704 1.0]
	ConcatTransform [0.302936 0.950772 -0.065284 0.0 -0.630642 0.148634 -0.761708 0.0 -0.714507 0.271919 0.644624 0.0 0.6775 -0.620589 0.375801 1.0]
284
	ConcatTransform [1.1 0.0 0.0 0.0 0.0 1.1 0.0 0.0 0.0 0.0 1.1 0.0 -9.609 0.05 6.704 1.0]
	ConcatTransform [0.265442 0.959203 -0.097318 0.0 -0.656451 0.105883 -0.746901 0.0 -0.706125 0.262143 0.657776 0.0 0.708159 -0.616504 0.389685 1.0]
285
	ConcatTransform [1.1 0.0 0.0 0.0 0.0 1.1 0.0 0.0 0.0 0.0 1.1 0.0 -9.609 0.05 6.704 1.0]
	ConcatTransform [0.241781 0.963379 -0.115943 0.0 -0.672458 0.080217 -0.735776 0.0 -0.69953 0.255863 0.667227 0.0 0.72676 -0.613572 0.398337 1.0]
286
	ConcatTransform [1.1 0.0 0.0 0.0 0.0 1.1 0.0 0.0 0.0 0.0 1.1 0.0 -9.609 0.05 6.704 1.0]
	ConcatTransform [0.207167 0.968483 -0.138287 0.0 -0.695547 0.046408 -0.71698 0.0 -0.687965 0.244719 0.68324 0.0 0.751214 -0.609005 0.41018 1.0]
287
	ConcatTransform [1.1 0.0 0.0 0.0 0.0 1.1 0.0 0.0 0.0 0.0 1.1 0.0 -9.609 0.05 6.704 1.0]
	ConcatTransform [0.190885 0.969867 -0.1514 0.0 -0.709357 0.029681 -0.704224 0.0 -0.67851 0.241822 0.693647 0.0 0.765299 -0.606623 0.417136 1.0]
288
	ConcatTransform [1.1 0.0 0.0 0.0 0.0 1.1 0.0 0.0 0.0 0.0 1.1 0.0 -9.609 0.05 6.704 1.0]
	ConcatTransform [0.177395 0.969288 -0.170328 0.0 -0.727849 0.012728 -0.68562 0.0 -0.662395 0.245598 0.707753 0.0 0.782831 -0.604424 0.425949 1.0]
289
	ConcatTransform [1.1 0.0 0.0 0.0 0.0 1.1 0.0 0.0 0.0 0.0 1.1 0.0 -9.609 0.05 6.704 1.0]
	ConcatTransform [0.169971 0.969057 -0.178993 0.0 -0.740256 0.00566 -0.672301 0.0 -0.650485 0.246773 0.718313 0.0 0.791615 -0.603431 0.430815 1.0]
290
	ConcatTransform [1.1 0.0 0.0 0.0 0.0 1.1 0.0 0.0 0.0 0.0 1.1 0.0 -9.609 0.05 6.704 1.0]
	ConcatTransform [0.16169 0.969225 -0.185634 0.0 -0.75912 0.001965 -0.650947 0.0 -0.630549 0.24617 0.736076 0.0 0.800314 -0.602804 0.436601 1.0]
291
	ConcatTransform [1.1 0.0 0.0 0.0 0.0 1.1 0.0 0.0 0.0 0.0 1.1 0.0 -9.609 0.05 6.704 1.0]
	ConcatTransform [0.163996 0.967988 -0.19001 0.0 -0.770488 0.005412 -0.637431 0.0 -0.615998 0.250937 0.746711 0.0 0.803496 -0.603546 0.439319 1.0]
292
	ConcatTransform [1.1 0.0 0.0 0.0 0.0 1.1 0.0 0.0 0.0 0.0 1.1 0.0 -9.609 0.05 6.704 1.0]
	ConcatTransform [0.1789 0.963917 -0.197126 0.0 -0.785671 0.019363 -0.618342 0.0 -0.592213 0.265498 0.760786 0.0 0.804384 -0.606225 0.441718 1.0]
293
	ConcatTransform [1.1 0.0 0.0 0.0 0.0 1.1 0.0 0.0 0.0 0.0 1.1 0.0 -9.609 0.05 6.704 1.0]
	ConcatTransform [0.190414 0.961454 -0.198364 0.0 -0.795736 0.032823 -0.604754 0.0 -0.574932 0.272999 0.771314 0.0 0.80212 -0.608333 0.442399 1.0]
294
	ConcatTransform [1.1 0.0 0.0 0.0 0.0 1.1 0.0 0.0 0.0 0.0 1.1 0.0 -9.609 0.05 6.704 1.0]
	ConcatTransform [0.209674 0.957993 -0.19567 0.0 -0.810319 0.058257 -0.583085 0.0 -0.547192 0.280813 0.788495 0.0 0.794763 -0.611704 0.442164 1.0]
295
	ConcatTransform [1.1 0.0 0.0 0.0 0.0 1.1 0.0 0.0 0.0 0.0 1.1 0.0 -9.609 0.05 6.704 1.0]
	ConcatTransform [0.228625 0.953729 -0.195274 0.0 -0.818258 0.079584 -0.569316 0.0 -0.527432 0.289945 0.798591 0.0 0.787734 -0.614297 0.441082 1.0]
296
	ConcatTransform [1.1 0.0 0.0 0.0 0.0 1.1 0.0 0.0 0.0 0.0 1.1 0.0 -9.609 0.05 6.704 1.0]
	ConcatTransform [0.263431 0.94441 -0.196707 0.0 -0.827503 0.116418 -0.549259 0.0 -0.495826 0.307467 0.81217 0.0 0.774356 -0.618044 0.438239 1.0]
297
	ConcatTransform [1.1 0.0 0.0 0.0 0.0 1.1 0.0 0.0 0.0 0.0 1.1 0.0 -9.609 0.05 6.704 1.0]
	ConcatTransform [0.285222 0.938266 -0.195717 0.0 -0.832979 0.141646 -0.534867 0.0 -0.474125 0.315585 0.821956 0.0 0.763663 -0.619941 0.435797 1.0]
298
	ConcatTransform [1.1 0.0 0.0 0.0 0.0 1.1 0.0 0.0 0.0 0.0 1.1 0.0 -9.609 0.05 6.704 1.0]
	ConcatTransform [0.316307 0.928884 -0.192674 0.0 -0.839876 0.179765 -0.512146 0.0 -0.441088 0.323818 0.837008 0.0 0.74572 -0.62192 0.43147 1.0]
299
	ConcatTransform [1.1 0.0 0.0 0.0 0.0 1.1 0.0 0.0 0.0 0.0 1.1 0.0 -9.609 0.05 6.704 1.0]
	ConcatTransform [0.337447 0.921515 -0.192198 0.0 -0.84314 0.205079 -0.497048 0.0 -0.418621 0.329778 0.84617 0.0 0.732975 -0.62269 0.428145 1.0]
300
	ConcatTransform [1.1 0.0 0.0 0.0 0.0 1.1 0.0 0.0 0.0 0.0 1.1 0.0 -9.609 0.05 6.704 1.0]
	ConcatTransform [0.365861 0.910664 -0.191928 0.0 -0.847205 0.240532 -0.473696 0.0 -0.385213 0.33591 0.859521 0.0 0.713234 -0.623006 0.4228 1.0]
301
	ConcatTransform [1.1 0.0 0.0 0.0 0.0 1.1 0.0 0.0 0.0 0.0 1.1 0.0 -9.609 0.05 6.704 1.0]
	ConcatTransform [0.38219 0.90403 -0.191468 0.0 -0.849636 0.262296 -0.457514 0.0 -0.363385 0.337536 0.868344 0.0 0.700023 -0.622778 0.41914 1.0]
302
	ConcatTransform [1.1 0.0 0.0 0.0 0.0 1.1 0.0 0.0 0.0 0.0 1.1 0.0 -9.609 0.05 6.704 1.0]
	ConcatTransform [0.404324 0.89422 -0.192074 0.0 -0.852624 0.292515 -0.432976 0.0 -0.330991 0.338829 0.880704 0.0 0.680779 -0.621932 0.413606 1.0]
303
	ConcatTransform [1.1 0.0 0.0 0.0 0.0 1.1 0.0 0.0 0.0 0.0 1.1 0.0 -9.609 0.05 6.704 1.0]
	ConcatTransform [0.415648 0.888776 -0.193168 0.0 -0.854962 0.309345 -0.416348 0.0 -0.310285 0.338205 0.888449 0.0 0.668561 -0.621194 0.409991 1.0]
304
	ConcatTransform [1.1 0.0 0.0 0.0 0.0 1.1 0.0 0.0 0.0 0.0 1.1 0.0 -9.609 0.05 6.704 1.0]
	ConcatTransform [0.426795 0.882361 -0.198205 0.0 -0.859685 0.327827 -0.391754 0.0 -0.280692 0.337592 0.898467 0.0 0.651543 -0.620131 0.40471 1.0]
305
	ConcatTransform [1.1 0.0 0.0 0.0 0.0 1.1 0.0 0.0 0.0 0.0 1.1 0.0 -9.609 0.05 6.704 1.0]
	ConcatTransform [0.432463 0.87902 -0.200746 0.0 -0.862905 0.338925 -0.374866 0.0 -0.261477 0.335341 0.905084 0.0 0.641348 -0.619411 0.401473 1.0]
306
	ConcatTransform [1.1 0.0 0.0 0.0 0.0 1.1 0.0 0.0 0.0 0.0 1.1 0.0 -9.609 0.05 6.704 1.0]
	ConcatTransform [0.438751 0.875539 -0.202312 0.0 -0.867744 0.354303 -0.348555 0.0 -0.233493 0.328484 0.915194 0.0 0.628083 -0.618324 0.397189 1.0]
307
	ConcatTransform [1.1 0.0 0.0 0.0 0.0 1.1 0.0 0.0 0.0 0.0 1.1 0.0 -9.609 0.05 6.704 1.0]
	ConcatTransform [0.439098 0.874571 -0.205715 0.0 -0.872134 0.359918 -0.331424 0.0 -0.215813 0.324938 0.920782 0.0 0.620606 -0.61788 0.394598 1.0]
308
	ConcatTransform [1.1 0.0 0.0 0.0 0.0 1.1 0.0 0.0 0.0 0.0 1.1 0.0 -9.609 0.05 6.704 1.0]
	ConcatTransform [0.433732 0.875086 -0.214714 0.0 -0.880636 0.36127 -0.306536 0.0 -0.190676 0.322039 0.927326 0.0 0.61155 -0.617765 0.391152 1.0]
309
	ConcatTransform [1.1 0.0 0.0 0.0 0.0 1.1 0.0 0.0 0.0 0.0 1.1 0.0 -9.609 0.05 6.704 1.0]
	ConcatTransform [0.428905 0.876331 -0.219284 0.0 -0.88636 0.361393 -0.289414 0.0 -0.174375 0.318496 0.931748 0.0 0.607109 -0.617769 0.38935 1.0]
310
	ConcatTransform [1.1 0.0 0.0 0.0 0.0 1.1 0.0 0.0 0.0 0.0 1.1 0.0 -9.609 0.05 6.704 1.0]
	ConcatTransform [0.420258 0.879229 -0.224363 0.0 -0.894856 0.3606 -0.263059 0.0 -0.150384 0.311326 0.938329 0.0 0.602854 -0.617841 0.387408 1.0]
311
	ConcatTransform [1.1 0.0 0.0 0.0 0.0 1.1 0.0 0.0 0.0 0.0 1.1 0.0 -9.609 0.05 6.704 1.0]
	ConcatTransform [0.410905 0.882084 -0.230403 0.0 -0.901607 0.355713 -0.246117 0.0 -0.135138 0.308864 0.941457 0.0 0.601457 -0.618233 0.386454 1.0]
312
	ConcatTransform [1.1 0.0 0.0 0.0 0.0 1.1 0.0 0.0 0.0 0.0 1.1 0.0 -9.609 0.05 6.704 1.0]
	ConcatTransform [0.391531 0.887597 -0.242642 0.0 -0.913139 0.342266 -0.221427 0.0 -0.11349 0.308261 0.944508 0.0 0.601401 -0.619246 0.385561 1.0]
313
	ConcatTransform [1.1 0.0 0.0 0.0 0.0 1.1 0.0 0.0 0.0 0.0 1.1 0.0 -9.609 0.05 6.704 1.0]
	ConcatTransform [0.378322 0.891352 -0.249728 0.0 -0.920353 0.333315 -0.204575 0.0 -0.09911 0.307233 0.946459 0.0 0.602759 -0.619841 0.385446 1.0]
314
	ConcatTransform [1.1 0.0 0.0 0.0 0.0 1.1 0.0 0.0 0.0 0.0 1.1 0.0 -9.609 0.05 6.704 1.0]
	ConcatTransform [0.358583 0.896644 -0.259707 0.0 -0.930289 0.320193 -0.178996 0.0 -0.07734 0.305787 0.948954 0.0 0.606666 -0.620597 0.3859 1.0]
315
	ConcatTransform [1.1 0.0 0.0 0.0 0.0 1.1 0.0 0.0 0.0 0.0 1.1 0.0 -9.609 0.05 6.704 1.0]
	ConcatTransform [0.342652 0.900441 -0.267949 0.0 -0.937315 0.308395 -0.162275 0.0 -0.063485 0.306756 0.949669 0.0 0.610242 -0.621196 0.386489 1.0]
316
	ConcatTransform [1.1 0.0 0.0 0.0 0.0 1.1 0.0 0.0 0.0 0.0 1.1 0.0 -9.609 0.05 6.704 1.0]
	ConcatTransform [0.315802 0.906171 -0.281288 0.0 -0.947828 0.287705 -0.137285 0.0 -0.043476 0.309968 0.949753 0.0 0.616821 -0.622035 0.387785 1.0]
317
	ConcatTransform [1.1 0.0 0.0 0.0 0.0 1.1 0.0 0.0 0.0 0.0 1.1 0.0 -9.609 0.05 6.704 1.0]
	ConcatTransform [0.299228 0.909161 -0.289634 0.0 -0.95372 0.275528 -0.120429 0.0 -0.029687 0.312266 0.949531 0.0 0.621943 -0.622387 0.388921 1.0]
318
	ConcatTransform [1.1 0.0 0.0 0.0 0.0 1.1 0.0 0.0 0.0 0.0 1.1 0.0 -9.609 0.05 6.704 1.0]
	ConcatTransform [0.275451 0.912841 -0.301409 0.0 -0.961276 0.258738 -0.094882 0.0 -0.008626 0.315873 0.948762 0.0 0.630368 -0.622702 0.390929 1.0]
319
	ConcatTransform [1.1 0.0 0.0 0.0 0.0 1.1 0.0 0.0 0.0 0.0 1.1 0.0 -9.609 0.05 6.704 1.0]
	ConcatTransform [0.258975 0.91501 -0.309336 0.0 -0.96587 0.247064 -0.077812 0.0 0.005227 0.31893 0.947764 0.0 0.63625 -0.622815 0.392391 1.0]
320
	ConcatTransform [1.1 0.0 0.0 0.0 0.0 1.1 0.0 0.0 0.0 0.0 1.1 0.0 -9.609 0.05 6.704 1.0]
	ConcatTransform [0.235362 0.917575 -0.320407 0.0 -0.971551 0.231058 -0.051976 0.0 0.026341 0.323525 0.945853 0.0 0.645231 -0.622818 0.39472 1.0]
321
	ConcatTransform [1.1 0.0 0.0 0.0 0.0 1.1 0.0 0.0 0.0 0.0 1.1 0.0 -9.609 0.05 6.704 1.0]
	ConcatTransform [0.220641 0.9188 -0.327297 0.0 -0.974505 0.221677 -0.034646 0.0 0.040722 0.326597 0.944286 0.0 0.65117 -0.622737 0.396315 1.0]
322
	ConcatTransform [1.1 0.0 0.0 0.0 0.0 1.1 0.0 0.0 0.0 0.0 1.1 0.0 -9.609 0.05 6.704 1.0]
	ConcatTransform [0.199966 0.919677 -0.337947 0.0 -0.9778 0.209356 -0.008839 0.0 0.062622 0.332212 0.941124 0.0 0.659751 -0.622534 0.398648 1.0]
323
	ConcatTransform [1.1 0.0 0.0 0.0 0.0 1.1 0.0 0.0 0.0 0.0 1.1 0.0 -9.609 0.05 6.704 1.0]
	ConcatTransform [0.187273 0.919976 -0.344344 0.0 -0.979242 0.202516 0.008492 0.0 0.077548 0.335606 0.938805 0.0 0.66513 -0.62237 0.400168 1.0]
324
	ConcatTransform [1.1 0.0 0.0 0.0 0.0 1.1 0.0 0.0 0.0 0.0 1.1 0.0 -9.609 0.05 6.704 1.0]
	ConcatTransform [0.169847 0.920459 -0.352006 0.0 -0.980329 0.194252 0.03493 0.0 0.10053 0.339149 0.935346 0.0 0.672501 -0.622127 0.402372 1.0]
325
	ConcatTransform [1.1 0.0 0.0 0.0 0.0 1.1 0.0 0.0 0.0 0.0 1.1 0.0 -9.609 0.05 6.704 1.0]
	ConcatTransform [0.159541 0.920226 -0.357395 0.0 -0.980332 0.190288 0.052336 0.0 0.116169 0.342016 0.932486 0.0 0.676866 -0.621982 0.403692 1.0]
326
	ConcatTransform [1.1 0.0 0.0 0.0 0.0 1.1 0.0 0.0 0.0 0.0 1.1 0.0 -9.609 0.05 6.704 1.0]
	ConcatTransform [0.146135 0.918917 -0.366381 0.0 -0.9793 0.18681 0.077933 0.0 0.140058 0.347409 0.927195 0.0 0.682478 -0.62181 0.405382 1.0]
327
	ConcatTransform [1.1 0.0 0.0 0.0 0.0 1.1 0.0 0.0 0.0 0.0 1.1 0.0 -9.609 0.05 6.704 1.0]
	ConcatTransform [0.138271 0.918321 -0.370901 0.0 -0.977964 0.185746 0.09531 0.0 0.156419 0.349549 0.923769 0.0 0.685547 -0.621744 0.406387 1.0]
328
	ConcatTransform [1.1 0.0 0.0 0.0 0.0 1.1 0.0 0.0 0.0 0.0 1.1 0.0 -9.609 0.05 6.704 1.0]
	ConcatTransform [0.12805 0.918031 -0.375263 0.0 -0.974991 0.185825 0.121905 0.0 0.181646 0.350268 0.918867 0.0 0.689103 -0.621732 0.407695 1.0]
329
	ConcatTransform [1.1 0.0 0.0 0.0 0.0 1.1 0.0 0.0 0.0 0.0 1.1 0.0 -9.609 0.05 6.704 1.0]
	ConcatTransform [0.122396 0.91736 -0.378775 0.0 -0.97239 0.187244 0.139274 0.0 0.198688 0.35127 0.914949 0.0 0.690767 -0.621763 0.408328 1.0]
330
	ConcatTransform [1.1 0.0 0.0 0.0 0.0 1.1 0.0 0.0 0.0 0.0 1.1 0.0 -9.609 0.05 6.704 1.0]
	ConcatTransform [0.115247 0.915743 -0.38488 0.0 -0.967643 0.191052 0.16482 0.0 0.224465 0.353432 0.908131 0.0 0.692213 -0.621845 0.408912 1.0]
331
	ConcatTransform [1.1 0.0 0.0 0.0 0.0 1.1 0.0 0.0 0.0 0.0 1.1 0.0 -9.609 0.05 6.704 1.0]
	ConcatTransform [0.111241 0.915191 -0.387363 0.0 -0.963879 0.194275 0.182195 0.0 0.241999 0.353104 0.903745 0.0 0.692512 -0.621942 0.409155 1.0]
332
	ConcatTransform [1.1 0.0 0.0 0.0 0.0 1.1 0.0 0.0 0.0 0.0 1.1 0.0 -9.609 0.05 6.704 1.0]
	ConcatTransform [0.106466 0.915014 -0.389119 0.0 -0.957301 0.200112 0.208637 0.0 0.268773 0.350292 0.89725 0.0 0.692042 -0.62214 0.409294 1.0]
333
	ConcatTransform [1.1 0.0 0.0 0.0 0.0 1.1 0.0 0.0 0.0 0.0 1.1 0.0 -9.609 0.05 6.704 1.0]
	ConcatTransform [0.103716 0.914594 -0.390847 0.0 -0.952422 0.204559 0.225937 0.0 0.286592 0.348818 0.892295 0.0 0.691152 -0.622263 0.409163 1.0]
334
	ConcatTransform [1.1 0.0 0.0 0.0 0.0 1.1 0.0 0.0 0.0 0.0 1.1 0.0 -9.609 0.05 6.704 1.0]
	ConcatTransform [0.099745 0.913773 -0.393789 0.0 -0.944447 0.211505 0.251567 0.0 0.313163 0.346821 0.884106 0.0 0.689053 -0.622423 0.408682 1.0]
335
	ConcatTransform [1.1 0.0 0.0 0.0 0.0 1.1 0.0 0.0 0.0 0.0 1.1 0.0 -9.609 0.05 6.704 1.0]
	ConcatTransform [0.097535 0.91365 -0.394628 0.0 -0.938576 0.216319 0.26885 0.0 0.331 0.344166 0.878629 0.0 0.687236 -0.622531 0.40825 1.0]
336
	ConcatTransform [1.1 0.0 0.0 0.0 0.0 1.1 0.0 0.0 0.0 0.0 1.1 0.0 -9.609 0.05 6.704 1.0]
	ConcatTransform [0.094784 0.913781 -0.394993 0.0 -0.928978 0.223797 0.294814 0.0 0.357794 0.338996 0.870095 0.0 0.684014 -0.622672 0.40744 1.0]
337
	ConcatTransform [1.1 0.0 0.0 0.0 0.0 1.1 0.0 0.0 0.0 0.0 1.1 0.0 -9.609 0.05 6.704 1.0]
	ConcatTransform [0.092627 0.913779 -0.39551 0.0 -0.922236 0.228481 0.311894 0.0 0.375369 0.335863 0.863883 0.0 0.681588 -0.622732 0.406776 1.0]
338
	ConcatTransform [1.1 0.0 0.0 0.0 0.0 1.1 0.0 0.0 0.0 0.0 1.1 0.0 -9.609 0.05 6.704 1.0]
	ConcatTransform [0.088872 0.913905 -0.39608 0.0 -0.911615 0.234853 0.337346 0.0 0.401323 0.331092 0.854001 0.0 0.677676 -0.622784 0.405667 1.0]
339
	ConcatTransform [1.1 0.0 0.0 0.0 0.0 1.1 0.0 0.0 0.0 0.0 1.1 0.0 -9.609 0.05 6.704 1.0]
	ConcatTransform [0.086368 0.914106 -0.396169 0.0 -0.904116 0.238946 0.354231 0.0 0.418468 0.327588 0.847095 0.0 0.674979 -0.622797 0.404885 1.0]
340
	ConcatTransform [1.1 0.0 0.0 0.0 0.0 1.1 0.0 0.0 0.0 0.0 1.1 0.0 -9.609 0.05 6.704 1.0]
	ConcatTransform [0.081917 0.914429 -0.396369 0.0 -0.892436 0.244349 0.379277 0.0 0.443674 0.322665 0.836086 0.0 0.670906 -0.622787 0.403668 1.0]
341
	ConcatTransform [1.1 0.0 0.0 0.0 0.0 1.1 0.0 0.0 0.0 0.0 1.1 0.0 -9.609 0.05 6.704 1.0]
	ConcatTransform [0.078391 0.914681 -0.396501 0.0 -0.884398 0.247365 0.395792 0.0 0.460104 0.319638 0.828333 0.0 0.668239 -0.622765 0.40285 1.0]
342
	ConcatTransform [1.1 0.0 0.0 0.0 0.0 1.1 0.0 0.0 0.0 0.0 1.1 0.0 -9.609 0.05 6.704 1.0]
	ConcatTransform [0.072731 0.915155 -0.396486 0.0 -0.871853 0.251393 0.420326 0.0 0.484337 0.315107 0.816165 0.0 0.664437 -0.622716 0.401661 1.0]
343
	ConcatTransform [1.1 0.0 0.0 0.0 0.0 1.1 0.0 0.0 0.0 0.0 1.1 0.0 -9.609 0.05 6.704 1.0]
	ConcatTransform [0.06822 0.915471 -0.396558 0.0 -0.863308 0.253393 0.436452 0.0 0.500045 0.312577 0.80762 0.0 0.662071 -0.62268 0.400898 1.0]
344
	ConcatTransform [1.1 0.0 0.0 0.0 0.0 1.1 0.0 0.0 0.0 0.0 1.1 0.0 -9.609 0.05 6.704 1.0]
	ConcatTransform [0.060012 0.915852 -0.397005 0.0 -0.850334 0.255214 0.460216 0.0 0.522811 0.309969 0.794096 0.0 0.658839 -0.622638 0.399813 1.0]
345
	ConcatTransform [1.1 0.0 0.0 0.0 0.0 1.1 0.0 0.0 0.0 0.0 1.1 0.0 -9.609 0.05 6.704 1.0]
	ConcatTransform [0.054259 0.916172 -0.397096 0.0 -0.841396 0.256094 0.475887 0.0 0.537688 0.308294 0.784759 0.0 0.656958 -0.622612 0.399163 1.0]
346
	ConcatTransform [1.1 0.0 0.0 0.0 0.0 1.1 0.0 0.0 0.0 0.0 1.1 0.0 -9.609 0.05 6.704 1.0]
	ConcatTransform [0.045409 0.916776 -0.396813 0.0 -0.827512 0.257039 0.499155 0.0 0.559609 0.305701 0.770314 0.0 0.654603 -0.622571 0.398316 1.0]
347
	ConcatTransform [1.1 0.0 0.0 0.0 0.0 1.1 0.0 0.0 0.0 0.0 1.1 0.0 -9.609 0.05 6.704 1.0]
	ConcatTransform [0.03853 0.917063 -0.396877 0.0 -0.818181 0.256967 0.514342 0.0 0.573669 0.304899 0.760224 0.0 0.653326 -0.622561 0.39782 1.0]
348
	ConcatTransform [1.1 0.0 0.0 0.0 0.0 1.1 0.0 0.0 0.0 0.0 1.1 0.0 -9.609 0.05 6.704 1.0]
	ConcatTransform [0.02671 0.917286 -0.397332 0.0 -0.804094 0.25586 0.536627 0.0 0.593902 0.305159 0.744418 0.0 0.651862 -0.622575 0.397183 1.0]
349
	ConcatTransform [1.1 0.0 0.0 0.0 0.0 1.1 0.0 0.0 0.0 0.0 1.1 0.0 -9.609 0.05 6.704 1.0]
	ConcatTransform [0.01879 0.917471 -0.397358 0.0 -0.794374 0.255036 0.551296 0.0 0.607139 0.305292 0.733607 0.0 0.651226 -0.622585 0.396859 1.0]
350
	ConcatTransform [1.1 0.0 0.0 0.0 0.0 1.1 0.0 0.0 0.0 0.0 1.1 0.0 -9.609 0.05 6.704 1.0]
	ConcatTransform [0.006951 0.917763 -0.397067 0.0 -0.779283 0.253799 0.572978 0.0 0.626633 0.305445 0.716962 0.0 0.650766 -0.622597 0.396516 1.0]
351
	ConcatTransform [1.1 0.0 0.0 0.0 0.0 1.1 0.0 0.0 0.0 0.0 1.1 0.0 -9.609 0.05 6.704 1.0]
	ConcatTransform [-0.002039 0.91786 -0.3969 0.0 -0.769201 0.252182 0.587141 0.0 0.639004 0.306493 0.705504 0.0 0.650733 -0.622624 0.396366 1.0]
352
	ConcatTransform [1.1 0.0 0.0 0.0 0.0 1.1 0.0 0.0 0.0 0.0 1.1 0.0 -9.609 0.05 6.704 1.0]
	ConcatTransform [-0.015282 0.917621 -0.397162 0.0 -0.75355 0.250511 0.607788 0.0 0.657212 0.30857 0.687645 0.0 0.651127 -0.62266 0.39624 1.0]
353
	ConcatTransform [1.1 0.0 0.0 0.0 0.0 1.1 0.0 0.0 0.0 0.0 1.1 0.0 -9.609 0.05 6.704 1.0]
	ConcatTransform [-0.024831 0.917487 -0.39699 0.0 -0.742994 0.248749 0.621357 0.0 0.668838 0.31039 0.67551 0.0 0.651622 -0.622689 0.396237 1.0]
354
	ConcatTransform [1.1 0.0 0.0 0.0 0.0 1.1 0.0 0.0 0.0 0.0 1.1 0.0 -9.609 0.05 6.704 1.0]
	ConcatTransform [-0.039788 0.917285 -0.396239 0.0 -0.726857 0.245536 0.641397 0.0 0.685635 0.313529 0.656966 0.0 0.652667 -0.622732 0.396341 1.0]
355
	ConcatTransform [1.1 0.0 0.0 0.0 0.0 1.1 0.0 0.0 0.0 0.0 1.1 0.0 -9.609 0.05 6.704 1.0]
	ConcatTransform [-0.049394 0.917002 -0.395813 0.0 -0.715708 0.243921 0.654419 0.0 0.696651 0.315611 0.644257 0.0 0.653554 -0.622752 0.396461 1.0]
356
	ConcatTransform [1.1 0.0 0.0 0.0 0.0 1.1 0.0 0.0 0.0 0.0 1.1 0.0 -9.609 0.05 6.704 1.0]
	ConcatTransform [-0.06351 0.916435 -0.395111 0.0 -0.698476 0.241961 0.673488 0.0 0.71281 0.318749 0.624741 0.0 0.655093 -0.622773 0.396709 1.0]
357
	ConcatTransform [1.1 0.0 0.0 0.0 0.0 1.1 0.0 0.0 0.0 0.0 1.1 0.0 -9.609 0.05 6.704 1.0]
	ConcatTransform [-0.07305 0.916076 -0.394296 0.0 -0.68673 0.240495 0.685977 0.0 0.723233 0.320885 0.611528 0.0 0.656209 -0.622783 0.396918 1.0]
358
	ConcatTransform [1.1 0.0 0.0 0.0 0.0 1.1 0.0 0.0 0.0 0.0 1.1 0.0 -9.609 0.05 6.704 1.0]
	ConcatTransform [-0.087102 0.915527 -0.392712 0.0 -0.668622 0.238502 0.704316 0.0 0.738484 0.323924 0.591367 0.0 0.657969 -0.622789 0.397282 1.0]
359
	ConcatTransform [1.1 0.0 0.0 0.0 0.0 1.1 0.0 0.0 0.0 0.0 1.1 0.0 -9.609 0.05 6.704 1.0]
	ConcatTransform [-0.096176 0.915098 -0.391593 0.0 -0.656209 0.237522 0.716222 0.0 0.748425 0.32585 0.577652 0.0 0.659168 -0.622789 0.397542 1.0]
360
	ConcatTransform [1.1 0.0 0.0 0.0 0.0 1.1 0.0 0.0 0.0 0.0 1.1 0.0 -9.609 0.05 6.704 1.0]
	ConcatTransform [-0.177644 0.914311 -0.363976 0.0 -0.485223 0.240395 0.840696 0.0 0.856155 0.325954 0.400939 0.0 0.167544 -0.62279 0.796692 1.0]
