228
	ConcatTransform [1.1 0.0 0.0 0.0 0.0 1.1 0.0 0.0 0.0 0.0 1.1 0.0 -9.609 0.05 6.704 1.0]
	ConcatTransform [0.981601 0.180855 -0.061239 0.0 -0.185291 0.97968 -0.076777 0.0 0.046109 0.086711 0.995166 0.0 -0.005619 -0.01743 0.003736 1.0]
229
	ConcatTransform [1.1 0.0 0.0 0.0 0.0 1.1 0.0 0.0 0.0 0.0 1.1 0.0 -9.609 0.05 6.704 1.0]
	ConcatTransform [0.912495 0.368731 -0.177171 0.0 -0.385714 0.91978 -0.072308 0.0 0.136296 0.134318 0.98152 0.0 -0.011813 -0.042058 -0.001163 1.0]
230
	ConcatTransform [1.1 0.0 0.0 0.0 0.0 1.1 0.0 0.0 0.0 0.0 1.1 0.0 -9.609 0.05 6.704 1.0]
	ConcatTransform [0.565294 0.585698 -0.580862 0.0 -0.513552 0.800943 0.307824 0.0 0.645529 0.124292 0.753554 0.0 -0.029379 -0.081679 -0.029098 1.0]
231
	ConcatTransform [1.1 0.0 0.0 0.0 0.0 1.1 0.0 0.0 0.0 0.0 1.1 0.0 -9.609 0.05 6.704 1.0]
	ConcatTransform [0.477004 0.598535 -0.643601 0.0 -0.414537 0.798925 0.43575 0.0 0.775001 0.058942 0.629205 0.0 -0.03724 -0.118486 -0.049461 1.0]
232
	ConcatTransform [1.1 0.0 0.0 0.0 0.0 1.1 0.0 0.0 0.0 0.0 1.1 0.0 -9.609 0.05 6.704 1.0]
	ConcatTransform [0.386135 0.59442 -0.705383 0.0 -0.231892 0.802685 0.549475 0.0 0.892819 -0.048599 0.447786 0.0 -0.049089 -0.190172 -0.081679 1.0]
233
	ConcatTransform [1.1 0.0 0.0 0.0 0.0 1.1 0.0 0.0 0.0 0.0 1.1 0.0 -9.609 0.05 6.704 1.0]
	ConcatTransform [0.353172 0.601379 -0.716668 0.0 -0.092301 0.784693 0.612975 0.0 0.930994 -0.150337 0.332639 0.0 -0.054019 -0.248656 -0.101386 1.0]
234
	ConcatTransform [1.1 0.0 0.0 0.0 0.0 1.1 0.0 0.0 0.0 0.0 1.1 0.0 -9.609 0.05 6.704 1.0]
	ConcatTransform [0.397614 0.594243 -0.699127 0.0 0.100169 0.729281 0.676843 0.0 0.912068 -0.339153 0.230448 0.0 -0.079946 -0.330437 -0.140062 1.0]
235
	ConcatTransform [1.1 0.0 0.0 0.0 0.0 1.1 0.0 0.0 0.0 0.0 1.1 0.0 -9.609 0.05 6.704 1.0]
	ConcatTransform [0.454154 0.57923 -0.676932 0.0 0.184109 0.682392 0.707421 0.0 0.871692 -0.445908 0.20327 0.0 -0.104934 -0.38432 -0.169708 1.0]
236
	ConcatTransform [1.1 0.0 0.0 0.0 0.0 1.1 0.0 0.0 0.0 0.0 1.1 0.0 -9.609 0.05 6.704 1.0]
	ConcatTransform [0.560904 0.535638 -0.631251 0.0 0.247293 0.619278 0.745212 0.0 0.790084 -0.574097 0.214896 0.0 -0.141005 -0.472011 -0.218013 1.0]
237
	ConcatTransform [1.1 0.0 0.0 0.0 0.0 1.1 0.0 0.0 0.0 0.0 1.1 0.0 -9.609 0.05 6.704 1.0]
	ConcatTransform [0.644336 0.50705 -0.572478 0.0 0.239795 0.576876 0.780841 0.0 0.726174 -0.640401 0.250114 0.0 -0.172998 -0.511548 -0.249374 1.0]
238
	ConcatTransform [1.1 0.0 0.0 0.0 0.0 1.1 0.0 0.0 0.0 0.0 1.1 0.0 -9.609 0.05 6.704 1.0]
	ConcatTransform [0.589354 0.415499 -0.692837 0.0 0.439702 0.554479 0.706552 0.0 0.677735 -0.721051 0.144088 0.0 -0.229266 -0.522814 -0.282175 1.0]
239
	ConcatTransform [1.1 0.0 0.0 0.0 0.0 1.1 0.0 0.0 0.0 0.0 1.1 0.0 -9.609 0.05 6.704 1.0]
	ConcatTransform [0.521215 0.379375 -0.764467 0.0 0.547181 0.538861 0.640485 0.0 0.654926 -0.752132 0.073276 0.0 -0.268304 -0.52362 -0.295013 1.0]
240
	ConcatTransform [1.1 0.0 0.0 0.0 0.0 1.1 0.0 0.0 0.0 0.0 1.1 0.0 -9.609 0.05 6.704 1.0]
	ConcatTransform [0.456324 0.319656 -0.830414 0.0 0.658705 0.506074 0.556774 0.0 0.598228 -0.801067 0.020375 0.0 -0.323078 -0.523911 -0.304348 1.0]
241
	ConcatTransform [1.1 0.0 0.0 0.0 0.0 1.1 0.0 0.0 0.0 0.0 1.1 0.0 -9.609 0.05 6.704 1.0]
	ConcatTransform [0.436545 0.298501 -0.84872 0.0 0.698207 0.482533 0.528838 0.0 0.567394 -0.823444 0.002231 0.0 -0.355895 -0.522354 -0.30487 1.0]
242
	ConcatTransform [1.1 0.0 0.0 0.0 0.0 1.1 0.0 0.0 0.0 0.0 1.1 0.0 -9.609 0.05 6.704 1.0]
	ConcatTransform [0.419686 0.25507 -0.871093 0.0 0.735946 0.4661 0.491054 0.0 0.53127 -0.847166 0.007898 0.0 -0.396229 -0.520264 -0.297913 1.0]
243
	ConcatTransform [1.1 0.0 0.0 0.0 0.0 1.1 0.0 0.0 0.0 0.0 1.1 0.0 -9.609 0.05 6.704 1.0]
	ConcatTransform [0.422415 0.210888 -0.881528 0.0 0.75126 0.462678 0.470679 0.0 0.507124 -0.861078 0.03701 0.0 -0.416223 -0.519065 -0.288043 1.0]
244
	ConcatTransform [1.1 0.0 0.0 0.0 0.0 1.1 0.0 0.0 0.0 0.0 1.1 0.0 -9.609 0.05 6.704 1.0]
	ConcatTransform [0.427245 0.163298 -0.889267 0.0 0.759279 0.469189 0.450951 0.0 0.490874 -0.867868 0.07647 0.0 -0.436421 -0.517189 -0.266975 1.0]
245
	ConcatTransform [1.1 0.0 0.0 0.0 0.0 1.1 0.0 0.0 0.0 0.0 1.1 0.0 -9.609 0.05 6.704 1.0]
	ConcatTransform [0.404216 0.137707 -0.904238 0.0 0.771896 0.479009 0.418004 0.0 0.4907 -0.866941 0.087327 0.0 -0.446262 -0.515806 -0.252216 1.0]
246
	ConcatTransform [1.1 0.0 0.0 0.0 0.0 1.1 0.0 0.0 0.0 0.0 1.1 0.0 -9.609 0.05 6.704 1.0]
	ConcatTransform [0.346862 0.102864 -0.932259 0.0 0.794494 0.496028 0.350335 0.0 0.498464 -0.862192 0.090328 0.0 -0.457682 -0.513626 -0.231683 1.0]
247
	ConcatTransform [1.1 0.0 0.0 0.0 0.0 1.1 0.0 0.0 0.0 0.0 1.1 0.0 -9.609 0.05 6.704 1.0]
	ConcatTransform [0.318829 0.086163 -0.943888 0.0 0.793297 0.520714 0.315496 0.0 0.518679 -0.849372 0.097666 0.0 -0.463113 -0.513103 -0.219269 1.0]
248
	ConcatTransform [1.1 0.0 0.0 0.0 0.0 1.1 0.0 0.0 0.0 0.0 1.1 0.0 -9.609 0.05 6.704 1.0]
	ConcatTransform [0.295169 0.055768 -0.953816 0.0 0.798101 0.534437 0.278229 0.0 0.525271 -0.843367 0.11324 0.0 -0.467474 -0.51032 -0.203717 1.0]
249
	ConcatTransform [1.1 0.0 0.0 0.0 0.0 1.1 0.0 0.0 0.0 0.0 1.1 0.0 -9.609 0.05 6.704 1.0]
	ConcatTransform [0.281095 0.033901 -0.959081 0.0 0.792687 0.555129 0.251949 0.0 0.540956 -0.831073 0.129171 0.0 -0.468253 -0.507801 -0.195987 1.0]
250
	ConcatTransform [1.1 0.0 0.0 0.0 0.0 1.1 0.0 0.0 0.0 0.0 1.1 0.0 -9.609 0.05 6.704 1.0]
	ConcatTransform [0.325089 0.028891 -0.945242 0.0 0.762484 0.583253 0.280061 0.0 0.559406 -0.811777 0.16758 0.0 -0.465915 -0.505995 -0.189379 1.0]
251
	ConcatTransform [1.1 0.0 0.0 0.0 0.0 1.1 0.0 0.0 0.0 0.0 1.1 0.0 -9.609 0.05 6.704 1.0]
	ConcatTransform [0.374169 0.030788 -0.926849 0.0 0.729286 0.607595 0.314596 0.0 0.572835 -0.79365 0.20489 0.0 -0.462405 -0.505126 -0.189598 1.0]
252
	ConcatTransform [1.1 0.0 0.0 0.0 0.0 1.1 0.0 0.0 0.0 0.0 1.1 0.0 -9.609 0.05 6.704 1.0]
	ConcatTransform [0.471138 0.059469 -0.880053 0.0 0.651546 0.649077 0.392667 0.0 0.594573 -0.758395 0.267058 0.0 -0.455541 -0.506244 -0.196821 1.0]
253
	ConcatTransform [1.1 0.0 0.0 0.0 0.0 1.1 0.0 0.0 0.0 0.0 1.1 0.0 -9.609 0.05 6.704 1.0]
	ConcatTransform [0.546822 0.082458 -0.833179 0.0 0.582918 0.676833 0.449559 0.0 0.600993 -0.731504 0.322041 0.0 -0.449604 -0.507406 -0.206784 1.0]
254
	ConcatTransform [1.1 0.0 0.0 0.0 0.0 1.1 0.0 0.0 0.0 0.0 1.1 0.0 -9.609 0.05 6.704 1.0]
	ConcatTransform [0.674377 0.189244 -0.713725 0.0 0.422123 0.694262 0.582935 0.0 0.605829 -0.694397 0.38831 0.0 -0.439072 -0.51891 -0.224574 1.0]
255
	ConcatTransform [1.1 0.0 0.0 0.0 0.0 1.1 0.0 0.0 0.0 0.0 1.1 0.0 -9.609 0.05 6.704 1.0]
	ConcatTransform [0.758869 0.285737 -0.585211 0.0 0.259438 0.69158 0.674098 0.0 0.597335 -0.663379 0.450688 0.0 -0.430486 -0.520218 -0.241635 1.0]
256
	ConcatTransform [1.1 0.0 0.0 0.0 0.0 1.1 0.0 0.0 0.0 0.0 1.1 0.0 -9.609 0.05 6.704 1.0]
	ConcatTransform [0.805109 0.393997 -0.443357 0.0 0.078932 0.669672 0.73845 0.0 0.587851 -0.629528 0.508061 0.0 -0.415101 -0.513521 -0.262431 1.0]
257
	ConcatTransform [1.1 0.0 0.0 0.0 0.0 1.1 0.0 0.0 0.0 0.0 1.1 0.0 -9.609 0.05 6.704 1.0]
	ConcatTransform [0.80095 0.443372 -0.402369 0.0 0.027144 0.644455 0.764161 0.0 0.598116 -0.622976 0.504141 0.0 -0.404833 -0.508822 -0.272627 1.0]
258
	ConcatTransform [1.1 0.0 0.0 0.0 0.0 1.1 0.0 0.0 0.0 0.0 1.1 0.0 -9.609 0.05 6.704 1.0]
	ConcatTransform [0.776166 0.48336 -0.404881 0.0 0.021247 0.621715 0.782955 0.0 0.63017 -0.616306 0.472284 0.0 -0.391247 -0.503602 -0.285299 1.0]
259
	ConcatTransform [1.1 0.0 0.0 0.0 0.0 1.1 0.0 0.0 0.0 0.0 1.1 0.0 -9.609 0.05 6.704 1.0]
	ConcatTransform [0.765026 0.485506 -0.423108 0.0 0.046231 0.613901 0.788028 0.0 0.642338 -0.622422 0.447205 0.0 -0.383395 -0.503043 -0.292247 1.0]
260
	ConcatTransform [1.1 0.0 0.0 0.0 0.0 1.1 0.0 0.0 0.0 0.0 1.1 0.0 -9.609 0.05 6.704 1.0]
	ConcatTransform [0.748106 0.482901 -0.455131 0.0 0.102796 0.593257 0.798423 0.0 0.655569 -0.644091 0.394179 0.0 -0.376089 -0.504732 -0.30258 1.0]
261
	ConcatTransform [1.1 0.0 0.0 0.0 0.0 1.1 0.0 0.0 0.0 0.0 1.1 0.0 -9.609 0.05 6.704 1.0]
	ConcatTransform [0.75374 0.469124 -0.460216 0.0 0.12896 0.581095 0.803553 0.0 0.644396 -0.66502 0.377496 0.0 -0.374223 -0.507555 -0.309251 1.0]
262
	ConcatTransform [1.1 0.0 0.0 0.0 0.0 1.1 0.0 0.0 0.0 0.0 1.1 0.0 -9.609 0.05 6.704 1.0]
	ConcatTransform [0.771966 0.450085 -0.448879 0.0 0.141046 0.567272 0.811362 0.0 0.619818 -0.689657 0.374432 0.0 -0.377142 -0.510665 -0.318658 1.0]
263
	ConcatTransform [1.1 0.0 0.0 0.0 0.0 1.1 0.0 0.0 0.0 0.0 1.1 0.0 -9.609 0.05 6.704 1.0]
	ConcatTransform [0.789115 0.426854 -0.441693 0.0 0.157177 0.55482 0.816988 0.0 0.593795 -0.714122 0.370725 0.0 -0.381356 -0.513757 -0.324227 1.0]
264
	ConcatTransform [1.1 0.0 0.0 0.0 0.0 1.1 0.0 0.0 0.0 0.0 1.1 0.0 -9.609 0.05 6.704 1.0]
	ConcatTransform [0.809782 0.397228 -0.431814 0.0 0.179586 0.532839 0.826941 0.0 0.558571 -0.74719 0.360146 0.0 -0.391427 -0.516655 -0.331218 1.0]
265
	ConcatTransform [1.1 0.0 0.0 0.0 0.0 1.1 0.0 0.0 0.0 0.0 1.1 0.0 -9.609 0.05 6.704 1.0]
	ConcatTransform [0.82061 0.374437 -0.431737 0.0 0.195332 0.526192 0.827628 0.0 0.537071 -0.763491 0.358659 0.0 -0.399991 -0.518157 -0.335298 1.0]
266
	ConcatTransform [1.1 0.0 0.0 0.0 0.0 1.1 0.0 0.0 0.0 0.0 1.1 0.0 -9.609 0.05 6.704 1.0]
	ConcatTransform [0.834016 0.336179 -0.437493 0.0 0.22773 0.512492 0.827944 0.0 0.502549 -0.790149 0.350868 0.0 -0.414602 -0.519741 -0.34016 1.0]
267
	ConcatTransform [1.1 0.0 0.0 0.0 0.0 1.1 0.0 0.0 0.0 0.0 1.1 0.0 -9.609 0.05 6.704 1.0]
	ConcatTransform [0.844795 0.321343 -0.427856 0.0 0.235587 0.49456 0.836605 0.0 0.480438 -0.807557 0.342098 0.0 -0.424714 -0.519744 -0.34131 1.0]
268
	ConcatTransform [1.1 0.0 0.0 0.0 0.0 1.1 0.0 0.0 0.0 0.0 1.1 0.0 -9.609 0.05 6.704 1.0]
	ConcatTransform [0.857852 0.295208 -0.420645 0.0 0.241788 0.490421 0.837273 0.0 0.453463 -0.819963 0.349331 0.0 -0.439256 -0.519895 -0.341058 1.0]
269
	ConcatTransform [1.1 0.0 0.0 0.0 0.0 1.1 0.0 0.0 0.0 0.0 1.1 0.0 -9.609 0.05 6.704 1.0]
	ConcatTransform [0.868535 0.284841 -0.405602 0.0 0.232821 0.487971 0.841237 0.0 0.437541 -0.825076 0.357503 0.0 -0.448032 -0.519803 -0.339208 1.0]
270
	ConcatTransform [1.1 0.0 0.0 0.0 0.0 1.1 0.0 0.0 0.0 0.0 1.1 0.0 -9.609 0.05 6.704 1.0]
	ConcatTransform [0.881164 0.269296 -0.388626 0.0 0.221963 0.490134 0.842912 0.0 0.417472 -0.829004 0.372115 0.0 -0.460158 -0.520911 -0.334155 1.0]
271
	ConcatTransform [1.1 0.0 0.0 0.0 0.0 1.1 0.0 0.0 0.0 0.0 1.1 0.0 -9.609 0.05 6.704 1.0]
	ConcatTransform [0.893205 0.252351 -0.37216 0.0 0.210951 0.495756 0.842452 0.0 0.397094 -0.83099 0.389579 0.0 -0.467224 -0.52115 -0.329262 1.0]
272
	ConcatTransform [1.1 0.0 0.0 0.0 0.0 1.1 0.0 0.0 0.0 0.0 1.1 0.0 -9.609 0.05 6.704 1.0]
	ConcatTransform [0.899169 0.235917 -0.368562 0.0 0.208292 0.509967 0.834595 0.0 0.384849 -0.82721 0.409407 0.0 -0.476899 -0.521432 -0.320464 1.0]
273
	ConcatTransform [1.1 0.0 0.0 0.0 0.0 1.1 0.0 0.0 0.0 0.0 1.1 0.0 -9.609 0.05 6.704 1.0]
	ConcatTransform [0.903232 0.223509 -0.366354 0.0 0.208695 0.51717 0.830049 0.0 0.374991 -0.826183 0.420479 0.0 -0.482455 -0.521186 -0.313667 1.0]
274
	ConcatTransform [1.1 0.0 0.0 0.0 0.0 1.1 0.0 0.0 0.0 0.0 1.1 0.0 -9.609 0.05 6.704 1.0]
	ConcatTransform [0.910571 0.204348 -0.359307 0.0 0.204998 0.531569 0.821833 0.0 0.358937 -0.821995 0.442141 0.0 -0.48981 -0.520559 -0.302473 1.0]
275
	ConcatTransform [1.1 0.0 0.0 0.0 0.0 1.1 0.0 0.0 0.0 0.0 1.1 0.0 -9.609 0.05 6.704 1.0]
	ConcatTransform [0.913809 0.197325 -0.354987 0.0 0.199956 0.542194 0.816115 0.0 0.353512 -0.816755 0.456006 0.0 -0.4941 -0.5202 -0.294825 1.0]
276
	ConcatTransform [1.1 0.0 0.0 0.0 0.0 1.1 0.0 0.0 0.0 0.0 1.1 0.0 -9.609 0.05 6.704 1.0]
	ConcatTransform [0.922528 0.19276 -0.334344 0.0 0.178514 0.55495 0.812504 0.0 0.342163 -0.809243 0.477547 0.0 -0.498987 -0.520747 -0.283909 1.0]
277
	ConcatTransform [1.1 0.0 0.0 0.0 0.0 1.1 0.0 0.0 0.0 0.0 1.1 0.0 -9.609 0.05 6.704 1.0]
	ConcatTransform [0.927474 0.186984 -0.323772 0.0 0.168085 0.564999 0.80779 0.0 0.333975 -0.803625 0.492593 0.0 -0.500938 -0.520307 -0.276865 1.0]
278
	ConcatTransform [1.1 0.0 0.0 0.0 0.0 1.1 0.0 0.0 0.0 0.0 1.1 0.0 -9.609 0.05 6.704 1.0]
	ConcatTransform [0.937048 0.182415 -0.297768 0.0 0.143485 0.576272 0.804563 0.0 0.31836 -0.79664 0.513821 0.0 -0.502607 -0.519823 -0.266522 1.0]
279
	ConcatTransform [1.1 0.0 0.0 0.0 0.0 1.1 0.0 0.0 0.0 0.0 1.1 0.0 -9.609 0.05 6.704 1.0]
	ConcatTransform [0.941218 0.187826 -0.280767 0.0 0.121935 0.586213 0.800928 0.0 0.315024 -0.788084 0.528851 0.0 -0.502976 -0.519848 -0.260101 1.0]
280
	ConcatTransform [1.1 0.0 0.0 0.0 0.0 1.1 0.0 0.0 0.0 0.0 1.1 0.0 -9.609 0.05 6.704 1.0]
	ConcatTransform [0.946496 0.199856 -0.253381 0.0 0.086913 0.598282 0.796558 0.0 0.31079 -0.775961 0.548902 0.0 -0.502297 -0.519947 -0.251245 1.0]
281
	ConcatTransform [1.1 0.0 0.0 0.0 0.0 1.1 0.0 0.0 0.0 0.0 1.1 0.0 -9.609 0.05 6.704 1.0]
	ConcatTransform [0.949836 0.207394 -0.234094 0.0 0.06384 0.604174 0.794291 0.0 0.306164 -0.769391 0.560626 0.0 -0.501054 -0.519964 -0.245984 1.0]
282
	ConcatTransform [1.1 0.0 0.0 0.0 0.0 1.1 0.0 0.0 0.0 0.0 1.1 0.0 -9.609 0.05 6.704 1.0]
	ConcatTransform [0.954783 0.217016 -0.203208 0.0 0.030349 0.608788 0.792752 0.0 0.29575 -0.763074 0.574674 0.0 -0.498194 -0.519991 -0.239158 1.0]
283
	ConcatTransform [1.1 0.0 0.0 0.0 0.0 1.1 0.0 0.0 0.0 0.0 1.1 0.0 -9.609 0.05 6.704 1.0]
	ConcatTransform [0.956821 0.226701 -0.181935 0.0 0.006105 0.610089 0.792309 0.0 0.290614 -0.759209 0.582362 0.0 -0.49588 -0.520099 -0.235388 1.0]
284
	ConcatTransform [1.1 0.0 0.0 0.0 0.0 1.1 0.0 0.0 0.0 0.0 1.1 0.0 -9.609 0.05 6.704 1.0]
	ConcatTransform [0.958131 0.244101 -0.149667 0.0 -0.031954 0.610597 0.791296 0.0 0.284542 -0.753383 0.592832 0.0 -0.491991 -0.52024 -0.230985 1.0]
285
	ConcatTransform [1.1 0.0 0.0 0.0 0.0 1.1 0.0 0.0 0.0 0.0 1.1 0.0 -9.609 0.05 6.704 1.0]
	ConcatTransform [0.95903 0.253093 -0.127297 0.0 -0.055618 0.608787 0.791382 0.0 0.27779 -0.751879 0.597922 0.0 -0.489141 -0.520321 -0.228827 1.0]
286
	ConcatTransform [1.1 0.0 0.0 0.0 0.0 1.1 0.0 0.0 0.0 0.0 1.1 0.0 -9.609 0.05 6.704 1.0]
	ConcatTransform [0.960174 0.263761 -0.092178 0.0 -0.089246 0.602151 0.793378 0.0 0.264767 -0.753554 0.60171 0.0 -0.484715 -0.520526 -0.226662 1.0]
287
	ConcatTransform [1.1 0.0 0.0 0.0 0.0 1.1 0.0 0.0 0.0 0.0 1.1 0.0 -9.609 0.05 6.704 1.0]
	ConcatTransform [0.959991 0.271373 -0.0691 0.0 -0.111847 0.597792 0.79381 0.0 0.256726 -0.754322 0.604227 0.0 -0.481842 -0.520611 -0.225985 1.0]
288
	ConcatTransform [1.1 0.0 0.0 0.0 0.0 1.1 0.0 0.0 0.0 0.0 1.1 0.0 -9.609 0.05 6.704 1.0]
	ConcatTransform [0.959301 0.280207 -0.034998 0.0 -0.144151 0.592498 0.79257 0.0 0.24282 -0.755268 0.608776 0.0 -0.477729 -0.52066 -0.226021 1.0]
289
	ConcatTransform [1.1 0.0 0.0 0.0 0.0 1.1 0.0 0.0 0.0 0.0 1.1 0.0 -9.609 0.05 6.704 1.0]
	ConcatTransform [0.958681 0.28425 -0.011534 0.0 -0.164593 0.587275 0.792475 0.0 0.232035 -0.757832 0.609795 0.0 -0.475182 -0.52074 -0.22658 1.0]
290
	ConcatTransform [1.1 0.0 0.0 0.0 0.0 1.1 0.0 0.0 0.0 0.0 1.1 0.0 -9.609 0.05 6.704 1.0]
	ConcatTransform [0.956994 0.289073 0.02448 0.0 -0.194674 0.577328 0.792966 0.0 0.215092 -0.763629 0.608774 0.0 -0.471785 -0.520881 -0.228108 1.0]
291
	ConcatTransform [1.1 0.0 0.0 0.0 0.0 1.1 0.0 0.0 0.0 0.0 1.1 0.0 -9.609 0.05 6.704 1.0]
	ConcatTransform [0.955599 0.290724 0.048068 0.0 -0.213805 0.571814 0.792033 0.0 0.202777 -0.767143 0.608583 0.0 -0.469821 -0.520939 -0.229575 1.0]
292
	ConcatTransform [1.1 0.0 0.0 0.0 0.0 1.1 0.0 0.0 0.0 0.0 1.1 0.0 -9.609 0.05 6.704 1.0]
	ConcatTransform [0.953361 0.290227 0.082896 0.0 -0.240654 0.565126 0.789125 0.0 0.182178 -0.77227 0.608613 0.0 -0.467341 -0.52102 -0.232276 1.0]
293
	ConcatTransform [1.1 0.0 0.0 0.0 0.0 1.1 0.0 0.0 0.0 0.0 1.1 0.0 -9.609 0.05 6.704 1.0]
	ConcatTransform [0.951265 0.289476 0.106295 0.0 -0.25839 0.56009 0.787105 0.0 0.168313 -0.776211 0.607592 0.0 -0.466043 -0.521064 -0.234275 1.0]
294
	ConcatTransform [1.1 0.0 0.0 0.0 0.0 1.1 0.0 0.0 0.0 0.0 1.1 0.0 -9.609 0.05 6.704 1.0]
	ConcatTransform [0.947045 0.288394 0.14119 0.0 -0.285072 0.552772 0.783056 0.0 0.147783 -0.781839 0.605713 0.0 -0.464634 -0.52109 -0.237463 1.0]
295
	ConcatTransform [1.1 0.0 0.0 0.0 0.0 1.1 0.0 0.0 0.0 0.0 1.1 0.0 -9.609 0.05 6.704 1.0]
	ConcatTransform [0.944074 0.286085 0.163947 0.0 -0.301764 0.549226 0.779287 0.0 0.132899 -0.785179 0.604841 0.0 -0.463993 -0.521107 -0.239654 1.0]
296
	ConcatTransform [1.1 0.0 0.0 0.0 0.0 1.1 0.0 0.0 0.0 0.0 1.1 0.0 -9.609 0.05 6.704 1.0]
	ConcatTransform [0.939237 0.280831 0.197401 0.0 -0.325447 0.54562 0.772259 0.0 0.109168 -0.789578 0.603862 0.0 -0.463452 -0.521136 -0.242906 1.0]
297
	ConcatTransform [1.1 0.0 0.0 0.0 0.0 1.1 0.0 0.0 0.0 0.0 1.1 0.0 -9.609 0.05 6.704 1.0]
	ConcatTransform [0.935236 0.277803 0.21945 0.0 -0.341389 0.543571 0.766801 0.0 0.093733 -0.792058 0.603206 0.0 -0.463383 -0.521139 -0.244984 1.0]
298
	ConcatTransform [1.1 0.0 0.0 0.0 0.0 1.1 0.0 0.0 0.0 0.0 1.1 0.0 -9.609 0.05 6.704 1.0]
	ConcatTransform [0.928084 0.274158 0.251985 0.0 -0.365504 0.541358 0.757191 0.0 0.071176 -0.794839 0.602632 0.0 -0.463657 -0.521132 -0.247893 1.0]
299
	ConcatTransform [1.1 0.0 0.0 0.0 0.0 1.1 0.0 0.0 0.0 0.0 1.1 0.0 -9.609 0.05 6.704 1.0]
	ConcatTransform [0.923014 0.270901 0.273235 0.0 -0.380759 0.540876 0.749984 0.0 0.055385 -0.796283 0.602384 0.0 -0.46402 -0.521135 -0.249652 1.0]
300
	ConcatTransform [1.1 0.0 0.0 0.0 0.0 1.1 0.0 0.0 0.0 0.0 1.1 0.0 -9.609 0.05 6.704 1.0]
	ConcatTransform [0.914482 0.266208 0.304723 0.0 -0.403379 0.540702 0.738192 0.0 0.031749 -0.797982 0.601845 0.0 -0.464768 -0.521554 -0.251972 1.0]
301
	ConcatTransform [1.1 0.0 0.0 0.0 0.0 1.1 0.0 0.0 0.0 0.0 1.1 0.0 -9.609 0.05 6.704 1.0]
	ConcatTransform [0.908216 0.263308 0.325287 0.0 -0.418196 0.541315 0.729445 0.0 0.015986 -0.798528 0.601745 0.0 -0.465407 -0.521407 -0.25328 1.0]
302
	ConcatTransform [1.1 0.0 0.0 0.0 0.0 1.1 0.0 0.0 0.0 0.0 1.1 0.0 -9.609 0.05 6.704 1.0]
	ConcatTransform [0.897655 0.260479 0.355479 0.0 -0.440645 0.543043 0.714798 0.0 -0.00685 -0.798282 0.602245 0.0 -0.466525 -0.521288 -0.254895 1.0]
303
	ConcatTransform [1.1 0.0 0.0 0.0 0.0 1.1 0.0 0.0 0.0 0.0 1.1 0.0 -9.609 0.05 6.704 1.0]
	ConcatTransform [0.890201 0.25822 0.375321 0.0 -0.455015 0.544565 0.704564 0.0 -0.022455 -0.797979 0.602266 0.0 -0.467313 -0.521247 -0.255715 1.0]
304
	ConcatTransform [1.1 0.0 0.0 0.0 0.0 1.1 0.0 0.0 0.0 0.0 1.1 0.0 -9.609 0.05 6.704 1.0]
	ConcatTransform [0.878199 0.254763 0.404798 0.0 -0.476087 0.546838 0.688702 0.0 -0.045903 -0.797536 0.601522 0.0 -0.468518 -0.521209 -0.256563 1.0]
305
	ConcatTransform [1.1 0.0 0.0 0.0 0.0 1.1 0.0 0.0 0.0 0.0 1.1 0.0 -9.609 0.05 6.704 1.0]
	ConcatTransform [0.869433 0.253551 0.424025 0.0 -0.490278 0.548652 0.677206 0.0 -0.060936 -0.796676 0.601327 0.0 -0.469323 -0.521201 -0.256911 1.0]
306
	ConcatTransform [1.1 0.0 0.0 0.0 0.0 1.1 0.0 0.0 0.0 0.0 1.1 0.0 -9.609 0.05 6.704 1.0]
	ConcatTransform [0.855038 0.253056 0.452629 0.0 -0.511984 0.550574 0.659348 0.0 -0.082353 -0.795506 0.600323 0.0 -0.470488 -0.521774 -0.257112 1.0]
307
	ConcatTransform [1.1 0.0 0.0 0.0 0.0 1.1 0.0 0.0 0.0 0.0 1.1 0.0 -9.609 0.05 6.704 1.0]
	ConcatTransform [0.848826 0.254236 0.463529 0.0 -0.521175 0.549551 0.652971 0.0 -0.088724 -0.795838 0.598974 0.0 -0.471138 -0.521554 -0.257062 1.0]
308
	ConcatTransform [1.1 0.0 0.0 0.0 0.0 1.1 0.0 0.0 0.0 0.0 1.1 0.0 -9.609 0.05 6.704 1.0]
	ConcatTransform [0.8451 0.254506 0.470142 0.0 -0.526255 0.550892 0.647746 0.0 -0.094142 -0.794824 0.599493 0.0 -0.471795 -0.521355 -0.256933 1.0]
309
	ConcatTransform [1.1 0.0 0.0 0.0 0.0 1.1 0.0 0.0 0.0 0.0 1.1 0.0 -9.609 0.05 6.704 1.0]
	ConcatTransform [0.84397 0.254331 0.47226 0.0 -0.527688 0.551629 0.64595 0.0 -0.096228 -0.794368 0.599766 0.0 -0.472119 -0.521291 -0.256733 1.0]
310
	ConcatTransform [1.1 0.0 0.0 0.0 0.0 1.1 0.0 0.0 0.0 0.0 1.1 0.0 -9.609 0.05 6.704 1.0]
	ConcatTransform [0.843457 0.255894 0.472333 0.0 -0.52864 0.551689 0.645119 0.0 -0.095499 -0.793824 0.600602 0.0 -0.472515 -0.521255 -0.256258 1.0]
311
	ConcatTransform [1.1 0.0 0.0 0.0 0.0 1.1 0.0 0.0 0.0 0.0 1.1 0.0 -9.609 0.05 6.704 1.0]
	ConcatTransform [0.843871 0.256828 0.471084 0.0 -0.52807 0.552995 0.644468 0.0 -0.09499 -0.792613 0.60228 0.0 -0.472714 -0.52125 -0.25582 1.0]
312
	ConcatTransform [1.1 0.0 0.0 0.0 0.0 1.1 0.0 0.0 0.0 0.0 1.1 0.0 -9.609 0.05 6.704 1.0]
	ConcatTransform [0.844839 0.258355 0.468508 0.0 -0.526733 0.555176 0.643686 0.0 -0.093806 -0.79059 0.605119 0.0 -0.472937 -0.521251 -0.255019 1.0]
313
	ConcatTransform [1.1 0.0 0.0 0.0 0.0 1.1 0.0 0.0 0.0 0.0 1.1 0.0 -9.609 0.05 6.704 1.0]
	ConcatTransform [0.845458 0.259264 0.466886 0.0 -0.525872 0.55651 0.643238 0.0 -0.093058 -0.789353 0.606846 0.0 -0.47305 -0.521252 -0.254385 1.0]
314
	ConcatTransform [1.1 0.0 0.0 0.0 0.0 1.1 0.0 0.0 0.0 0.0 1.1 0.0 -9.609 0.05 6.704 1.0]
	ConcatTransform [0.846329 0.260579 0.464571 0.0 -0.524686 0.558184 0.642756 0.0 -0.091828 -0.787737 0.609129 0.0 -0.473174 -0.521251 -0.253329 1.0]
315
	ConcatTransform [1.1 0.0 0.0 0.0 0.0 1.1 0.0 0.0 0.0 0.0 1.1 0.0 -9.609 0.05 6.704 1.0]
	ConcatTransform [0.847079 0.261212 0.462846 0.0 -0.52365 0.559035 0.642861 0.0 -0.090824 -0.786923 0.610331 0.0 -0.473208 -0.521247 -0.252604 1.0]
316
	ConcatTransform [1.1 0.0 0.0 0.0 0.0 1.1 0.0 0.0 0.0 0.0 1.1 0.0 -9.609 0.05 6.704 1.0]
	ConcatTransform [0.848958 0.262067 0.458903 0.0 -0.52104 0.560105 0.644049 0.0 -0.08825 -0.785877 0.612053 0.0 -0.473115 -0.521245 -0.251634 1.0]
317
	ConcatTransform [1.1 0.0 0.0 0.0 0.0 1.1 0.0 0.0 0.0 0.0 1.1 0.0 -9.609 0.05 6.704 1.0]
	ConcatTransform [0.850122 0.262911 0.456256 0.0 -0.519464 0.560717 0.64479 0.0 -0.086308 -0.785159 0.61325 0.0 -0.473032 -0.521245 -0.250993 1.0]
318
	ConcatTransform [1.1 0.0 0.0 0.0 0.0 1.1 0.0 0.0 0.0 0.0 1.1 0.0 -9.609 0.05 6.704 1.0]
	ConcatTransform [0.851643 0.26438 0.452556 0.0 -0.517459 0.561371 0.645832 0.0 -0.083307 -0.784198 0.614894 0.0 -0.47288 -0.521243 -0.250073 1.0]
319
	ConcatTransform [1.1 0.0 0.0 0.0 0.0 1.1 0.0 0.0 0.0 0.0 1.1 0.0 -9.609 0.05 6.704 1.0]
	ConcatTransform [0.852669 0.265256 0.450106 0.0 -0.516087 0.561705 0.646639 0.0 -0.081302 -0.783663 0.615843 0.0 -0.472763 -0.521241 -0.249501 1.0]
320
	ConcatTransform [1.1 0.0 0.0 0.0 0.0 1.1 0.0 0.0 0.0 0.0 1.1 0.0 -9.609 0.05 6.704 1.0]
	ConcatTransform [0.854305 0.265657 0.446754 0.0 -0.513741 0.562123 0.648142 0.0 -0.078948 -0.783227 0.616704 0.0 -0.472561 -0.52124 -0.248721 1.0]
321
	ConcatTransform [1.1 0.0 0.0 0.0 0.0 1.1 0.0 0.0 0.0 0.0 1.1 0.0 -9.609 0.05 6.704 1.0]
	ConcatTransform [0.855355 0.266064 0.444498 0.0 -0.512258 0.56227 0.649187 0.0 -0.077203 -0.782983 0.617234 0.0 -0.472426 -0.521238 -0.248269 1.0]
322
	ConcatTransform [1.1 0.0 0.0 0.0 0.0 1.1 0.0 0.0 0.0 0.0 1.1 0.0 -9.609 0.05 6.704 1.0]
	ConcatTransform [0.856763 0.266746 0.441366 0.0 -0.510327 0.56187 0.651052 0.0 -0.074325 -0.783038 0.617516 0.0 -0.472222 -0.521842 -0.247688 1.0]
323
	ConcatTransform [1.1 0.0 0.0 0.0 0.0 1.1 0.0 0.0 0.0 0.0 1.1 0.0 -9.609 0.05 6.704 1.0]
	ConcatTransform [0.857811 0.266739 0.43933 0.0 -0.508789 0.561718 0.652386 0.0 -0.072763 -0.78315 0.617561 0.0 -0.472064 -0.521625 -0.247379 1.0]
324
	ConcatTransform [1.1 0.0 0.0 0.0 0.0 1.1 0.0 0.0 0.0 0.0 1.1 0.0 -9.609 0.05 6.704 1.0]
	ConcatTransform [0.85939 0.266599 0.436319 0.0 -0.506427 0.561569 0.654349 0.0 -0.070575 -0.783304 0.61762 0.0 -0.471838 -0.521437 -0.247026 1.0]
325
	ConcatTransform [1.1 0.0 0.0 0.0 0.0 1.1 0.0 0.0 0.0 0.0 1.1 0.0 -9.609 0.05 6.704 1.0]
	ConcatTransform [0.8604 0.266565 0.434344 0.0 -0.504922 0.56135 0.655698 0.0 -0.069033 -0.783472 0.61758 0.0 -0.471703 -0.521367 -0.246858 1.0]
326
	ConcatTransform [1.1 0.0 0.0 0.0 0.0 1.1 0.0 0.0 0.0 0.0 1.1 0.0 -9.609 0.05 6.704 1.0]
	ConcatTransform [0.861733 0.266814 0.431539 0.0 -0.503003 0.560524 0.657876 0.0 -0.066357 -0.783979 0.617231 0.0 -0.471519 -0.521848 -0.246696 1.0]
327
	ConcatTransform [1.1 0.0 0.0 0.0 0.0 1.1 0.0 0.0 0.0 0.0 1.1 0.0 -9.609 0.05 6.704 1.0]
	ConcatTransform [0.862755 0.266586 0.429633 0.0 -0.501436 0.560223 0.659327 0.0 -0.064923 -0.784272 0.617011 0.0 -0.471387 -0.521631 -0.246651 1.0]
328
	ConcatTransform [1.1 0.0 0.0 0.0 0.0 1.1 0.0 0.0 0.0 0.0 1.1 0.0 -9.609 0.05 6.704 1.0]
	ConcatTransform [0.864314 0.266153 0.42676 0.0 -0.499009 0.559838 0.661492 0.0 -0.062858 -0.784694 0.616688 0.0 -0.471214 -0.521442 -0.246657 1.0]
329
	ConcatTransform [1.1 0.0 0.0 0.0 0.0 1.1 0.0 0.0 0.0 0.0 1.1 0.0 -9.609 0.05 6.704 1.0]
	ConcatTransform [0.865315 0.265958 0.424849 0.0 -0.497453 0.559532 0.662921 0.0 -0.061408 -0.784978 0.616473 0.0 -0.471121 -0.521372 -0.246703 1.0]
330
	ConcatTransform [1.1 0.0 0.0 0.0 0.0 1.1 0.0 0.0 0.0 0.0 1.1 0.0 -9.609 0.05 6.704 1.0]
	ConcatTransform [0.866778 0.265776 0.421969 0.0 -0.495171 0.559079 0.665008 0.0 -0.059171 -0.785362 0.616203 0.0 -0.471017 -0.52131 -0.246824 1.0]
331
	ConcatTransform [1.1 0.0 0.0 0.0 0.0 1.1 0.0 0.0 0.0 0.0 1.1 0.0 -9.609 0.05 6.704 1.0]
	ConcatTransform [0.867786 0.26553 0.420049 0.0 -0.493567 0.558821 0.666416 0.0 -0.057779 -0.785629 0.615994 0.0 -0.470964 -0.521287 -0.246932 1.0]
332
	ConcatTransform [1.1 0.0 0.0 0.0 0.0 1.1 0.0 0.0 0.0 0.0 1.1 0.0 -9.609 0.05 6.704 1.0]
	ConcatTransform [0.869323 0.26504 0.417171 0.0 -0.491086 0.55846 0.668548 0.0 -0.055782 -0.786051 0.61564 0.0 -0.470912 -0.521267 -0.247121 1.0]
333
	ConcatTransform [1.1 0.0 0.0 0.0 0.0 1.1 0.0 0.0 0.0 0.0 1.1 0.0 -9.609 0.05 6.704 1.0]
	ConcatTransform [0.870282 0.264915 0.415247 0.0 -0.489552 0.558157 0.669925 0.0 -0.0543 -0.786309 0.615443 0.0 -0.470884 -0.521853 -0.247261 1.0]
334
	ConcatTransform [1.1 0.0 0.0 0.0 0.0 1.1 0.0 0.0 0.0 0.0 1.1 0.0 -9.609 0.05 6.704 1.0]
	ConcatTransform [0.87181 0.264492 0.4123 0.0 -0.487041 0.55795 0.671924 0.0 -0.052324 -0.786597 0.615245 0.0 -0.47084 -0.521557 -0.247487 1.0]
335
	ConcatTransform [1.1 0.0 0.0 0.0 0.0 1.1 0.0 0.0 0.0 0.0 1.1 0.0 -9.609 0.05 6.704 1.0]
	ConcatTransform [0.872802 0.264286 0.410328 0.0 -0.485406 0.557799 0.673231 0.0 -0.050955 -0.786774 0.615135 0.0 -0.470828 -0.521445 -0.247638 1.0]
336
	ConcatTransform [1.1 0.0 0.0 0.0 0.0 1.1 0.0 0.0 0.0 0.0 1.1 0.0 -9.609 0.05 6.704 1.0]
	ConcatTransform [0.874273 0.26404 0.407345 0.0 -0.482968 0.557608 0.675141 0.0 -0.048875 -0.786992 0.615024 0.0 -0.470831 -0.521348 -0.247857 1.0]
337
	ConcatTransform [1.1 0.0 0.0 0.0 0.0 1.1 0.0 0.0 0.0 0.0 1.1 0.0 -9.609 0.05 6.704 1.0]
	ConcatTransform [0.875267 0.263834 0.405339 0.0 -0.481299 0.557536 0.676391 0.0 -0.047537 -0.787112 0.614976 0.0 -0.470842 -0.521311 -0.247994 1.0]
338
	ConcatTransform [1.1 0.0 0.0 0.0 0.0 1.1 0.0 0.0 0.0 0.0 1.1 0.0 -9.609 0.05 6.704 1.0]
	ConcatTransform [0.876747 0.26354 0.40232 0.0 -0.478792 0.557443 0.678245 0.0 -0.045525 -0.787277 0.614917 0.0 -0.470875 -0.521279 -0.248182 1.0]
339
	ConcatTransform [1.1 0.0 0.0 0.0 0.0 1.1 0.0 0.0 0.0 0.0 1.1 0.0 -9.609 0.05 6.704 1.0]
	ConcatTransform [0.877726 0.263392 0.400278 0.0 -0.477123 0.557437 0.679425 0.0 -0.044175 -0.78733 0.614947 0.0 -0.470905 -0.521267 -0.248293 1.0]
340
	ConcatTransform [1.1 0.0 0.0 0.0 0.0 1.1 0.0 0.0 0.0 0.0 1.1 0.0 -9.609 0.05 6.704 1.0]
	ConcatTransform [0.879174 0.263257 0.397177 0.0 -0.474636 0.557496 0.681116 0.0 -0.042116 -0.787333 0.615087 0.0 -0.470957 -0.521257 -0.248438 1.0]
341
	ConcatTransform [1.1 0.0 0.0 0.0 0.0 1.1 0.0 0.0 0.0 0.0 1.1 0.0 -9.609 0.05 6.704 1.0]
	ConcatTransform [0.880135 0.263164 0.395103 0.0 -0.472971 0.557546 0.682232 0.0 -0.040749 -0.787329 0.615185 0.0 -0.470995 -0.521253 -0.248515 1.0]
342
	ConcatTransform [1.1 0.0 0.0 0.0 0.0 1.1 0.0 0.0 0.0 0.0 1.1 0.0 -9.609 0.05 6.704 1.0]
	ConcatTransform [0.881569 0.263014 0.391994 0.0 -0.470466 0.557608 0.683912 0.0 -0.038701 -0.787335 0.615309 0.0 -0.471055 -0.521249 -0.248603 1.0]
343
	ConcatTransform [1.1 0.0 0.0 0.0 0.0 1.1 0.0 0.0 0.0 0.0 1.1 0.0 -9.609 0.05 6.704 1.0]
	ConcatTransform [0.882509 0.262973 0.389901 0.0 -0.468813 0.557682 0.684985 0.0 -0.037308 -0.787296 0.615445 0.0 -0.471095 -0.521248 -0.248646 1.0]
344
	ConcatTransform [1.1 0.0 0.0 0.0 0.0 1.1 0.0 0.0 0.0 0.0 1.1 0.0 -9.609 0.05 6.704 1.0]
	ConcatTransform [0.883914 0.262948 0.386722 0.0 -0.466321 0.557877 0.686526 0.0 -0.035223 -0.787167 0.615733 0.0 -0.471154 -0.521247 -0.248687 1.0]
345
	ConcatTransform [1.1 0.0 0.0 0.0 0.0 1.1 0.0 0.0 0.0 0.0 1.1 0.0 -9.609 0.05 6.704 1.0]
	ConcatTransform [0.884638 0.264048 0.38431 0.0 -0.465075 0.558846 0.686583 0.0 -0.03348 -0.786111 0.617178 0.0 -0.471199 -0.521248 -0.248733 1.0]
346
	ConcatTransform [1.1 0.0 0.0 0.0 0.0 1.1 0.0 0.0 0.0 0.0 1.1 0.0 -9.609 0.05 6.704 1.0]
	ConcatTransform [0.885451 0.265587 0.381365 0.0 -0.463701 0.559532 0.686954 0.0 -0.03094 -0.785103 0.618591 0.0 -0.47127 -0.521246 -0.248768 1.0]
347
	ConcatTransform [1.1 0.0 0.0 0.0 0.0 1.1 0.0 0.0 0.0 0.0 1.1 0.0 -9.609 0.05 6.704 1.0]
	ConcatTransform [0.886018 0.266654 0.3793 0.0 -0.462713 0.560545 0.686794 0.0 -0.029479 -0.784019 0.620037 0.0 -0.471316 -0.521243 -0.248821 1.0]
348
	ConcatTransform [1.1 0.0 0.0 0.0 0.0 1.1 0.0 0.0 0.0 0.0 1.1 0.0 -9.609 0.05 6.704 1.0]
	ConcatTransform [0.887013 0.267933 0.376058 0.0 -0.460927 0.562239 0.68661 0.0 -0.027469 -0.782368 0.622211 0.0 -0.471399 -0.521235 -0.248962 1.0]
349
	ConcatTransform [1.1 0.0 0.0 0.0 0.0 1.1 0.0 0.0 0.0 0.0 1.1 0.0 -9.609 0.05 6.704 1.0]
	ConcatTransform [0.88769 0.268523 0.374033 0.0 -0.459704 0.562792 0.686977 0.0 -0.026034 -0.781767 0.623027 0.0 -0.471478 -0.521231 -0.249095 1.0]
350
	ConcatTransform [1.1 0.0 0.0 0.0 0.0 1.1 0.0 0.0 0.0 0.0 1.1 0.0 -9.609 0.05 6.704 1.0]
	ConcatTransform [0.888718 0.269071 0.371189 0.0 -0.457847 0.56259 0.688382 0.0 -0.023603 -0.781724 0.623177 0.0 -0.471611 -0.521621 -0.249388 1.0]
351
	ConcatTransform [1.1 0.0 0.0 0.0 0.0 1.1 0.0 0.0 0.0 0.0 1.1 0.0 -9.609 0.05 6.704 1.0]
	ConcatTransform [0.889564 0.269181 0.369076 0.0 -0.456274 0.562697 0.689337 0.0 -0.022121 -0.78161 0.623375 0.0 -0.471732 -0.52148 -0.249686 1.0]
352
	ConcatTransform [1.1 0.0 0.0 0.0 0.0 1.1 0.0 0.0 0.0 0.0 1.1 0.0 -9.609 0.05 6.704 1.0]
	ConcatTransform [0.890972 0.269047 0.365764 0.0 -0.453619 0.562883 0.690936 0.0 -0.019988 -0.781522 0.623557 0.0 -0.471968 -0.521362 -0.250283 1.0]
353
	ConcatTransform [1.1 0.0 0.0 0.0 0.0 1.1 0.0 0.0 0.0 0.0 1.1 0.0 -9.609 0.05 6.704 1.0]
	ConcatTransform [0.891918 0.268887 0.363568 0.0 -0.451817 0.562868 0.692128 0.0 -0.018536 -0.781588 0.62352 0.0 -0.472163 -0.521317 -0.250774 1.0]
354
	ConcatTransform [1.1 0.0 0.0 0.0 0.0 1.1 0.0 0.0 0.0 0.0 1.1 0.0 -9.609 0.05 6.704 1.0]
	ConcatTransform [0.893387 0.268252 0.360417 0.0 -0.448989 0.562287 0.694437 0.0 -0.016374 -0.782224 0.622782 0.0 -0.472499 -0.521278 -0.251622 1.0]
355
	ConcatTransform [1.1 0.0 0.0 0.0 0.0 1.1 0.0 0.0 0.0 0.0 1.1 0.0 -9.609 0.05 6.704 1.0]
	ConcatTransform [0.894449 0.267597 0.358265 0.0 -0.44692 0.561802 0.696162 0.0 -0.014983 -0.782797 0.622097 0.0 -0.472752 -0.521266 -0.252267 1.0]
356
	ConcatTransform [1.1 0.0 0.0 0.0 0.0 1.1 0.0 0.0 0.0 0.0 1.1 0.0 -9.609 0.05 6.704 1.0]
	ConcatTransform [0.896131 0.266408 0.354931 0.0 -0.443601 0.56101 0.698917 0.0 -0.012922 -0.783769 0.620918 0.0 -0.473171 -0.521259 -0.25334 1.0]
357
	ConcatTransform [1.1 0.0 0.0 0.0 0.0 1.1 0.0 0.0 0.0 0.0 1.1 0.0 -9.609 0.05 6.704 1.0]
	ConcatTransform [0.897236 0.26562 0.352723 0.0 -0.441404 0.560223 0.700937 0.0 -0.011421 -0.784599 0.619898 0.0 -0.473473 -0.521256 -0.254103 1.0]
358
	ConcatTransform [1.1 0.0 0.0 0.0 0.0 1.1 0.0 0.0 0.0 0.0 1.1 0.0 -9.609 0.05 6.704 1.0]
	ConcatTransform [0.89893 0.264331 0.349363 0.0 -0.437997 0.558888 0.704132 0.0 -0.009131 -0.785985 0.618178 0.0 -0.473949 -0.521253 -0.255288 1.0]
359
	ConcatTransform [1.1 0.0 0.0 0.0 0.0 1.1 0.0 0.0 0.0 0.0 1.1 0.0 -9.609 0.05 6.704 1.0]
	ConcatTransform [0.900098 0.263375 0.34707 0.0 -0.435621 0.558052 0.706266 0.0 -0.00767 -0.7869 0.617033 0.0 -0.47427 -0.521251 -0.256092 1.0]
360
	ConcatTransform [1.1 0.0 0.0 0.0 0.0 1.1 0.0 0.0 0.0 0.0 1.1 0.0 -9.609 0.05 6.704 1.0]
	ConcatTransform [-0.474201 0.262776 0.840287 0.0 -0.637692 0.555537 -0.533598 0.0 -0.607027 -0.788877 -0.095866 0.0 0.234071 -0.521242 -0.067432 1.0]
