228
	ConcatTransform [1.1 0.0 0.0 0.0 0.0 1.1 0.0 0.0 0.0 0.0 1.1 0.0 -9.609 0.05 6.704 1.0]
	ConcatTransform [0.41744 0.841547 0.342845 0.0 -0.906332 0.412823 0.090213 0.0 -0.065616 -0.34839 0.93505 0.0 -0.0296 0.033805 0.003758 1.0]
229
	ConcatTransform [1.1 0.0 0.0 0.0 0.0 1.1 0.0 0.0 0.0 0.0 1.1 0.0 -9.609 0.05 6.704 1.0]
	ConcatTransform [-0.106215 0.977933 0.179905 0.0 -0.992031 -0.116551 0.047856 0.0 0.067768 -0.173388 0.982519 0.0 -0.042384 0.0496 0.000576 1.0]
230
	ConcatTransform [1.1 0.0 0.0 0.0 0.0 1.1 0.0 0.0 0.0 0.0 1.1 0.0 -9.609 0.05 6.704 1.0]
	ConcatTransform [-0.631571 0.767692 -0.108478 0.0 -0.775247 -0.623408 0.101759 0.0 0.010493 0.148365 0.988877 0.0 -0.065509 0.059883 0.004757 1.0]
231
	ConcatTransform [1.1 0.0 0.0 0.0 0.0 1.1 0.0 0.0 0.0 0.0 1.1 0.0 -9.609 0.05 6.704 1.0]
	ConcatTransform [-0.849959 0.487191 -0.200536 0.0 -0.526836 -0.788645 0.31699 0.0 -0.003717 0.375078 0.926986 0.0 -0.0789 0.056473 0.009481 1.0]
232
	ConcatTransform [1.1 0.0 0.0 0.0 0.0 1.1 0.0 0.0 0.0 0.0 1.1 0.0 -9.609 0.05 6.704 1.0]
	ConcatTransform [-0.968104 0.201518 -0.148879 0.0 -0.24954 -0.828778 0.500855 0.0 -0.022456 0.522031 0.852631 0.0 -0.105923 0.03384 0.027085 1.0]
233
	ConcatTransform [1.1 0.0 0.0 0.0 0.0 1.1 0.0 0.0 0.0 0.0 1.1 0.0 -9.609 0.05 6.704 1.0]
	ConcatTransform [-0.984697 0.111362 -0.134053 0.0 -0.168527 -0.804394 0.569693 0.0 -0.04439 0.583566 0.810851 0.0 -0.126386 0.007884 0.040176 1.0]
234
	ConcatTransform [1.1 0.0 0.0 0.0 0.0 1.1 0.0 0.0 0.0 0.0 1.1 0.0 -9.609 0.05 6.704 1.0]
	ConcatTransform [-0.998433 0.00418 -0.05581 0.0 -0.040729 -0.738197 0.673354 0.0 -0.038384 0.674572 0.73721 0.0 -0.157216 -0.046836 0.059752 1.0]
235
	ConcatTransform [1.1 0.0 0.0 0.0 0.0 1.1 0.0 0.0 0.0 0.0 1.1 0.0 -9.609 0.05 6.704 1.0]
	ConcatTransform [-0.998981 0.044578 -0.007118 0.0 -0.035138 -0.66887 0.742548 0.0 0.02834 0.742041 0.669755 0.0 -0.181601 -0.089551 0.08186 1.0]
236
	ConcatTransform [1.1 0.0 0.0 0.0 0.0 1.1 0.0 0.0 0.0 0.0 1.1 0.0 -9.609 0.05 6.704 1.0]
	ConcatTransform [-0.989404 0.14165 0.031872 0.0 -0.05101 -0.544648 0.837112 0.0 0.135936 0.826616 0.546102 0.0 -0.219513 -0.170494 0.11619 1.0]
237
	ConcatTransform [1.1 0.0 0.0 0.0 0.0 1.1 0.0 0.0 0.0 0.0 1.1 0.0 -9.609 0.05 6.704 1.0]
	ConcatTransform [-0.975794 0.214895 0.040574 0.0 -0.054944 -0.420482 0.905636 0.0 0.211677 0.881485 0.422111 0.0 -0.244727 -0.235777 0.137642 1.0]
238
	ConcatTransform [1.1 0.0 0.0 0.0 0.0 1.1 0.0 0.0 0.0 0.0 1.1 0.0 -9.609 0.05 6.704 1.0]
	ConcatTransform [-0.94953 0.313619 0.005937 0.0 -0.050829 -0.172513 0.983695 0.0 0.309529 0.933746 0.179748 0.0 -0.283226 -0.341385 0.180562 1.0]
239
	ConcatTransform [1.1 0.0 0.0 0.0 0.0 1.1 0.0 0.0 0.0 0.0 1.1 0.0 -9.609 0.05 6.704 1.0]
	ConcatTransform [-0.947569 0.318183 -0.029531 0.0 -0.028058 0.009212 0.999564 0.0 0.318316 0.947985 0.000199 0.0 -0.308249 -0.406299 0.225213 1.0]
240
	ConcatTransform [1.1 0.0 0.0 0.0 0.0 1.1 0.0 0.0 0.0 0.0 1.1 0.0 -9.609 0.05 6.704 1.0]
	ConcatTransform [-0.973664 0.227665 -0.012104 0.0 0.043295 0.236766 0.970602 0.0 0.223838 0.944516 -0.240387 0.0 -0.342228 -0.469355 0.328848 1.0]
241
	ConcatTransform [1.1 0.0 0.0 0.0 0.0 1.1 0.0 0.0 0.0 0.0 1.1 0.0 -9.609 0.05 6.704 1.0]
	ConcatTransform [-0.973488 0.219492 0.064371 0.0 0.131721 0.307868 0.942267 0.0 0.187002 0.925765 -0.328618 0.0 -0.359726 -0.478456 0.410197 1.0]
242
	ConcatTransform [1.1 0.0 0.0 0.0 0.0 1.1 0.0 0.0 0.0 0.0 1.1 0.0 -9.609 0.05 6.704 1.0]
	ConcatTransform [-0.952391 0.248482 0.176658 0.0 0.276808 0.461883 0.84264 0.0 0.127786 0.851423 -0.508675 0.0 -0.381562 -0.473446 0.531303 1.0]
243
	ConcatTransform [1.1 0.0 0.0 0.0 0.0 1.1 0.0 0.0 0.0 0.0 1.1 0.0 -9.609 0.05 6.704 1.0]
	ConcatTransform [-0.917739 0.308099 0.25066 0.0 0.384479 0.530781 0.75528 0.0 0.099656 0.789523 -0.605576 0.0 -0.393067 -0.465742 0.609735 1.0]
244
	ConcatTransform [1.1 0.0 0.0 0.0 0.0 1.1 0.0 0.0 0.0 0.0 1.1 0.0 -9.609 0.05 6.704 1.0]
	ConcatTransform [-0.872418 0.352907 0.338148 0.0 0.488708 0.619608 0.614207 0.0 0.007239 0.701101 -0.713025 0.0 -0.409862 -0.4589 0.723287 1.0]
245
	ConcatTransform [1.1 0.0 0.0 0.0 0.0 1.1 0.0 0.0 0.0 0.0 1.1 0.0 -9.609 0.05 6.704 1.0]
	ConcatTransform [-0.843134 0.340467 0.41618 0.0 0.532291 0.638026 0.556408 0.0 -0.076095 0.690656 -0.719169 0.0 -0.420872 -0.460809 0.798216 1.0]
246
	ConcatTransform [1.1 0.0 0.0 0.0 0.0 1.1 0.0 0.0 0.0 0.0 1.1 0.0 -9.609 0.05 6.704 1.0]
	ConcatTransform [-0.785037 0.325064 0.527305 0.0 0.58601 0.665624 0.462101 0.0 -0.200775 0.671773 -0.71303 0.0 -0.437388 -0.482234 0.910609 1.0]
247
	ConcatTransform [1.1 0.0 0.0 0.0 0.0 1.1 0.0 0.0 0.0 0.0 1.1 0.0 -9.609 0.05 6.704 1.0]
	ConcatTransform [-0.725198 0.374702 0.577656 0.0 0.637796 0.681671 0.358527 0.0 -0.25943 0.62843 -0.733329 0.0 -0.445439 -0.489302 0.979348 1.0]
248
	ConcatTransform [1.1 0.0 0.0 0.0 0.0 1.1 0.0 0.0 0.0 0.0 1.1 0.0 -9.609 0.05 6.704 1.0]
	ConcatTransform [-0.618163 0.47652 0.625143 0.0 0.709461 0.680648 0.182711 0.0 -0.338437 0.55646 -0.758824 0.0 -0.451314 -0.467674 1.067522 1.0]
249
	ConcatTransform [1.1 0.0 0.0 0.0 0.0 1.1 0.0 0.0 0.0 0.0 1.1 0.0 -9.609 0.05 6.704 1.0]
	ConcatTransform [-0.537646 0.547732 0.641035 0.0 0.753387 0.653453 0.073535 0.0 -0.378609 0.522484 -0.76398 0.0 -0.452763 -0.450331 1.119849 1.0]
250
	ConcatTransform [1.1 0.0 0.0 0.0 0.0 1.1 0.0 0.0 0.0 0.0 1.1 0.0 -9.609 0.05 6.704 1.0]
	ConcatTransform [-0.40783 0.639488 0.651713 0.0 0.811902 0.580537 -0.061573 0.0 -0.417719 0.504016 -0.755962 0.0 -0.451632 -0.425732 1.188987 1.0]
251
	ConcatTransform [1.1 0.0 0.0 0.0 0.0 1.1 0.0 0.0 0.0 0.0 1.1 0.0 -9.609 0.05 6.704 1.0]
	ConcatTransform [-0.318135 0.686611 0.653724 0.0 0.841193 0.522464 -0.13938 0.0 -0.437247 0.505566 -0.743786 0.0 -0.449005 -0.411142 1.227912 1.0]
252
	ConcatTransform [1.1 0.0 0.0 0.0 0.0 1.1 0.0 0.0 0.0 0.0 1.1 0.0 -9.609 0.05 6.704 1.0]
	ConcatTransform [-0.187374 0.726521 0.661104 0.0 0.850357 0.456875 -0.26107 0.0 -0.491714 0.513257 -0.703409 0.0 -0.4439 -0.395624 1.277119 1.0]
253
	ConcatTransform [1.1 0.0 0.0 0.0 0.0 1.1 0.0 0.0 0.0 0.0 1.1 0.0 -9.609 0.05 6.704 1.0]
	ConcatTransform [-0.080647 0.74349 0.663866 0.0 0.885101 0.359698 -0.295318 0.0 -0.458358 0.563772 -0.687073 0.0 -0.437189 -0.387677 1.302394 1.0]
254
	ConcatTransform [1.1 0.0 0.0 0.0 0.0 1.1 0.0 0.0 0.0 0.0 1.1 0.0 -9.609 0.05 6.704 1.0]
	ConcatTransform [-0.178702 0.786877 0.590669 0.0 0.890561 0.384581 -0.242898 0.0 -0.418291 0.48262 -0.769487 0.0 -0.426467 -0.367942 1.318709 1.0]
255
	ConcatTransform [1.1 0.0 0.0 0.0 0.0 1.1 0.0 0.0 0.0 0.0 1.1 0.0 -9.609 0.05 6.704 1.0]
	ConcatTransform [-0.296013 0.765751 0.570966 0.0 0.860787 0.472957 -0.188038 0.0 -0.414032 0.435818 -0.799149 0.0 -0.421144 -0.364462 1.329225 1.0]
256
	ConcatTransform [1.1 0.0 0.0 0.0 0.0 1.1 0.0 0.0 0.0 0.0 1.1 0.0 -9.609 0.05 6.704 1.0]
	ConcatTransform [-0.458056 0.721428 0.519351 0.0 0.812049 0.577267 -0.08567 0.0 -0.361609 0.382497 -0.850256 0.0 -0.412797 -0.374044 1.341254 1.0]
257
	ConcatTransform [1.1 0.0 0.0 0.0 0.0 1.1 0.0 0.0 0.0 0.0 1.1 0.0 -9.609 0.05 6.704 1.0]
	ConcatTransform [-0.546415 0.666074 0.507716 0.0 0.776896 0.629546 0.010209 0.0 -0.312831 0.400021 -0.861464 0.0 -0.407904 -0.385597 1.341838 1.0]
258
	ConcatTransform [1.1 0.0 0.0 0.0 0.0 1.1 0.0 0.0 0.0 0.0 1.1 0.0 -9.609 0.05 6.704 1.0]
	ConcatTransform [-0.653819 0.577169 0.489282 0.0 0.718151 0.676994 0.161054 0.0 -0.238286 0.456678 -0.857126 0.0 -0.400759 -0.41781 1.339629 1.0]
259
	ConcatTransform [1.1 0.0 0.0 0.0 0.0 1.1 0.0 0.0 0.0 0.0 1.1 0.0 -9.609 0.05 6.704 1.0]
	ConcatTransform [-0.694783 0.523601 0.493071 0.0 0.68536 0.689871 0.233149 0.0 -0.218078 0.499919 -0.838166 0.0 -0.39742 -0.441214 1.32858 1.0]
260
	ConcatTransform [1.1 0.0 0.0 0.0 0.0 1.1 0.0 0.0 0.0 0.0 1.1 0.0 -9.609 0.05 6.704 1.0]
	ConcatTransform [-0.744779 0.434009 0.506893 0.0 0.638957 0.68288 0.35413 0.0 -0.192452 0.587632 -0.785908 0.0 -0.393347 -0.482519 1.30188 1.0]
261
	ConcatTransform [1.1 0.0 0.0 0.0 0.0 1.1 0.0 0.0 0.0 0.0 1.1 0.0 -9.609 0.05 6.704 1.0]
	ConcatTransform [-0.778761 0.342927 0.525293 0.0 0.595145 0.668608 0.445832 0.0 -0.198328 0.659822 -0.724777 0.0 -0.389889 -0.500758 1.27337 1.0]
262
	ConcatTransform [1.1 0.0 0.0 0.0 0.0 1.1 0.0 0.0 0.0 0.0 1.1 0.0 -9.609 0.05 6.704 1.0]
	ConcatTransform [-0.820287 0.206747 0.533277 0.0 0.526768 0.63631 0.563583 0.0 -0.22281 0.743213 -0.630864 0.0 -0.381107 -0.51398 1.222418 1.0]
263
	ConcatTransform [1.1 0.0 0.0 0.0 0.0 1.1 0.0 0.0 0.0 0.0 1.1 0.0 -9.609 0.05 6.704 1.0]
	ConcatTransform [-0.83786 0.139134 0.527856 0.0 0.497138 0.593906 0.632558 0.0 -0.225486 0.792412 -0.566779 0.0 -0.373156 -0.515069 1.18625 1.0]
264
	ConcatTransform [1.1 0.0 0.0 0.0 0.0 1.1 0.0 0.0 0.0 0.0 1.1 0.0 -9.609 0.05 6.704 1.0]
	ConcatTransform [-0.859288 0.060603 0.50789 0.0 0.456934 0.537177 0.708979 0.0 -0.229861 0.841289 -0.489281 0.0 -0.360229 -0.510473 1.131731 1.0]
265
	ConcatTransform [1.1 0.0 0.0 0.0 0.0 1.1 0.0 0.0 0.0 0.0 1.1 0.0 -9.609 0.05 6.704 1.0]
	ConcatTransform [-0.872203 0.006761 0.489097 0.0 0.428041 0.494477 0.756488 0.0 -0.236733 0.869165 -0.434178 0.0 -0.351539 -0.504378 1.097276 1.0]
266
	ConcatTransform [1.1 0.0 0.0 0.0 0.0 1.1 0.0 0.0 0.0 0.0 1.1 0.0 -9.609 0.05 6.704 1.0]
	ConcatTransform [-0.88737 -0.042572 0.459088 0.0 0.395134 0.442865 0.804823 0.0 -0.237577 0.895577 -0.376163 0.0 -0.338549 -0.494842 1.048749 1.0]
267
	ConcatTransform [1.1 0.0 0.0 0.0 0.0 1.1 0.0 0.0 0.0 0.0 1.1 0.0 -9.609 0.05 6.704 1.0]
	ConcatTransform [-0.896964 -0.075983 0.435526 0.0 0.369441 0.41228 0.832789 0.0 -0.242836 0.907883 -0.341729 0.0 -0.330636 -0.48778 1.019923 1.0]
268
	ConcatTransform [1.1 0.0 0.0 0.0 0.0 1.1 0.0 0.0 0.0 0.0 1.1 0.0 -9.609 0.05 6.704 1.0]
	ConcatTransform [-0.910253 -0.126338 0.394306 0.0 0.324385 0.374235 0.868748 0.0 -0.257319 0.918687 -0.299667 0.0 -0.320517 -0.476832 0.983061 1.0]
269
	ConcatTransform [1.1 0.0 0.0 0.0 0.0 1.1 0.0 0.0 0.0 0.0 1.1 0.0 -9.609 0.05 6.704 1.0]
	ConcatTransform [-0.917603 -0.146914 0.369351 0.0 0.300205 0.352903 0.886192 0.0 -0.260539 0.924054 -0.279721 0.0 -0.314751 -0.470861 0.962665 1.0]
270
	ConcatTransform [1.1 0.0 0.0 0.0 0.0 1.1 0.0 0.0 0.0 0.0 1.1 0.0 -9.609 0.05 6.704 1.0]
	ConcatTransform [-0.927617 -0.15909 0.337961 0.0 0.273065 0.328546 0.904153 0.0 -0.254877 0.930993 -0.261323 0.0 -0.307871 -0.464969 0.938548 1.0]
271
	ConcatTransform [1.1 0.0 0.0 0.0 0.0 1.1 0.0 0.0 0.0 0.0 1.1 0.0 -9.609 0.05 6.704 1.0]
	ConcatTransform [-0.934298 -0.165464 0.315768 0.0 0.251851 0.320535 0.913142 0.0 -0.252307 0.932673 -0.257803 0.0 -0.305092 -0.462651 0.927257 1.0]
272
	ConcatTransform [1.1 0.0 0.0 0.0 0.0 1.1 0.0 0.0 0.0 0.0 1.1 0.0 -9.609 0.05 6.704 1.0]
	ConcatTransform [-0.944238 -0.171336 0.281175 0.0 0.216068 0.321941 0.921775 0.0 -0.248455 0.931127 -0.266969 0.0 -0.303849 -0.462109 0.917414 1.0]
273
	ConcatTransform [1.1 0.0 0.0 0.0 0.0 1.1 0.0 0.0 0.0 0.0 1.1 0.0 -9.609 0.05 6.704 1.0]
	ConcatTransform [-0.95096 -0.163045 0.262854 0.0 0.198387 0.330489 0.922724 0.0 -0.237316 0.92962 -0.281936 0.0 -0.304586 -0.464645 0.915058 1.0]
274
	ConcatTransform [1.1 0.0 0.0 0.0 0.0 1.1 0.0 0.0 0.0 0.0 1.1 0.0 -9.609 0.05 6.704 1.0]
	ConcatTransform [-0.961331 -0.132617 0.241362 0.0 0.181251 0.35517 0.917062 0.0 -0.207343 0.925347 -0.317399 0.0 -0.30815 -0.472464 0.917675 1.0]
275
	ConcatTransform [1.1 0.0 0.0 0.0 0.0 1.1 0.0 0.0 0.0 0.0 1.1 0.0 -9.609 0.05 6.704 1.0]
	ConcatTransform [-0.96803 -0.110745 0.225063 0.0 0.167817 0.38093 0.909247 0.0 -0.186428 0.917948 -0.350167 0.0 -0.312691 -0.478969 0.923747 1.0]
276
	ConcatTransform [1.1 0.0 0.0 0.0 0.0 1.1 0.0 0.0 0.0 0.0 1.1 0.0 -9.609 0.05 6.704 1.0]
	ConcatTransform [-0.977272 -0.077431 0.19734 0.0 0.145591 0.43147 0.890302 0.0 -0.154083 0.898798 -0.41039 0.0 -0.322727 -0.489352 0.938838 1.0]
277
	ConcatTransform [1.1 0.0 0.0 0.0 0.0 1.1 0.0 0.0 0.0 0.0 1.1 0.0 -9.609 0.05 6.704 1.0]
	ConcatTransform [-0.98256 -0.044236 0.180605 0.0 0.139135 0.469444 0.871931 0.0 -0.123355 0.881854 -0.455102 0.0 -0.33101 -0.496674 0.952231 1.0]
278
	ConcatTransform [1.1 0.0 0.0 0.0 0.0 1.1 0.0 0.0 0.0 0.0 1.1 0.0 -9.609 0.05 6.704 1.0]
	ConcatTransform [-0.987759 0.019686 0.154744 0.0 0.141629 0.528941 0.836757 0.0 -0.065378 0.84843 -0.525254 0.0 -0.345614 -0.506265 0.976586 1.0]
279
	ConcatTransform [1.1 0.0 0.0 0.0 0.0 1.1 0.0 0.0 0.0 0.0 1.1 0.0 -9.609 0.05 6.704 1.0]
	ConcatTransform [-0.989328 0.057671 0.133804 0.0 0.142749 0.567651 0.810799 0.0 -0.029195 0.821247 -0.569826 0.0 -0.356856 -0.510083 0.995111 1.0]
280
	ConcatTransform [1.1 0.0 0.0 0.0 0.0 1.1 0.0 0.0 0.0 0.0 1.1 0.0 -9.609 0.05 6.704 1.0]
	ConcatTransform [-0.988958 0.109439 0.099922 0.0 0.146388 0.616526 0.773606 0.0 0.023058 0.779692 -0.625739 0.0 -0.374893 -0.51214 1.024791 1.0]
281
	ConcatTransform [1.1 0.0 0.0 0.0 0.0 1.1 0.0 0.0 0.0 0.0 1.1 0.0 -9.609 0.05 6.704 1.0]
	ConcatTransform [-0.987559 0.137711 0.075913 0.0 0.147427 0.642905 0.751624 0.0 0.054702 0.753465 -0.655209 0.0 -0.387182 -0.511709 1.044933 1.0]
282
	ConcatTransform [1.1 0.0 0.0 0.0 0.0 1.1 0.0 0.0 0.0 0.0 1.1 0.0 -9.609 0.05 6.704 1.0]
	ConcatTransform [-0.984114 0.173333 0.038403 0.0 0.147634 0.678841 0.719291 0.0 0.098608 0.713534 -0.693647 0.0 -0.405288 -0.509312 1.074412 1.0]
283
	ConcatTransform [1.1 0.0 0.0 0.0 0.0 1.1 0.0 0.0 0.0 0.0 1.1 0.0 -9.609 0.05 6.704 1.0]
	ConcatTransform [-0.981496 0.191079 0.012467 0.0 0.145243 0.700463 0.698753 0.0 0.124784 0.687634 -0.715254 0.0 -0.416738 -0.506919 1.092954 1.0]
284
	ConcatTransform [1.1 0.0 0.0 0.0 0.0 1.1 0.0 0.0 0.0 0.0 1.1 0.0 -9.609 0.05 6.704 1.0]
	ConcatTransform [-0.979284 0.19992 -0.032173 0.0 0.128586 0.736698 0.663884 0.0 0.156426 0.645993 -0.747144 0.0 -0.432456 -0.502461 1.117659 1.0]
285
	ConcatTransform [1.1 0.0 0.0 0.0 0.0 1.1 0.0 0.0 0.0 0.0 1.1 0.0 -9.609 0.05 6.704 1.0]
	ConcatTransform [-0.978156 0.203099 -0.04429 0.0 0.126599 0.751032 0.648015 0.0 0.164875 0.628253 -0.760338 0.0 -0.441763 -0.500198 1.132255 1.0]
286
	ConcatTransform [1.1 0.0 0.0 0.0 0.0 1.1 0.0 0.0 0.0 0.0 1.1 0.0 -9.609 0.05 6.704 1.0]
	ConcatTransform [-0.977153 0.208016 -0.043611 0.0 0.134191 0.762941 0.632387 0.0 0.164819 0.612086 -0.773424 0.0 -0.453638 -0.496959 1.15053 1.0]
287
	ConcatTransform [1.1 0.0 0.0 0.0 0.0 1.1 0.0 0.0 0.0 0.0 1.1 0.0 -9.609 0.05 6.704 1.0]
	ConcatTransform [-0.975746 0.21567 -0.037488 0.0 0.145321 0.766258 0.625883 0.0 0.16371 0.605256 -0.779015 0.0 -0.459877 -0.494944 1.157679 1.0]
288
	ConcatTransform [1.1 0.0 0.0 0.0 0.0 1.1 0.0 0.0 0.0 0.0 1.1 0.0 -9.609 0.05 6.704 1.0]
	ConcatTransform [-0.973224 0.225887 -0.042536 0.0 0.149863 0.76388 0.627716 0.0 0.174286 0.604534 -0.777279 0.0 -0.46766 -0.496778 1.160628 1.0]
289
	ConcatTransform [1.1 0.0 0.0 0.0 0.0 1.1 0.0 0.0 0.0 0.0 1.1 0.0 -9.609 0.05 6.704 1.0]
	ConcatTransform [-0.972116 0.22881 -0.051344 0.0 0.142791 0.751255 0.644381 0.0 0.186014 0.619082 -0.762979 0.0 -0.471765 -0.501557 1.157191 1.0]
290
	ConcatTransform [1.1 0.0 0.0 0.0 0.0 1.1 0.0 0.0 0.0 0.0 1.1 0.0 -9.609 0.05 6.704 1.0]
	ConcatTransform [-0.971702 0.230132 -0.053238 0.0 0.135612 0.728055 0.671972 0.0 0.193402 0.645737 -0.738661 0.0 -0.475534 -0.505204 1.14342 1.0]
291
	ConcatTransform [1.1 0.0 0.0 0.0 0.0 1.1 0.0 0.0 0.0 0.0 1.1 0.0 -9.609 0.05 6.704 1.0]
	ConcatTransform [-0.973838 0.222523 -0.046071 0.0 0.128611 0.706855 0.695568 0.0 0.187345 0.671446 -0.716981 0.0 -0.476492 -0.506746 1.131732 1.0]
292
	ConcatTransform [1.1 0.0 0.0 0.0 0.0 1.1 0.0 0.0 0.0 0.0 1.1 0.0 -9.609 0.05 6.704 1.0]
	ConcatTransform [-0.978941 0.201736 -0.031249 0.0 0.116093 0.676061 0.727642 0.0 0.167917 0.708692 -0.685245 0.0 -0.476052 -0.509201 1.111905 1.0]
293
	ConcatTransform [1.1 0.0 0.0 0.0 0.0 1.1 0.0 0.0 0.0 0.0 1.1 0.0 -9.609 0.05 6.704 1.0]
	ConcatTransform [-0.98122 0.191314 -0.024615 0.0 0.107995 0.650604 0.751699 0.0 0.159825 0.734924 -0.659047 0.0 -0.474433 -0.510415 1.097819 1.0]
294
	ConcatTransform [1.1 0.0 0.0 0.0 0.0 1.1 0.0 0.0 0.0 0.0 1.1 0.0 -9.609 0.05 6.704 1.0]
	ConcatTransform [-0.983661 0.178611 -0.022567 0.0 0.094037 0.616642 0.781607 0.0 0.15352 0.766714 -0.623363 0.0 -0.470355 -0.511002 1.075768 1.0]
295
	ConcatTransform [1.1 0.0 0.0 0.0 0.0 1.1 0.0 0.0 0.0 0.0 1.1 0.0 -9.609 0.05 6.704 1.0]
	ConcatTransform [-0.984423 0.173556 -0.028106 0.0 0.082544 0.597381 0.797698 0.0 0.155235 0.782952 -0.602402 0.0 -0.466657 -0.510807 1.060961 1.0]
296
	ConcatTransform [1.1 0.0 0.0 0.0 0.0 1.1 0.0 0.0 0.0 0.0 1.1 0.0 -9.609 0.05 6.704 1.0]
	ConcatTransform [-0.986608 0.156201 -0.046964 0.0 0.05102 0.569024 0.820737 0.0 0.154924 0.807349 -0.569373 0.0 -0.460206 -0.510291 1.039591 1.0]
297
	ConcatTransform [1.1 0.0 0.0 0.0 0.0 1.1 0.0 0.0 0.0 0.0 1.1 0.0 -9.609 0.05 6.704 1.0]
	ConcatTransform [-0.98765 0.144288 -0.061059 0.0 0.029755 0.555363 0.831076 0.0 0.153824 0.818995 -0.552798 0.0 -0.455284 -0.509803 1.026026 1.0]
298
	ConcatTransform [1.1 0.0 0.0 0.0 0.0 1.1 0.0 0.0 0.0 0.0 1.1 0.0 -9.609 0.05 6.704 1.0]
	ConcatTransform [-0.9886 0.12874 -0.078073 0.0 0.00264 0.533281 0.845934 0.0 0.15054 0.836085 -0.527541 0.0 -0.447133 -0.508613 1.00755 1.0]
299
	ConcatTransform [1.1 0.0 0.0 0.0 0.0 1.1 0.0 0.0 0.0 0.0 1.1 0.0 -9.609 0.05 6.704 1.0]
	ConcatTransform [-0.9891 0.117796 -0.088349 0.0 -0.014849 0.517154 0.855764 0.0 0.146496 0.847747 -0.509768 0.0 -0.441581 -0.507486 0.996787 1.0]
300
	ConcatTransform [1.1 0.0 0.0 0.0 0.0 1.1 0.0 0.0 0.0 0.0 1.1 0.0 -9.609 0.05 6.704 1.0]
	ConcatTransform [-0.989931 0.096507 -0.10355 0.0 -0.042071 0.49789 0.866219 0.0 0.135153 0.861854 -0.488817 0.0 -0.433515 -0.505631 0.983141 1.0]
301
	ConcatTransform [1.1 0.0 0.0 0.0 0.0 1.1 0.0 0.0 0.0 0.0 1.1 0.0 -9.609 0.05 6.704 1.0]
	ConcatTransform [-0.990485 0.084939 -0.108281 0.0 -0.053284 0.488749 0.870796 0.0 0.126887 0.86828 -0.479572 0.0 -0.428229 -0.504508 0.975787 1.0]
302
	ConcatTransform [1.1 0.0 0.0 0.0 0.0 1.1 0.0 0.0 0.0 0.0 1.1 0.0 -9.609 0.05 6.704 1.0]
	ConcatTransform [-0.990786 0.07063 -0.115566 0.0 -0.067728 0.480543 0.874352 0.0 0.11729 0.874122 -0.471331 0.0 -0.42103 -0.503341 0.967649 1.0]
303
	ConcatTransform [1.1 0.0 0.0 0.0 0.0 1.1 0.0 0.0 0.0 0.0 1.1 0.0 -9.609 0.05 6.704 1.0]
	ConcatTransform [-0.99094 0.06351 -0.11834 0.0 -0.073602 0.480235 0.874046 0.0 0.112342 0.874837 -0.47121 0.0 -0.416926 -0.503072 0.964131 1.0]
304
	ConcatTransform [1.1 0.0 0.0 0.0 0.0 1.1 0.0 0.0 0.0 0.0 1.1 0.0 -9.609 0.05 6.704 1.0]
	ConcatTransform [-0.991438 0.058852 -0.116565 0.0 -0.073477 0.486497 0.870587 0.0 0.107944 0.871698 -0.478008 0.0 -0.411923 -0.503479 0.961734 1.0]
305
	ConcatTransform [1.1 0.0 0.0 0.0 0.0 1.1 0.0 0.0 0.0 0.0 1.1 0.0 -9.609 0.05 6.704 1.0]
	ConcatTransform [-0.992472 0.052217 -0.110781 0.0 -0.071104 0.490807 0.868362 0.0 0.099715 0.869702 -0.483399 0.0 -0.409629 -0.50369 0.962254 1.0]
306
	ConcatTransform [1.1 0.0 0.0 0.0 0.0 1.1 0.0 0.0 0.0 0.0 1.1 0.0 -9.609 0.05 6.704 1.0]
	ConcatTransform [-0.994331 0.045337 -0.096174 0.0 -0.060352 0.504034 0.861572 0.0 0.087536 0.862493 -0.498441 0.0 -0.40758 -0.504579 0.965732 1.0]
307
	ConcatTransform [1.1 0.0 0.0 0.0 0.0 1.1 0.0 0.0 0.0 0.0 1.1 0.0 -9.609 0.05 6.704 1.0]
	ConcatTransform [-0.995386 0.044883 -0.084811 0.0 -0.049297 0.519108 0.853286 0.0 0.082324 0.853529 -0.5145 0.0 -0.407115 -0.505762 0.969558 1.0]
308
	ConcatTransform [1.1 0.0 0.0 0.0 0.0 1.1 0.0 0.0 0.0 0.0 1.1 0.0 -9.609 0.05 6.704 1.0]
	ConcatTransform [-0.996433 0.051096 -0.067159 0.0 -0.028488 0.545448 0.837661 0.0 0.079432 0.836586 -0.542047 0.0 -0.407821 -0.507771 0.977421 1.0]
309
	ConcatTransform [1.1 0.0 0.0 0.0 0.0 1.1 0.0 0.0 0.0 0.0 1.1 0.0 -9.609 0.05 6.704 1.0]
	ConcatTransform [-0.996992 0.054201 -0.055396 0.0 -0.01542 0.561759 0.827157 0.0 0.075952 0.825523 -0.559234 0.0 -0.409348 -0.508744 0.983994 1.0]
310
	ConcatTransform [1.1 0.0 0.0 0.0 0.0 1.1 0.0 0.0 0.0 0.0 1.1 0.0 -9.609 0.05 6.704 1.0]
	ConcatTransform [-0.997356 0.062546 -0.036991 0.0 0.006457 0.583327 0.812212 0.0 0.072378 0.809826 -0.582189 0.0 -0.412895 -0.509848 0.995357 1.0]
311
	ConcatTransform [1.1 0.0 0.0 0.0 0.0 1.1 0.0 0.0 0.0 0.0 1.1 0.0 -9.609 0.05 6.704 1.0]
	ConcatTransform [-0.997322 0.068724 -0.025 0.0 0.020978 0.596346 0.802454 0.0 0.070056 0.799781 -0.59619 0.0 -0.41599 -0.510352 1.003605 1.0]
312
	ConcatTransform [1.1 0.0 0.0 0.0 0.0 1.1 0.0 0.0 0.0 0.0 1.1 0.0 -9.609 0.05 6.704 1.0]
	ConcatTransform [-0.996731 0.080392 -0.007966 0.0 0.043482 0.616964 0.785789 0.0 0.068086 0.782874 -0.618443 0.0 -0.421479 -0.510894 1.01644 1.0]
313
	ConcatTransform [1.1 0.0 0.0 0.0 0.0 1.1 0.0 0.0 0.0 0.0 1.1 0.0 -9.609 0.05 6.704 1.0]
	ConcatTransform [-0.99592 0.090178 0.003249 0.0 0.059556 0.629824 0.774451 0.0 0.067792 0.771485 -0.632625 0.0 -0.425599 -0.511049 1.025138 1.0]
314
	ConcatTransform [1.1 0.0 0.0 0.0 0.0 1.1 0.0 0.0 0.0 0.0 1.1 0.0 -9.609 0.05 6.704 1.0]
	ConcatTransform [-0.994297 0.104811 0.019706 0.0 0.083171 0.646402 0.758451 0.0 0.066756 0.755764 -0.651432 0.0 -0.432254 -0.51095 1.037988 1.0]
315
	ConcatTransform [1.1 0.0 0.0 0.0 0.0 1.1 0.0 0.0 0.0 0.0 1.1 0.0 -9.609 0.05 6.704 1.0]
	ConcatTransform [-0.993069 0.113523 0.030425 0.0 0.097927 0.656096 0.748297 0.0 0.064988 0.74609 -0.662666 0.0 -0.436884 -0.51071 1.046177 1.0]
316
	ConcatTransform [1.1 0.0 0.0 0.0 0.0 1.1 0.0 0.0 0.0 0.0 1.1 0.0 -9.609 0.05 6.704 1.0]
	ConcatTransform [-0.990976 0.125631 0.04672 0.0 0.119347 0.668383 0.73418 0.0 0.06101 0.733131 -0.677345 0.0 -0.443904 -0.510196 1.057574 1.0]
317
	ConcatTransform [1.1 0.0 0.0 0.0 0.0 1.1 0.0 0.0 0.0 0.0 1.1 0.0 -9.609 0.05 6.704 1.0]
	ConcatTransform [-0.98926 0.134167 0.058 0.0 0.134013 0.674118 0.726365 0.0 0.058355 0.726336 -0.684858 0.0 -0.448499 -0.509837 1.064438 1.0]
318
	ConcatTransform [1.1 0.0 0.0 0.0 0.0 1.1 0.0 0.0 0.0 0.0 1.1 0.0 -9.609 0.05 6.704 1.0]
	ConcatTransform [-0.985649 0.151111 0.075244 0.0 0.158802 0.678839 0.71691 0.0 0.057254 0.718571 -0.693093 0.0 -0.454957 -0.50928 1.07336 1.0]
319
	ConcatTransform [1.1 0.0 0.0 0.0 0.0 1.1 0.0 0.0 0.0 0.0 1.1 0.0 -9.609 0.05 6.704 1.0]
	ConcatTransform [-0.983286 0.159702 0.087429 0.0 0.173729 0.679336 0.712967 0.0 0.054469 0.716239 -0.695726 0.0 -0.458997 -0.509027 1.078348 1.0]
320
	ConcatTransform [1.1 0.0 0.0 0.0 0.0 1.1 0.0 0.0 0.0 0.0 1.1 0.0 -9.609 0.05 6.704 1.0]
	ConcatTransform [-0.980406 0.16557 0.106724 0.0 0.191702 0.67729 0.710302 0.0 0.045322 0.716844 -0.695759 0.0 -0.464564 -0.508956 1.084295 1.0]
321
	ConcatTransform [1.1 0.0 0.0 0.0 0.0 1.1 0.0 0.0 0.0 0.0 1.1 0.0 -9.609 0.05 6.704 1.0]
	ConcatTransform [-0.978063 0.170378 0.119854 0.0 0.204408 0.674112 0.709782 0.0 0.040137 0.71871 -0.69415 0.0 -0.467718 -0.508973 1.087177 1.0]
322
	ConcatTransform [1.1 0.0 0.0 0.0 0.0 1.1 0.0 0.0 0.0 0.0 1.1 0.0 -9.609 0.05 6.704 1.0]
	ConcatTransform [-0.973964 0.178512 0.139744 0.0 0.22424 0.667925 0.709643 0.0 0.033342 0.722502 -0.690564 0.0 -0.471512 -0.508999 1.089876 1.0]
323
	ConcatTransform [1.1 0.0 0.0 0.0 0.0 1.1 0.0 0.0 0.0 0.0 1.1 0.0 -9.609 0.05 6.704 1.0]
	ConcatTransform [-0.971801 0.180143 0.152155 0.0 0.234233 0.663158 0.710884 0.0 0.027159 0.726478 -0.686653 0.0 -0.47345 -0.509174 1.090729 1.0]
324
	ConcatTransform [1.1 0.0 0.0 0.0 0.0 1.1 0.0 0.0 0.0 0.0 1.1 0.0 -9.609 0.05 6.704 1.0]
	ConcatTransform [-0.969368 0.177525 0.169736 0.0 0.245125 0.655751 0.714076 0.0 0.015462 0.733809 -0.67918 0.0 -0.475513 -0.509552 1.090629 1.0]
325
	ConcatTransform [1.1 0.0 0.0 0.0 0.0 1.1 0.0 0.0 0.0 0.0 1.1 0.0 -9.609 0.05 6.704 1.0]
	ConcatTransform [-0.967755 0.177127 0.179097 0.0 0.251679 0.650662 0.716448 0.0 0.01037 0.738421 -0.67426 0.0 -0.476177 -0.509733 1.08971 1.0]
326
	ConcatTransform [1.1 0.0 0.0 0.0 0.0 1.1 0.0 0.0 0.0 0.0 1.1 0.0 -9.609 0.05 6.704 1.0]
	ConcatTransform [-0.966356 0.174048 0.189377 0.0 0.257185 0.643884 0.720603 0.0 0.003483 0.745064 -0.666984 0.0 -0.476211 -0.510016 1.087261 1.0]
327
	ConcatTransform [1.1 0.0 0.0 0.0 0.0 1.1 0.0 0.0 0.0 0.0 1.1 0.0 -9.609 0.05 6.704 1.0]
	ConcatTransform [-0.966174 0.168816 0.194959 0.0 0.25788 0.639217 0.724499 0.0 -0.002314 0.750269 -0.661129 0.0 -0.475657 -0.510273 1.085052 1.0]
328
	ConcatTransform [1.1 0.0 0.0 0.0 0.0 1.1 0.0 0.0 0.0 0.0 1.1 0.0 -9.609 0.05 6.704 1.0]
	ConcatTransform [-0.966457 0.158398 0.202164 0.0 0.256556 0.631565 0.731645 0.0 -0.011788 0.758971 -0.651018 0.0 -0.474021 -0.510662 1.081045 1.0]
329
	ConcatTransform [1.1 0.0 0.0 0.0 0.0 1.1 0.0 0.0 0.0 0.0 1.1 0.0 -9.609 0.05 6.704 1.0]
	ConcatTransform [-0.966692 0.151539 0.206258 0.0 0.255323 0.626998 0.735992 0.0 -0.017791 0.76414 -0.644805 0.0 -0.472437 -0.510848 1.077971 1.0]
330
	ConcatTransform [1.1 0.0 0.0 0.0 0.0 1.1 0.0 0.0 0.0 0.0 1.1 0.0 -9.609 0.05 6.704 1.0]
	ConcatTransform [-0.967172 0.140863 0.21151 0.0 0.252705 0.620958 0.741991 0.0 -0.02682 0.771083 -0.63617 0.0 -0.469483 -0.511037 1.072973 1.0]
331
	ConcatTransform [1.1 0.0 0.0 0.0 0.0 1.1 0.0 0.0 0.0 0.0 1.1 0.0 -9.609 0.05 6.704 1.0]
	ConcatTransform [-0.967584 0.133049 0.214662 0.0 0.250371 0.616788 0.746249 0.0 -0.033113 0.775803 -0.630105 0.0 -0.467225 -0.511114 1.069538 1.0]
332
	ConcatTransform [1.1 0.0 0.0 0.0 0.0 1.1 0.0 0.0 0.0 0.0 1.1 0.0 -9.609 0.05 6.704 1.0]
	ConcatTransform [-0.968076 0.122125 0.218894 0.0 0.247131 0.610988 0.752077 0.0 -0.041895 0.782163 -0.621664 0.0 -0.463532 -0.511134 1.064385 1.0]
333
	ConcatTransform [1.1 0.0 0.0 0.0 0.0 1.1 0.0 0.0 0.0 0.0 1.1 0.0 -9.609 0.05 6.704 1.0]
	ConcatTransform [-0.968337 0.115181 0.221487 0.0 0.245045 0.608073 0.755116 0.0 -0.047705 0.785481 -0.617044 0.0 -0.460967 -0.511104 1.061034 1.0]
334
	ConcatTransform [1.1 0.0 0.0 0.0 0.0 1.1 0.0 0.0 0.0 0.0 1.1 0.0 -9.609 0.05 6.704 1.0]
	ConcatTransform [-0.968671 0.104828 0.225141 0.0 0.241824 0.604573 0.758955 0.0 -0.056554 0.789622 -0.610982 0.0 -0.457131 -0.51101 1.056317 1.0]
335
	ConcatTransform [1.1 0.0 0.0 0.0 0.0 1.1 0.0 0.0 0.0 0.0 1.1 0.0 -9.609 0.05 6.704 1.0]
	ConcatTransform [-0.968698 0.099367 0.227487 0.0 0.240488 0.602892 0.760715 0.0 -0.06156 0.791611 -0.607917 0.0 -0.454631 -0.510934 1.05344 1.0]
336
	ConcatTransform [1.1 0.0 0.0 0.0 0.0 1.1 0.0 0.0 0.0 0.0 1.1 0.0 -9.609 0.05 6.704 1.0]
	ConcatTransform [-0.968423 0.094148 0.230854 0.0 0.240073 0.60191 0.761622 0.0 -0.067248 0.792994 -0.605506 0.0 -0.451079 -0.510851 1.049594 1.0]
337
	ConcatTransform [1.1 0.0 0.0 0.0 0.0 1.1 0.0 0.0 0.0 0.0 1.1 0.0 -9.609 0.05 6.704 1.0]
	ConcatTransform [-0.968219 0.090826 0.23303 0.0 0.239816 0.60164 0.761917 0.0 -0.070998 0.793586 -0.604301 0.0 -0.448938 -0.510798 1.047422 1.0]
338
	ConcatTransform [1.1 0.0 0.0 0.0 0.0 1.1 0.0 0.0 0.0 0.0 1.1 0.0 -9.609 0.05 6.704 1.0]
	ConcatTransform [-0.96788 0.085911 0.23628 0.0 0.239467 0.601287 0.762306 0.0 -0.076581 0.794401 -0.602546 0.0 -0.446152 -0.510713 1.044813 1.0]
339
	ConcatTransform [1.1 0.0 0.0 0.0 0.0 1.1 0.0 0.0 0.0 0.0 1.1 0.0 -9.609 0.05 6.704 1.0]
	ConcatTransform [-0.967472 0.084655 0.238391 0.0 0.24031 0.601988 0.761486 0.0 -0.079045 0.794005 -0.602751 0.0 -0.44457 -0.510701 1.043462 1.0]
340
	ConcatTransform [1.1 0.0 0.0 0.0 0.0 1.1 0.0 0.0 0.0 0.0 1.1 0.0 -9.609 0.05 6.704 1.0]
	ConcatTransform [-0.966626 0.085658 0.241447 0.0 0.243056 0.604521 0.758603 0.0 -0.080979 0.791971 -0.605165 0.0 -0.442654 -0.510757 1.042004 1.0]
341
	ConcatTransform [1.1 0.0 0.0 0.0 0.0 1.1 0.0 0.0 0.0 0.0 1.1 0.0 -9.609 0.05 6.704 1.0]
	ConcatTransform [-0.966043 0.086322 0.243534 0.0 0.244948 0.605909 0.756885 0.0 -0.082224 0.790837 -0.606479 0.0 -0.441725 -0.510788 1.041459 1.0]
342
	ConcatTransform [1.1 0.0 0.0 0.0 0.0 1.1 0.0 0.0 0.0 0.0 1.1 0.0 -9.609 0.05 6.704 1.0]
	ConcatTransform [-0.96511 0.087503 0.246793 0.0 0.248064 0.607296 0.754756 0.0 -0.083833 0.789642 -0.607813 0.0 -0.440843 -0.510824 1.041238 1.0]
343
	ConcatTransform [1.1 0.0 0.0 0.0 0.0 1.1 0.0 0.0 0.0 0.0 1.1 0.0 -9.609 0.05 6.704 1.0]
	ConcatTransform [-0.964336 0.089943 0.24893 0.0 0.251043 0.60881 0.752547 0.0 -0.083864 0.788201 -0.609677 0.0 -0.440562 -0.51088 1.041402 1.0]
344
	ConcatTransform [1.1 0.0 0.0 0.0 0.0 1.1 0.0 0.0 0.0 0.0 1.1 0.0 -9.609 0.05 6.704 1.0]
	ConcatTransform [-0.963225 0.093471 0.251915 0.0 0.255147 0.612147 0.748449 0.0 -0.08425 0.7852 -0.613484 0.0 -0.440615 -0.51096 1.042066 1.0]
345
	ConcatTransform [1.1 0.0 0.0 0.0 0.0 1.1 0.0 0.0 0.0 0.0 1.1 0.0 -9.609 0.05 6.704 1.0]
	ConcatTransform [-0.962343 0.096754 0.254038 0.0 0.258616 0.61377 0.745925 0.0 -0.08375 0.783534 -0.615679 0.0 -0.440894 -0.511012 1.042783 1.0]
346
	ConcatTransform [1.1 0.0 0.0 0.0 0.0 1.1 0.0 0.0 0.0 0.0 1.1 0.0 -9.609 0.05 6.704 1.0]
	ConcatTransform [-0.960876 0.102512 0.257309 0.0 0.264457 0.615703 0.742275 0.0 -0.082334 0.781281 -0.618725 0.0 -0.441628 -0.511079 1.044176 1.0]
347
	ConcatTransform [1.1 0.0 0.0 0.0 0.0 1.1 0.0 0.0 0.0 0.0 1.1 0.0 -9.609 0.05 6.704 1.0]
	ConcatTransform [-0.959948 0.105939 0.259377 0.0 0.267974 0.617412 0.73959 0.0 -0.081791 0.779474 -0.621072 0.0 -0.442314 -0.51111 1.045248 1.0]
348
	ConcatTransform [1.1 0.0 0.0 0.0 0.0 1.1 0.0 0.0 0.0 0.0 1.1 0.0 -9.609 0.05 6.704 1.0]
	ConcatTransform [-0.958584 0.110656 0.262433 0.0 0.272953 0.620019 0.735577 0.0 -0.081317 0.776744 -0.624544 0.0 -0.443557 -0.511139 1.047007 1.0]
349
	ConcatTransform [1.1 0.0 0.0 0.0 0.0 1.1 0.0 0.0 0.0 0.0 1.1 0.0 -9.609 0.05 6.704 1.0]
	ConcatTransform [-0.957625 0.113933 0.264525 0.0 0.27644 0.621372 0.733129 0.0 -0.080841 0.775188 -0.626537 0.0 -0.44447 -0.511148 1.048244 1.0]
350
	ConcatTransform [1.1 0.0 0.0 0.0 0.0 1.1 0.0 0.0 0.0 0.0 1.1 0.0 -9.609 0.05 6.704 1.0]
	ConcatTransform [-0.956197 0.118507 0.267663 0.0 0.28148 0.623231 0.729625 0.0 -0.08035 0.773007 -0.629289 0.0 -0.445917 -0.511149 1.05011 1.0]
351
	ConcatTransform [1.1 0.0 0.0 0.0 0.0 1.1 0.0 0.0 0.0 0.0 1.1 0.0 -9.609 0.05 6.704 1.0]
	ConcatTransform [-0.955285 0.121081 0.26976 0.0 0.284566 0.624327 0.727487 0.0 -0.080334 0.771722 -0.630866 0.0 -0.446902 -0.511142 1.051324 1.0]
352
	ConcatTransform [1.1 0.0 0.0 0.0 0.0 1.1 0.0 0.0 0.0 0.0 1.1 0.0 -9.609 0.05 6.704 1.0]
	ConcatTransform [-0.953924 0.124501 0.272999 0.0 0.289054 0.625355 0.72483 0.0 -0.080479 0.770344 -0.632529 0.0 -0.44834 -0.511127 1.053053 1.0]
353
	ConcatTransform [1.1 0.0 0.0 0.0 0.0 1.1 0.0 0.0 0.0 0.0 1.1 0.0 -9.609 0.05 6.704 1.0]
	ConcatTransform [-0.953059 0.126354 0.275161 0.0 0.291788 0.625964 0.723207 0.0 -0.080861 0.769548 -0.633449 0.0 -0.449252 -0.511116 1.054104 1.0]
354
	ConcatTransform [1.1 0.0 0.0 0.0 0.0 1.1 0.0 0.0 0.0 0.0 1.1 0.0 -9.609 0.05 6.704 1.0]
	ConcatTransform [-0.952008 0.127195 0.278391 0.0 0.294609 0.627404 0.720812 0.0 -0.08298 0.768235 -0.634767 0.0 -0.450526 -0.5111 1.055477 1.0]
355
	ConcatTransform [1.1 0.0 0.0 0.0 0.0 1.1 0.0 0.0 0.0 0.0 1.1 0.0 -9.609 0.05 6.704 1.0]
	ConcatTransform [-0.9513 0.127517 0.280657 0.0 0.296435 0.628226 0.719346 0.0 -0.084587 0.76751 -0.635432 0.0 -0.451277 -0.511096 1.056246 1.0]
356
	ConcatTransform [1.1 0.0 0.0 0.0 0.0 1.1 0.0 0.0 0.0 0.0 1.1 0.0 -9.609 0.05 6.704 1.0]
	ConcatTransform [-0.950177 0.127799 0.284308 0.0 0.299209 0.629661 0.716938 0.0 -0.087394 0.766286 -0.636528 0.0 -0.452262 -0.511092 1.057138 1.0]
357
	ConcatTransform [1.1 0.0 0.0 0.0 0.0 1.1 0.0 0.0 0.0 0.0 1.1 0.0 -9.609 0.05 6.704 1.0]
	ConcatTransform [-0.949373 0.127835 0.286964 0.0 0.301134 0.630524 0.715373 0.0 -0.089488 0.765571 -0.637098 0.0 -0.452846 -0.511087 1.057549 1.0]
358
	ConcatTransform [1.1 0.0 0.0 0.0 0.0 1.1 0.0 0.0 0.0 0.0 1.1 0.0 -9.609 0.05 6.704 1.0]
	ConcatTransform [-0.948296 0.125703 0.291433 0.0 0.303132 0.630807 0.714279 0.0 -0.094051 0.76569 -0.636296 0.0 -0.453661 -0.511091 1.057924 1.0]
359
	ConcatTransform [1.1 0.0 0.0 0.0 0.0 1.1 0.0 0.0 0.0 0.0 1.1 0.0 -9.609 0.05 6.704 1.0]
	ConcatTransform [-0.947345 0.125619 0.294547 0.0 0.305385 0.631122 0.713039 0.0 -0.096324 0.765444 -0.636252 0.0 -0.454119 -0.511086 1.057953 1.0]
360
	ConcatTransform [1.1 0.0 0.0 0.0 0.0 1.1 0.0 0.0 0.0 0.0 1.1 0.0 -9.609 0.05 6.704 1.0]
	ConcatTransform [-0.28607 0.11616 0.951142 0.0 0.764363 0.626271 0.153409 0.0 -0.577853 0.770903 -0.267946 0.0 -0.361864 -0.511134 1.050656 1.0]
