228
	ConcatTransform [1.1 0.0 0.0 0.0 0.0 1.1 0.0 0.0 0.0 0.0 1.1 0.0 -9.609 0.05 6.704 1.0]
	ConcatTransform [0.991713 0.107145 -0.07089 0.0 -0.104277 0.993618 0.042998 0.0 0.075045 -0.035249 0.996557 0.0 -0.003028 0.006532 -0.019323 1.0]
229
	ConcatTransform [1.1 0.0 0.0 0.0 0.0 1.1 0.0 0.0 0.0 0.0 1.1 0.0 -9.609 0.05 6.704 1.0]
	ConcatTransform [0.979694 0.175217 -0.097463 0.0 -0.164639 0.980456 0.107707 0.0 0.114431 -0.089474 0.989394 0.0 -0.00815 0.00448 -0.033451 1.0]
230
	ConcatTransform [1.1 0.0 0.0 0.0 0.0 1.1 0.0 0.0 0.0 0.0 1.1 0.0 -9.609 0.05 6.704 1.0]
	ConcatTransform [0.950804 0.278727 -0.135219 0.0 -0.243831 0.942549 0.228357 0.0 0.191099 -0.184152 0.964142 0.0 -0.015788 -0.015467 -0.055734 1.0]
231
	ConcatTransform [1.1 0.0 0.0 0.0 0.0 1.1 0.0 0.0 0.0 0.0 1.1 0.0 -9.609 0.05 6.704 1.0]
	ConcatTransform [0.92481 0.348322 -0.152965 0.0 -0.287929 0.903668 0.316986 0.0 0.248643 -0.249109 0.936014 0.0 -0.021061 -0.04111 -0.070276 1.0]
232
	ConcatTransform [1.1 0.0 0.0 0.0 0.0 1.1 0.0 0.0 0.0 0.0 1.1 0.0 -9.609 0.05 6.704 1.0]
	ConcatTransform [0.900382 0.400662 -0.169653 0.0 -0.297886 0.851849 0.430834 0.0 0.317138 -0.337378 0.886341 0.0 -0.027919 -0.101251 -0.090543 1.0]
233
	ConcatTransform [1.1 0.0 0.0 0.0 0.0 1.1 0.0 0.0 0.0 0.0 1.1 0.0 -9.609 0.05 6.704 1.0]
	ConcatTransform [0.893629 0.40774 -0.187551 0.0 -0.278273 0.831244 0.481245 0.0 0.352124 -0.377864 0.856287 0.0 -0.031986 -0.155387 -0.103864 1.0]
234
	ConcatTransform [1.1 0.0 0.0 0.0 0.0 1.1 0.0 0.0 0.0 0.0 1.1 0.0 -9.609 0.05 6.704 1.0]
	ConcatTransform [0.886643 0.402255 -0.228156 0.0 -0.239836 0.821796 0.516847 0.0 0.395402 -0.403538 0.825115 0.0 -0.037888 -0.255651 -0.124963 1.0]
235
	ConcatTransform [1.1 0.0 0.0 0.0 0.0 1.1 0.0 0.0 0.0 0.0 1.1 0.0 -9.609 0.05 6.704 1.0]
	ConcatTransform [0.909185 0.350021 -0.225539 0.0 -0.154621 0.78672 0.597632 0.0 0.38662 -0.508485 0.769395 0.0 -0.040715 -0.331663 -0.137463 1.0]
236
	ConcatTransform [1.1 0.0 0.0 0.0 0.0 1.1 0.0 0.0 0.0 0.0 1.1 0.0 -9.609 0.05 6.704 1.0]
	ConcatTransform [0.919559 0.290767 -0.26432 0.0 -0.071987 0.785923 0.614119 0.0 0.386301 -0.545691 0.743635 0.0 -0.039719 -0.370045 -0.160894 1.0]
237
	ConcatTransform [1.1 0.0 0.0 0.0 0.0 1.1 0.0 0.0 0.0 0.0 1.1 0.0 -9.609 0.05 6.704 1.0]
	ConcatTransform [0.931591 0.332383 -0.147173 0.0 -0.182787 0.778292 0.600708 0.0 0.314209 -0.532713 0.785805 0.0 -0.032778 -0.368857 -0.184937 1.0]
238
	ConcatTransform [1.1 0.0 0.0 0.0 0.0 1.1 0.0 0.0 0.0 0.0 1.1 0.0 -9.609 0.05 6.704 1.0]
	ConcatTransform [0.880165 0.470336 0.063978 0.0 -0.430508 0.734225 0.524954 0.0 0.19993 -0.489589 0.848723 0.0 -0.013361 -0.346093 -0.235537 1.0]
239
	ConcatTransform [1.1 0.0 0.0 0.0 0.0 1.1 0.0 0.0 0.0 0.0 1.1 0.0 -9.609 0.05 6.704 1.0]
	ConcatTransform [0.818455 0.536386 0.205964 0.0 -0.5632 0.67798 0.472387 0.0 0.113743 -0.502627 0.856988 0.0 0.001783 -0.334428 -0.269191 1.0]
240
	ConcatTransform [1.1 0.0 0.0 0.0 0.0 1.1 0.0 0.0 0.0 0.0 1.1 0.0 -9.609 0.05 6.704 1.0]
	ConcatTransform [0.701057 0.560476 0.440892 0.0 -0.713048 0.543179 0.443304 0.0 0.008978 -0.625159 0.780446 0.0 0.024141 -0.332797 -0.317249 1.0]
241
	ConcatTransform [1.1 0.0 0.0 0.0 0.0 1.1 0.0 0.0 0.0 0.0 1.1 0.0 -9.609 0.05 6.704 1.0]
	ConcatTransform [0.60548 0.531689 0.5922 0.0 -0.793555 0.459929 0.398416 0.0 -0.060537 -0.711176 0.700403 0.0 0.039348 -0.343251 -0.349343 1.0]
242
	ConcatTransform [1.1 0.0 0.0 0.0 0.0 1.1 0.0 0.0 0.0 0.0 1.1 0.0 -9.609 0.05 6.704 1.0]
	ConcatTransform [0.493461 0.407216 0.768552 0.0 -0.843434 0.439826 0.3085 0.0 -0.212403 -0.800455 0.560496 0.0 0.055156 -0.356279 -0.398364 1.0]
243
	ConcatTransform [1.1 0.0 0.0 0.0 0.0 1.1 0.0 0.0 0.0 0.0 1.1 0.0 -9.609 0.05 6.704 1.0]
	ConcatTransform [0.392714 0.310162 0.86578 0.0 -0.862595 0.450684 0.229813 0.0 -0.318914 -0.837068 0.444534 0.0 0.058107 -0.36104 -0.430737 1.0]
244
	ConcatTransform [1.1 0.0 0.0 0.0 0.0 1.1 0.0 0.0 0.0 0.0 1.1 0.0 -9.609 0.05 6.704 1.0]
	ConcatTransform [0.193736 0.229426 0.95385 0.0 -0.858674 0.509903 0.05176 0.0 -0.474496 -0.829074 0.295788 0.0 0.057649 -0.371308 -0.480713 1.0]
245
	ConcatTransform [1.1 0.0 0.0 0.0 0.0 1.1 0.0 0.0 0.0 0.0 1.1 0.0 -9.609 0.05 6.704 1.0]
	ConcatTransform [0.069893 0.193712 0.978566 0.0 -0.819885 0.569951 -0.054265 0.0 -0.568246 -0.798519 0.198657 0.0 0.053214 -0.376011 -0.510412 1.0]
246
	ConcatTransform [1.1 0.0 0.0 0.0 0.0 1.1 0.0 0.0 0.0 0.0 1.1 0.0 -9.609 0.05 6.704 1.0]
	ConcatTransform [-0.08701 0.136358 0.986831 0.0 -0.775803 0.612147 -0.152988 0.0 -0.624947 -0.778898 0.052524 0.0 0.041759 -0.369381 -0.549121 1.0]
247
	ConcatTransform [1.1 0.0 0.0 0.0 0.0 1.1 0.0 0.0 0.0 0.0 1.1 0.0 -9.609 0.05 6.704 1.0]
	ConcatTransform [-0.166062 0.112628 0.979662 0.0 -0.744444 0.6372 -0.199447 0.0 -0.646704 -0.762425 -0.021969 0.0 0.034478 -0.369725 -0.574185 1.0]
248
	ConcatTransform [1.1 0.0 0.0 0.0 0.0 1.1 0.0 0.0 0.0 0.0 1.1 0.0 -9.609 0.05 6.704 1.0]
	ConcatTransform [-0.261317 0.0871 0.961315 0.0 -0.693656 0.675615 -0.249772 0.0 -0.671234 -0.732092 -0.116132 0.0 0.022193 -0.374851 -0.60806 1.0]
249
	ConcatTransform [1.1 0.0 0.0 0.0 0.0 1.1 0.0 0.0 0.0 0.0 1.1 0.0 -9.609 0.05 6.704 1.0]
	ConcatTransform [-0.320376 0.08909 0.943092 0.0 -0.656381 0.696956 -0.288817 0.0 -0.683024 -0.711558 -0.164811 0.0 0.012611 -0.380763 -0.628075 1.0]
250
	ConcatTransform [1.1 0.0 0.0 0.0 0.0 1.1 0.0 0.0 0.0 0.0 1.1 0.0 -9.609 0.05 6.704 1.0]
	ConcatTransform [-0.391357 0.086854 0.916131 0.0 -0.60631 0.72457 -0.327699 0.0 -0.692263 -0.683706 -0.230905 0.0 -0.001879 -0.402309 -0.656284 1.0]
251
	ConcatTransform [1.1 0.0 0.0 0.0 0.0 1.1 0.0 0.0 0.0 0.0 1.1 0.0 -9.609 0.05 6.704 1.0]
	ConcatTransform [-0.433248 0.098696 0.895855 0.0 -0.583853 0.726487 -0.362397 0.0 -0.686594 -0.680055 -0.257125 0.0 -0.011745 -0.421229 -0.673508 1.0]
252
	ConcatTransform [1.1 0.0 0.0 0.0 0.0 1.1 0.0 0.0 0.0 0.0 1.1 0.0 -9.609 0.05 6.704 1.0]
	ConcatTransform [-0.453017 0.10517 0.885276 0.0 -0.567892 0.731433 -0.377498 0.0 -0.687222 -0.673755 -0.271626 0.0 -0.02744 -0.45486 -0.695806 1.0]
253
	ConcatTransform [1.1 0.0 0.0 0.0 0.0 1.1 0.0 0.0 0.0 0.0 1.1 0.0 -9.609 0.05 6.704 1.0]
	ConcatTransform [-0.417986 0.135415 0.898304 0.0 -0.557537 0.742464 -0.371348 0.0 -0.717244 -0.656057 -0.234841 0.0 -0.041519 -0.464315 -0.702899 1.0]
254
	ConcatTransform [1.1 0.0 0.0 0.0 0.0 1.1 0.0 0.0 0.0 0.0 1.1 0.0 -9.609 0.05 6.704 1.0]
	ConcatTransform [-0.361591 0.184933 0.913811 0.0 -0.535215 0.761372 -0.365866 0.0 -0.763411 -0.621379 -0.176326 0.0 -0.067961 -0.475107 -0.706517 1.0]
255
	ConcatTransform [1.1 0.0 0.0 0.0 0.0 1.1 0.0 0.0 0.0 0.0 1.1 0.0 -9.609 0.05 6.704 1.0]
	ConcatTransform [-0.326201 0.225036 0.918124 0.0 -0.514621 0.772436 -0.372167 0.0 -0.792943 -0.593887 -0.136161 0.0 -0.088211 -0.48289 -0.705398 1.0]
256
	ConcatTransform [1.1 0.0 0.0 0.0 0.0 1.1 0.0 0.0 0.0 0.0 1.1 0.0 -9.609 0.05 6.704 1.0]
	ConcatTransform [-0.281541 0.289779 0.914747 0.0 -0.481125 0.782183 -0.395865 0.0 -0.830213 -0.55156 -0.080797 0.0 -0.122121 -0.49268 -0.698276 1.0]
257
	ConcatTransform [1.1 0.0 0.0 0.0 0.0 1.1 0.0 0.0 0.0 0.0 1.1 0.0 -9.609 0.05 6.704 1.0]
	ConcatTransform [-0.249092 0.333089 0.909398 0.0 -0.467843 0.780783 -0.414127 0.0 -0.847984 -0.528611 -0.038653 0.0 -0.144363 -0.495324 -0.690035 1.0]
258
	ConcatTransform [1.1 0.0 0.0 0.0 0.0 1.1 0.0 0.0 0.0 0.0 1.1 0.0 -9.609 0.05 6.704 1.0]
	ConcatTransform [-0.218497 0.33466 0.916658 0.0 -0.468327 0.788144 -0.399373 0.0 -0.856113 -0.516558 -0.015477 0.0 -0.169307 -0.49234 -0.674934 1.0]
259
	ConcatTransform [1.1 0.0 0.0 0.0 0.0 1.1 0.0 0.0 0.0 0.0 1.1 0.0 -9.609 0.05 6.704 1.0]
	ConcatTransform [-0.191498 0.340588 0.920504 0.0 -0.476307 0.787774 -0.390567 0.0 -0.858172 -0.513236 0.011367 0.0 -0.182004 -0.491808 -0.665195 1.0]
260
	ConcatTransform [1.1 0.0 0.0 0.0 0.0 1.1 0.0 0.0 0.0 0.0 1.1 0.0 -9.609 0.05 6.704 1.0]
	ConcatTransform [-0.154088 0.35901 0.920526 0.0 -0.504147 0.772684 -0.385741 0.0 -0.849761 -0.523518 0.061932 0.0 -0.195579 -0.494098 -0.650935 1.0]
261
	ConcatTransform [1.1 0.0 0.0 0.0 0.0 1.1 0.0 0.0 0.0 0.0 1.1 0.0 -9.609 0.05 6.704 1.0]
	ConcatTransform [-0.133141 0.36388 0.921881 0.0 -0.528827 0.760603 -0.376596 0.0 -0.838222 -0.537656 0.091162 0.0 -0.200476 -0.496512 -0.641425 1.0]
262
	ConcatTransform [1.1 0.0 0.0 0.0 0.0 1.1 0.0 0.0 0.0 0.0 1.1 0.0 -9.609 0.05 6.704 1.0]
	ConcatTransform [-0.098977 0.370257 0.923641 0.0 -0.557668 0.748104 -0.359649 0.0 -0.824142 -0.550682 0.132436 0.0 -0.200409 -0.499437 -0.627942 1.0]
263
	ConcatTransform [1.1 0.0 0.0 0.0 0.0 1.1 0.0 0.0 0.0 0.0 1.1 0.0 -9.609 0.05 6.704 1.0]
	ConcatTransform [-0.078228 0.384246 0.919911 0.0 -0.582728 0.731067 -0.354921 0.0 -0.808894 -0.563822 0.16672 0.0 -0.197194 -0.501241 -0.619745 1.0]
264
	ConcatTransform [1.1 0.0 0.0 0.0 0.0 1.1 0.0 0.0 0.0 0.0 1.1 0.0 -9.609 0.05 6.704 1.0]
	ConcatTransform [-0.087746 0.409128 0.908248 0.0 -0.591734 0.712059 -0.37792 0.0 -0.801344 -0.570602 0.179615 0.0 -0.190715 -0.501471 -0.606697 1.0]
265
	ConcatTransform [1.1 0.0 0.0 0.0 0.0 1.1 0.0 0.0 0.0 0.0 1.1 0.0 -9.609 0.05 6.704 1.0]
	ConcatTransform [-0.126297 0.41132 0.902699 0.0 -0.587025 0.70256 -0.402257 0.0 -0.799656 -0.580711 0.152724 0.0 -0.186181 -0.500364 -0.599393 1.0]
266
	ConcatTransform [1.1 0.0 0.0 0.0 0.0 1.1 0.0 0.0 0.0 0.0 1.1 0.0 -9.609 0.05 6.704 1.0]
	ConcatTransform [-0.192548 0.41234 0.89045 0.0 -0.572696 0.68964 -0.443189 0.0 -0.796834 -0.595292 0.103356 0.0 -0.179503 -0.498897 -0.592604 1.0]
267
	ConcatTransform [1.1 0.0 0.0 0.0 0.0 1.1 0.0 0.0 0.0 0.0 1.1 0.0 -9.609 0.05 6.704 1.0]
	ConcatTransform [-0.225973 0.40943 0.883913 0.0 -0.56617 0.683191 -0.461197 0.0 -0.792709 -0.604663 0.077424 0.0 -0.175458 -0.498282 -0.590222 1.0]
268
	ConcatTransform [1.1 0.0 0.0 0.0 0.0 1.1 0.0 0.0 0.0 0.0 1.1 0.0 -9.609 0.05 6.704 1.0]
	ConcatTransform [-0.247319 0.409334 0.878225 0.0 -0.562696 0.677202 -0.474101 0.0 -0.788801 -0.611428 0.062845 0.0 -0.171139 -0.497713 -0.58774 1.0]
269
	ConcatTransform [1.1 0.0 0.0 0.0 0.0 1.1 0.0 0.0 0.0 0.0 1.1 0.0 -9.609 0.05 6.704 1.0]
	ConcatTransform [-0.260527 0.407866 0.875084 0.0 -0.558889 0.675365 -0.48117 0.0 -0.787254 -0.614432 0.052001 0.0 -0.169715 -0.497469 -0.586872 1.0]
270
	ConcatTransform [1.1 0.0 0.0 0.0 0.0 1.1 0.0 0.0 0.0 0.0 1.1 0.0 -9.609 0.05 6.704 1.0]
	ConcatTransform [-0.276916 0.408082 0.869935 0.0 -0.550812 0.674417 -0.491699 0.0 -0.787352 -0.61533 0.038019 0.0 -0.169999 -0.497368 -0.586481 1.0]
271
	ConcatTransform [1.1 0.0 0.0 0.0 0.0 1.1 0.0 0.0 0.0 0.0 1.1 0.0 -9.609 0.05 6.704 1.0]
	ConcatTransform [-0.28221 0.407027 0.868727 0.0 -0.545777 0.6766 -0.494308 0.0 -0.788977 -0.61363 0.031203 0.0 -0.171884 -0.49763 -0.587393 1.0]
272
	ConcatTransform [1.1 0.0 0.0 0.0 0.0 1.1 0.0 0.0 0.0 0.0 1.1 0.0 -9.609 0.05 6.704 1.0]
	ConcatTransform [-0.291498 0.403422 0.86734 0.0 -0.530608 0.686244 -0.497518 0.0 -0.795917 -0.605243 0.014021 0.0 -0.176365 -0.49826 -0.59111 1.0]
273
	ConcatTransform [1.1 0.0 0.0 0.0 0.0 1.1 0.0 0.0 0.0 0.0 1.1 0.0 -9.609 0.05 6.704 1.0]
	ConcatTransform [-0.291931 0.40136 0.868151 0.0 -0.520115 0.695127 -0.496266 0.0 -0.802656 -0.596413 0.005824 0.0 -0.181099 -0.498868 -0.593869 1.0]
274
	ConcatTransform [1.1 0.0 0.0 0.0 0.0 1.1 0.0 0.0 0.0 0.0 1.1 0.0 -9.609 0.05 6.704 1.0]
	ConcatTransform [-0.27952 0.39765 0.873924 0.0 -0.509316 0.71018 -0.486046 0.0 -0.81392 -0.580963 0.00402 0.0 -0.190289 -0.49973 -0.598722 1.0]
275
	ConcatTransform [1.1 0.0 0.0 0.0 0.0 1.1 0.0 0.0 0.0 0.0 1.1 0.0 -9.609 0.05 6.704 1.0]
	ConcatTransform [-0.268616 0.394671 0.878681 0.0 -0.500089 0.722497 -0.477398 0.0 -0.82326 -0.567655 0.003296 0.0 -0.197062 -0.500271 -0.602907 1.0]
276
	ConcatTransform [1.1 0.0 0.0 0.0 0.0 1.1 0.0 0.0 0.0 0.0 1.1 0.0 -9.609 0.05 6.704 1.0]
	ConcatTransform [-0.260161 0.38344 0.886166 0.0 -0.488647 0.739282 -0.463342 0.0 -0.83279 -0.553566 -0.004965 0.0 -0.204844 -0.500171 -0.610943 1.0]
277
	ConcatTransform [1.1 0.0 0.0 0.0 0.0 1.1 0.0 0.0 0.0 0.0 1.1 0.0 -9.609 0.05 6.704 1.0]
	ConcatTransform [-0.266109 0.373286 0.888731 0.0 -0.484055 0.745552 -0.458086 0.0 -0.833592 -0.552096 -0.017707 0.0 -0.206885 -0.499715 -0.616255 1.0]
278
	ConcatTransform [1.1 0.0 0.0 0.0 0.0 1.1 0.0 0.0 0.0 0.0 1.1 0.0 -9.609 0.05 6.704 1.0]
	ConcatTransform [-0.278497 0.361923 0.889636 0.0 -0.47445 0.753527 -0.455075 0.0 -0.835067 -0.548825 -0.038141 0.0 -0.207757 -0.499052 -0.623249 1.0]
279
	ConcatTransform [1.1 0.0 0.0 0.0 0.0 1.1 0.0 0.0 0.0 0.0 1.1 0.0 -9.609 0.05 6.704 1.0]
	ConcatTransform [-0.289079 0.357089 0.888212 0.0 -0.467732 0.756854 -0.456507 0.0 -0.83526 -0.547412 -0.051768 0.0 -0.207906 -0.498693 -0.626804 1.0]
280
	ConcatTransform [1.1 0.0 0.0 0.0 0.0 1.1 0.0 0.0 0.0 0.0 1.1 0.0 -9.609 0.05 6.704 1.0]
	ConcatTransform [-0.298644 0.35355 0.886462 0.0 -0.461776 0.75935 -0.458423 0.0 -0.83521 -0.546252 -0.063515 0.0 -0.206353 -0.498491 -0.630693 1.0]
281
	ConcatTransform [1.1 0.0 0.0 0.0 0.0 1.1 0.0 0.0 0.0 0.0 1.1 0.0 -9.609 0.05 6.704 1.0]
	ConcatTransform [-0.302489 0.353982 0.884984 0.0 -0.466421 0.754747 -0.461312 0.0 -0.831235 -0.552317 -0.063198 0.0 -0.204116 -0.498995 -0.632517 1.0]
282
	ConcatTransform [1.1 0.0 0.0 0.0 0.0 1.1 0.0 0.0 0.0 0.0 1.1 0.0 -9.609 0.05 6.704 1.0]
	ConcatTransform [-0.304905 0.358463 0.882348 0.0 -0.462985 0.753833 -0.466242 0.0 -0.832273 -0.550673 -0.063885 0.0 -0.200914 -0.498993 -0.632852 1.0]
283
	ConcatTransform [1.1 0.0 0.0 0.0 0.0 1.1 0.0 0.0 0.0 0.0 1.1 0.0 -9.609 0.05 6.704 1.0]
	ConcatTransform [-0.309332 0.363899 0.878573 0.0 -0.460935 0.750726 -0.473233 0.0 -0.831777 -0.551351 -0.064489 0.0 -0.19872 -0.499231 -0.631867 1.0]
284
	ConcatTransform [1.1 0.0 0.0 0.0 0.0 1.1 0.0 0.0 0.0 0.0 1.1 0.0 -9.609 0.05 6.704 1.0]
	ConcatTransform [-0.318433 0.374176 0.870972 0.0 -0.457947 0.743751 -0.486949 0.0 -0.829991 -0.55392 -0.065482 0.0 -0.195367 -0.499735 -0.628632 1.0]
285
	ConcatTransform [1.1 0.0 0.0 0.0 0.0 1.1 0.0 0.0 0.0 0.0 1.1 0.0 -9.609 0.05 6.704 1.0]
	ConcatTransform [-0.325404 0.380989 0.865425 0.0 -0.455737 0.738729 -0.496572 0.0 -0.828503 -0.555992 -0.066755 0.0 -0.193054 -0.500045 -0.625325 1.0]
286
	ConcatTransform [1.1 0.0 0.0 0.0 0.0 1.1 0.0 0.0 0.0 0.0 1.1 0.0 -9.609 0.05 6.704 1.0]
	ConcatTransform [-0.334534 0.397666 0.854371 0.0 -0.452387 0.727548 -0.515771 0.0 -0.8267 -0.559049 -0.06349 0.0 -0.189936 -0.50082 -0.619001 1.0]
287
	ConcatTransform [1.1 0.0 0.0 0.0 0.0 1.1 0.0 0.0 0.0 0.0 1.1 0.0 -9.609 0.05 6.704 1.0]
	ConcatTransform [-0.338395 0.404423 0.849665 0.0 -0.454959 0.720072 -0.523935 0.0 -0.823712 -0.56386 -0.059673 0.0 -0.187664 -0.500848 -0.61427 1.0]
288
	ConcatTransform [1.1 0.0 0.0 0.0 0.0 1.1 0.0 0.0 0.0 0.0 1.1 0.0 -9.609 0.05 6.704 1.0]
	ConcatTransform [-0.345519 0.403722 0.847128 0.0 -0.462941 0.7119 -0.528095 0.0 -0.816273 -0.574637 -0.059076 0.0 -0.183456 -0.500059 -0.609214 1.0]
289
	ConcatTransform [1.1 0.0 0.0 0.0 0.0 1.1 0.0 0.0 0.0 0.0 1.1 0.0 -9.609 0.05 6.704 1.0]
	ConcatTransform [-0.351104 0.402522 0.8454 0.0 -0.465802 0.708144 -0.530623 0.0 -0.812252 -0.580094 -0.061137 0.0 -0.1806 -0.499852 -0.607055 1.0]
290
	ConcatTransform [1.1 0.0 0.0 0.0 0.0 1.1 0.0 0.0 0.0 0.0 1.1 0.0 -9.609 0.05 6.704 1.0]
	ConcatTransform [-0.352765 0.401831 0.845038 0.0 -0.46987 0.704907 -0.531346 0.0 -0.809185 -0.584497 -0.059858 0.0 -0.176751 -0.499563 -0.605263 1.0]
291
	ConcatTransform [1.1 0.0 0.0 0.0 0.0 1.1 0.0 0.0 0.0 0.0 1.1 0.0 -9.609 0.05 6.704 1.0]
	ConcatTransform [-0.352502 0.401667 0.845225 0.0 -0.473749 0.702316 -0.531332 0.0 -0.807034 -0.58772 -0.057279 0.0 -0.174929 -0.499348 -0.604695 1.0]
292
	ConcatTransform [1.1 0.0 0.0 0.0 0.0 1.1 0.0 0.0 0.0 0.0 1.1 0.0 -9.609 0.05 6.704 1.0]
	ConcatTransform [-0.351534 0.400793 0.846043 0.0 -0.477552 0.70053 -0.530285 0.0 -0.805213 -0.590442 -0.054861 0.0 -0.173376 -0.499153 -0.604604 1.0]
293
	ConcatTransform [1.1 0.0 0.0 0.0 0.0 1.1 0.0 0.0 0.0 0.0 1.1 0.0 -9.609 0.05 6.704 1.0]
	ConcatTransform [-0.349845 0.400217 0.847015 0.0 -0.478767 0.700774 -0.528865 0.0 -0.805227 -0.590544 -0.053552 0.0 -0.173241 -0.499117 -0.604964 1.0]
294
	ConcatTransform [1.1 0.0 0.0 0.0 0.0 1.1 0.0 0.0 0.0 0.0 1.1 0.0 -9.609 0.05 6.704 1.0]
	ConcatTransform [-0.345377 0.399621 0.849127 0.0 -0.478628 0.703277 -0.525659 0.0 -0.807236 -0.587967 -0.051626 0.0 -0.174468 -0.499267 -0.606043 1.0]
295
	ConcatTransform [1.1 0.0 0.0 0.0 0.0 1.1 0.0 0.0 0.0 0.0 1.1 0.0 -9.609 0.05 6.704 1.0]
	ConcatTransform [-0.342064 0.398784 0.85086 0.0 -0.47713 0.706362 -0.522877 0.0 -0.80953 -0.584829 -0.051349 0.0 -0.176115 -0.499431 -0.607243 1.0]
296
	ConcatTransform [1.1 0.0 0.0 0.0 0.0 1.1 0.0 0.0 0.0 0.0 1.1 0.0 -9.609 0.05 6.704 1.0]
	ConcatTransform [-0.336886 0.396618 0.853933 0.0 -0.472888 0.712986 -0.517714 0.0 -0.814177 -0.578226 -0.052639 0.0 -0.179635 -0.499739 -0.609846 1.0]
297
	ConcatTransform [1.1 0.0 0.0 0.0 0.0 1.1 0.0 0.0 0.0 0.0 1.1 0.0 -9.609 0.05 6.704 1.0]
	ConcatTransform [-0.333183 0.394744 0.856251 0.0 -0.468806 0.718569 -0.513692 0.0 -0.818052 -0.572569 -0.054357 0.0 -0.182611 -0.499975 -0.612061 1.0]
298
	ConcatTransform [1.1 0.0 0.0 0.0 0.0 1.1 0.0 0.0 0.0 0.0 1.1 0.0 -9.609 0.05 6.704 1.0]
	ConcatTransform [-0.327286 0.391404 0.86005 0.0 -0.461077 0.728318 -0.506913 0.0 -0.824798 -0.562455 -0.057901 0.0 -0.187901 -0.500322 -0.615946 1.0]
299
	ConcatTransform [1.1 0.0 0.0 0.0 0.0 1.1 0.0 0.0 0.0 0.0 1.1 0.0 -9.609 0.05 6.704 1.0]
	ConcatTransform [-0.324987 0.388339 0.862309 0.0 -0.456374 0.734212 -0.502649 0.0 -0.828315 -0.55689 -0.061381 0.0 -0.191006 -0.500068 -0.618662 1.0]
300
	ConcatTransform [1.1 0.0 0.0 0.0 0.0 1.1 0.0 0.0 0.0 0.0 1.1 0.0 -9.609 0.05 6.704 1.0]
	ConcatTransform [-0.327742 0.38478 0.862861 0.0 -0.455636 0.735701 -0.50114 0.0 -0.827636 -0.557395 -0.065801 0.0 -0.191964 -0.50013 -0.622514 1.0]
301
	ConcatTransform [1.1 0.0 0.0 0.0 0.0 1.1 0.0 0.0 0.0 0.0 1.1 0.0 -9.609 0.05 6.704 1.0]
	ConcatTransform [-0.329172 0.381086 0.863956 0.0 -0.453993 0.738387 -0.498673 0.0 -0.827971 -0.556379 -0.070046 0.0 -0.192331 -0.499915 -0.624111 1.0]
302
	ConcatTransform [1.1 0.0 0.0 0.0 0.0 1.1 0.0 0.0 0.0 0.0 1.1 0.0 -9.609 0.05 6.704 1.0]
	ConcatTransform [-0.332275 0.379637 0.863406 0.0 -0.450828 0.740146 -0.498937 0.0 -0.828461 -0.555032 -0.074781 0.0 -0.193081 -0.499861 -0.625197 1.0]
303
	ConcatTransform [1.1 0.0 0.0 0.0 0.0 1.1 0.0 0.0 0.0 0.0 1.1 0.0 -9.609 0.05 6.704 1.0]
	ConcatTransform [-0.33675 0.379977 0.86152 0.0 -0.448543 0.73974 -0.501591 0.0 -0.827894 -0.555339 -0.078672 0.0 -0.19299 -0.499899 -0.625111 1.0]
304
	ConcatTransform [1.1 0.0 0.0 0.0 0.0 1.1 0.0 0.0 0.0 0.0 1.1 0.0 -9.609 0.05 6.704 1.0]
	ConcatTransform [-0.3392 0.382559 0.859414 0.0 -0.447757 0.737795 -0.505146 0.0 -0.82732 -0.556153 -0.078967 0.0 -0.192127 -0.500031 -0.623753 1.0]
305
	ConcatTransform [1.1 0.0 0.0 0.0 0.0 1.1 0.0 0.0 0.0 0.0 1.1 0.0 -9.609 0.05 6.704 1.0]
	ConcatTransform [-0.342667 0.385405 0.856763 0.0 -0.446581 0.735524 -0.509479 0.0 -0.826526 -0.557196 -0.079925 0.0 -0.191416 -0.500148 -0.621983 1.0]
306
	ConcatTransform [1.1 0.0 0.0 0.0 0.0 1.1 0.0 0.0 0.0 0.0 1.1 0.0 -9.609 0.05 6.704 1.0]
	ConcatTransform [-0.347054 0.391864 0.852054 0.0 -0.445953 0.730284 -0.517504 0.0 -0.825033 -0.559578 -0.078695 0.0 -0.190271 -0.500423 -0.618552 1.0]
307
	ConcatTransform [1.1 0.0 0.0 0.0 0.0 1.1 0.0 0.0 0.0 0.0 1.1 0.0 -9.609 0.05 6.704 1.0]
	ConcatTransform [-0.349081 0.393466 0.850486 0.0 -0.446597 0.72803 -0.520118 0.0 -0.823829 -0.561388 -0.078421 0.0 -0.189275 -0.500322 -0.617081 1.0]
308
	ConcatTransform [1.1 0.0 0.0 0.0 0.0 1.1 0.0 0.0 0.0 0.0 1.1 0.0 -9.609 0.05 6.704 1.0]
	ConcatTransform [-0.352677 0.391995 0.849681 0.0 -0.445406 0.728241 -0.520844 0.0 -0.822942 -0.562143 -0.082237 0.0 -0.187136 -0.500306 -0.616979 1.0]
309
	ConcatTransform [1.1 0.0 0.0 0.0 0.0 1.1 0.0 0.0 0.0 0.0 1.1 0.0 -9.609 0.05 6.704 1.0]
	ConcatTransform [-0.351622 0.390923 0.850612 0.0 -0.444116 0.730216 -0.519178 0.0 -0.824089 -0.560325 -0.083145 0.0 -0.186213 -0.500345 -0.617064 1.0]
310
	ConcatTransform [1.1 0.0 0.0 0.0 0.0 1.1 0.0 0.0 0.0 0.0 1.1 0.0 -9.609 0.05 6.704 1.0]
	ConcatTransform [-0.352129 0.391738 0.850027 0.0 -0.442938 0.730307 -0.520055 0.0 -0.824506 -0.559636 -0.083646 0.0 -0.185652 -0.500415 -0.617041 1.0]
311
	ConcatTransform [1.1 0.0 0.0 0.0 0.0 1.1 0.0 0.0 0.0 0.0 1.1 0.0 -9.609 0.05 6.704 1.0]
	ConcatTransform [-0.353169 0.391786 0.849574 0.0 -0.442506 0.730139 -0.520658 0.0 -0.824293 -0.559822 -0.084495 0.0 -0.185353 -0.500407 -0.616884 1.0]
312
	ConcatTransform [1.1 0.0 0.0 0.0 0.0 1.1 0.0 0.0 0.0 0.0 1.1 0.0 -9.609 0.05 6.704 1.0]
	ConcatTransform [-0.354072 0.391482 0.849338 0.0 -0.441947 0.730329 -0.520867 0.0 -0.824206 -0.559787 -0.085575 0.0 -0.185179 -0.5004 -0.617088 1.0]
313
	ConcatTransform [1.1 0.0 0.0 0.0 0.0 1.1 0.0 0.0 0.0 0.0 1.1 0.0 -9.609 0.05 6.704 1.0]
	ConcatTransform [-0.352442 0.389941 0.850724 0.0 -0.443327 0.731011 -0.518733 0.0 -0.824164 -0.559972 -0.084768 0.0 -0.185085 -0.500361 -0.617761 1.0]
314
	ConcatTransform [1.1 0.0 0.0 0.0 0.0 1.1 0.0 0.0 0.0 0.0 1.1 0.0 -9.609 0.05 6.704 1.0]
	ConcatTransform [-0.350801 0.389491 0.851607 0.0 -0.444251 0.731336 -0.517483 0.0 -0.824366 -0.559861 -0.083521 0.0 -0.184814 -0.500369 -0.618192 1.0]
315
	ConcatTransform [1.1 0.0 0.0 0.0 0.0 1.1 0.0 0.0 0.0 0.0 1.1 0.0 -9.609 0.05 6.704 1.0]
	ConcatTransform [-0.352027 0.389722 0.850996 0.0 -0.443952 0.730892 -0.518367 0.0 -0.824005 -0.56028 -0.084276 0.0 -0.184543 -0.500432 -0.618397 1.0]
316
	ConcatTransform [1.1 0.0 0.0 0.0 0.0 1.1 0.0 0.0 0.0 0.0 1.1 0.0 -9.609 0.05 6.704 1.0]
	ConcatTransform [-0.348816 0.387765 0.853209 0.0 -0.446597 0.731604 -0.515079 0.0 -0.823941 -0.560708 -0.082021 0.0 -0.184179 -0.500483 -0.619392 1.0]
317
	ConcatTransform [1.1 0.0 0.0 0.0 0.0 1.1 0.0 0.0 0.0 0.0 1.1 0.0 -9.609 0.05 6.704 1.0]
	ConcatTransform [-0.347276 0.388694 0.853414 0.0 -0.447215 0.731255 -0.515039 0.0 -0.824256 -0.560521 -0.080118 0.0 -0.184202 -0.500444 -0.619516 1.0]
318
	ConcatTransform [1.1 0.0 0.0 0.0 0.0 1.1 0.0 0.0 0.0 0.0 1.1 0.0 -9.609 0.05 6.704 1.0]
	ConcatTransform [-0.348178 0.38969 0.852592 0.0 -0.446234 0.730949 -0.516322 0.0 -0.824407 -0.560228 -0.080607 0.0 -0.184305 -0.500407 -0.619504 1.0]
319
	ConcatTransform [1.1 0.0 0.0 0.0 0.0 1.1 0.0 0.0 0.0 0.0 1.1 0.0 -9.609 0.05 6.704 1.0]
	ConcatTransform [-0.349043 0.389822 0.852178 0.0 -0.445564 0.730968 -0.516874 0.0 -0.824403 -0.560112 -0.081449 0.0 -0.184361 -0.500384 -0.619545 1.0]
320
	ConcatTransform [1.1 0.0 0.0 0.0 0.0 1.1 0.0 0.0 0.0 0.0 1.1 0.0 -9.609 0.05 6.704 1.0]
	ConcatTransform [-0.348575 0.390293 0.852155 0.0 -0.445167 0.731145 -0.516965 0.0 -0.824817 -0.559552 -0.081113 0.0 -0.184493 -0.500386 -0.619573 1.0]
321
	ConcatTransform [1.1 0.0 0.0 0.0 0.0 1.1 0.0 0.0 0.0 0.0 1.1 0.0 -9.609 0.05 6.704 1.0]
	ConcatTransform [-0.347755 0.390169 0.852546 0.0 -0.445509 0.731325 -0.516416 0.0 -0.824978 -0.559403 -0.080498 0.0 -0.184482 -0.500365 -0.619653 1.0]
322
	ConcatTransform [1.1 0.0 0.0 0.0 0.0 1.1 0.0 0.0 0.0 0.0 1.1 0.0 -9.609 0.05 6.704 1.0]
	ConcatTransform [-0.34766 0.389732 0.852784 0.0 -0.44547 0.731654 -0.515982 0.0 -0.825039 -0.559277 -0.080753 0.0 -0.18445 -0.500363 -0.619983 1.0]
323
	ConcatTransform [1.1 0.0 0.0 0.0 0.0 1.1 0.0 0.0 0.0 0.0 1.1 0.0 -9.609 0.05 6.704 1.0]
	ConcatTransform [-0.346705 0.38983 0.853128 0.0 -0.446353 0.731389 -0.515596 0.0 -0.824964 -0.559556 -0.079575 0.0 -0.184473 -0.500389 -0.620066 1.0]
324
	ConcatTransform [1.1 0.0 0.0 0.0 0.0 1.1 0.0 0.0 0.0 0.0 1.1 0.0 -9.609 0.05 6.704 1.0]
	ConcatTransform [-0.345174 0.389549 0.853877 0.0 -0.447133 0.731655 -0.514541 0.0 -0.825183 -0.559403 -0.078368 0.0 -0.184521 -0.500371 -0.620215 1.0]
325
	ConcatTransform [1.1 0.0 0.0 0.0 0.0 1.1 0.0 0.0 0.0 0.0 1.1 0.0 -9.609 0.05 6.704 1.0]
	ConcatTransform [-0.344646 0.389916 0.853923 0.0 -0.447872 0.731149 -0.514618 0.0 -0.825003 -0.559809 -0.077355 0.0 -0.184404 -0.500373 -0.619956 1.0]
326
	ConcatTransform [1.1 0.0 0.0 0.0 0.0 1.1 0.0 0.0 0.0 0.0 1.1 0.0 -9.609 0.05 6.704 1.0]
	ConcatTransform [-0.343528 0.390367 0.854168 0.0 -0.448524 0.730892 -0.514415 0.0 -0.825115 -0.559831 -0.075992 0.0 -0.18443 -0.500323 -0.619562 1.0]
327
	ConcatTransform [1.1 0.0 0.0 0.0 0.0 1.1 0.0 0.0 0.0 0.0 1.1 0.0 -9.609 0.05 6.704 1.0]
	ConcatTransform [-0.343257 0.390462 0.854233 0.0 -0.448037 0.731276 -0.514295 0.0 -0.825492 -0.559263 -0.076074 0.0 -0.184501 -0.500364 -0.619495 1.0]
328
	ConcatTransform [1.1 0.0 0.0 0.0 0.0 1.1 0.0 0.0 0.0 0.0 1.1 0.0 -9.609 0.05 6.704 1.0]
	ConcatTransform [-0.343311 0.390477 0.854204 0.0 -0.44795 0.731303 -0.514331 0.0 -0.825517 -0.559217 -0.07615 0.0 -0.184521 -0.500361 -0.619509 1.0]
329
	ConcatTransform [1.1 0.0 0.0 0.0 0.0 1.1 0.0 0.0 0.0 0.0 1.1 0.0 -9.609 0.05 6.704 1.0]
	ConcatTransform [-0.34326 0.390507 0.854211 0.0 -0.448096 0.731208 -0.51434 0.0 -0.825459 -0.559321 -0.07601 0.0 -0.184456 -0.50036 -0.61948 1.0]
330
	ConcatTransform [1.1 0.0 0.0 0.0 0.0 1.1 0.0 0.0 0.0 0.0 1.1 0.0 -9.609 0.05 6.704 1.0]
	ConcatTransform [-0.343281 0.39052 0.854197 0.0 -0.448225 0.731103 -0.514375 0.0 -0.82538 -0.559448 -0.075934 0.0 -0.184338 -0.50037 -0.619553 1.0]
331
	ConcatTransform [1.1 0.0 0.0 0.0 0.0 1.1 0.0 0.0 0.0 0.0 1.1 0.0 -9.609 0.05 6.704 1.0]
	ConcatTransform [-0.34339 0.390657 0.85409 0.0 -0.448087 0.73107 -0.514543 0.0 -0.82541 -0.559396 -0.075994 0.0 -0.184287 -0.500377 -0.619595 1.0]
332
	ConcatTransform [1.1 0.0 0.0 0.0 0.0 1.1 0.0 0.0 0.0 0.0 1.1 0.0 -9.609 0.05 6.704 1.0]
	ConcatTransform [-0.343465 0.39059 0.854091 0.0 -0.447944 0.731177 -0.514516 0.0 -0.825457 -0.559303 -0.076171 0.0 -0.18426 -0.50037 -0.619649 1.0]
333
	ConcatTransform [1.1 0.0 0.0 0.0 0.0 1.1 0.0 0.0 0.0 0.0 1.1 0.0 -9.609 0.05 6.704 1.0]
	ConcatTransform [-0.344495 0.390275 0.85382 0.0 -0.447244 0.731421 -0.514779 0.0 -0.825407 -0.559204 -0.077423 0.0 -0.184294 -0.500352 -0.61971 1.0]
334
	ConcatTransform [1.1 0.0 0.0 0.0 0.0 1.1 0.0 0.0 0.0 0.0 1.1 0.0 -9.609 0.05 6.704 1.0]
	ConcatTransform [-0.345352 0.39004 0.853581 0.0 -0.446713 0.731572 -0.515024 0.0 -0.825336 -0.559171 -0.078414 0.0 -0.18431 -0.500363 -0.619869 1.0]
335
	ConcatTransform [1.1 0.0 0.0 0.0 0.0 1.1 0.0 0.0 0.0 0.0 1.1 0.0 -9.609 0.05 6.704 1.0]
	ConcatTransform [-0.345924 0.389752 0.853481 0.0 -0.446576 0.731604 -0.515097 0.0 -0.82517 -0.559329 -0.079026 0.0 -0.184191 -0.500345 -0.620027 1.0]
336
	ConcatTransform [1.1 0.0 0.0 0.0 0.0 1.1 0.0 0.0 0.0 0.0 1.1 0.0 -9.609 0.05 6.704 1.0]
	ConcatTransform [-0.345717 0.390185 0.853367 0.0 -0.446571 0.731431 -0.515347 0.0 -0.82526 -0.559254 -0.078623 0.0 -0.184149 -0.500364 -0.620124 1.0]
337
	ConcatTransform [1.1 0.0 0.0 0.0 0.0 1.1 0.0 0.0 0.0 0.0 1.1 0.0 -9.609 0.05 6.704 1.0]
	ConcatTransform [-0.345198 0.390304 0.853523 0.0 -0.446712 0.731477 -0.515161 0.0 -0.825401 -0.559111 -0.078151 0.0 -0.18413 -0.500355 -0.620118 1.0]
338
	ConcatTransform [1.1 0.0 0.0 0.0 0.0 1.1 0.0 0.0 0.0 0.0 1.1 0.0 -9.609 0.05 6.704 1.0]
	ConcatTransform [-0.344631 0.390381 0.853717 0.0 -0.447147 0.731366 -0.51494 0.0 -0.825402 -0.559201 -0.077494 0.0 -0.18402 -0.500348 -0.620185 1.0]
339
	ConcatTransform [1.1 0.0 0.0 0.0 0.0 1.1 0.0 0.0 0.0 0.0 1.1 0.0 -9.609 0.05 6.704 1.0]
	ConcatTransform [-0.344719 0.390261 0.853736 0.0 -0.44709 0.731441 -0.514882 0.0 -0.825396 -0.559187 -0.07766 0.0 -0.183951 -0.500351 -0.620251 1.0]
340
	ConcatTransform [1.1 0.0 0.0 0.0 0.0 1.1 0.0 0.0 0.0 0.0 1.1 0.0 -9.609 0.05 6.704 1.0]
	ConcatTransform [-0.344769 0.390214 0.853737 0.0 -0.447212 0.731367 -0.514882 0.0 -0.825309 -0.559317 -0.077645 0.0 -0.183811 -0.500356 -0.620418 1.0]
341
	ConcatTransform [1.1 0.0 0.0 0.0 0.0 1.1 0.0 0.0 0.0 0.0 1.1 0.0 -9.609 0.05 6.704 1.0]
	ConcatTransform [-0.344641 0.390095 0.853844 0.0 -0.447397 0.731366 -0.514723 0.0 -0.825263 -0.559402 -0.077531 0.0 -0.183724 -0.500345 -0.620535 1.0]
342
	ConcatTransform [1.1 0.0 0.0 0.0 0.0 1.1 0.0 0.0 0.0 0.0 1.1 0.0 -9.609 0.05 6.704 1.0]
	ConcatTransform [-0.344381 0.390197 0.853901 0.0 -0.447178 0.731558 -0.51464 0.0 -0.82549 -0.559079 -0.077447 0.0 -0.183732 -0.500352 -0.620718 1.0]
343
	ConcatTransform [1.1 0.0 0.0 0.0 0.0 1.1 0.0 0.0 0.0 0.0 1.1 0.0 -9.609 0.05 6.704 1.0]
	ConcatTransform [-0.343794 0.390021 0.854218 0.0 -0.447336 0.731797 -0.514163 0.0 -0.825649 -0.558889 -0.077117 0.0 -0.183629 -0.500339 -0.620833 1.0]
344
	ConcatTransform [1.1 0.0 0.0 0.0 0.0 1.1 0.0 0.0 0.0 0.0 1.1 0.0 -9.609 0.05 6.704 1.0]
	ConcatTransform [-0.343756 0.390062 0.854215 0.0 -0.447666 0.731565 -0.514207 0.0 -0.825486 -0.559164 -0.076862 0.0 -0.183324 -0.500356 -0.620812 1.0]
345
	ConcatTransform [1.1 0.0 0.0 0.0 0.0 1.1 0.0 0.0 0.0 0.0 1.1 0.0 -9.609 0.05 6.704 1.0]
	ConcatTransform [-0.343368 0.390434 0.854202 0.0 -0.448347 0.731038 -0.514363 0.0 -0.825278 -0.559594 -0.075965 0.0 -0.183182 -0.500386 -0.620745 1.0]
346
	ConcatTransform [1.1 0.0 0.0 0.0 0.0 1.1 0.0 0.0 0.0 0.0 1.1 0.0 -9.609 0.05 6.704 1.0]
	ConcatTransform [-0.342847 0.390242 0.854498 0.0 -0.448224 0.731448 -0.513885 0.0 -0.825561 -0.559191 -0.075859 0.0 -0.183105 -0.500376 -0.620814 1.0]
347
	ConcatTransform [1.1 0.0 0.0 0.0 0.0 1.1 0.0 0.0 0.0 0.0 1.1 0.0 -9.609 0.05 6.704 1.0]
	ConcatTransform [-0.342672 0.390002 0.854678 0.0 -0.448338 0.731587 -0.513589 0.0 -0.825572 -0.559177 -0.075841 0.0 -0.182996 -0.500362 -0.621009 1.0]
348
	ConcatTransform [1.1 0.0 0.0 0.0 0.0 1.1 0.0 0.0 0.0 0.0 1.1 0.0 -9.609 0.05 6.704 1.0]
	ConcatTransform [-0.34238 0.389197 0.855162 0.0 -0.448808 0.73187 -0.512774 0.0 -0.825437 -0.559367 -0.075903 0.0 -0.182743 -0.500362 -0.621314 1.0]
349
	ConcatTransform [1.1 0.0 0.0 0.0 0.0 1.1 0.0 0.0 0.0 0.0 1.1 0.0 -9.609 0.05 6.704 1.0]
	ConcatTransform [-0.3424 0.38836 0.855534 0.0 -0.449603 0.731824 -0.512143 0.0 -0.824997 -0.560009 -0.075968 0.0 -0.182383 -0.500393 -0.621622 1.0]
350
	ConcatTransform [1.1 0.0 0.0 0.0 0.0 1.1 0.0 0.0 0.0 0.0 1.1 0.0 -9.609 0.05 6.704 1.0]
	ConcatTransform [-0.342405 0.387451 0.855944 0.0 -0.449483 0.732448 -0.511357 0.0 -0.82506 -0.559823 -0.076642 0.0 -0.181933 -0.500362 -0.622385 1.0]
351
	ConcatTransform [1.1 0.0 0.0 0.0 0.0 1.1 0.0 0.0 0.0 0.0 1.1 0.0 -9.609 0.05 6.704 1.0]
	ConcatTransform [-0.342311 0.388242 0.855623 0.0 -0.449321 0.732123 -0.511964 0.0 -0.825187 -0.5597 -0.076169 0.0 -0.181823 -0.500361 -0.622642 1.0]
352
	ConcatTransform [1.1 0.0 0.0 0.0 0.0 1.1 0.0 0.0 0.0 0.0 1.1 0.0 -9.609 0.05 6.704 1.0]
	ConcatTransform [-0.341899 0.389388 0.855267 0.0 -0.449365 0.731574 -0.512709 0.0 -0.825334 -0.559622 -0.075147 0.0 -0.18189 -0.500368 -0.62249 1.0]
353
	ConcatTransform [1.1 0.0 0.0 0.0 0.0 1.1 0.0 0.0 0.0 0.0 1.1 0.0 -9.609 0.05 6.704 1.0]
	ConcatTransform [-0.341986 0.38963 0.855122 0.0 -0.44887 0.731729 -0.512921 0.0 -0.825568 -0.55925 -0.075348 0.0 -0.181984 -0.500371 -0.622274 1.0]
354
	ConcatTransform [1.1 0.0 0.0 0.0 0.0 1.1 0.0 0.0 0.0 0.0 1.1 0.0 -9.609 0.05 6.704 1.0]
	ConcatTransform [-0.341784 0.389602 0.855216 0.0 -0.448858 0.731836 -0.512779 0.0 -0.825658 -0.55913 -0.075254 0.0 -0.182129 -0.500354 -0.622165 1.0]
355
	ConcatTransform [1.1 0.0 0.0 0.0 0.0 1.1 0.0 0.0 0.0 0.0 1.1 0.0 -9.609 0.05 6.704 1.0]
	ConcatTransform [-0.341802 0.389914 0.855067 0.0 -0.448863 0.731638 -0.513057 0.0 -0.825648 -0.559171 -0.075057 0.0 -0.182168 -0.50036 -0.622165 1.0]
356
	ConcatTransform [1.1 0.0 0.0 0.0 0.0 1.1 0.0 0.0 0.0 0.0 1.1 0.0 -9.609 0.05 6.704 1.0]
	ConcatTransform [-0.34172 0.389573 0.855255 0.0 -0.448828 0.7319 -0.512715 0.0 -0.8257 -0.559067 -0.075253 0.0 -0.182285 -0.500345 -0.622229 1.0]
357
	ConcatTransform [1.1 0.0 0.0 0.0 0.0 1.1 0.0 0.0 0.0 0.0 1.1 0.0 -9.609 0.05 6.704 1.0]
	ConcatTransform [-0.341825 0.389922 0.855054 0.0 -0.44871 0.731728 -0.513063 0.0 -0.825721 -0.559049 -0.075161 0.0 -0.182352 -0.50035 -0.622204 1.0]
358
	ConcatTransform [1.1 0.0 0.0 0.0 0.0 1.1 0.0 0.0 0.0 0.0 1.1 0.0 -9.609 0.05 6.704 1.0]
	ConcatTransform [-0.34175 0.390038 0.855031 0.0 -0.44873 0.731675 -0.513121 0.0 -0.825741 -0.559037 -0.075028 0.0 -0.182338 -0.500351 -0.622171 1.0]
359
	ConcatTransform [1.1 0.0 0.0 0.0 0.0 1.1 0.0 0.0 0.0 0.0 1.1 0.0 -9.609 0.05 6.704 1.0]
	ConcatTransform [-0.341843 0.390231 0.854905 0.0 -0.448886 0.731415 -0.513355 0.0 -0.825617 -0.559242 -0.07486 0.0 -0.182264 -0.500352 -0.622108 1.0]
360
	ConcatTransform [1.1 0.0 0.0 0.0 0.0 1.1 0.0 0.0 0.0 0.0 1.1 0.0 -9.609 0.05 6.704 1.0]
	ConcatTransform [-0.153863 -0.597117 0.78726 0.0 -0.817317 0.524649 0.238196 0.0 -0.555265 -0.606791 -0.568757 0.0 -15.590302 -97.787125 -18.156158 1.0]
