228
	ConcatTransform [1.1 0.0 0.0 0.0 0.0 1.1 0.0 0.0 0.0 0.0 1.1 0.0 -9.609 0.05 6.704 1.0]
	ConcatTransform [0.998455 0.033973 0.043974 0.0 -0.034386 0.999371 0.008679 0.0 -0.043651 -0.010178 0.998995 0.0 -0.005295 -0.019616 0.021422 1.0]
229
	ConcatTransform [1.1 0.0 0.0 0.0 0.0 1.1 0.0 0.0 0.0 0.0 1.1 0.0 -9.609 0.05 6.704 1.0]
	ConcatTransform [0.996134 0.061193 0.06302 0.0 -0.06066 0.998105 -0.010341 0.0 -0.063533 0.006478 0.997959 0.0 -0.021181 -0.044096 0.041473 1.0]
230
	ConcatTransform [1.1 0.0 0.0 0.0 0.0 1.1 0.0 0.0 0.0 0.0 1.1 0.0 -9.609 0.05 6.704 1.0]
	ConcatTransform [0.975962 0.199463 0.087823 0.0 -0.197862 0.979867 -0.026658 0.0 -0.091372 0.00864 0.995779 0.0 -0.050817 -0.102457 0.085706 1.0]
231
	ConcatTransform [1.1 0.0 0.0 0.0 0.0 1.1 0.0 0.0 0.0 0.0 1.1 0.0 -9.609 0.05 6.704 1.0]
	ConcatTransform [0.957226 0.282274 0.063553 0.0 -0.278917 0.958634 -0.056805 0.0 -0.076958 0.036649 0.996361 0.0 -0.067032 -0.154355 0.113655 1.0]
232
	ConcatTransform [1.1 0.0 0.0 0.0 0.0 1.1 0.0 0.0 0.0 0.0 1.1 0.0 -9.609 0.05 6.704 1.0]
	ConcatTransform [0.917847 0.396682 -0.014159 0.0 -0.395608 0.911282 -0.114282 0.0 -0.03243 0.110495 0.993347 0.0 -0.085923 -0.250155 0.155153 1.0]
233
	ConcatTransform [1.1 0.0 0.0 0.0 0.0 1.1 0.0 0.0 0.0 0.0 1.1 0.0 -9.609 0.05 6.704 1.0]
	ConcatTransform [0.880187 0.468203 -0.077828 0.0 -0.474604 0.866597 -0.154144 0.0 -0.004725 0.172613 0.984978 0.0 -0.092946 -0.321261 0.186752 1.0]
234
	ConcatTransform [1.1 0.0 0.0 0.0 0.0 1.1 0.0 0.0 0.0 0.0 1.1 0.0 -9.609 0.05 6.704 1.0]
	ConcatTransform [0.818768 0.543263 -0.185699 0.0 -0.573028 0.793252 -0.205889 0.0 0.035454 0.274987 0.960794 0.0 -0.079628 -0.415816 0.260343 1.0]
235
	ConcatTransform [1.1 0.0 0.0 0.0 0.0 1.1 0.0 0.0 0.0 0.0 1.1 0.0 -9.609 0.05 6.704 1.0]
	ConcatTransform [0.802617 0.548921 -0.233434 0.0 -0.596057 0.753048 -0.27863 0.0 0.022841 0.362773 0.931598 0.0 -0.06191 -0.460843 0.315941 1.0]
236
	ConcatTransform [1.1 0.0 0.0 0.0 0.0 1.1 0.0 0.0 0.0 0.0 1.1 0.0 -9.609 0.05 6.704 1.0]
	ConcatTransform [0.820583 0.522486 -0.231628 0.0 -0.571292 0.738242 -0.358642 0.0 -0.016388 0.426623 0.904281 0.0 -0.02771 -0.486742 0.39097 1.0]
237
	ConcatTransform [1.1 0.0 0.0 0.0 0.0 1.1 0.0 0.0 0.0 0.0 1.1 0.0 -9.609 0.05 6.704 1.0]
	ConcatTransform [0.821671 0.513087 -0.248191 0.0 -0.569262 0.717181 -0.401986 0.0 -0.028256 0.471586 0.881367 0.0 -0.009098 -0.489998 0.430867 1.0]
238
	ConcatTransform [1.1 0.0 0.0 0.0 0.0 1.1 0.0 0.0 0.0 0.0 1.1 0.0 -9.609 0.05 6.704 1.0]
	ConcatTransform [0.816965 0.508773 -0.271511 0.0 -0.576585 0.729509 -0.367921 0.0 0.010881 0.457128 0.889334 0.0 0.006312 -0.486219 0.465974 1.0]
239
	ConcatTransform [1.1 0.0 0.0 0.0 0.0 1.1 0.0 0.0 0.0 0.0 1.1 0.0 -9.609 0.05 6.704 1.0]
	ConcatTransform [0.809599 0.521968 -0.268511 0.0 -0.586388 0.739785 -0.329949 0.0 0.026418 0.424578 0.905006 0.0 0.017071 -0.488597 0.490373 1.0]
240
	ConcatTransform [1.1 0.0 0.0 0.0 0.0 1.1 0.0 0.0 0.0 0.0 1.1 0.0 -9.609 0.05 6.704 1.0]
	ConcatTransform [0.785537 0.540888 -0.30062 0.0 -0.616639 0.724903 -0.307038 0.0 0.051848 0.426563 0.90297 0.0 0.032142 -0.489121 0.507021 1.0]
241
	ConcatTransform [1.1 0.0 0.0 0.0 0.0 1.1 0.0 0.0 0.0 0.0 1.1 0.0 -9.609 0.05 6.704 1.0]
	ConcatTransform [0.775479 0.553626 -0.30353 0.0 -0.629352 0.716244 -0.301513 0.0 0.050476 0.424844 0.903858 0.0 0.037795 -0.489839 0.510211 1.0]
242
	ConcatTransform [1.1 0.0 0.0 0.0 0.0 1.1 0.0 0.0 0.0 0.0 1.1 0.0 -9.609 0.05 6.704 1.0]
	ConcatTransform [0.754908 0.578059 -0.309777 0.0 -0.65335 0.703917 -0.27863 0.0 0.056993 0.412733 0.909067 0.0 0.044019 -0.493236 0.513026 1.0]
243
	ConcatTransform [1.1 0.0 0.0 0.0 0.0 1.1 0.0 0.0 0.0 0.0 1.1 0.0 -9.609 0.05 6.704 1.0]
	ConcatTransform [0.744492 0.587023 -0.31802 0.0 -0.665002 0.694258 -0.275277 0.0 0.059194 0.416425 0.907241 0.0 0.046863 -0.49352 0.520524 1.0]
244
	ConcatTransform [1.1 0.0 0.0 0.0 0.0 1.1 0.0 0.0 0.0 0.0 1.1 0.0 -9.609 0.05 6.704 1.0]
	ConcatTransform [0.732747 0.596782 -0.327006 0.0 -0.67775 0.68317 -0.271909 0.0 0.06113 0.420869 0.905059 0.0 0.048515 -0.496336 0.530565 1.0]
245
	ConcatTransform [1.1 0.0 0.0 0.0 0.0 1.1 0.0 0.0 0.0 0.0 1.1 0.0 -9.609 0.05 6.704 1.0]
	ConcatTransform [0.73222 0.598385 -0.325253 0.0 -0.678652 0.681239 -0.274491 0.0 0.057324 0.421721 0.904912 0.0 0.046888 -0.495672 0.532679 1.0]
246
	ConcatTransform [1.1 0.0 0.0 0.0 0.0 1.1 0.0 0.0 0.0 0.0 1.1 0.0 -9.609 0.05 6.704 1.0]
	ConcatTransform [0.739215 0.587154 -0.329865 0.0 -0.669944 0.691146 -0.271093 0.0 0.068812 0.421387 0.904267 0.0 0.048547 -0.493514 0.536174 1.0]
247
	ConcatTransform [1.1 0.0 0.0 0.0 0.0 1.1 0.0 0.0 0.0 0.0 1.1 0.0 -9.609 0.05 6.704 1.0]
	ConcatTransform [0.74311 0.578021 -0.337165 0.0 -0.664007 0.699402 -0.264445 0.0 0.08296 0.420391 0.903542 0.0 0.049072 -0.49241 0.541286 1.0]
248
	ConcatTransform [1.1 0.0 0.0 0.0 0.0 1.1 0.0 0.0 0.0 0.0 1.1 0.0 -9.609 0.05 6.704 1.0]
	ConcatTransform [0.748528 0.567722 -0.342633 0.0 -0.656386 0.707729 -0.2613 0.0 0.094145 0.42049 0.9024 0.0 0.044657 -0.491362 0.550467 1.0]
249
	ConcatTransform [1.1 0.0 0.0 0.0 0.0 1.1 0.0 0.0 0.0 0.0 1.1 0.0 -9.609 0.05 6.704 1.0]
	ConcatTransform [0.757618 0.552731 -0.347136 0.0 -0.644494 0.717577 -0.264029 0.0 0.10316 0.42376 0.899881 0.0 0.039791 -0.488932 0.557313 1.0]
250
	ConcatTransform [1.1 0.0 0.0 0.0 0.0 1.1 0.0 0.0 0.0 0.0 1.1 0.0 -9.609 0.05 6.704 1.0]
	ConcatTransform [0.772946 0.52505 -0.356198 0.0 -0.622519 0.73605 -0.265896 0.0 0.122571 0.427263 0.89578 0.0 0.03098 -0.485357 0.568631 1.0]
251
	ConcatTransform [1.1 0.0 0.0 0.0 0.0 1.1 0.0 0.0 0.0 0.0 1.1 0.0 -9.609 0.05 6.704 1.0]
	ConcatTransform [0.780253 0.507506 -0.365572 0.0 -0.609926 0.746843 -0.264982 0.0 0.138544 0.429725 0.892268 0.0 0.02362 -0.482677 0.575321 1.0]
252
	ConcatTransform [1.1 0.0 0.0 0.0 0.0 1.1 0.0 0.0 0.0 0.0 1.1 0.0 -9.609 0.05 6.704 1.0]
	ConcatTransform [0.795873 0.482717 -0.365473 0.0 -0.586678 0.764031 -0.268449 0.0 0.149648 0.428066 0.891271 0.0 0.010686 -0.479501 0.582083 1.0]
253
	ConcatTransform [1.1 0.0 0.0 0.0 0.0 1.1 0.0 0.0 0.0 0.0 1.1 0.0 -9.609 0.05 6.704 1.0]
	ConcatTransform [0.799654 0.469898 -0.373831 0.0 -0.577964 0.771151 -0.26699 0.0 0.162822 0.42956 0.888238 0.0 0.003515 -0.475972 0.586961 1.0]
254
	ConcatTransform [1.1 0.0 0.0 0.0 0.0 1.1 0.0 0.0 0.0 0.0 1.1 0.0 -9.609 0.05 6.704 1.0]
	ConcatTransform [0.790945 0.471334 -0.390192 0.0 -0.585339 0.768625 -0.258058 0.0 0.17828 0.432504 0.88383 0.0 0.003379 -0.47662 0.593403 1.0]
255
	ConcatTransform [1.1 0.0 0.0 0.0 0.0 1.1 0.0 0.0 0.0 0.0 1.1 0.0 -9.609 0.05 6.704 1.0]
	ConcatTransform [0.787579 0.474492 -0.393164 0.0 -0.588934 0.767336 -0.253679 0.0 0.18132 0.431339 0.883781 0.0 0.005826 -0.477413 0.593943 1.0]
256
	ConcatTransform [1.1 0.0 0.0 0.0 0.0 1.1 0.0 0.0 0.0 0.0 1.1 0.0 -9.609 0.05 6.704 1.0]
	ConcatTransform [0.782811 0.480676 -0.395168 0.0 -0.594904 0.764337 -0.248754 0.0 0.182472 0.429814 0.884287 0.0 0.008139 -0.478233 0.596597 1.0]
257
	ConcatTransform [1.1 0.0 0.0 0.0 0.0 1.1 0.0 0.0 0.0 0.0 1.1 0.0 -9.609 0.05 6.704 1.0]
	ConcatTransform [0.783719 0.479284 -0.39506 0.0 -0.593766 0.764792 -0.250071 0.0 0.182284 0.430558 0.883964 0.0 0.007453 -0.478247 0.596636 1.0]
258
	ConcatTransform [1.1 0.0 0.0 0.0 0.0 1.1 0.0 0.0 0.0 0.0 1.1 0.0 -9.609 0.05 6.704 1.0]
	ConcatTransform [0.783943 0.478275 -0.395837 0.0 -0.593078 0.76544 -0.24972 0.0 0.183554 0.430529 0.883715 0.0 0.006688 -0.477682 0.598963 1.0]
259
	ConcatTransform [1.1 0.0 0.0 0.0 0.0 1.1 0.0 0.0 0.0 0.0 1.1 0.0 -9.609 0.05 6.704 1.0]
	ConcatTransform [0.783161 0.480247 -0.394996 0.0 -0.59431 0.764947 -0.248299 0.0 0.182906 0.429208 0.884492 0.0 0.008123 -0.478291 0.600918 1.0]
260
	ConcatTransform [1.1 0.0 0.0 0.0 0.0 1.1 0.0 0.0 0.0 0.0 1.1 0.0 -9.609 0.05 6.704 1.0]
	ConcatTransform [0.781659 0.48356 -0.393929 0.0 -0.596611 0.763831 -0.246207 0.0 0.181839 0.427472 0.885552 0.0 0.008031 -0.478938 0.601487 1.0]
261
	ConcatTransform [1.1 0.0 0.0 0.0 0.0 1.1 0.0 0.0 0.0 0.0 1.1 0.0 -9.609 0.05 6.704 1.0]
	ConcatTransform [0.782308 0.483188 -0.393096 0.0 -0.59597 0.764151 -0.246767 0.0 0.18115 0.427321 0.885766 0.0 0.00783 -0.479065 0.602073 1.0]
262
	ConcatTransform [1.1 0.0 0.0 0.0 0.0 1.1 0.0 0.0 0.0 0.0 1.1 0.0 -9.609 0.05 6.704 1.0]
	ConcatTransform [0.785298 0.48388 -0.386222 0.0 -0.594323 0.763955 -0.251301 0.0 0.173457 0.426887 0.887513 0.0 0.009278 -0.478785 0.600249 1.0]
263
	ConcatTransform [1.1 0.0 0.0 0.0 0.0 1.1 0.0 0.0 0.0 0.0 1.1 0.0 -9.609 0.05 6.704 1.0]
	ConcatTransform [0.786174 0.485756 -0.382062 0.0 -0.594746 0.76269 -0.25413 0.0 0.16795 0.42702 0.888508 0.0 0.010585 -0.478882 0.599017 1.0]
264
	ConcatTransform [1.1 0.0 0.0 0.0 0.0 1.1 0.0 0.0 0.0 0.0 1.1 0.0 -9.609 0.05 6.704 1.0]
	ConcatTransform [0.781326 0.495548 -0.379423 0.0 -0.603101 0.755923 -0.254656 0.0 0.16062 0.4278 0.889488 0.0 0.013285 -0.4805 0.596389 1.0]
265
	ConcatTransform [1.1 0.0 0.0 0.0 0.0 1.1 0.0 0.0 0.0 0.0 1.1 0.0 -9.609 0.05 6.704 1.0]
	ConcatTransform [0.77814 0.501806 -0.377742 0.0 -0.608265 0.751976 -0.25406 0.0 0.156565 0.427461 0.890373 0.0 0.015419 -0.481517 0.594125 1.0]
266
	ConcatTransform [1.1 0.0 0.0 0.0 0.0 1.1 0.0 0.0 0.0 0.0 1.1 0.0 -9.609 0.05 6.704 1.0]
	ConcatTransform [0.776803 0.506334 -0.374437 0.0 -0.611347 0.748996 -0.255461 0.0 0.151103 0.427354 0.891368 0.0 0.017885 -0.48248 0.590473 1.0]
267
	ConcatTransform [1.1 0.0 0.0 0.0 0.0 1.1 0.0 0.0 0.0 0.0 1.1 0.0 -9.609 0.05 6.704 1.0]
	ConcatTransform [0.77983 0.504172 -0.371048 0.0 -0.6083 0.750243 -0.259048 0.0 0.147772 0.427722 0.89175 0.0 0.016644 -0.482307 0.588117 1.0]
268
	ConcatTransform [1.1 0.0 0.0 0.0 0.0 1.1 0.0 0.0 0.0 0.0 1.1 0.0 -9.609 0.05 6.704 1.0]
	ConcatTransform [0.784311 0.497088 -0.371159 0.0 -0.601889 0.75467 -0.261157 0.0 0.150285 0.428225 0.891088 0.0 0.012881 -0.481283 0.588543 1.0]
269
	ConcatTransform [1.1 0.0 0.0 0.0 0.0 1.1 0.0 0.0 0.0 0.0 1.1 0.0 -9.609 0.05 6.704 1.0]
	ConcatTransform [0.789396 0.489264 -0.370777 0.0 -0.594625 0.759511 -0.263751 0.0 0.152565 0.428677 0.890483 0.0 0.009413 -0.479763 0.589214 1.0]
270
	ConcatTransform [1.1 0.0 0.0 0.0 0.0 1.1 0.0 0.0 0.0 0.0 1.1 0.0 -9.609 0.05 6.704 1.0]
	ConcatTransform [0.791362 0.485209 -0.371912 0.0 -0.591381 0.761772 -0.264521 0.0 0.154964 0.429273 0.889781 0.0 0.006795 -0.479239 0.589013 1.0]
271
	ConcatTransform [1.1 0.0 0.0 0.0 0.0 1.1 0.0 0.0 0.0 0.0 1.1 0.0 -9.609 0.05 6.704 1.0]
	ConcatTransform [0.790769 0.486095 -0.372016 0.0 -0.592187 0.761337 -0.263971 0.0 0.154915 0.429043 0.889901 0.0 0.007242 -0.479524 0.588535 1.0]
272
	ConcatTransform [1.1 0.0 0.0 0.0 0.0 1.1 0.0 0.0 0.0 0.0 1.1 0.0 -9.609 0.05 6.704 1.0]
	ConcatTransform [0.789526 0.488074 -0.372065 0.0 -0.593948 0.760299 -0.263004 0.0 0.154515 0.428636 0.890167 0.0 0.007714 -0.479811 0.588246 1.0]
273
	ConcatTransform [1.1 0.0 0.0 0.0 0.0 1.1 0.0 0.0 0.0 0.0 1.1 0.0 -9.609 0.05 6.704 1.0]
	ConcatTransform [0.790201 0.488075 -0.370628 0.0 -0.5936 0.75993 -0.264848 0.0 0.152386 0.429288 0.890219 0.0 0.008532 -0.479904 0.589336 1.0]
274
	ConcatTransform [1.1 0.0 0.0 0.0 0.0 1.1 0.0 0.0 0.0 0.0 1.1 0.0 -9.609 0.05 6.704 1.0]
	ConcatTransform [0.791567 0.486167 -0.370221 0.0 -0.591765 0.760977 -0.265947 0.0 0.152435 0.429599 0.890061 0.0 0.008145 -0.479434 0.590621 1.0]
275
	ConcatTransform [1.1 0.0 0.0 0.0 0.0 1.1 0.0 0.0 0.0 0.0 1.1 0.0 -9.609 0.05 6.704 1.0]
	ConcatTransform [0.792325 0.484858 -0.370316 0.0 -0.590625 0.761709 -0.266385 0.0 0.152914 0.429782 0.88989 0.0 0.00752 -0.479331 0.591448 1.0]
276
	ConcatTransform [1.1 0.0 0.0 0.0 0.0 1.1 0.0 0.0 0.0 0.0 1.1 0.0 -9.609 0.05 6.704 1.0]
	ConcatTransform [0.792224 0.484223 -0.371361 0.0 -0.590535 0.761709 -0.266585 0.0 0.153782 0.430497 0.889395 0.0 0.007268 -0.479506 0.591765 1.0]
277
	ConcatTransform [1.1 0.0 0.0 0.0 0.0 1.1 0.0 0.0 0.0 0.0 1.1 0.0 -9.609 0.05 6.704 1.0]
	ConcatTransform [0.791109 0.484552 -0.373304 0.0 -0.591429 0.76167 -0.264707 0.0 0.15607 0.430195 0.889142 0.0 0.006965 -0.479477 0.591841 1.0]
278
	ConcatTransform [1.1 0.0 0.0 0.0 0.0 1.1 0.0 0.0 0.0 0.0 1.1 0.0 -9.609 0.05 6.704 1.0]
	ConcatTransform [0.788964 0.485649 -0.376405 0.0 -0.593463 0.761003 -0.262059 0.0 0.159176 0.430138 0.888619 0.0 0.006806 -0.479784 0.592727 1.0]
279
	ConcatTransform [1.1 0.0 0.0 0.0 0.0 1.1 0.0 0.0 0.0 0.0 1.1 0.0 -9.609 0.05 6.704 1.0]
	ConcatTransform [0.786952 0.486931 -0.378953 0.0 -0.595446 0.7603 -0.259593 0.0 0.161714 0.429933 0.88826 0.0 0.006936 -0.48006 0.593202 1.0]
280
	ConcatTransform [1.1 0.0 0.0 0.0 0.0 1.1 0.0 0.0 0.0 0.0 1.1 0.0 -9.609 0.05 6.704 1.0]
	ConcatTransform [0.783342 0.487594 -0.385521 0.0 -0.598473 0.759196 -0.255835 0.0 0.167942 0.431131 0.886522 0.0 0.00706 -0.480253 0.59425 1.0]
281
	ConcatTransform [1.1 0.0 0.0 0.0 0.0 1.1 0.0 0.0 0.0 0.0 1.1 0.0 -9.609 0.05 6.704 1.0]
	ConcatTransform [0.780777 0.488548 -0.389498 0.0 -0.600653 0.758563 -0.252585 0.0 0.172058 0.431165 0.885716 0.0 0.006994 -0.480396 0.595616 1.0]
282
	ConcatTransform [1.1 0.0 0.0 0.0 0.0 1.1 0.0 0.0 0.0 0.0 1.1 0.0 -9.609 0.05 6.704 1.0]
	ConcatTransform [0.778428 0.487391 -0.395601 0.0 -0.601521 0.759369 -0.248054 0.0 0.179508 0.431054 0.88429 0.0 0.005899 -0.479949 0.597649 1.0]
283
	ConcatTransform [1.1 0.0 0.0 0.0 0.0 1.1 0.0 0.0 0.0 0.0 1.1 0.0 -9.609 0.05 6.704 1.0]
	ConcatTransform [0.778232 0.486438 -0.397155 0.0 -0.60125 0.759712 -0.247659 0.0 0.181253 0.431526 0.883704 0.0 0.005874 -0.479799 0.597486 1.0]
284
	ConcatTransform [1.1 0.0 0.0 0.0 0.0 1.1 0.0 0.0 0.0 0.0 1.1 0.0 -9.609 0.05 6.704 1.0]
	ConcatTransform [0.776939 0.487885 -0.397912 0.0 -0.602601 0.759309 -0.245605 0.0 0.182312 0.430603 0.883937 0.0 0.006835 -0.479992 0.59776 1.0]
285
	ConcatTransform [1.1 0.0 0.0 0.0 0.0 1.1 0.0 0.0 0.0 0.0 1.1 0.0 -9.609 0.05 6.704 1.0]
	ConcatTransform [0.776401 0.487255 -0.399729 0.0 -0.602631 0.759629 -0.24454 0.0 0.184493 0.43075 0.883412 0.0 0.007262 -0.479931 0.598319 1.0]
286
	ConcatTransform [1.1 0.0 0.0 0.0 0.0 1.1 0.0 0.0 0.0 0.0 1.1 0.0 -9.609 0.05 6.704 1.0]
	ConcatTransform [0.775248 0.487415 -0.401767 0.0 -0.603018 0.760443 -0.241029 0.0 0.18804 0.429131 0.883452 0.0 0.007373 -0.480998 0.599673 1.0]
287
	ConcatTransform [1.1 0.0 0.0 0.0 0.0 1.1 0.0 0.0 0.0 0.0 1.1 0.0 -9.609 0.05 6.704 1.0]
	ConcatTransform [0.77339 0.488117 -0.404487 0.0 -0.60458 0.759828 -0.239046 0.0 0.190658 0.429421 0.88275 0.0 0.00795 -0.480699 0.601341 1.0]
288
	ConcatTransform [1.1 0.0 0.0 0.0 0.0 1.1 0.0 0.0 0.0 0.0 1.1 0.0 -9.609 0.05 6.704 1.0]
	ConcatTransform [0.771519 0.488559 -0.407514 0.0 -0.606089 0.759168 -0.23732 0.0 0.193427 0.430086 0.881823 0.0 0.00789 -0.480404 0.603047 1.0]
289
	ConcatTransform [1.1 0.0 0.0 0.0 0.0 1.1 0.0 0.0 0.0 0.0 1.1 0.0 -9.609 0.05 6.704 1.0]
	ConcatTransform [0.7713 0.488049 -0.408539 0.0 -0.60597 0.759416 -0.236828 0.0 0.194667 0.430228 0.881481 0.0 0.007795 -0.48026 0.604135 1.0]
290
	ConcatTransform [1.1 0.0 0.0 0.0 0.0 1.1 0.0 0.0 0.0 0.0 1.1 0.0 -9.609 0.05 6.704 1.0]
	ConcatTransform [0.772673 0.486335 -0.407988 0.0 -0.604258 0.760441 -0.23791 0.0 0.194547 0.430357 0.881444 0.0 0.007409 -0.480116 0.604496 1.0]
291
	ConcatTransform [1.1 0.0 0.0 0.0 0.0 1.1 0.0 0.0 0.0 0.0 1.1 0.0 -9.609 0.05 6.704 1.0]
	ConcatTransform [0.773739 0.484846 -0.407741 0.0 -0.602737 0.761558 -0.238195 0.0 0.195031 0.430062 0.881482 0.0 0.006989 -0.479932 0.603985 1.0]
292
	ConcatTransform [1.1 0.0 0.0 0.0 0.0 1.1 0.0 0.0 0.0 0.0 1.1 0.0 -9.609 0.05 6.704 1.0]
	ConcatTransform [0.773726 0.485235 -0.407301 0.0 -0.603 0.76122 -0.238609 0.0 0.194264 0.430221 0.881573 0.0 0.008225 -0.479856 0.60331 1.0]
293
	ConcatTransform [1.1 0.0 0.0 0.0 0.0 1.1 0.0 0.0 0.0 0.0 1.1 0.0 -9.609 0.05 6.704 1.0]
	ConcatTransform [0.772837 0.486368 -0.407637 0.0 -0.604137 0.760517 -0.237976 0.0 0.194271 0.430185 0.881589 0.0 0.009282 -0.479897 0.603182 1.0]
294
	ConcatTransform [1.1 0.0 0.0 0.0 0.0 1.1 0.0 0.0 0.0 0.0 1.1 0.0 -9.609 0.05 6.704 1.0]
	ConcatTransform [0.773645 0.486021 -0.406518 0.0 -0.603457 0.760772 -0.238883 0.0 0.193165 0.430127 0.881861 0.0 0.010515 -0.479839 0.603914 1.0]
295
	ConcatTransform [1.1 0.0 0.0 0.0 0.0 1.1 0.0 0.0 0.0 0.0 1.1 0.0 -9.609 0.05 6.704 1.0]
	ConcatTransform [0.773525 0.485874 -0.406922 0.0 -0.603484 0.760782 -0.238784 0.0 0.19356 0.430276 0.881701 0.0 0.010524 -0.479782 0.604063 1.0]
296
	ConcatTransform [1.1 0.0 0.0 0.0 0.0 1.1 0.0 0.0 0.0 0.0 1.1 0.0 -9.609 0.05 6.704 1.0]
	ConcatTransform [0.772948 0.485612 -0.408329 0.0 -0.603752 0.760784 -0.238099 0.0 0.195027 0.430568 0.881236 0.0 0.01037 -0.479754 0.604107 1.0]
297
	ConcatTransform [1.1 0.0 0.0 0.0 0.0 1.1 0.0 0.0 0.0 0.0 1.1 0.0 -9.609 0.05 6.704 1.0]
	ConcatTransform [0.771875 0.487631 -0.407952 0.0 -0.605391 0.759716 -0.237346 0.0 0.19419 0.430172 0.881613 0.0 0.009823 -0.480191 0.603772 1.0]
298
	ConcatTransform [1.1 0.0 0.0 0.0 0.0 1.1 0.0 0.0 0.0 0.0 1.1 0.0 -9.609 0.05 6.704 1.0]
	ConcatTransform [0.770748 0.489319 -0.408062 0.0 -0.607201 0.758132 -0.237785 0.0 0.193013 0.431048 0.881444 0.0 0.009506 -0.480668 0.604729 1.0]
299
	ConcatTransform [1.1 0.0 0.0 0.0 0.0 1.1 0.0 0.0 0.0 0.0 1.1 0.0 -9.609 0.05 6.704 1.0]
	ConcatTransform [0.770971 0.488854 -0.408199 0.0 -0.606668 0.758761 -0.237139 0.0 0.193799 0.430469 0.881555 0.0 0.00974 -0.480456 0.60463 1.0]
300
	ConcatTransform [1.1 0.0 0.0 0.0 0.0 1.1 0.0 0.0 0.0 0.0 1.1 0.0 -9.609 0.05 6.704 1.0]
	ConcatTransform [0.770171 0.489352 -0.40911 0.0 -0.607369 0.758522 -0.236106 0.0 0.19478 0.430323 0.881409 0.0 0.010149 -0.480396 0.604247 1.0]
301
	ConcatTransform [1.1 0.0 0.0 0.0 0.0 1.1 0.0 0.0 0.0 0.0 1.1 0.0 -9.609 0.05 6.704 1.0]
	ConcatTransform [0.769094 0.491789 -0.408213 0.0 -0.609181 0.75729 -0.235393 0.0 0.193372 0.429715 0.882016 0.0 0.010614 -0.480478 0.604054 1.0]
302
	ConcatTransform [1.1 0.0 0.0 0.0 0.0 1.1 0.0 0.0 0.0 0.0 1.1 0.0 -9.609 0.05 6.704 1.0]
	ConcatTransform [0.770015 0.490811 -0.407653 0.0 -0.608057 0.758041 -0.235882 0.0 0.193244 0.429509 0.882144 0.0 0.011007 -0.480351 0.603303 1.0]
303
	ConcatTransform [1.1 0.0 0.0 0.0 0.0 1.1 0.0 0.0 0.0 0.0 1.1 0.0 -9.609 0.05 6.704 1.0]
	ConcatTransform [0.770984 0.489894 -0.406925 0.0 -0.606949 0.758725 -0.236538 0.0 0.192865 0.429349 0.882305 0.0 0.011322 -0.479977 0.603237 1.0]
304
	ConcatTransform [1.1 0.0 0.0 0.0 0.0 1.1 0.0 0.0 0.0 0.0 1.1 0.0 -9.609 0.05 6.704 1.0]
	ConcatTransform [0.770222 0.492358 -0.40539 0.0 -0.608661 0.75732 -0.23664 0.0 0.190499 0.42901 0.882984 0.0 0.013296 -0.480343 0.603413 1.0]
305
	ConcatTransform [1.1 0.0 0.0 0.0 0.0 1.1 0.0 0.0 0.0 0.0 1.1 0.0 -9.609 0.05 6.704 1.0]
	ConcatTransform [0.769983 0.491789 -0.406534 0.0 -0.60854 0.757572 -0.236141 0.0 0.191847 0.429217 0.882591 0.0 0.014158 -0.480461 0.603249 1.0]
306
	ConcatTransform [1.1 0.0 0.0 0.0 0.0 1.1 0.0 0.0 0.0 0.0 1.1 0.0 -9.609 0.05 6.704 1.0]
	ConcatTransform [0.768933 0.493612 -0.406312 0.0 -0.610061 0.756589 -0.23537 0.0 0.191229 0.428859 0.882899 0.0 0.015748 -0.480637 0.603196 1.0]
307
	ConcatTransform [1.1 0.0 0.0 0.0 0.0 1.1 0.0 0.0 0.0 0.0 1.1 0.0 -9.609 0.05 6.704 1.0]
	ConcatTransform [0.768402 0.494289 -0.406493 0.0 -0.610703 0.756229 -0.234861 0.0 0.191313 0.428714 0.882952 0.0 0.016258 -0.480739 0.60266 1.0]
308
	ConcatTransform [1.1 0.0 0.0 0.0 0.0 1.1 0.0 0.0 0.0 0.0 1.1 0.0 -9.609 0.05 6.704 1.0]
	ConcatTransform [0.767337 0.496154 -0.406232 0.0 -0.612424 0.75482 -0.234911 0.0 0.19008 0.429042 0.883059 0.0 0.017729 -0.481086 0.602238 1.0]
309
	ConcatTransform [1.1 0.0 0.0 0.0 0.0 1.1 0.0 0.0 0.0 0.0 1.1 0.0 -9.609 0.05 6.704 1.0]
	ConcatTransform [0.766771 0.49705 -0.406205 0.0 -0.613167 0.754398 -0.234328 0.0 0.189968 0.428748 0.883226 0.0 0.018694 -0.481174 0.602158 1.0]
310
	ConcatTransform [1.1 0.0 0.0 0.0 0.0 1.1 0.0 0.0 0.0 0.0 1.1 0.0 -9.609 0.05 6.704 1.0]
	ConcatTransform [0.767458 0.498161 -0.403539 0.0 -0.613244 0.753962 -0.235527 0.0 0.186923 0.428225 0.884128 0.0 0.019946 -0.481135 0.603143 1.0]
311
	ConcatTransform [1.1 0.0 0.0 0.0 0.0 1.1 0.0 0.0 0.0 0.0 1.1 0.0 -9.609 0.05 6.704 1.0]
	ConcatTransform [0.767112 0.499688 -0.402306 0.0 -0.614138 0.753265 -0.235429 0.0 0.185402 0.427672 0.884716 0.0 0.021715 -0.481323 0.603904 1.0]
312
	ConcatTransform [1.1 0.0 0.0 0.0 0.0 1.1 0.0 0.0 0.0 0.0 1.1 0.0 -9.609 0.05 6.704 1.0]
	ConcatTransform [0.766277 0.502968 -0.399803 0.0 -0.616332 0.751223 -0.236216 0.0 0.181532 0.427419 0.885641 0.0 0.024944 -0.481789 0.605384 1.0]
313
	ConcatTransform [1.1 0.0 0.0 0.0 0.0 1.1 0.0 0.0 0.0 0.0 1.1 0.0 -9.609 0.05 6.704 1.0]
	ConcatTransform [0.76474 0.506187 -0.398682 0.0 -0.619091 0.748742 -0.23688 0.0 0.178605 0.427972 0.885969 0.0 0.026503 -0.482513 0.604812 1.0]
314
	ConcatTransform [1.1 0.0 0.0 0.0 0.0 1.1 0.0 0.0 0.0 0.0 1.1 0.0 -9.609 0.05 6.704 1.0]
	ConcatTransform [0.76175 0.511571 -0.397532 0.0 -0.623619 0.745288 -0.235891 0.0 0.175601 0.427599 0.886749 0.0 0.029451 -0.483248 0.604235 1.0]
315
	ConcatTransform [1.1 0.0 0.0 0.0 0.0 1.1 0.0 0.0 0.0 0.0 1.1 0.0 -9.609 0.05 6.704 1.0]
	ConcatTransform [0.759884 0.515729 -0.395726 0.0 -0.626831 0.742593 -0.235876 0.0 0.172216 0.427292 0.88756 0.0 0.031932 -0.483821 0.603605 1.0]
316
	ConcatTransform [1.1 0.0 0.0 0.0 0.0 1.1 0.0 0.0 0.0 0.0 1.1 0.0 -9.609 0.05 6.704 1.0]
	ConcatTransform [0.755506 0.522643 -0.395037 0.0 -0.632851 0.738153 -0.233731 0.0 0.16944 0.426584 0.888434 0.0 0.036108 -0.484812 0.603039 1.0]
317
	ConcatTransform [1.1 0.0 0.0 0.0 0.0 1.1 0.0 0.0 0.0 0.0 1.1 0.0 -9.609 0.05 6.704 1.0]
	ConcatTransform [0.752888 0.526638 -0.394732 0.0 -0.636324 0.735638 -0.232224 0.0 0.168082 0.426016 0.888965 0.0 0.038911 -0.485355 0.602833 1.0]
318
	ConcatTransform [1.1 0.0 0.0 0.0 0.0 1.1 0.0 0.0 0.0 0.0 1.1 0.0 -9.609 0.05 6.704 1.0]
	ConcatTransform [0.748162 0.534109 -0.393676 0.0 -0.642808 0.730524 -0.230506 0.0 0.164474 0.425514 0.88988 0.0 0.043292 -0.486388 0.602828 1.0]
319
	ConcatTransform [1.1 0.0 0.0 0.0 0.0 1.1 0.0 0.0 0.0 0.0 1.1 0.0 -9.609 0.05 6.704 1.0]
	ConcatTransform [0.744751 0.539705 -0.392511 0.0 -0.647522 0.726701 -0.229391 0.0 0.161435 0.424998 0.890683 0.0 0.046579 -0.48717 0.601868 1.0]
320
	ConcatTransform [1.1 0.0 0.0 0.0 0.0 1.1 0.0 0.0 0.0 0.0 1.1 0.0 -9.609 0.05 6.704 1.0]
	ConcatTransform [0.743226 0.546717 -0.385638 0.0 -0.651624 0.722192 -0.232002 0.0 0.151665 0.423721 0.893005 0.0 0.051533 -0.488025 0.601394 1.0]
321
	ConcatTransform [1.1 0.0 0.0 0.0 0.0 1.1 0.0 0.0 0.0 0.0 1.1 0.0 -9.609 0.05 6.704 1.0]
	ConcatTransform [0.738875 0.553679 -0.384062 0.0 -0.657459 0.717271 -0.230802 0.0 0.147687 0.423039 0.893995 0.0 0.055552 -0.488911 0.600598 1.0]
322
	ConcatTransform [1.1 0.0 0.0 0.0 0.0 1.1 0.0 0.0 0.0 0.0 1.1 0.0 -9.609 0.05 6.704 1.0]
	ConcatTransform [0.73296 0.56331 -0.381382 0.0 -0.665315 0.710509 -0.229201 0.0 0.141865 0.421734 0.895553 0.0 0.061729 -0.49007 0.599554 1.0]
323
	ConcatTransform [1.1 0.0 0.0 0.0 0.0 1.1 0.0 0.0 0.0 0.0 1.1 0.0 -9.609 0.05 6.704 1.0]
	ConcatTransform [0.729659 0.56896 -0.379319 0.0 -0.669771 0.706472 -0.228699 0.0 0.137857 0.420929 0.896557 0.0 0.065929 -0.490706 0.599028 1.0]
324
	ConcatTransform [1.1 0.0 0.0 0.0 0.0 1.1 0.0 0.0 0.0 0.0 1.1 0.0 -9.609 0.05 6.704 1.0]
	ConcatTransform [0.723433 0.578631 -0.376603 0.0 -0.677684 0.699349 -0.227278 0.0 0.131867 0.419638 0.898062 0.0 0.072113 -0.491832 0.598017 1.0]
325
	ConcatTransform [1.1 0.0 0.0 0.0 0.0 1.1 0.0 0.0 0.0 0.0 1.1 0.0 -9.609 0.05 6.704 1.0]
	ConcatTransform [0.720034 0.584237 -0.374457 0.0 -0.682092 0.695138 -0.227008 0.0 0.127673 0.418868 0.899027 0.0 0.076077 -0.492429 0.597214 1.0]
326
	ConcatTransform [1.1 0.0 0.0 0.0 0.0 1.1 0.0 0.0 0.0 0.0 1.1 0.0 -9.609 0.05 6.704 1.0]
	ConcatTransform [0.715144 0.591006 -0.373203 0.0 -0.687893 0.689795 -0.225802 0.0 0.123983 0.418205 0.899852 0.0 0.081326 -0.493189 0.596454 1.0]
327
	ConcatTransform [1.1 0.0 0.0 0.0 0.0 1.1 0.0 0.0 0.0 0.0 1.1 0.0 -9.609 0.05 6.704 1.0]
	ConcatTransform [0.711952 0.595441 -0.372256 0.0 -0.691643 0.686281 -0.225052 0.0 0.121467 0.417694 0.900432 0.0 0.083908 -0.493639 0.595674 1.0]
328
	ConcatTransform [1.1 0.0 0.0 0.0 0.0 1.1 0.0 0.0 0.0 0.0 1.1 0.0 -9.609 0.05 6.704 1.0]
	ConcatTransform [0.70719 0.601637 -0.371368 0.0 -0.697013 0.681335 -0.223509 0.0 0.118555 0.416912 0.901182 0.0 0.087422 -0.494223 0.595212 1.0]
329
	ConcatTransform [1.1 0.0 0.0 0.0 0.0 1.1 0.0 0.0 0.0 0.0 1.1 0.0 -9.609 0.05 6.704 1.0]
	ConcatTransform [0.704641 0.6053 -0.37026 0.0 -0.700036 0.678253 -0.223432 0.0 0.115886 0.416635 0.901657 0.0 0.089817 -0.49461 0.595848 1.0]
330
	ConcatTransform [1.1 0.0 0.0 0.0 0.0 1.1 0.0 0.0 0.0 0.0 1.1 0.0 -9.609 0.05 6.704 1.0]
	ConcatTransform [0.702423 0.610899 -0.365245 0.0 -0.703548 0.673653 -0.226299 0.0 0.107803 0.415925 0.902987 0.0 0.093911 -0.495092 0.595198 1.0]
331
	ConcatTransform [1.1 0.0 0.0 0.0 0.0 1.1 0.0 0.0 0.0 0.0 1.1 0.0 -9.609 0.05 6.704 1.0]
	ConcatTransform [0.700002 0.61483 -0.363292 0.0 -0.70643 0.670707 -0.226073 0.0 0.104666 0.414892 0.903831 0.0 0.096082 -0.495363 0.594607 1.0]
332
	ConcatTransform [1.1 0.0 0.0 0.0 0.0 1.1 0.0 0.0 0.0 0.0 1.1 0.0 -9.609 0.05 6.704 1.0]
	ConcatTransform [0.697542 0.618187 -0.362326 0.0 -0.709156 0.668013 -0.225512 0.0 0.10263 0.41425 0.904359 0.0 0.098513 -0.495686 0.594524 1.0]
333
	ConcatTransform [1.1 0.0 0.0 0.0 0.0 1.1 0.0 0.0 0.0 0.0 1.1 0.0 -9.609 0.05 6.704 1.0]
	ConcatTransform [0.696905 0.61962 -0.361101 0.0 -0.710085 0.666743 -0.226348 0.0 0.100512 0.414156 0.904639 0.0 0.099766 -0.495827 0.59466 1.0]
334
	ConcatTransform [1.1 0.0 0.0 0.0 0.0 1.1 0.0 0.0 0.0 0.0 1.1 0.0 -9.609 0.05 6.704 1.0]
	ConcatTransform [0.697037 0.620497 -0.359336 0.0 -0.710339 0.665885 -0.228068 0.0 0.097761 0.414223 0.90491 0.0 0.100788 -0.495891 0.594929 1.0]
335
	ConcatTransform [1.1 0.0 0.0 0.0 0.0 1.1 0.0 0.0 0.0 0.0 1.1 0.0 -9.609 0.05 6.704 1.0]
	ConcatTransform [0.695566 0.622104 -0.359409 0.0 -0.711811 0.664616 -0.227181 0.0 0.097538 0.413851 0.905104 0.0 0.10098 -0.496013 0.595528 1.0]
336
	ConcatTransform [1.1 0.0 0.0 0.0 0.0 1.1 0.0 0.0 0.0 0.0 1.1 0.0 -9.609 0.05 6.704 1.0]
	ConcatTransform [0.695455 0.621113 -0.361332 0.0 -0.711509 0.665545 -0.225399 0.0 0.100484 0.413846 0.904784 0.0 0.102307 -0.496037 0.599327 1.0]
337
	ConcatTransform [1.1 0.0 0.0 0.0 0.0 1.1 0.0 0.0 0.0 0.0 1.1 0.0 -9.609 0.05 6.704 1.0]
	ConcatTransform [0.6961 0.620632 -0.360918 0.0 -0.710921 0.666007 -0.225889 0.0 0.10018 0.413825 0.904827 0.0 0.103548 -0.496 0.602144 1.0]
338
	ConcatTransform [1.1 0.0 0.0 0.0 0.0 1.1 0.0 0.0 0.0 0.0 1.1 0.0 -9.609 0.05 6.704 1.0]
	ConcatTransform [0.694858 0.622255 -0.360515 0.0 -0.712286 0.664582 -0.225785 0.0 0.099096 0.413678 0.905014 0.0 0.105613 -0.496036 0.606001 1.0]
339
	ConcatTransform [1.1 0.0 0.0 0.0 0.0 1.1 0.0 0.0 0.0 0.0 1.1 0.0 -9.609 0.05 6.704 1.0]
	ConcatTransform [0.698055 0.620494 -0.35736 0.0 -0.709644 0.666074 -0.229673 0.0 0.095517 0.413923 0.905287 0.0 0.107201 -0.495918 0.607769 1.0]
340
	ConcatTransform [1.1 0.0 0.0 0.0 0.0 1.1 0.0 0.0 0.0 0.0 1.1 0.0 -9.609 0.05 6.704 1.0]
	ConcatTransform [0.70045 0.62013 -0.353283 0.0 -0.707939 0.666476 -0.233735 0.0 0.090508 0.413823 0.905847 0.0 0.109462 -0.495918 0.608578 1.0]
341
	ConcatTransform [1.1 0.0 0.0 0.0 0.0 1.1 0.0 0.0 0.0 0.0 1.1 0.0 -9.609 0.05 6.704 1.0]
	ConcatTransform [0.700169 0.621967 -0.350601 0.0 -0.708726 0.664899 -0.235831 0.0 0.086436 0.413602 0.906346 0.0 0.110774 -0.496114 0.608637 1.0]
342
	ConcatTransform [1.1 0.0 0.0 0.0 0.0 1.1 0.0 0.0 0.0 0.0 1.1 0.0 -9.609 0.05 6.704 1.0]
	ConcatTransform [0.697 0.626318 -0.349165 0.0 -0.712211 0.661256 -0.235575 0.0 0.083343 0.412875 0.906966 0.0 0.113765 -0.496396 0.608604 1.0]
343
	ConcatTransform [1.1 0.0 0.0 0.0 0.0 1.1 0.0 0.0 0.0 0.0 1.1 0.0 -9.609 0.05 6.704 1.0]
	ConcatTransform [0.693855 0.630226 -0.348395 0.0 -0.715518 0.657947 -0.23482 0.0 0.081236 0.412214 0.907458 0.0 0.116339 -0.496681 0.608641 1.0]
344
	ConcatTransform [1.1 0.0 0.0 0.0 0.0 1.1 0.0 0.0 0.0 0.0 1.1 0.0 -9.609 0.05 6.704 1.0]
	ConcatTransform [0.689763 0.635902 -0.3462 0.0 -0.71989 0.653426 -0.234079 0.0 0.077365 0.410685 0.908489 0.0 0.120822 -0.497123 0.609358 1.0]
345
	ConcatTransform [1.1 0.0 0.0 0.0 0.0 1.1 0.0 0.0 0.0 0.0 1.1 0.0 -9.609 0.05 6.704 1.0]
	ConcatTransform [0.686083 0.640453 -0.345124 0.0 -0.723665 0.649563 -0.233189 0.0 0.074833 0.40974 0.909127 0.0 0.123918 -0.497445 0.609651 1.0]
346
	ConcatTransform [1.1 0.0 0.0 0.0 0.0 1.1 0.0 0.0 0.0 0.0 1.1 0.0 -9.609 0.05 6.704 1.0]
	ConcatTransform [0.677859 0.649369 -0.344713 0.0 -0.731689 0.64159 -0.230202 0.0 0.071678 0.408267 0.910044 0.0 0.129034 -0.497937 0.608859 1.0]
347
	ConcatTransform [1.1 0.0 0.0 0.0 0.0 1.1 0.0 0.0 0.0 0.0 1.1 0.0 -9.609 0.05 6.704 1.0]
	ConcatTransform [0.671747 0.656304 -0.343542 0.0 -0.737624 0.63537 -0.228507 0.0 0.068306 0.406904 0.910914 0.0 0.13318 -0.498289 0.60791 1.0]
348
	ConcatTransform [1.1 0.0 0.0 0.0 0.0 1.1 0.0 0.0 0.0 0.0 1.1 0.0 -9.609 0.05 6.704 1.0]
	ConcatTransform [0.660752 0.668188 -0.341952 0.0 -0.747968 0.624281 -0.225426 0.0 0.062848 0.40472 0.912279 0.0 0.140352 -0.49884 0.606143 1.0]
349
	ConcatTransform [1.1 0.0 0.0 0.0 0.0 1.1 0.0 0.0 0.0 0.0 1.1 0.0 -9.609 0.05 6.704 1.0]
	ConcatTransform [0.652645 0.676793 -0.340595 0.0 -0.755362 0.616222 -0.222931 0.0 0.059004 0.402767 0.913399 0.0 0.145755 -0.499152 0.605037 1.0]
350
	ConcatTransform [1.1 0.0 0.0 0.0 0.0 1.1 0.0 0.0 0.0 0.0 1.1 0.0 -9.609 0.05 6.704 1.0]
	ConcatTransform [0.636399 0.692241 -0.340292 0.0 -0.769404 0.601073 -0.216168 0.0 0.0549 0.399391 0.915135 0.0 0.154323 -0.499607 0.603775 1.0]
351
	ConcatTransform [1.1 0.0 0.0 0.0 0.0 1.1 0.0 0.0 0.0 0.0 1.1 0.0 -9.609 0.05 6.704 1.0]
	ConcatTransform [0.625661 0.702533 -0.33911 0.0 -0.778405 0.590837 -0.212127 0.0 0.051333 0.396684 0.916519 0.0 0.160131 -0.499707 0.602078 1.0]
352
	ConcatTransform [1.1 0.0 0.0 0.0 0.0 1.1 0.0 0.0 0.0 0.0 1.1 0.0 -9.609 0.05 6.704 1.0]
	ConcatTransform [0.611043 0.716931 -0.335613 0.0 -0.790374 0.57611 -0.208339 0.0 0.043985 0.392564 0.918672 0.0 0.168732 -0.499695 0.599207 1.0]
353
	ConcatTransform [1.1 0.0 0.0 0.0 0.0 1.1 0.0 0.0 0.0 0.0 1.1 0.0 -9.609 0.05 6.704 1.0]
	ConcatTransform [0.602058 0.725276 -0.333918 0.0 -0.797443 0.567211 -0.205805 0.0 0.040137 0.390187 0.91986 0.0 0.174457 -0.499575 0.597698 1.0]
354
	ConcatTransform [1.1 0.0 0.0 0.0 0.0 1.1 0.0 0.0 0.0 0.0 1.1 0.0 -9.609 0.05 6.704 1.0]
	ConcatTransform [0.589163 0.73693 -0.331393 0.0 -0.807287 0.554245 -0.202732 0.0 0.034273 0.386971 0.921455 0.0 0.182544 -0.499336 0.59582 1.0]
355
	ConcatTransform [1.1 0.0 0.0 0.0 0.0 1.1 0.0 0.0 0.0 0.0 1.1 0.0 -9.609 0.05 6.704 1.0]
	ConcatTransform [0.582682 0.742995 -0.329301 0.0 -0.812112 0.547734 -0.20115 0.0 0.030916 0.384636 0.92255 0.0 0.18721 -0.498843 0.59472 1.0]
356
	ConcatTransform [1.1 0.0 0.0 0.0 0.0 1.1 0.0 0.0 0.0 0.0 1.1 0.0 -9.609 0.05 6.704 1.0]
	ConcatTransform [0.577872 0.746614 -0.329591 0.0 -0.815616 0.542618 -0.20084 0.0 0.028892 0.38488 0.922514 0.0 0.191715 -0.498299 0.593879 1.0]
357
	ConcatTransform [1.1 0.0 0.0 0.0 0.0 1.1 0.0 0.0 0.0 0.0 1.1 0.0 -9.609 0.05 6.704 1.0]
	ConcatTransform [0.577327 0.746804 -0.330116 0.0 -0.815991 0.542155 -0.200566 0.0 0.02919 0.385164 0.922386 0.0 0.192908 -0.498258 0.594085 1.0]
358
	ConcatTransform [1.1 0.0 0.0 0.0 0.0 1.1 0.0 0.0 0.0 0.0 1.1 0.0 -9.609 0.05 6.704 1.0]
	ConcatTransform [0.581066 0.743304 -0.331454 0.0 -0.813241 0.546136 -0.200935 0.0 0.031664 0.386308 0.921826 0.0 0.192036 -0.498706 0.59542 1.0]
359
	ConcatTransform [1.1 0.0 0.0 0.0 0.0 1.1 0.0 0.0 0.0 0.0 1.1 0.0 -9.609 0.05 6.704 1.0]
	ConcatTransform [0.586359 0.738376 -0.333142 0.0 -0.809285 0.551853 -0.201285 0.0 0.035222 0.387632 0.921141 0.0 0.190038 -0.499239 0.596404 1.0]
360
	ConcatTransform [1.1 0.0 0.0 0.0 0.0 1.1 0.0 0.0 0.0 0.0 1.1 0.0 -9.609 0.05 6.704 1.0]
	ConcatTransform [-0.115677 0.733992 -0.669234 0.0 -0.460538 0.557328 0.690862 0.0 0.88007 0.388124 0.273562 0.0 0.005365 -0.499363 2.581927 1.0]
