228
	ConcatTransform [1.1 0.0 0.0 0.0 0.0 1.1 0.0 0.0 0.0 0.0 1.1 0.0 -9.609 0.05 6.704 1.0]
	ConcatTransform [0.998952 0.044513 0.010635 0.0 -0.044528 0.999008 0.001133 0.0 -0.010574 -0.001606 0.999943 0.0 0.013221 -0.019421 0.0076 1.0]
229
	ConcatTransform [1.1 0.0 0.0 0.0 0.0 1.1 0.0 0.0 0.0 0.0 1.1 0.0 -9.609 0.05 6.704 1.0]
	ConcatTransform [0.996578 0.080114 0.02037 0.0 -0.078211 0.993608 -0.081405 0.0 -0.026761 0.079533 0.996473 0.0 0.030313 -0.045472 0.013325 1.0]
230
	ConcatTransform [1.1 0.0 0.0 0.0 0.0 1.1 0.0 0.0 0.0 0.0 1.1 0.0 -9.609 0.05 6.704 1.0]
	ConcatTransform [0.945097 0.312249 0.096398 0.0 -0.308232 0.949751 -0.054466 0.0 -0.108561 0.021762 0.993852 0.0 0.058596 -0.085154 0.035293 1.0]
231
	ConcatTransform [1.1 0.0 0.0 0.0 0.0 1.1 0.0 0.0 0.0 0.0 1.1 0.0 -9.609 0.05 6.704 1.0]
	ConcatTransform [0.886252 0.442966 0.135421 0.0 -0.440913 0.896347 -0.046455 0.0 -0.141963 -0.018538 0.989698 0.0 0.078538 -0.12456 0.048818 1.0]
232
	ConcatTransform [1.1 0.0 0.0 0.0 0.0 1.1 0.0 0.0 0.0 0.0 1.1 0.0 -9.609 0.05 6.704 1.0]
	ConcatTransform [0.772867 0.620027 0.135066 0.0 -0.619617 0.783296 -0.050217 0.0 -0.136933 -0.044878 0.989563 0.0 0.110687 -0.201226 0.064977 1.0]
233
	ConcatTransform [1.1 0.0 0.0 0.0 0.0 1.1 0.0 0.0 0.0 0.0 1.1 0.0 -9.609 0.05 6.704 1.0]
	ConcatTransform [0.707156 0.698835 0.107521 0.0 -0.698066 0.714218 -0.05096 0.0 -0.112406 -0.03902 0.992896 0.0 0.138179 -0.257931 0.075065 1.0]
234
	ConcatTransform [1.1 0.0 0.0 0.0 0.0 1.1 0.0 0.0 0.0 0.0 1.1 0.0 -9.609 0.05 6.704 1.0]
	ConcatTransform [0.633941 0.771036 0.060189 0.0 -0.770509 0.636372 -0.036704 0.0 -0.066603 -0.023108 0.997512 0.0 0.192107 -0.329443 0.092212 1.0]
235
	ConcatTransform [1.1 0.0 0.0 0.0 0.0 1.1 0.0 0.0 0.0 0.0 1.1 0.0 -9.609 0.05 6.704 1.0]
	ConcatTransform [0.594595 0.802703 0.046107 0.0 -0.802938 0.595795 -0.017867 0.0 -0.041812 -0.026397 0.998777 0.0 0.232533 -0.367184 0.104478 1.0]
236
	ConcatTransform [1.1 0.0 0.0 0.0 0.0 1.1 0.0 0.0 0.0 0.0 1.1 0.0 -9.609 0.05 6.704 1.0]
	ConcatTransform [0.604331 0.794907 0.053919 0.0 -0.79654 0.604289 0.018928 0.0 -0.017536 -0.054387 0.998366 0.0 0.298653 -0.423557 0.124625 1.0]
237
	ConcatTransform [1.1 0.0 0.0 0.0 0.0 1.1 0.0 0.0 0.0 0.0 1.1 0.0 -9.609 0.05 6.704 1.0]
	ConcatTransform [0.562839 0.826403 -0.016431 0.0 -0.826529 0.562512 -0.020731 0.0 -0.00789 0.025249 0.99965 0.0 0.350165 -0.447783 0.139421 1.0]
238
	ConcatTransform [1.1 0.0 0.0 0.0 0.0 1.1 0.0 0.0 0.0 0.0 1.1 0.0 -9.609 0.05 6.704 1.0]
	ConcatTransform [0.451425 0.891695 -0.033082 0.0 -0.89171 0.449454 -0.053338 0.0 -0.032692 0.053578 0.998028 0.0 0.435774 -0.461181 0.176764 1.0]
239
	ConcatTransform [1.1 0.0 0.0 0.0 0.0 1.1 0.0 0.0 0.0 0.0 1.1 0.0 -9.609 0.05 6.704 1.0]
	ConcatTransform [0.373553 0.925985 -0.054868 0.0 -0.924518 0.366831 -0.103447 0.0 -0.075664 0.089369 0.99312 0.0 0.495394 -0.470336 0.199952 1.0]
240
	ConcatTransform [1.1 0.0 0.0 0.0 0.0 1.1 0.0 0.0 0.0 0.0 1.1 0.0 -9.609 0.05 6.704 1.0]
	ConcatTransform [0.24479 0.965074 -0.093331 0.0 -0.961687 0.229416 -0.150085 0.0 -0.123432 0.126495 0.984258 0.0 0.581972 -0.488383 0.235206 1.0]
241
	ConcatTransform [1.1 0.0 0.0 0.0 0.0 1.1 0.0 0.0 0.0 0.0 1.1 0.0 -9.609 0.05 6.704 1.0]
	ConcatTransform [0.173572 0.977751 -0.117791 0.0 -0.97428 0.153029 -0.165409 0.0 -0.143703 0.143472 0.979166 0.0 0.62899 -0.472748 0.250067 1.0]
242
	ConcatTransform [1.1 0.0 0.0 0.0 0.0 1.1 0.0 0.0 0.0 0.0 1.1 0.0 -9.609 0.05 6.704 1.0]
	ConcatTransform [0.060623 0.987395 -0.146202 0.0 -0.983797 0.034347 -0.175966 0.0 -0.168726 0.154501 0.973479 0.0 0.687509 -0.444107 0.264119 1.0]
243
	ConcatTransform [1.1 0.0 0.0 0.0 0.0 1.1 0.0 0.0 0.0 0.0 1.1 0.0 -9.609 0.05 6.704 1.0]
	ConcatTransform [-0.004675 0.988196 -0.153124 0.0 -0.984645 -0.031271 -0.171747 0.0 -0.174508 0.14997 0.973168 0.0 0.720082 -0.4268 0.269687 1.0]
244
	ConcatTransform [1.1 0.0 0.0 0.0 0.0 1.1 0.0 0.0 0.0 0.0 1.1 0.0 -9.609 0.05 6.704 1.0]
	ConcatTransform [-0.074582 0.9854 -0.153052 0.0 -0.983118 -0.098372 -0.15428 0.0 -0.167083 0.138962 0.976101 0.0 0.759407 -0.407357 0.270917 1.0]
245
	ConcatTransform [1.1 0.0 0.0 0.0 0.0 1.1 0.0 0.0 0.0 0.0 1.1 0.0 -9.609 0.05 6.704 1.0]
	ConcatTransform [-0.101511 0.983925 -0.146923 0.0 -0.983087 -0.121841 -0.13673 0.0 -0.152433 0.130558 0.979652 0.0 0.78038 -0.400727 0.268082 1.0]
246
	ConcatTransform [1.1 0.0 0.0 0.0 0.0 1.1 0.0 0.0 0.0 0.0 1.1 0.0 -9.609 0.05 6.704 1.0]
	ConcatTransform [-0.116253 0.984608 -0.130507 0.0 -0.985926 -0.130293 -0.104753 0.0 -0.120145 0.116493 0.985898 0.0 0.803774 -0.399222 0.259407 1.0]
247
	ConcatTransform [1.1 0.0 0.0 0.0 0.0 1.1 0.0 0.0 0.0 0.0 1.1 0.0 -9.609 0.05 6.704 1.0]
	ConcatTransform [-0.110362 0.986423 -0.121611 0.0 -0.989174 -0.120921 -0.08315 0.0 -0.096726 0.111118 0.989089 0.0 0.812755 -0.402522 0.249694 1.0]
248
	ConcatTransform [1.1 0.0 0.0 0.0 0.0 1.1 0.0 0.0 0.0 0.0 1.1 0.0 -9.609 0.05 6.704 1.0]
	ConcatTransform [-0.087283 0.99077 -0.103714 0.0 -0.994411 -0.092863 -0.050233 0.0 -0.059401 0.09875 0.993338 0.0 0.815658 -0.412499 0.230902 1.0]
249
	ConcatTransform [1.1 0.0 0.0 0.0 0.0 1.1 0.0 0.0 0.0 0.0 1.1 0.0 -9.609 0.05 6.704 1.0]
	ConcatTransform [-0.059711 0.994474 -0.086349 0.0 -0.997726 -0.062169 -0.026053 0.0 -0.031277 0.084597 0.995924 0.0 0.811799 -0.423184 0.216657 1.0]
250
	ConcatTransform [1.1 0.0 0.0 0.0 0.0 1.1 0.0 0.0 0.0 0.0 1.1 0.0 -9.609 0.05 6.704 1.0]
	ConcatTransform [0.007394 0.99837 -0.056587 0.0 -0.999643 0.008833 0.025234 0.0 0.025692 0.05638 0.998079 0.0 0.798014 -0.44655 0.193536 1.0]
251
	ConcatTransform [1.1 0.0 0.0 0.0 0.0 1.1 0.0 0.0 0.0 0.0 1.1 0.0 -9.609 0.05 6.704 1.0]
	ConcatTransform [0.066394 0.997082 -0.037677 0.0 -0.995463 0.068771 0.06575 0.0 0.068149 0.03314 0.997125 0.0 0.782513 -0.464823 0.177852 1.0]
252
	ConcatTransform [1.1 0.0 0.0 0.0 0.0 1.1 0.0 0.0 0.0 0.0 1.1 0.0 -9.609 0.05 6.704 1.0]
	ConcatTransform [0.129908 0.991041 -0.03102 0.0 -0.991309 0.130471 0.016872 0.0 0.020768 0.028558 0.999376 0.0 0.754377 -0.475475 0.169374 1.0]
253
	ConcatTransform [1.1 0.0 0.0 0.0 0.0 1.1 0.0 0.0 0.0 0.0 1.1 0.0 -9.609 0.05 6.704 1.0]
	ConcatTransform [0.17275 0.984598 -0.026912 0.0 -0.98465 0.171938 -0.030034 0.0 -0.024944 0.031687 0.999187 0.0 0.737541 -0.485586 0.172563 1.0]
254
	ConcatTransform [1.1 0.0 0.0 0.0 0.0 1.1 0.0 0.0 0.0 0.0 1.1 0.0 -9.609 0.05 6.704 1.0]
	ConcatTransform [0.25281 0.967296 -0.020642 0.0 -0.964202 0.250122 -0.088058 0.0 -0.080015 0.042165 0.995901 0.0 0.708628 -0.499649 0.184845 1.0]
255
	ConcatTransform [1.1 0.0 0.0 0.0 0.0 1.1 0.0 0.0 0.0 0.0 1.1 0.0 -9.609 0.05 6.704 1.0]
	ConcatTransform [0.311479 0.949745 -0.031065 0.0 -0.943009 0.304911 -0.133282 0.0 -0.117112 0.070809 0.990591 0.0 0.687802 -0.505412 0.196279 1.0]
256
	ConcatTransform [1.1 0.0 0.0 0.0 0.0 1.1 0.0 0.0 0.0 0.0 1.1 0.0 -9.609 0.05 6.704 1.0]
	ConcatTransform [0.386439 0.920807 -0.052725 0.0 -0.906348 0.368537 -0.206673 0.0 -0.170875 0.127654 0.976988 0.0 0.65447 -0.507944 0.218403 1.0]
257
	ConcatTransform [1.1 0.0 0.0 0.0 0.0 1.1 0.0 0.0 0.0 0.0 1.1 0.0 -9.609 0.05 6.704 1.0]
	ConcatTransform [0.433777 0.898939 -0.061201 0.0 -0.879117 0.407369 -0.247394 0.0 -0.197461 0.161117 0.96698 0.0 0.63124 -0.507258 0.233523 1.0]
258
	ConcatTransform [1.1 0.0 0.0 0.0 0.0 1.1 0.0 0.0 0.0 0.0 1.1 0.0 -9.609 0.05 6.704 1.0]
	ConcatTransform [0.500277 0.863507 -0.06386 0.0 -0.840241 0.466339 -0.276629 0.0 -0.20909 0.192049 0.958853 0.0 0.596494 -0.499634 0.2481 1.0]
259
	ConcatTransform [1.1 0.0 0.0 0.0 0.0 1.1 0.0 0.0 0.0 0.0 1.1 0.0 -9.609 0.05 6.704 1.0]
	ConcatTransform [0.540469 0.839028 -0.062648 0.0 -0.814207 0.502807 -0.290264 0.0 -0.21204 0.207887 0.954894 0.0 0.575528 -0.494073 0.253156 1.0]
260
	ConcatTransform [1.1 0.0 0.0 0.0 0.0 1.1 0.0 0.0 0.0 0.0 1.1 0.0 -9.609 0.05 6.704 1.0]
	ConcatTransform [0.577122 0.813781 -0.06849 0.0 -0.788651 0.533591 -0.305467 0.0 -0.212038 0.230306 0.949736 0.0 0.549801 -0.48477 0.258095 1.0]
261
	ConcatTransform [1.1 0.0 0.0 0.0 0.0 1.1 0.0 0.0 0.0 0.0 1.1 0.0 -9.609 0.05 6.704 1.0]
	ConcatTransform [0.591026 0.803368 -0.072722 0.0 -0.779533 0.54565 -0.307562 0.0 -0.207404 0.238466 0.948745 0.0 0.537279 -0.480492 0.26169 1.0]
262
	ConcatTransform [1.1 0.0 0.0 0.0 0.0 1.1 0.0 0.0 0.0 0.0 1.1 0.0 -9.609 0.05 6.704 1.0]
	ConcatTransform [0.603983 0.793576 -0.073765 0.0 -0.769745 0.556831 -0.31214 0.0 -0.206632 0.245308 0.947168 0.0 0.524819 -0.479161 0.266732 1.0]
263
	ConcatTransform [1.1 0.0 0.0 0.0 0.0 1.1 0.0 0.0 0.0 0.0 1.1 0.0 -9.609 0.05 6.704 1.0]
	ConcatTransform [0.608838 0.789966 -0.0726 0.0 -0.76652 0.562244 -0.31037 0.0 -0.204363 0.244614 0.947839 0.0 0.520783 -0.478739 0.266604 1.0]
264
	ConcatTransform [1.1 0.0 0.0 0.0 0.0 1.1 0.0 0.0 0.0 0.0 1.1 0.0 -9.609 0.05 6.704 1.0]
	ConcatTransform [0.605337 0.792789 -0.071076 0.0 -0.770475 0.56119 -0.30238 0.0 -0.199836 0.237804 0.950534 0.0 0.520021 -0.480905 0.262111 1.0]
265
	ConcatTransform [1.1 0.0 0.0 0.0 0.0 1.1 0.0 0.0 0.0 0.0 1.1 0.0 -9.609 0.05 6.704 1.0]
	ConcatTransform [0.598617 0.798323 -0.06587 0.0 -0.7759 0.557432 -0.29538 0.0 -0.19909 0.227928 0.953106 0.0 0.523541 -0.483876 0.257099 1.0]
266
	ConcatTransform [1.1 0.0 0.0 0.0 0.0 1.1 0.0 0.0 0.0 0.0 1.1 0.0 -9.609 0.05 6.704 1.0]
	ConcatTransform [0.579703 0.813116 -0.052786 0.0 -0.789906 0.544893 -0.281319 0.0 -0.199982 0.204778 0.958161 0.0 0.534135 -0.491242 0.246833 1.0]
267
	ConcatTransform [1.1 0.0 0.0 0.0 0.0 1.1 0.0 0.0 0.0 0.0 1.1 0.0 -9.609 0.05 6.704 1.0]
	ConcatTransform [0.56273 0.825648 -0.040515 0.0 -0.801821 0.533257 -0.269667 0.0 -0.201045 0.184235 0.962101 0.0 0.545013 -0.497169 0.238741 1.0]
268
	ConcatTransform [1.1 0.0 0.0 0.0 0.0 1.1 0.0 0.0 0.0 0.0 1.1 0.0 -9.609 0.05 6.704 1.0]
	ConcatTransform [0.52979 0.847914 -0.019092 0.0 -0.823864 0.509156 -0.249015 0.0 -0.201422 0.147655 0.968311 0.0 0.566364 -0.507017 0.22464 1.0]
269
	ConcatTransform [1.1 0.0 0.0 0.0 0.0 1.1 0.0 0.0 0.0 0.0 1.1 0.0 -9.609 0.05 6.704 1.0]
	ConcatTransform [0.501917 0.864901 -0.005019 0.0 -0.841461 0.486956 -0.23413 0.0 -0.200056 0.121737 0.972192 0.0 0.583747 -0.513325 0.214057 1.0]
270
	ConcatTransform [1.1 0.0 0.0 0.0 0.0 1.1 0.0 0.0 0.0 0.0 1.1 0.0 -9.609 0.05 6.704 1.0]
	ConcatTransform [0.455476 0.890056 0.018499 0.0 -0.867527 0.44842 -0.215212 0.0 -0.199846 0.081976 0.976392 0.0 0.611632 -0.517406 0.196694 1.0]
271
	ConcatTransform [1.1 0.0 0.0 0.0 0.0 1.1 0.0 0.0 0.0 0.0 1.1 0.0 -9.609 0.05 6.704 1.0]
	ConcatTransform [0.424345 0.904841 0.034558 0.0 -0.884909 0.422485 -0.196068 0.0 -0.192011 0.05262 0.979981 0.0 0.629898 -0.518273 0.183381 1.0]
272
	ConcatTransform [1.1 0.0 0.0 0.0 0.0 1.1 0.0 0.0 0.0 0.0 1.1 0.0 -9.609 0.05 6.704 1.0]
	ConcatTransform [0.382706 0.922268 0.054389 0.0 -0.908563 0.386384 -0.15881 0.0 -0.167481 0.011361 0.98581 0.0 0.657256 -0.51766 0.163817 1.0]
273
	ConcatTransform [1.1 0.0 0.0 0.0 0.0 1.1 0.0 0.0 0.0 0.0 1.1 0.0 -9.609 0.05 6.704 1.0]
	ConcatTransform [0.352257 0.933345 0.069148 0.0 -0.923508 0.358626 -0.13609 0.0 -0.151817 -0.01592 0.98828 0.0 0.675107 -0.516269 0.151669 1.0]
274
	ConcatTransform [1.1 0.0 0.0 0.0 0.0 1.1 0.0 0.0 0.0 0.0 1.1 0.0 -9.609 0.05 6.704 1.0]
	ConcatTransform [0.310387 0.946641 0.086779 0.0 -0.942182 0.31848 -0.104232 0.0 -0.126308 -0.049409 0.99076 0.0 0.700277 -0.512744 0.133401 1.0]
275
	ConcatTransform [1.1 0.0 0.0 0.0 0.0 1.1 0.0 0.0 0.0 0.0 1.1 0.0 -9.609 0.05 6.704 1.0]
	ConcatTransform [0.285112 0.953606 0.096679 0.0 -0.952354 0.293239 -0.08386 0.0 -0.10832 -0.068163 0.991776 0.0 0.715436 -0.509766 0.12159 1.0]
276
	ConcatTransform [1.1 0.0 0.0 0.0 0.0 1.1 0.0 0.0 0.0 0.0 1.1 0.0 -9.609 0.05 6.704 1.0]
	ConcatTransform [0.254711 0.960475 0.112297 0.0 -0.963985 0.261383 -0.049102 0.0 -0.076514 -0.095746 0.992461 0.0 0.735908 -0.505365 0.106576 1.0]
277
	ConcatTransform [1.1 0.0 0.0 0.0 0.0 1.1 0.0 0.0 0.0 0.0 1.1 0.0 -9.609 0.05 6.704 1.0]
	ConcatTransform [0.235304 0.964488 0.119981 0.0 -0.970243 0.240354 -0.029305 0.0 -0.057102 -0.109515 0.992344 0.0 0.747583 -0.501773 0.098219 1.0]
278
	ConcatTransform [1.1 0.0 0.0 0.0 0.0 1.1 0.0 0.0 0.0 0.0 1.1 0.0 -9.609 0.05 6.704 1.0]
	ConcatTransform [0.214182 0.969335 0.120478 0.0 -0.976166 0.216832 -0.009175 0.0 -0.035017 -0.115641 0.992674 0.0 0.763613 -0.497729 0.088478 1.0]
279
	ConcatTransform [1.1 0.0 0.0 0.0 0.0 1.1 0.0 0.0 0.0 0.0 1.1 0.0 -9.609 0.05 6.704 1.0]
	ConcatTransform [0.20186 0.972062 0.119787 0.0 -0.979172 0.203016 0.002598 0.0 -0.021793 -0.117816 0.992796 0.0 0.77233 -0.495203 0.08448 1.0]
280
	ConcatTransform [1.1 0.0 0.0 0.0 0.0 1.1 0.0 0.0 0.0 0.0 1.1 0.0 -9.609 0.05 6.704 1.0]
	ConcatTransform [0.18948 0.975393 0.112724 0.0 -0.981884 0.188151 0.022417 0.0 0.000656 -0.114929 0.993373 0.0 0.782034 -0.492349 0.081882 1.0]
281
	ConcatTransform [1.1 0.0 0.0 0.0 0.0 1.1 0.0 0.0 0.0 0.0 1.1 0.0 -9.609 0.05 6.704 1.0]
	ConcatTransform [0.186757 0.976939 0.103496 0.0 -0.98231 0.184229 0.033552 0.0 0.013711 -0.107931 0.994064 0.0 0.786523 -0.491498 0.082214 1.0]
282
	ConcatTransform [1.1 0.0 0.0 0.0 0.0 1.1 0.0 0.0 0.0 0.0 1.1 0.0 -9.609 0.05 6.704 1.0]
	ConcatTransform [0.186809 0.978552 0.086819 0.0 -0.982154 0.184068 0.038639 0.0 0.02183 -0.092487 0.995475 0.0 0.790171 -0.491646 0.086001 1.0]
283
	ConcatTransform [1.1 0.0 0.0 0.0 0.0 1.1 0.0 0.0 0.0 0.0 1.1 0.0 -9.609 0.05 6.704 1.0]
	ConcatTransform [0.192607 0.978632 0.071989 0.0 -0.980877 0.18992 0.042545 0.0 0.027964 -0.078807 0.996498 0.0 0.790354 -0.492607 0.090563 1.0]
284
	ConcatTransform [1.1 0.0 0.0 0.0 0.0 1.1 0.0 0.0 0.0 0.0 1.1 0.0 -9.609 0.05 6.704 1.0]
	ConcatTransform [0.207479 0.977218 0.0447 0.0 -0.977442 0.205248 0.04981 0.0 0.039501 -0.054026 0.997758 0.0 0.786871 -0.495151 0.099954 1.0]
285
	ConcatTransform [1.1 0.0 0.0 0.0 0.0 1.1 0.0 0.0 0.0 0.0 1.1 0.0 -9.609 0.05 6.704 1.0]
	ConcatTransform [0.221423 0.974832 0.025983 0.0 -0.974256 0.219976 0.049354 0.0 0.042397 -0.036242 0.998443 0.0 0.782145 -0.497334 0.107538 1.0]
286
	ConcatTransform [1.1 0.0 0.0 0.0 0.0 1.1 0.0 0.0 0.0 0.0 1.1 0.0 -9.609 0.05 6.704 1.0]
	ConcatTransform [0.254762 0.966972 -0.007786 0.0 -0.965979 0.254855 0.043972 0.0 0.044504 -0.003681 0.999002 0.0 0.771202 -0.502005 0.118494 1.0]
287
	ConcatTransform [1.1 0.0 0.0 0.0 0.0 1.1 0.0 0.0 0.0 0.0 1.1 0.0 -9.609 0.05 6.704 1.0]
	ConcatTransform [0.279843 0.959682 -0.026415 0.0 -0.959085 0.280687 0.037025 0.0 0.042947 0.014973 0.998965 0.0 0.761637 -0.504962 0.126442 1.0]
288
	ConcatTransform [1.1 0.0 0.0 0.0 0.0 1.1 0.0 0.0 0.0 0.0 1.1 0.0 -9.609 0.05 6.704 1.0]
	ConcatTransform [0.319493 0.946272 -0.049925 0.0 -0.94692 0.320803 0.020671 0.0 0.035576 0.040671 0.998539 0.0 0.744917 -0.508854 0.139138 1.0]
289
	ConcatTransform [1.1 0.0 0.0 0.0 0.0 1.1 0.0 0.0 0.0 0.0 1.1 0.0 -9.609 0.05 6.704 1.0]
	ConcatTransform [0.346454 0.935725 -0.066246 0.0 -0.93758 0.347684 0.007675 0.0 0.030215 0.059452 0.997774 0.0 0.732822 -0.510704 0.147789 1.0]
290
	ConcatTransform [1.1 0.0 0.0 0.0 0.0 1.1 0.0 0.0 0.0 0.0 1.1 0.0 -9.609 0.05 6.704 1.0]
	ConcatTransform [0.386789 0.917594 -0.091737 0.0 -0.921852 0.387344 -0.0124 0.0 0.024155 0.089364 0.995706 0.0 0.714384 -0.512184 0.160708 1.0]
291
	ConcatTransform [1.1 0.0 0.0 0.0 0.0 1.1 0.0 0.0 0.0 0.0 1.1 0.0 -9.609 0.05 6.704 1.0]
	ConcatTransform [0.411464 0.905225 -0.106135 0.0 -0.911181 0.411256 -0.024861 0.0 0.021144 0.106938 0.994041 0.0 0.702084 -0.512464 0.169172 1.0]
292
	ConcatTransform [1.1 0.0 0.0 0.0 0.0 1.1 0.0 0.0 0.0 0.0 1.1 0.0 -9.609 0.05 6.704 1.0]
	ConcatTransform [0.44485 0.886887 -0.124658 0.0 -0.895453 0.443011 -0.043646 0.0 0.016516 0.131042 0.991239 0.0 0.684171 -0.511951 0.180827 1.0]
293
	ConcatTransform [1.1 0.0 0.0 0.0 0.0 1.1 0.0 0.0 0.0 0.0 1.1 0.0 -9.609 0.05 6.704 1.0]
	ConcatTransform [0.465465 0.8748 -0.134416 0.0 -0.884918 0.462768 -0.052594 0.0 0.016194 0.143428 0.989528 0.0 0.673257 -0.510259 0.187143 1.0]
294
	ConcatTransform [1.1 0.0 0.0 0.0 0.0 1.1 0.0 0.0 0.0 0.0 1.1 0.0 -9.609 0.05 6.704 1.0]
	ConcatTransform [0.485529 0.862539 -0.142438 0.0 -0.874065 0.482029 -0.060485 0.0 0.016489 0.153867 0.987954 0.0 0.659272 -0.507124 0.192618 1.0]
295
	ConcatTransform [1.1 0.0 0.0 0.0 0.0 1.1 0.0 0.0 0.0 0.0 1.1 0.0 -9.609 0.05 6.704 1.0]
	ConcatTransform [0.498134 0.854758 -0.145779 0.0 -0.866979 0.493786 -0.067258 0.0 0.014495 0.159891 0.987028 0.0 0.65245 -0.505209 0.193429 1.0]
296
	ConcatTransform [1.1 0.0 0.0 0.0 0.0 1.1 0.0 0.0 0.0 0.0 1.1 0.0 -9.609 0.05 6.704 1.0]
	ConcatTransform [0.509626 0.847905 -0.146081 0.0 -0.86027 0.505059 -0.069645 0.0 0.014727 0.161162 0.986818 0.0 0.645988 -0.504327 0.192588 1.0]
297
	ConcatTransform [1.1 0.0 0.0 0.0 0.0 1.1 0.0 0.0 0.0 0.0 1.1 0.0 -9.609 0.05 6.704 1.0]
	ConcatTransform [0.513273 0.846105 -0.143724 0.0 -0.858052 0.50929 -0.06611 0.0 0.017262 0.157255 0.987407 0.0 0.644215 -0.504906 0.190398 1.0]
298
	ConcatTransform [1.1 0.0 0.0 0.0 0.0 1.1 0.0 0.0 0.0 0.0 1.1 0.0 -9.609 0.05 6.704 1.0]
	ConcatTransform [0.511142 0.848648 -0.136128 0.0 -0.859163 0.508908 -0.053407 0.0 0.023952 0.144255 0.989251 0.0 0.645274 -0.507651 0.184627 1.0]
299
	ConcatTransform [1.1 0.0 0.0 0.0 0.0 1.1 0.0 0.0 0.0 0.0 1.1 0.0 -9.609 0.05 6.704 1.0]
	ConcatTransform [0.506259 0.852667 -0.129078 0.0 -0.861937 0.505103 -0.04399 0.0 0.027689 0.133527 0.990658 0.0 0.648583 -0.509989 0.179196 1.0]
300
	ConcatTransform [1.1 0.0 0.0 0.0 0.0 1.1 0.0 0.0 0.0 0.0 1.1 0.0 -9.609 0.05 6.704 1.0]
	ConcatTransform [0.49345 0.861978 -0.116191 0.0 -0.869071 0.494002 -0.026025 0.0 0.034966 0.113821 0.992886 0.0 0.656236 -0.514357 0.168567 1.0]
301
	ConcatTransform [1.1 0.0 0.0 0.0 0.0 1.1 0.0 0.0 0.0 0.0 1.1 0.0 -9.609 0.05 6.704 1.0]
	ConcatTransform [0.481658 0.870161 -0.104043 0.0 -0.875375 0.483339 -0.010078 0.0 0.041519 0.095931 0.994522 0.0 0.662901 -0.51725 0.160305 1.0]
302
	ConcatTransform [1.1 0.0 0.0 0.0 0.0 1.1 0.0 0.0 0.0 0.0 1.1 0.0 -9.609 0.05 6.704 1.0]
	ConcatTransform [0.463557 0.881981 -0.084995 0.0 -0.88458 0.466201 0.01326 0.0 0.051319 0.069038 0.996293 0.0 0.673961 -0.518992 0.145917 1.0]
303
	ConcatTransform [1.1 0.0 0.0 0.0 0.0 1.1 0.0 0.0 0.0 0.0 1.1 0.0 -9.609 0.05 6.704 1.0]
	ConcatTransform [0.45051 0.889847 -0.072201 0.0 -0.890861 0.453361 0.02882 0.0 0.058378 0.051338 0.996974 0.0 0.681854 -0.51974 0.135754 1.0]
304
	ConcatTransform [1.1 0.0 0.0 0.0 0.0 1.1 0.0 0.0 0.0 0.0 1.1 0.0 -9.609 0.05 6.704 1.0]
	ConcatTransform [0.429979 0.901166 -0.054935 0.0 -0.899743 0.432745 0.056514 0.0 0.074701 0.025127 0.996889 0.0 0.69546 -0.520219 0.121407 1.0]
305
	ConcatTransform [1.1 0.0 0.0 0.0 0.0 1.1 0.0 0.0 0.0 0.0 1.1 0.0 -9.609 0.05 6.704 1.0]
	ConcatTransform [0.415472 0.908539 -0.044052 0.0 -0.905682 0.417688 0.072641 0.0 0.084398 0.009717 0.996385 0.0 0.70495 -0.520072 0.111823 1.0]
306
	ConcatTransform [1.1 0.0 0.0 0.0 0.0 1.1 0.0 0.0 0.0 0.0 1.1 0.0 -9.609 0.05 6.704 1.0]
	ConcatTransform [0.395564 0.91796 -0.029648 0.0 -0.913233 0.396549 0.093563 0.0 0.097644 -0.009934 0.995172 0.0 0.719067 -0.519342 0.097118 1.0]
307
	ConcatTransform [1.1 0.0 0.0 0.0 0.0 1.1 0.0 0.0 0.0 0.0 1.1 0.0 -9.609 0.05 6.704 1.0]
	ConcatTransform [0.382054 0.923933 -0.019531 0.0 -0.918004 0.381864 0.106994 0.0 0.106314 -0.022948 0.994068 0.0 0.728235 -0.518549 0.08774 1.0]
308
	ConcatTransform [1.1 0.0 0.0 0.0 0.0 1.1 0.0 0.0 0.0 0.0 1.1 0.0 -9.609 0.05 6.704 1.0]
	ConcatTransform [0.360854 0.932612 -0.004321 0.0 -0.92465 0.35837 0.128811 0.0 0.12168 -0.042487 0.99166 0.0 0.741663 -0.516777 0.075152 1.0]
309
	ConcatTransform [1.1 0.0 0.0 0.0 0.0 1.1 0.0 0.0 0.0 0.0 1.1 0.0 -9.609 0.05 6.704 1.0]
	ConcatTransform [0.347832 0.937555 0.002108 0.0 -0.928263 0.344067 0.141231 0.0 0.131687 -0.051081 0.989974 0.0 0.750253 -0.515431 0.067414 1.0]
310
	ConcatTransform [1.1 0.0 0.0 0.0 0.0 1.1 0.0 0.0 0.0 0.0 1.1 0.0 -9.609 0.05 6.704 1.0]
	ConcatTransform [0.329253 0.944207 0.008117 0.0 -0.932348 0.323733 0.161011 0.0 0.149401 -0.060581 0.986919 0.0 0.761908 -0.51322 0.057277 1.0]
311
	ConcatTransform [1.1 0.0 0.0 0.0 0.0 1.1 0.0 0.0 0.0 0.0 1.1 0.0 -9.609 0.05 6.704 1.0]
	ConcatTransform [0.318186 0.94798 0.009564 0.0 -0.934007 0.311735 0.174507 0.0 0.162448 -0.064459 0.984609 0.0 0.769053 -0.511783 0.051777 1.0]
312
	ConcatTransform [1.1 0.0 0.0 0.0 0.0 1.1 0.0 0.0 0.0 0.0 1.1 0.0 -9.609 0.05 6.704 1.0]
	ConcatTransform [0.305795 0.952054 0.009029 0.0 -0.934345 0.298258 0.195042 0.0 0.182997 -0.068079 0.980753 0.0 0.777987 -0.509995 0.045309 1.0]
313
	ConcatTransform [1.1 0.0 0.0 0.0 0.0 1.1 0.0 0.0 0.0 0.0 1.1 0.0 -9.609 0.05 6.704 1.0]
	ConcatTransform [0.299198 0.954177 0.005211 0.0 -0.93418 0.291807 0.205321 0.0 0.194392 -0.0663 0.978681 0.0 0.782998 -0.509124 0.042143 1.0]
314
	ConcatTransform [1.1 0.0 0.0 0.0 0.0 1.1 0.0 0.0 0.0 0.0 1.1 0.0 -9.609 0.05 6.704 1.0]
	ConcatTransform [0.294851 0.955538 -0.003179 0.0 -0.93255 0.28848 0.217096 0.0 0.20836 -0.061046 0.976145 0.0 0.788776 -0.508555 0.039113 1.0]
315
	ConcatTransform [1.1 0.0 0.0 0.0 0.0 1.1 0.0 0.0 0.0 0.0 1.1 0.0 -9.609 0.05 6.704 1.0]
	ConcatTransform [0.294386 0.955655 -0.007755 0.0 -0.931237 0.288669 0.222413 0.0 0.214789 -0.058254 0.974922 0.0 0.791342 -0.508532 0.038405 1.0]
316
	ConcatTransform [1.1 0.0 0.0 0.0 0.0 1.1 0.0 0.0 0.0 0.0 1.1 0.0 -9.609 0.05 6.704 1.0]
	ConcatTransform [0.296659 0.954927 -0.010398 0.0 -0.928957 0.291082 0.228713 0.0 0.221431 -0.058191 0.973438 0.0 0.792761 -0.508871 0.039035 1.0]
317
	ConcatTransform [1.1 0.0 0.0 0.0 0.0 1.1 0.0 0.0 0.0 0.0 1.1 0.0 -9.609 0.05 6.704 1.0]
	ConcatTransform [0.300558 0.953697 -0.011306 0.0 -0.92707 0.29491 0.231452 0.0 0.224069 -0.059084 0.972781 0.0 0.79153 -0.50942 0.03936 1.0]
318
	ConcatTransform [1.1 0.0 0.0 0.0 0.0 1.1 0.0 0.0 0.0 0.0 1.1 0.0 -9.609 0.05 6.704 1.0]
	ConcatTransform [0.308391 0.951213 -0.009389 0.0 -0.924707 0.302084 0.231653 0.0 0.223187 -0.062758 0.972753 0.0 0.787009 -0.510478 0.03946 1.0]
319
	ConcatTransform [1.1 0.0 0.0 0.0 0.0 1.1 0.0 0.0 0.0 0.0 1.1 0.0 -9.609 0.05 6.704 1.0]
	ConcatTransform [0.316675 0.94851 -0.006737 0.0 -0.922411 0.309601 0.230881 0.0 0.221079 -0.0669 0.972959 0.0 0.782358 -0.511553 0.039406 1.0]
320
	ConcatTransform [1.1 0.0 0.0 0.0 0.0 1.1 0.0 0.0 0.0 0.0 1.1 0.0 -9.609 0.05 6.704 1.0]
	ConcatTransform [0.332108 0.943239 -0.002334 0.0 -0.917825 0.323728 0.229778 0.0 0.217491 -0.074169 0.97324 0.0 0.773659 -0.513429 0.038914 1.0]
321
	ConcatTransform [1.1 0.0 0.0 0.0 0.0 1.1 0.0 0.0 0.0 0.0 1.1 0.0 -9.609 0.05 6.704 1.0]
	ConcatTransform [0.344097 0.938934 0.00072 0.0 -0.91362 0.334643 0.230896 0.0 0.216555 -0.080108 0.972978 0.0 0.767233 -0.514847 0.03827 1.0]
322
	ConcatTransform [1.1 0.0 0.0 0.0 0.0 1.1 0.0 0.0 0.0 0.0 1.1 0.0 -9.609 0.05 6.704 1.0]
	ConcatTransform [0.362402 0.931979 0.008949 0.0 -0.908458 0.351077 0.226823 0.0 0.208253 -0.090331 0.973895 0.0 0.756924 -0.516772 0.036432 1.0]
323
	ConcatTransform [1.1 0.0 0.0 0.0 0.0 1.1 0.0 0.0 0.0 0.0 1.1 0.0 -9.609 0.05 6.704 1.0]
	ConcatTransform [0.37424 0.927202 0.015524 0.0 -0.905031 0.36154 0.224069 0.0 0.202145 -0.097905 0.97445 0.0 0.749876 -0.517918 0.034809 1.0]
324
	ConcatTransform [1.1 0.0 0.0 0.0 0.0 1.1 0.0 0.0 0.0 0.0 1.1 0.0 -9.609 0.05 6.704 1.0]
	ConcatTransform [0.39218 0.91954 0.025333 0.0 -0.899586 0.377625 0.21942 0.0 0.192199 -0.108842 0.975302 0.0 0.739473 -0.519484 0.031718 1.0]
325
	ConcatTransform [1.1 0.0 0.0 0.0 0.0 1.1 0.0 0.0 0.0 0.0 1.1 0.0 -9.609 0.05 6.704 1.0]
	ConcatTransform [0.403887 0.914196 0.033495 0.0 -0.896115 0.388004 0.215479 0.0 0.183994 -0.117045 0.975934 0.0 0.732492 -0.520364 0.029564 1.0]
326
	ConcatTransform [1.1 0.0 0.0 0.0 0.0 1.1 0.0 0.0 0.0 0.0 1.1 0.0 -9.609 0.05 6.704 1.0]
	ConcatTransform [0.423966 0.90446 0.046954 0.0 -0.889234 0.405874 0.211019 0.0 0.171801 -0.131218 0.976354 0.0 0.721803 -0.521622 0.026766 1.0]
327
	ConcatTransform [1.1 0.0 0.0 0.0 0.0 1.1 0.0 0.0 0.0 0.0 1.1 0.0 -9.609 0.05 6.704 1.0]
	ConcatTransform [0.438334 0.897193 0.053918 0.0 -0.883656 0.419198 0.208385 0.0 0.16436 -0.138987 0.976559 0.0 0.714637 -0.522469 0.025007 1.0]
328
	ConcatTransform [1.1 0.0 0.0 0.0 0.0 1.1 0.0 0.0 0.0 0.0 1.1 0.0 -9.609 0.05 6.704 1.0]
	ConcatTransform [0.458864 0.886256 0.063201 0.0 -0.875054 0.438441 0.20506 0.0 0.154026 -0.149399 0.976707 0.0 0.704027 -0.523471 0.02269 1.0]
329
	ConcatTransform [1.1 0.0 0.0 0.0 0.0 1.1 0.0 0.0 0.0 0.0 1.1 0.0 -9.609 0.05 6.704 1.0]
	ConcatTransform [0.473296 0.878558 0.064243 0.0 -0.868016 0.4527 0.20399 0.0 0.150134 -0.152312 0.976863 0.0 0.696694 -0.524142 0.021367 1.0]
330
	ConcatTransform [1.1 0.0 0.0 0.0 0.0 1.1 0.0 0.0 0.0 0.0 1.1 0.0 -9.609 0.05 6.704 1.0]
	ConcatTransform [0.493189 0.867175 0.069089 0.0 -0.858598 0.472458 0.198979 0.0 0.139907 -0.157454 0.977565 0.0 0.685725 -0.524798 0.020209 1.0]
331
	ConcatTransform [1.1 0.0 0.0 0.0 0.0 1.1 0.0 0.0 0.0 0.0 1.1 0.0 -9.609 0.05 6.704 1.0]
	ConcatTransform [0.504357 0.86039 0.073162 0.0 -0.853481 0.483848 0.19355 0.0 0.131129 -0.16006 0.978359 0.0 0.678802 -0.525071 0.019863 1.0]
332
	ConcatTransform [1.1 0.0 0.0 0.0 0.0 1.1 0.0 0.0 0.0 0.0 1.1 0.0 -9.609 0.05 6.704 1.0]
	ConcatTransform [0.518366 0.851542 0.078565 0.0 -0.847012 0.498605 0.184295 0.0 0.117762 -0.162078 0.979726 0.0 0.668802 -0.52532 0.019991 1.0]
333
	ConcatTransform [1.1 0.0 0.0 0.0 0.0 1.1 0.0 0.0 0.0 0.0 1.1 0.0 -9.609 0.05 6.704 1.0]
	ConcatTransform [0.52737 0.845804 0.080596 0.0 -0.84262 0.508492 0.177278 0.0 0.10896 -0.161402 0.980855 0.0 0.662524 -0.525475 0.02056 1.0]
334
	ConcatTransform [1.1 0.0 0.0 0.0 0.0 1.1 0.0 0.0 0.0 0.0 1.1 0.0 -9.609 0.05 6.704 1.0]
	ConcatTransform [0.539776 0.838241 0.077414 0.0 -0.836293 0.523457 0.163117 0.0 0.096209 -0.152787 0.983565 0.0 0.654982 -0.525894 0.022541 1.0]
335
	ConcatTransform [1.1 0.0 0.0 0.0 0.0 1.1 0.0 0.0 0.0 0.0 1.1 0.0 -9.609 0.05 6.704 1.0]
	ConcatTransform [0.544284 0.835345 0.077152 0.0 -0.834217 0.529246 0.154857 0.0 0.088527 -0.148648 0.98492 0.0 0.651689 -0.525987 0.025474 1.0]
336
	ConcatTransform [1.1 0.0 0.0 0.0 0.0 1.1 0.0 0.0 0.0 0.0 1.1 0.0 -9.609 0.05 6.704 1.0]
	ConcatTransform [0.548478 0.832857 0.074303 0.0 -0.832388 0.535403 0.143089 0.0 0.079391 -0.14033 0.986917 0.0 0.648582 -0.526145 0.030208 1.0]
337
	ConcatTransform [1.1 0.0 0.0 0.0 0.0 1.1 0.0 0.0 0.0 0.0 1.1 0.0 -9.609 0.05 6.704 1.0]
	ConcatTransform [0.549584 0.832548 0.06944 0.0 -0.832043 0.537969 0.135255 0.0 0.075249 -0.13211 0.988375 0.0 0.647335 -0.526359 0.033422 1.0]
338
	ConcatTransform [1.1 0.0 0.0 0.0 0.0 1.1 0.0 0.0 0.0 0.0 1.1 0.0 -9.609 0.05 6.704 1.0]
	ConcatTransform [0.550155 0.832757 0.062004 0.0 -0.832212 0.540634 0.123036 0.0 0.068937 -0.119289 0.990463 0.0 0.646117 -0.526561 0.03867 1.0]
339
	ConcatTransform [1.1 0.0 0.0 0.0 0.0 1.1 0.0 0.0 0.0 0.0 1.1 0.0 -9.609 0.05 6.704 1.0]
	ConcatTransform [0.55087 0.832605 0.057547 0.0 -0.832022 0.542461 0.116083 0.0 0.065434 -0.111827 0.991571 0.0 0.645886 -0.526653 0.042421 1.0]
340
	ConcatTransform [1.1 0.0 0.0 0.0 0.0 1.1 0.0 0.0 0.0 0.0 1.1 0.0 -9.609 0.05 6.704 1.0]
	ConcatTransform [0.550228 0.833432 0.051371 0.0 -0.832803 0.543258 0.106351 0.0 0.060728 -0.101299 0.993001 0.0 0.646387 -0.526729 0.048193 1.0]
341
	ConcatTransform [1.1 0.0 0.0 0.0 0.0 1.1 0.0 0.0 0.0 0.0 1.1 0.0 -9.609 0.05 6.704 1.0]
	ConcatTransform [0.547571 0.835492 0.046026 0.0 -0.834696 0.541534 0.100121 0.0 0.058725 -0.093241 0.99391 0.0 0.64696 -0.526765 0.051973 1.0]
342
	ConcatTransform [1.1 0.0 0.0 0.0 0.0 1.1 0.0 0.0 0.0 0.0 1.1 0.0 -9.609 0.05 6.704 1.0]
	ConcatTransform [0.545205 0.837446 0.037887 0.0 -0.836399 0.540366 0.091879 0.0 0.056471 -0.081782 0.995049 0.0 0.648758 -0.526755 0.057526 1.0]
343
	ConcatTransform [1.1 0.0 0.0 0.0 0.0 1.1 0.0 0.0 0.0 0.0 1.1 0.0 -9.609 0.05 6.704 1.0]
	ConcatTransform [0.542212 0.839616 0.032417 0.0 -0.83842 0.538094 0.086634 0.0 0.055296 -0.074153 0.995713 0.0 0.65035 -0.526725 0.061036 1.0]
344
	ConcatTransform [1.1 0.0 0.0 0.0 0.0 1.1 0.0 0.0 0.0 0.0 1.1 0.0 -9.609 0.05 6.704 1.0]
	ConcatTransform [0.536725 0.843409 0.024232 0.0 -0.841986 0.533517 0.08012 0.0 0.054646 -0.063406 0.996491 0.0 0.653203 -0.526611 0.065875 1.0]
345
	ConcatTransform [1.1 0.0 0.0 0.0 0.0 1.1 0.0 0.0 0.0 0.0 1.1 0.0 -9.609 0.05 6.704 1.0]
	ConcatTransform [0.53237 0.846292 0.019293 0.0 -0.84472 0.529623 0.07712 0.0 0.055048 -0.057354 0.996835 0.0 0.655161 -0.526523 0.068821 1.0]
346
	ConcatTransform [1.1 0.0 0.0 0.0 0.0 1.1 0.0 0.0 0.0 0.0 1.1 0.0 -9.609 0.05 6.704 1.0]
	ConcatTransform [0.527329 0.849578 0.011859 0.0 -0.847773 0.525176 0.073969 0.0 0.056614 -0.04906 0.99719 0.0 0.658421 -0.526355 0.072612 1.0]
347
	ConcatTransform [1.1 0.0 0.0 0.0 0.0 1.1 0.0 0.0 0.0 0.0 1.1 0.0 -9.609 0.05 6.704 1.0]
	ConcatTransform [0.523907 0.851742 0.00763 0.0 -0.849781 0.522046 0.073074 0.0 0.058257 -0.044768 0.997297 0.0 0.660679 -0.526246 0.07469 1.0]
348
	ConcatTransform [1.1 0.0 0.0 0.0 0.0 1.1 0.0 0.0 0.0 0.0 1.1 0.0 -9.609 0.05 6.704 1.0]
	ConcatTransform [0.519006 0.854769 0.001766 0.0 -0.852537 0.517499 0.073318 0.0 0.061756 -0.039558 0.997307 0.0 0.664146 -0.526075 0.076967 1.0]
349
	ConcatTransform [1.1 0.0 0.0 0.0 0.0 1.1 0.0 0.0 0.0 0.0 1.1 0.0 -9.609 0.05 6.704 1.0]
	ConcatTransform [0.516119 0.856516 -0.001055 0.0 -0.854073 0.514739 0.074856 0.0 0.064659 -0.037734 0.997194 0.0 0.666483 -0.525998 0.077955 1.0]
350
	ConcatTransform [1.1 0.0 0.0 0.0 0.0 1.1 0.0 0.0 0.0 0.0 1.1 0.0 -9.609 0.05 6.704 1.0]
	ConcatTransform [0.514055 0.857749 -0.003823 0.0 -0.855024 0.512768 0.077481 0.0 0.06842 -0.036561 0.996986 0.0 0.670053 -0.525942 0.078493 1.0]
351
	ConcatTransform [1.1 0.0 0.0 0.0 0.0 1.1 0.0 0.0 0.0 0.0 1.1 0.0 -9.609 0.05 6.704 1.0]
	ConcatTransform [0.513478 0.858093 -0.00417 0.0 -0.855199 0.512134 0.079706 0.0 0.070531 -0.037361 0.99681 0.0 0.672373 -0.525954 0.078202 1.0]
352
	ConcatTransform [1.1 0.0 0.0 0.0 0.0 1.1 0.0 0.0 0.0 0.0 1.1 0.0 -9.609 0.05 6.704 1.0]
	ConcatTransform [0.510852 0.859666 -0.002035 0.0 -0.856639 0.509249 0.082675 0.0 0.07211 -0.040491 0.996574 0.0 0.675397 -0.526002 0.076753 1.0]
353
	ConcatTransform [1.1 0.0 0.0 0.0 0.0 1.1 0.0 0.0 0.0 0.0 1.1 0.0 -9.609 0.05 6.704 1.0]
	ConcatTransform [0.510068 0.860134 0.000899 0.0 -0.857081 0.508169 0.084718 0.0 0.072412 -0.043982 0.996405 0.0 0.677277 -0.526076 0.07519 1.0]
354
	ConcatTransform [1.1 0.0 0.0 0.0 0.0 1.1 0.0 0.0 0.0 0.0 1.1 0.0 -9.609 0.05 6.704 1.0]
	ConcatTransform [0.511272 0.859392 0.006781 0.0 -0.856354 0.508767 0.0884 0.0 0.07252 -0.051003 0.996062 0.0 0.679906 -0.526264 0.072044 1.0]
355
	ConcatTransform [1.1 0.0 0.0 0.0 0.0 1.1 0.0 0.0 0.0 0.0 1.1 0.0 -9.609 0.05 6.704 1.0]
	ConcatTransform [0.511673 0.859113 0.010748 0.0 -0.856053 0.508705 0.091615 0.0 0.07324 -0.056078 0.995737 0.0 0.681252 -0.526363 0.069471 1.0]
356
	ConcatTransform [1.1 0.0 0.0 0.0 0.0 1.1 0.0 0.0 0.0 0.0 1.1 0.0 -9.609 0.05 6.704 1.0]
	ConcatTransform [0.511758 0.858955 0.017304 0.0 -0.85587 0.50796 0.097283 0.0 0.074772 -0.064595 0.995106 0.0 0.682606 -0.526499 0.065111 1.0]
357
	ConcatTransform [1.1 0.0 0.0 0.0 0.0 1.1 0.0 0.0 0.0 0.0 1.1 0.0 -9.609 0.05 6.704 1.0]
	ConcatTransform [0.512986 0.858111 0.022146 0.0 -0.855053 0.508543 0.101332 0.0 0.075692 -0.070918 0.994606 0.0 0.683218 -0.526587 0.06194 1.0]
358
	ConcatTransform [1.1 0.0 0.0 0.0 0.0 1.1 0.0 0.0 0.0 0.0 1.1 0.0 -9.609 0.05 6.704 1.0]
	ConcatTransform [0.515601 0.85629 0.03039 0.0 -0.853345 0.509985 0.108248 0.0 0.077193 -0.081746 0.993659 0.0 0.68365 -0.526703 0.056966 1.0]
359
	ConcatTransform [1.1 0.0 0.0 0.0 0.0 1.1 0.0 0.0 0.0 0.0 1.1 0.0 -9.609 0.05 6.704 1.0]
	ConcatTransform [0.516877 0.855302 0.036003 0.0 -0.85251 0.510452 0.112541 0.0 0.077879 -0.088862 0.992995 0.0 0.683595 -0.526731 0.053522 1.0]
360
	ConcatTransform [1.1 0.0 0.0 0.0 0.0 1.1 0.0 0.0 0.0 0.0 1.1 0.0 -9.609 0.05 6.704 1.0]
	ConcatTransform [0.476552 0.867177 -0.144577 0.0 -0.765404 0.49015 0.417025 0.0 0.432499 -0.088074 0.897323 0.0 0.045038 -0.5264 0.060972 1.0]
