228
	ConcatTransform [1.1 0.0 0.0 0.0 0.0 1.1 0.0 0.0 0.0 0.0 1.1 0.0 -9.609 0.05 6.704 1.0]
	ConcatTransform [0.526836 0.551528 0.646731 0.0 -0.840402 0.224177 0.493426 0.0 0.127156 -0.803469 0.581609 0.0 -0.196921 0.177169 0.104945 1.0]
229
	ConcatTransform [1.1 0.0 0.0 0.0 0.0 1.1 0.0 0.0 0.0 0.0 1.1 0.0 -9.609 0.05 6.704 1.0]
	ConcatTransform [0.418299 0.469105 0.777796 0.0 -0.862696 -0.062764 0.501813 0.0 0.284221 -0.880909 0.378441 0.0 -0.309173 0.311502 0.155804 1.0]
230
	ConcatTransform [1.1 0.0 0.0 0.0 0.0 1.1 0.0 0.0 0.0 0.0 1.1 0.0 -9.609 0.05 6.704 1.0]
	ConcatTransform [0.250148 0.46767 0.847768 0.0 -0.768457 -0.43675 0.467679 0.0 0.588982 -0.768462 0.250132 0.0 -0.473321 0.489031 0.218007 1.0]
231
	ConcatTransform [1.1 0.0 0.0 0.0 0.0 1.1 0.0 0.0 0.0 0.0 1.1 0.0 -9.609 0.05 6.704 1.0]
	ConcatTransform [0.145976 0.439276 0.886413 0.0 -0.65501 -0.628566 0.419365 0.0 0.741386 -0.641826 0.195974 0.0 -0.584792 0.593344 0.257102 1.0]
232
	ConcatTransform [1.1 0.0 0.0 0.0 0.0 1.1 0.0 0.0 0.0 0.0 1.1 0.0 -9.609 0.05 6.704 1.0]
	ConcatTransform [0.010928 0.357778 0.933743 0.0 -0.415805 -0.84761 0.329641 0.0 0.909388 -0.391858 0.139503 0.0 -0.752101 0.73115 0.316038 1.0]
233
	ConcatTransform [1.1 0.0 0.0 0.0 0.0 1.1 0.0 0.0 0.0 0.0 1.1 0.0 -9.609 0.05 6.704 1.0]
	ConcatTransform [-0.047422 0.377864 0.924646 0.0 -0.214531 -0.907938 0.360034 0.0 0.975565 -0.181292 0.12412 0.0 -0.869777 0.78752 0.343038 1.0]
234
	ConcatTransform [1.1 0.0 0.0 0.0 0.0 1.1 0.0 0.0 0.0 0.0 1.1 0.0 -9.609 0.05 6.704 1.0]
	ConcatTransform [-0.082612 0.317876 0.944527 0.0 0.068433 -0.94372 0.323589 0.0 0.994229 0.091369 0.056209 0.0 -1.047329 0.839382 0.370581 1.0]
235
	ConcatTransform [1.1 0.0 0.0 0.0 0.0 1.1 0.0 0.0 0.0 0.0 1.1 0.0 -9.609 0.05 6.704 1.0]
	ConcatTransform [-0.092914 0.283187 0.954553 0.0 0.248723 -0.921705 0.297652 0.0 0.964108 0.265075 0.015204 0.0 -1.164789 0.858029 0.386932 1.0]
236
	ConcatTransform [1.1 0.0 0.0 0.0 0.0 1.1 0.0 0.0 0.0 0.0 1.1 0.0 -9.609 0.05 6.704 1.0]
	ConcatTransform [-0.089618 0.243177 0.965833 0.0 0.489432 -0.833818 0.255352 0.0 0.867424 0.495594 -0.044294 0.0 -1.34076 0.865609 0.41066 1.0]
237
	ConcatTransform [1.1 0.0 0.0 0.0 0.0 1.1 0.0 0.0 0.0 0.0 1.1 0.0 -9.609 0.05 6.704 1.0]
	ConcatTransform [-0.081833 0.220339 0.971985 0.0 0.630736 -0.743659 0.221682 0.0 0.77167 0.631207 -0.07812 0.0 -1.457983 0.858042 0.426403 1.0]
238
	ConcatTransform [1.1 0.0 0.0 0.0 0.0 1.1 0.0 0.0 0.0 0.0 1.1 0.0 -9.609 0.05 6.704 1.0]
	ConcatTransform [-0.063165 0.189995 0.979751 0.0 0.806636 -0.568352 0.16222 0.0 0.587664 0.800549 -0.117357 0.0 -1.633799 0.828073 0.450007 1.0]
239
	ConcatTransform [1.1 0.0 0.0 0.0 0.0 1.1 0.0 0.0 0.0 0.0 1.1 0.0 -9.609 0.05 6.704 1.0]
	ConcatTransform [-0.04656 0.172677 0.983877 0.0 0.89528 -0.429655 0.117774 0.0 0.443065 0.886329 -0.13459 0.0 -1.751009 0.795719 0.465742 1.0]
240
	ConcatTransform [1.1 0.0 0.0 0.0 0.0 1.1 0.0 0.0 0.0 0.0 1.1 0.0 -9.609 0.05 6.704 1.0]
	ConcatTransform [-0.016617 0.152323 0.988191 0.0 0.978878 -0.198941 0.047126 0.0 0.20377 0.968101 -0.145799 0.0 -1.926824 0.728629 0.489346 1.0]
241
	ConcatTransform [1.1 0.0 0.0 0.0 0.0 1.1 0.0 0.0 0.0 0.0 1.1 0.0 -9.609 0.05 6.704 1.0]
	ConcatTransform [0.005854 0.143078 0.989694 0.0 0.999332 -0.036549 -0.000628 0.0 0.036082 0.989036 -0.143196 0.0 -2.044034 0.671528 0.505082 1.0]
242
	ConcatTransform [1.1 0.0 0.0 0.0 0.0 1.1 0.0 0.0 0.0 0.0 1.1 0.0 -9.609 0.05 6.704 1.0]
	ConcatTransform [0.041694 0.136369 0.98978 0.0 0.97561 0.208125 -0.069772 0.0 -0.215513 0.968549 -0.124365 0.0 -2.219849 0.567316 0.528685 1.0]
243
	ConcatTransform [1.1 0.0 0.0 0.0 0.0 1.1 0.0 0.0 0.0 0.0 1.1 0.0 -9.609 0.05 6.704 1.0]
	ConcatTransform [0.065995 0.136858 0.98839 0.0 0.9242 0.36504 -0.112254 0.0 -0.376164 0.920878 -0.102394 0.0 -2.337059 0.485468 0.544421 1.0]
244
	ConcatTransform [1.1 0.0 0.0 0.0 0.0 1.1 0.0 0.0 0.0 0.0 1.1 0.0 -9.609 0.05 6.704 1.0]
	ConcatTransform [0.101292 0.145 0.984233 0.0 0.797421 0.579718 -0.167472 0.0 -0.594861 0.801812 -0.056905 0.0 -2.512874 0.344135 0.568024 1.0]
245
	ConcatTransform [1.1 0.0 0.0 0.0 0.0 1.1 0.0 0.0 0.0 0.0 1.1 0.0 -9.609 0.05 6.704 1.0]
	ConcatTransform [0.123056 0.155136 0.980199 0.0 0.683381 0.702966 -0.197051 0.0 -0.719616 0.694098 -0.019513 0.0 -2.630084 0.237539 0.58376 1.0]
246
	ConcatTransform [1.1 0.0 0.0 0.0 0.0 1.1 0.0 0.0 0.0 0.0 1.1 0.0 -9.609 0.05 6.704 1.0]
	ConcatTransform [0.15147 0.176666 0.972546 0.0 0.47632 0.849083 -0.228423 0.0 -0.866127 0.497842 0.044462 0.0 -2.805899 0.059084 0.607363 1.0]
247
	ConcatTransform [1.1 0.0 0.0 0.0 0.0 1.1 0.0 0.0 0.0 0.0 1.1 0.0 -9.609 0.05 6.704 1.0]
	ConcatTransform [0.166788 0.194627 0.966593 0.0 0.320138 0.916523 -0.239786 0.0 -0.932574 0.349437 0.090558 0.0 -2.923109 -0.072259 0.623099 1.0]
248
	ConcatTransform [1.1 0.0 0.0 0.0 0.0 1.1 0.0 0.0 0.0 0.0 1.1 0.0 -9.609 0.05 6.704 1.0]
	ConcatTransform [0.066053 0.057702 0.996146 0.0 0.158205 0.985093 -0.067552 0.0 -0.985195 0.162057 0.05594 0.0 -3.09326 -0.28195 0.645938 1.0]
249
	ConcatTransform [1.1 0.0 0.0 0.0 0.0 1.1 0.0 0.0 0.0 0.0 1.1 0.0 -9.609 0.05 6.704 1.0]
	ConcatTransform [-0.16035 -0.287691 0.944204 0.0 0.106964 0.945884 0.306368 0.0 -0.981248 0.150122 -0.120899 0.0 -3.198909 -0.423999 0.657887 1.0]
250
	ConcatTransform [1.1 0.0 0.0 0.0 0.0 1.1 0.0 0.0 0.0 0.0 1.1 0.0 -9.609 0.05 6.704 1.0]
	ConcatTransform [-0.429308 -0.589408 0.684319 0.0 -0.036066 0.76828 0.639097 0.0 -0.902438 0.249689 -0.351086 0.0 -3.317869 -0.499613 0.574757 1.0]
251
	ConcatTransform [1.1 0.0 0.0 0.0 0.0 1.1 0.0 0.0 0.0 0.0 1.1 0.0 -9.609 0.05 6.704 1.0]
	ConcatTransform [-0.565466 -0.629889 0.532436 0.0 -0.106527 0.695927 0.710168 0.0 -0.817863 0.344857 -0.460623 0.0 -3.365076 -0.471193 0.488394 1.0]
252
	ConcatTransform [1.1 0.0 0.0 0.0 0.0 1.1 0.0 0.0 0.0 0.0 1.1 0.0 -9.609 0.05 6.704 1.0]
	ConcatTransform [-0.750427 -0.575079 0.325797 0.0 -0.151755 0.629664 0.761902 0.0 -0.643296 0.52231 -0.559788 0.0 -3.410412 -0.405692 0.370248 1.0]
253
	ConcatTransform [1.1 0.0 0.0 0.0 0.0 1.1 0.0 0.0 0.0 0.0 1.1 0.0 -9.609 0.05 6.704 1.0]
	ConcatTransform [-0.838089 -0.512355 0.18735 0.0 -0.190056 0.59613 0.780069 0.0 -0.511357 0.61816 -0.596986 0.0 -3.431583 -0.360321 0.298306 1.0]
254
	ConcatTransform [1.1 0.0 0.0 0.0 0.0 1.1 0.0 0.0 0.0 0.0 1.1 0.0 -9.609 0.05 6.704 1.0]
	ConcatTransform [-0.920349 -0.391099 -1e-06 0.0 -0.244466 0.575285 0.780566 0.0 -0.305278 0.718394 -0.625073 0.0 -3.455755 -0.30039 0.197548 1.0]
255
	ConcatTransform [1.1 0.0 0.0 0.0 0.0 1.1 0.0 0.0 0.0 0.0 1.1 0.0 -9.609 0.05 6.704 1.0]
	ConcatTransform [-0.945723 -0.305386 -0.111117 0.0 -0.277498 0.580945 0.765178 0.0 -0.169122 0.754482 -0.634157 0.0 -3.469654 -0.269618 0.132672 1.0]
256
	ConcatTransform [1.1 0.0 0.0 0.0 0.0 1.1 0.0 0.0 0.0 0.0 1.1 0.0 -9.609 0.05 6.704 1.0]
	ConcatTransform [-0.948236 -0.182826 -0.25966 0.0 -0.316369 0.614792 0.722455 0.0 0.027553 0.767207 -0.640808 0.0 -3.488548 -0.23907 0.03757 1.0]
257
	ConcatTransform [1.1 0.0 0.0 0.0 0.0 1.1 0.0 0.0 0.0 0.0 1.1 0.0 -9.609 0.05 6.704 1.0]
	ConcatTransform [-0.930831 -0.110662 -0.348292 0.0 -0.33256 0.651635 0.681745 0.0 0.151516 0.750417 -0.643364 0.0 -3.500144 -0.229481 -0.024587 1.0]
258
	ConcatTransform [1.1 0.0 0.0 0.0 0.0 1.1 0.0 0.0 0.0 0.0 1.1 0.0 -9.609 0.05 6.704 1.0]
	ConcatTransform [-0.883203 -0.024371 -0.468357 0.0 -0.338924 0.72343 0.601481 0.0 0.324165 0.689967 -0.647196 0.0 -3.516272 -0.231442 -0.116004 1.0]
259
	ConcatTransform [1.1 0.0 0.0 0.0 0.0 1.1 0.0 0.0 0.0 0.0 1.1 0.0 -9.609 0.05 6.704 1.0]
	ConcatTransform [-0.834872 -0.006203 -0.550409 0.0 -0.34978 0.77807 0.521786 0.0 0.42502 0.628147 -0.651759 0.0 -3.525606 -0.242415 -0.174642 1.0]
260
	ConcatTransform [1.1 0.0 0.0 0.0 0.0 1.1 0.0 0.0 0.0 0.0 1.1 0.0 -9.609 0.05 6.704 1.0]
	ConcatTransform [-0.737808 -0.049146 -0.673219 0.0 -0.382825 0.851902 0.357362 0.0 0.555954 0.521389 -0.647355 0.0 -3.537405 -0.273726 -0.259642 1.0]
261
	ConcatTransform [1.1 0.0 0.0 0.0 0.0 1.1 0.0 0.0 0.0 0.0 1.1 0.0 -9.609 0.05 6.704 1.0]
	ConcatTransform [-0.663887 -0.106425 -0.740221 0.0 -0.396488 0.889345 0.227736 0.0 0.634075 0.444679 -0.632621 0.0 -3.544272 -0.305446 -0.315154 1.0]
262
	ConcatTransform [1.1 0.0 0.0 0.0 0.0 1.1 0.0 0.0 0.0 0.0 1.1 0.0 -9.609 0.05 6.704 1.0]
	ConcatTransform [-0.541108 -0.239352 -0.806171 0.0 -0.404162 0.914687 -0.000293 0.0 0.737465 0.325666 -0.591682 0.0 -3.552233 -0.367481 -0.395053 1.0]
263
	ConcatTransform [1.1 0.0 0.0 0.0 0.0 1.1 0.0 0.0 0.0 0.0 1.1 0.0 -9.609 0.05 6.704 1.0]
	ConcatTransform [-0.450466 -0.354862 -0.819239 0.0 -0.398987 0.9009 -0.170848 0.0 0.79868 0.249905 -0.54741 0.0 -3.554539 -0.415028 -0.442914 1.0]
264
	ConcatTransform [1.1 0.0 0.0 0.0 0.0 1.1 0.0 0.0 0.0 0.0 1.1 0.0 -9.609 0.05 6.704 1.0]
	ConcatTransform [-0.324912 -0.444162 -0.834956 0.0 -0.328889 0.880818 -0.340576 0.0 0.886716 0.163951 -0.432268 0.0 -3.537648 -0.455005 -0.471675 1.0]
265
	ConcatTransform [1.1 0.0 0.0 0.0 0.0 1.1 0.0 0.0 0.0 0.0 1.1 0.0 -9.609 0.05 6.704 1.0]
	ConcatTransform [-0.235692 -0.482963 -0.843324 0.0 -0.265709 0.866732 -0.422108 0.0 0.934798 0.124592 -0.33261 0.0 -3.516702 -0.463988 -0.467932 1.0]
266
	ConcatTransform [1.1 0.0 0.0 0.0 0.0 1.1 0.0 0.0 0.0 0.0 1.1 0.0 -9.609 0.05 6.704 1.0]
	ConcatTransform [-0.108678 -0.558611 -0.822279 0.0 -0.154457 0.826622 -0.541147 0.0 0.982004 0.068196 -0.176117 0.0 -3.482065 -0.48298 -0.4547 1.0]
267
	ConcatTransform [1.1 0.0 0.0 0.0 0.0 1.1 0.0 0.0 0.0 0.0 1.1 0.0 -9.609 0.05 6.704 1.0]
	ConcatTransform [0.007647 -0.614454 -0.788916 0.0 -0.110776 0.783562 -0.611358 0.0 0.993816 0.092068 -0.062075 0.0 -3.45795 -0.492494 -0.441684 1.0]
268
	ConcatTransform [1.1 0.0 0.0 0.0 0.0 1.1 0.0 0.0 0.0 0.0 1.1 0.0 -9.609 0.05 6.704 1.0]
	ConcatTransform [0.145268 -0.635353 -0.758435 0.0 -0.065995 0.758637 -0.648163 0.0 0.987189 0.14421 0.068276 0.0 -3.420666 -0.48786 -0.418635 1.0]
269
	ConcatTransform [1.1 0.0 0.0 0.0 0.0 1.1 0.0 0.0 0.0 0.0 1.1 0.0 -9.609 0.05 6.704 1.0]
	ConcatTransform [0.226084 -0.634663 -0.738978 0.0 -0.032588 0.753268 -0.656906 0.0 0.973562 0.172598 0.14962 0.0 -3.400215 -0.48064 -0.402275 1.0]
270
	ConcatTransform [1.1 0.0 0.0 0.0 0.0 1.1 0.0 0.0 0.0 0.0 1.1 0.0 -9.609 0.05 6.704 1.0]
	ConcatTransform [0.339979 -0.633658 -0.694904 0.0 0.026216 0.745018 -0.666529 0.0 0.940068 0.208388 0.269902 0.0 -3.37502 -0.472069 -0.378545 1.0]
271
	ConcatTransform [1.1 0.0 0.0 0.0 0.0 1.1 0.0 0.0 0.0 0.0 1.1 0.0 -9.609 0.05 6.704 1.0]
	ConcatTransform [0.407611 -0.626895 -0.66397 0.0 0.068597 0.746083 -0.66231 0.0 0.910576 0.224418 0.347115 0.0 -3.362065 -0.468084 -0.363233 1.0]
272
	ConcatTransform [1.1 0.0 0.0 0.0 0.0 1.1 0.0 0.0 0.0 0.0 1.1 0.0 -9.609 0.05 6.704 1.0]
	ConcatTransform [0.496591 -0.609005 -0.618474 0.0 0.134062 0.757805 -0.63856 0.0 0.857569 0.234189 0.457963 0.0 -3.348609 -0.464959 -0.341598 1.0]
273
	ConcatTransform [1.1 0.0 0.0 0.0 0.0 1.1 0.0 0.0 0.0 0.0 1.1 0.0 -9.609 0.05 6.704 1.0]
	ConcatTransform [0.548756 -0.602063 -0.57999 0.0 0.18367 0.763659 -0.618943 0.0 0.815557 0.233122 0.529643 0.0 -3.343609 -0.464581 -0.328963 1.0]
274
	ConcatTransform [1.1 0.0 0.0 0.0 0.0 1.1 0.0 0.0 0.0 0.0 1.1 0.0 -9.609 0.05 6.704 1.0]
	ConcatTransform [0.614499 -0.600695 -0.511426 0.0 0.266836 0.768311 -0.581805 0.0 0.742422 0.221051 0.632413 0.0 -3.341833 -0.466405 -0.3132 1.0]
275
	ConcatTransform [1.1 0.0 0.0 0.0 0.0 1.1 0.0 0.0 0.0 0.0 1.1 0.0 -9.609 0.05 6.704 1.0]
	ConcatTransform [0.650234 -0.597711 -0.468975 0.0 0.320685 0.775534 -0.543791 0.0 0.688735 0.203198 0.695956 0.0 -3.344372 -0.469265 -0.304504 1.0]
276
	ConcatTransform [1.1 0.0 0.0 0.0 0.0 1.1 0.0 0.0 0.0 0.0 1.1 0.0 -9.609 0.05 6.704 1.0]
	ConcatTransform [0.694403 -0.591149 -0.410301 0.0 0.395972 0.79001 -0.468071 0.0 0.600842 0.162563 0.782664 0.0 -3.353508 -0.475313 -0.294601 1.0]
277
	ConcatTransform [1.1 0.0 0.0 0.0 0.0 1.1 0.0 0.0 0.0 0.0 1.1 0.0 -9.609 0.05 6.704 1.0]
	ConcatTransform [0.715825 -0.59473 -0.365912 0.0 0.448261 0.793169 -0.412244 0.0 0.535403 0.13107 0.834364 0.0 -3.362617 -0.47989 -0.290729 1.0]
278
	ConcatTransform [1.1 0.0 0.0 0.0 0.0 1.1 0.0 0.0 0.0 0.0 1.1 0.0 -9.609 0.05 6.704 1.0]
	ConcatTransform [0.736471 -0.610492 -0.291393 0.0 0.522791 0.787017 -0.327556 0.0 0.429301 0.088897 0.898776 0.0 -3.379878 -0.485003 -0.288959 1.0]
279
	ConcatTransform [1.1 0.0 0.0 0.0 0.0 1.1 0.0 0.0 0.0 0.0 1.1 0.0 -9.609 0.05 6.704 1.0]
	ConcatTransform [0.737751 -0.631139 -0.239556 0.0 0.559952 0.770324 -0.305047 0.0 0.377063 0.090909 0.921715 0.0 -3.390581 -0.48394 -0.288507 1.0]
280
	ConcatTransform [1.1 0.0 0.0 0.0 0.0 1.1 0.0 0.0 0.0 0.0 1.1 0.0 -9.609 0.05 6.704 1.0]
	ConcatTransform [0.734812 -0.6578 -0.165379 0.0 0.603111 0.745227 -0.284419 0.0 0.310336 0.109253 0.944328 0.0 -3.403225 -0.483466 -0.285009 1.0]
281
	ConcatTransform [1.1 0.0 0.0 0.0 0.0 1.1 0.0 0.0 0.0 0.0 1.1 0.0 -9.609 0.05 6.704 1.0]
	ConcatTransform [0.731816 -0.670404 -0.122492 0.0 0.626344 0.732468 -0.266801 0.0 0.268586 0.118527 0.955936 0.0 -3.409461 -0.482851 -0.28085 1.0]
282
	ConcatTransform [1.1 0.0 0.0 0.0 0.0 1.1 0.0 0.0 0.0 0.0 1.1 0.0 -9.609 0.05 6.704 1.0]
	ConcatTransform [0.731503 -0.678345 -0.068936 0.0 0.648861 0.723619 -0.235278 0.0 0.209482 0.127377 0.96948 0.0 -3.41816 -0.482032 -0.275808 1.0]
283
	ConcatTransform [1.1 0.0 0.0 0.0 0.0 1.1 0.0 0.0 0.0 0.0 1.1 0.0 -9.609 0.05 6.704 1.0]
	ConcatTransform [0.731328 -0.680705 -0.042425 0.0 0.659631 0.721755 -0.209658 0.0 0.173336 0.125344 0.976854 0.0 -3.423433 -0.481995 -0.273653 1.0]
284
	ConcatTransform [1.1 0.0 0.0 0.0 0.0 1.1 0.0 0.0 0.0 0.0 1.1 0.0 -9.609 0.05 6.704 1.0]
	ConcatTransform [0.726531 -0.687124 -0.003717 0.0 0.676076 0.715794 -0.174815 0.0 0.12278 0.124496 0.984594 0.0 -3.429744 -0.481547 -0.272808 1.0]
285
	ConcatTransform [1.1 0.0 0.0 0.0 0.0 1.1 0.0 0.0 0.0 0.0 1.1 0.0 -9.609 0.05 6.704 1.0]
	ConcatTransform [0.725873 -0.68752 0.020596 0.0 0.681973 0.715473 -0.151692 0.0 0.089555 0.124155 0.988213 0.0 -3.432868 -0.481454 -0.273183 1.0]
286
	ConcatTransform [1.1 0.0 0.0 0.0 0.0 1.1 0.0 0.0 0.0 0.0 1.1 0.0 -9.609 0.05 6.704 1.0]
	ConcatTransform [0.720786 -0.691208 0.051963 0.0 0.691533 0.711943 -0.122144 0.0 0.047432 0.123974 0.991151 0.0 -3.435067 -0.481027 -0.274778 1.0]
287
	ConcatTransform [1.1 0.0 0.0 0.0 0.0 1.1 0.0 0.0 0.0 0.0 1.1 0.0 -9.609 0.05 6.704 1.0]
	ConcatTransform [0.721537 -0.688837 0.069916 0.0 0.691877 0.7135 -0.110563 0.0 0.026275 0.128149 0.991407 0.0 -3.435359 -0.481046 -0.276958 1.0]
288
	ConcatTransform [1.1 0.0 0.0 0.0 0.0 1.1 0.0 0.0 0.0 0.0 1.1 0.0 -9.609 0.05 6.704 1.0]
	ConcatTransform [0.723057 -0.686296 0.078661 0.0 0.690711 0.716566 -0.09722 0.0 0.010356 0.124628 0.99215 0.0 -3.433305 -0.48145 -0.280212 1.0]
289
	ConcatTransform [1.1 0.0 0.0 0.0 0.0 1.1 0.0 0.0 0.0 0.0 1.1 0.0 -9.609 0.05 6.704 1.0]
	ConcatTransform [0.729099 -0.679812 0.079181 0.0 0.684382 0.723157 -0.093089 0.0 0.006023 0.122062 0.992504 0.0 -3.430536 -0.481992 -0.282321 1.0]
290
	ConcatTransform [1.1 0.0 0.0 0.0 0.0 1.1 0.0 0.0 0.0 0.0 1.1 0.0 -9.609 0.05 6.704 1.0]
	ConcatTransform [0.740257 -0.667451 0.0808 0.0 0.672317 0.735401 -0.084701 0.0 -0.002887 0.117023 0.993125 0.0 -3.424276 -0.482884 -0.285595 1.0]
291
	ConcatTransform [1.1 0.0 0.0 0.0 0.0 1.1 0.0 0.0 0.0 0.0 1.1 0.0 -9.609 0.05 6.704 1.0]
	ConcatTransform [0.748587 -0.658159 0.080273 0.0 0.662998 0.744348 -0.079877 0.0 -0.007179 0.113015 0.993567 0.0 -3.418784 -0.483451 -0.287704 1.0]
292
	ConcatTransform [1.1 0.0 0.0 0.0 0.0 1.1 0.0 0.0 0.0 0.0 1.1 0.0 -9.609 0.05 6.704 1.0]
	ConcatTransform [0.763134 -0.641799 0.075638 0.0 0.646171 0.759522 -0.074755 0.0 -0.009471 0.105923 0.994329 0.0 -3.408997 -0.484227 -0.29082 1.0]
293
	ConcatTransform [1.1 0.0 0.0 0.0 0.0 1.1 0.0 0.0 0.0 0.0 1.1 0.0 -9.609 0.05 6.704 1.0]
	ConcatTransform [0.773721 -0.629331 0.072791 0.0 0.633424 0.770544 -0.070965 0.0 -0.011428 0.101015 0.994819 0.0 -3.401683 -0.48463 -0.292926 1.0]
294
	ConcatTransform [1.1 0.0 0.0 0.0 0.0 1.1 0.0 0.0 0.0 0.0 1.1 0.0 -9.609 0.05 6.704 1.0]
	ConcatTransform [0.790262 -0.609047 0.067443 0.0 0.61263 0.787628 -0.065769 0.0 -0.013064 0.093292 0.995553 0.0 -3.390015 -0.484979 -0.296243 1.0]
295
	ConcatTransform [1.1 0.0 0.0 0.0 0.0 1.1 0.0 0.0 0.0 0.0 1.1 0.0 -9.609 0.05 6.704 1.0]
	ConcatTransform [0.801181 -0.594993 0.063975 0.0 0.598249 0.798931 -0.061708 0.0 -0.014396 0.087713 0.996042 0.0 -3.382032 -0.485007 -0.298523 1.0]
296
	ConcatTransform [1.1 0.0 0.0 0.0 0.0 1.1 0.0 0.0 0.0 0.0 1.1 0.0 -9.609 0.05 6.704 1.0]
	ConcatTransform [0.81612 -0.574651 0.061031 0.0 0.577645 0.814251 -0.057638 0.0 -0.016573 0.082294 0.99647 0.0 -3.370343 -0.484424 -0.301725 1.0]
297
	ConcatTransform [1.1 0.0 0.0 0.0 0.0 1.1 0.0 0.0 0.0 0.0 1.1 0.0 -9.609 0.05 6.704 1.0]
	ConcatTransform [0.822172 -0.565791 0.062563 0.0 0.568954 0.820265 -0.0588 0.0 -0.01805 0.083939 0.996307 0.0 -3.363453 -0.483715 -0.302614 1.0]
298
	ConcatTransform [1.1 0.0 0.0 0.0 0.0 1.1 0.0 0.0 0.0 0.0 1.1 0.0 -9.609 0.05 6.704 1.0]
	ConcatTransform [0.818442 -0.571604 0.058498 0.0 0.574377 0.816655 -0.056261 0.0 -0.015614 0.079647 0.996701 0.0 -3.357711 -0.484486 -0.303101 1.0]
299
	ConcatTransform [1.1 0.0 0.0 0.0 0.0 1.1 0.0 0.0 0.0 0.0 1.1 0.0 -9.609 0.05 6.704 1.0]
	ConcatTransform [0.817068 -0.573321 0.060848 0.0 0.576207 0.815628 -0.052323 0.0 -0.019631 0.077812 0.996775 0.0 -3.358095 -0.484639 -0.303513 1.0]
300
	ConcatTransform [1.1 0.0 0.0 0.0 0.0 1.1 0.0 0.0 0.0 0.0 1.1 0.0 -9.609 0.05 6.704 1.0]
	ConcatTransform [0.81401 -0.577625 0.061129 0.0 0.580627 0.812097 -0.058062 0.0 -0.016105 0.082756 0.99644 0.0 -3.359685 -0.484908 -0.303081 1.0]
301
	ConcatTransform [1.1 0.0 0.0 0.0 0.0 1.1 0.0 0.0 0.0 0.0 1.1 0.0 -9.609 0.05 6.704 1.0]
	ConcatTransform [0.811585 -0.580973 0.061644 0.0 0.584024 0.809594 -0.058927 0.0 -0.015671 0.083826 0.996357 0.0 -3.361535 -0.484903 -0.302694 1.0]
302
	ConcatTransform [1.1 0.0 0.0 0.0 0.0 1.1 0.0 0.0 0.0 0.0 1.1 0.0 -9.609 0.05 6.704 1.0]
	ConcatTransform [0.806313 -0.588173 0.062539 0.0 0.59131 0.804151 -0.060776 0.0 -0.014544 0.085984 0.99619 0.0 -3.365348 -0.485017 -0.301841 1.0]
303
	ConcatTransform [1.1 0.0 0.0 0.0 0.0 1.1 0.0 0.0 0.0 0.0 1.1 0.0 -9.609 0.05 6.704 1.0]
	ConcatTransform [0.800809 -0.595695 0.062076 0.0 0.598783 0.79853 -0.06171 0.0 -0.012809 0.086588 0.996162 0.0 -3.368551 -0.485185 -0.301422 1.0]
304
	ConcatTransform [1.1 0.0 0.0 0.0 0.0 1.1 0.0 0.0 0.0 0.0 1.1 0.0 -9.609 0.05 6.704 1.0]
	ConcatTransform [0.794646 -0.603695 0.063956 0.0 0.606968 0.792047 -0.065204 0.0 -0.011293 0.090633 0.99582 0.0 -3.373713 -0.485089 -0.300508 1.0]
305
	ConcatTransform [1.1 0.0 0.0 0.0 0.0 1.1 0.0 0.0 0.0 0.0 1.1 0.0 -9.609 0.05 6.704 1.0]
	ConcatTransform [0.790174 -0.609449 0.064787 0.0 0.612801 0.78737 -0.067264 0.0 -0.010018 0.092852 0.99563 0.0 -3.377038 -0.485002 -0.29967 1.0]
306
	ConcatTransform [1.1 0.0 0.0 0.0 0.0 1.1 0.0 0.0 0.0 0.0 1.1 0.0 -9.609 0.05 6.704 1.0]
	ConcatTransform [0.784206 -0.616936 0.066412 0.0 0.620437 0.781147 -0.069766 0.0 -0.008836 0.095916 0.99535 0.0 -3.381883 -0.484872 -0.298576 1.0]
307
	ConcatTransform [1.1 0.0 0.0 0.0 0.0 1.1 0.0 0.0 0.0 0.0 1.1 0.0 -9.609 0.05 6.704 1.0]
	ConcatTransform [0.780364 -0.621604 0.068118 0.0 0.625263 0.777181 -0.070958 0.0 -0.008833 0.097965 0.995151 0.0 -3.384853 -0.484781 -0.297877 1.0]
308
	ConcatTransform [1.1 0.0 0.0 0.0 0.0 1.1 0.0 0.0 0.0 0.0 1.1 0.0 -9.609 0.05 6.704 1.0]
	ConcatTransform [0.775435 -0.627516 0.070176 0.0 0.63137 0.772066 -0.072712 0.0 -0.008552 0.10069 0.994881 0.0 -3.388778 -0.484656 -0.296852 1.0]
309
	ConcatTransform [1.1 0.0 0.0 0.0 0.0 1.1 0.0 0.0 0.0 0.0 1.1 0.0 -9.609 0.05 6.704 1.0]
	ConcatTransform [0.772424 -0.631137 0.070905 0.0 0.635057 0.768943 -0.073683 0.0 -0.008018 0.101944 0.994758 0.0 -3.390988 -0.484545 -0.296393 1.0]
310
	ConcatTransform [1.1 0.0 0.0 0.0 0.0 1.1 0.0 0.0 0.0 0.0 1.1 0.0 -9.609 0.05 6.704 1.0]
	ConcatTransform [0.769685 -0.63425 0.072888 0.0 0.63836 0.766197 -0.073753 0.0 -0.009069 0.103295 0.994609 0.0 -3.393704 -0.484446 -0.296155 1.0]
311
	ConcatTransform [1.1 0.0 0.0 0.0 0.0 1.1 0.0 0.0 0.0 0.0 1.1 0.0 -9.609 0.05 6.704 1.0]
	ConcatTransform [0.76806 -0.636031 0.07449 0.0 0.640294 0.764622 -0.07332 0.0 -0.010323 0.104009 0.994523 0.0 -3.394931 -0.484385 -0.296088 1.0]
312
	ConcatTransform [1.1 0.0 0.0 0.0 0.0 1.1 0.0 0.0 0.0 0.0 1.1 0.0 -9.609 0.05 6.704 1.0]
	ConcatTransform [0.766638 -0.637549 0.076142 0.0 0.641967 0.763317 -0.07229 0.0 -0.012032 0.104301 0.994473 0.0 -3.395907 -0.484319 -0.296226 1.0]
313
	ConcatTransform [1.1 0.0 0.0 0.0 0.0 1.1 0.0 0.0 0.0 0.0 1.1 0.0 -9.609 0.05 6.704 1.0]
	ConcatTransform [0.766623 -0.637457 0.077054 0.0 0.641959 0.763409 -0.071386 0.0 -0.013318 0.104191 0.994468 0.0 -3.39594 -0.484317 -0.296368 1.0]
314
	ConcatTransform [1.1 0.0 0.0 0.0 0.0 1.1 0.0 0.0 0.0 0.0 1.1 0.0 -9.609 0.05 6.704 1.0]
	ConcatTransform [0.768328 -0.635412 0.076962 0.0 0.639902 0.765206 -0.070601 0.0 -0.014031 0.103493 0.994531 0.0 -3.395146 -0.4844 -0.296881 1.0]
315
	ConcatTransform [1.1 0.0 0.0 0.0 0.0 1.1 0.0 0.0 0.0 0.0 1.1 0.0 -9.609 0.05 6.704 1.0]
	ConcatTransform [0.770253 -0.633002 0.077583 0.0 0.637547 0.767286 -0.069328 0.0 -0.015643 0.102863 0.994572 0.0 -3.394052 -0.484492 -0.297385 1.0]
316
	ConcatTransform [1.1 0.0 0.0 0.0 0.0 1.1 0.0 0.0 0.0 0.0 1.1 0.0 -9.609 0.05 6.704 1.0]
	ConcatTransform [0.773676 -0.628978 0.076238 0.0 0.633378 0.770854 -0.067944 0.0 -0.016033 0.100855 0.994772 0.0 -3.391597 -0.484583 -0.29838 1.0]
317
	ConcatTransform [1.1 0.0 0.0 0.0 0.0 1.1 0.0 0.0 0.0 0.0 1.1 0.0 -9.609 0.05 6.704 1.0]
	ConcatTransform [0.777663 -0.624163 0.075238 0.0 0.628463 0.77496 -0.066871 0.0 -0.016568 0.099287 0.994921 0.0 -3.38957 -0.484715 -0.299164 1.0]
318
	ConcatTransform [1.1 0.0 0.0 0.0 0.0 1.1 0.0 0.0 0.0 0.0 1.1 0.0 -9.609 0.05 6.704 1.0]
	ConcatTransform [0.782769 -0.617834 0.07453 0.0 0.622027 0.78041 -0.063586 0.0 -0.018878 0.096132 0.99519 0.0 -3.385893 -0.484809 -0.300568 1.0]
319
	ConcatTransform [1.1 0.0 0.0 0.0 0.0 1.1 0.0 0.0 0.0 0.0 1.1 0.0 -9.609 0.05 6.704 1.0]
	ConcatTransform [0.786934 -0.612714 0.072912 0.0 0.616747 0.784675 -0.062514 0.0 -0.018909 0.094162 0.995377 0.0 -3.383152 -0.484889 -0.301544 1.0]
320
	ConcatTransform [1.1 0.0 0.0 0.0 0.0 1.1 0.0 0.0 0.0 0.0 1.1 0.0 -9.609 0.05 6.704 1.0]
	ConcatTransform [0.793441 -0.604412 0.071673 0.0 0.608301 0.791442 -0.059911 0.0 -0.020514 0.091135 0.995627 0.0 -3.378722 -0.484945 -0.30296 1.0]
321
	ConcatTransform [1.1 0.0 0.0 0.0 0.0 1.1 0.0 0.0 0.0 0.0 1.1 0.0 -9.609 0.05 6.704 1.0]
	ConcatTransform [0.797597 -0.599055 0.070511 0.0 0.602813 0.795768 -0.058043 0.0 -0.021339 0.0888 0.995821 0.0 -3.375686 -0.484943 -0.303995 1.0]
322
	ConcatTransform [1.1 0.0 0.0 0.0 0.0 1.1 0.0 0.0 0.0 0.0 1.1 0.0 -9.609 0.05 6.704 1.0]
	ConcatTransform [0.803841 -0.590849 0.068828 0.0 0.594428 0.802212 -0.055775 0.0 -0.02226 0.085748 0.996068 0.0 -3.371111 -0.484926 -0.305313 1.0]
323
	ConcatTransform [1.1 0.0 0.0 0.0 0.0 1.1 0.0 0.0 0.0 0.0 1.1 0.0 -9.609 0.05 6.704 1.0]
	ConcatTransform [0.806738 -0.587119 0.066823 0.0 0.59051 0.805177 -0.054663 0.0 -0.021711 0.083558 0.996266 0.0 -3.368321 -0.484867 -0.306012 1.0]
324
	ConcatTransform [1.1 0.0 0.0 0.0 0.0 1.1 0.0 0.0 0.0 0.0 1.1 0.0 -9.609 0.05 6.704 1.0]
	ConcatTransform [0.80959 -0.583163 0.066971 0.0 0.586597 0.807962 -0.055684 0.0 -0.021637 0.084367 0.9962 0.0 -3.365253 -0.484689 -0.306273 1.0]
325
	ConcatTransform [1.1 0.0 0.0 0.0 0.0 1.1 0.0 0.0 0.0 0.0 1.1 0.0 -9.609 0.05 6.704 1.0]
	ConcatTransform [0.809823 -0.582818 0.067163 0.0 0.586273 0.808185 -0.055869 0.0 -0.021719 0.08462 0.996177 0.0 -3.363939 -0.484639 -0.305824 1.0]
326
	ConcatTransform [1.1 0.0 0.0 0.0 0.0 1.1 0.0 0.0 0.0 0.0 1.1 0.0 -9.609 0.05 6.704 1.0]
	ConcatTransform [0.809349 -0.583594 0.066123 0.0 0.586988 0.807567 -0.057275 0.0 -0.019973 0.085169 0.996166 0.0 -3.363259 -0.484632 -0.305095 1.0]
327
	ConcatTransform [1.1 0.0 0.0 0.0 0.0 1.1 0.0 0.0 0.0 0.0 1.1 0.0 -9.609 0.05 6.704 1.0]
	ConcatTransform [0.807989 -0.585602 0.064988 0.0 0.588915 0.80609 -0.058293 0.0 -0.01825 0.085372 0.996182 0.0 -3.363667 -0.484698 -0.304869 1.0]
328
	ConcatTransform [1.1 0.0 0.0 0.0 0.0 1.1 0.0 0.0 0.0 0.0 1.1 0.0 -9.609 0.05 6.704 1.0]
	ConcatTransform [0.80465 -0.590217 0.064675 0.0 0.593503 0.802673 -0.058918 0.0 -0.017138 0.085794 0.996166 0.0 -3.365496 -0.48486 -0.304249 1.0]
329
	ConcatTransform [1.1 0.0 0.0 0.0 0.0 1.1 0.0 0.0 0.0 0.0 1.1 0.0 -9.609 0.05 6.704 1.0]
	ConcatTransform [0.802358 -0.593466 0.063402 0.0 0.596669 0.800152 -0.061184 0.0 -0.014421 0.086922 0.996111 0.0 -3.367267 -0.484923 -0.303683 1.0]
330
	ConcatTransform [1.1 0.0 0.0 0.0 0.0 1.1 0.0 0.0 0.0 0.0 1.1 0.0 -9.609 0.05 6.704 1.0]
	ConcatTransform [0.79856 -0.59854 0.063656 0.0 0.60178 0.796149 -0.063307 0.0 -0.012788 0.088862 0.995962 0.0 -3.370141 -0.484934 -0.302874 1.0]
331
	ConcatTransform [1.1 0.0 0.0 0.0 0.0 1.1 0.0 0.0 0.0 0.0 1.1 0.0 -9.609 0.05 6.704 1.0]
	ConcatTransform [0.796024 -0.601827 0.064418 0.0 0.605148 0.793441 -0.06517 0.0 -0.011891 0.090859 0.995793 0.0 -3.371998 -0.484925 -0.301992 1.0]
332
	ConcatTransform [1.1 0.0 0.0 0.0 0.0 1.1 0.0 0.0 0.0 0.0 1.1 0.0 -9.609 0.05 6.704 1.0]
	ConcatTransform [0.80066 -0.595193 0.06847 0.0 0.598833 0.798563 -0.0608 0.0 -0.01849 0.089682 0.995799 0.0 -3.375813 -0.48476 -0.303002 1.0]
333
	ConcatTransform [1.1 0.0 0.0 0.0 0.0 1.1 0.0 0.0 0.0 0.0 1.1 0.0 -9.609 0.05 6.704 1.0]
	ConcatTransform [0.79811 -0.597932 0.074149 0.0 0.601954 0.796604 -0.055436 0.0 -0.02592 0.088878 0.995705 0.0 -3.378214 -0.484958 -0.305211 1.0]
334
	ConcatTransform [1.1 0.0 0.0 0.0 0.0 1.1 0.0 0.0 0.0 0.0 1.1 0.0 -9.609 0.05 6.704 1.0]
	ConcatTransform [0.792935 -0.604094 0.079524 0.0 0.608532 0.79173 -0.053403 0.0 -0.030701 0.090738 0.995401 0.0 -3.381527 -0.485161 -0.307755 1.0]
335
	ConcatTransform [1.1 0.0 0.0 0.0 0.0 1.1 0.0 0.0 0.0 0.0 1.1 0.0 -9.609 0.05 6.704 1.0]
	ConcatTransform [0.791027 -0.606269 0.081939 0.0 0.61094 0.789843 -0.053852 0.0 -0.03207 0.092658 0.995181 0.0 -3.383467 -0.485055 -0.308032 1.0]
336
	ConcatTransform [1.1 0.0 0.0 0.0 0.0 1.1 0.0 0.0 0.0 0.0 1.1 0.0 -9.609 0.05 6.704 1.0]
	ConcatTransform [0.788806 -0.608993 0.083146 0.0 0.61377 0.787652 -0.053764 0.0 -0.032748 0.093442 0.995086 0.0 -3.386284 -0.484967 -0.308806 1.0]
337
	ConcatTransform [1.1 0.0 0.0 0.0 0.0 1.1 0.0 0.0 0.0 0.0 1.1 0.0 -9.609 0.05 6.704 1.0]
	ConcatTransform [0.787284 -0.61108 0.082252 0.0 0.61581 0.78597 -0.055038 0.0 -0.031015 0.093982 0.995091 0.0 -3.387836 -0.484932 -0.308928 1.0]
338
	ConcatTransform [1.1 0.0 0.0 0.0 0.0 1.1 0.0 0.0 0.0 0.0 1.1 0.0 -9.609 0.05 6.704 1.0]
	ConcatTransform [0.785376 -0.613478 0.082636 0.0 0.618266 0.783982 -0.05585 0.0 -0.030523 0.094954 0.995014 0.0 -3.389851 -0.484876 -0.308876 1.0]
339
	ConcatTransform [1.1 0.0 0.0 0.0 0.0 1.1 0.0 0.0 0.0 0.0 1.1 0.0 -9.609 0.05 6.704 1.0]
	ConcatTransform [0.784389 -0.61476 0.082491 0.0 0.619551 0.782919 -0.05652 0.0 -0.029838 0.095441 0.994988 0.0 -3.390987 -0.484855 -0.308703 1.0]
340
	ConcatTransform [1.1 0.0 0.0 0.0 0.0 1.1 0.0 0.0 0.0 0.0 1.1 0.0 -9.609 0.05 6.704 1.0]
	ConcatTransform [0.782922 -0.6166 0.08269 0.0 0.621423 0.781394 -0.057059 0.0 -0.02943 0.096058 0.994941 0.0 -3.392356 -0.484825 -0.308466 1.0]
341
	ConcatTransform [1.1 0.0 0.0 0.0 0.0 1.1 0.0 0.0 0.0 0.0 1.1 0.0 -9.609 0.05 6.704 1.0]
	ConcatTransform [0.782021 -0.617771 0.082473 0.0 0.622585 0.780435 -0.057531 0.0 -0.028824 0.096337 0.994931 0.0 -3.393 -0.484817 -0.308251 1.0]
342
	ConcatTransform [1.1 0.0 0.0 0.0 0.0 1.1 0.0 0.0 0.0 0.0 1.1 0.0 -9.609 0.05 6.704 1.0]
	ConcatTransform [0.781305 -0.618598 0.083062 0.0 0.623456 0.779766 -0.057164 0.0 -0.029408 0.096448 0.994904 0.0 -3.393662 -0.484802 -0.308126 1.0]
343
	ConcatTransform [1.1 0.0 0.0 0.0 0.0 1.1 0.0 0.0 0.0 0.0 1.1 0.0 -9.609 0.05 6.704 1.0]
	ConcatTransform [0.781427 -0.618424 0.083205 0.0 0.623301 0.779879 -0.057313 0.0 -0.029446 0.096648 0.994883 0.0 -3.393919 -0.484805 -0.308123 1.0]
344
	ConcatTransform [1.1 0.0 0.0 0.0 0.0 1.1 0.0 0.0 0.0 0.0 1.1 0.0 -9.609 0.05 6.704 1.0]
	ConcatTransform [0.781867 -0.617861 0.083257 0.0 0.62274 0.780337 -0.05717 0.0 -0.029646 0.096547 0.994887 0.0 -3.393805 -0.484801 -0.30806 1.0]
345
	ConcatTransform [1.1 0.0 0.0 0.0 0.0 1.1 0.0 0.0 0.0 0.0 1.1 0.0 -9.609 0.05 6.704 1.0]
	ConcatTransform [0.782191 -0.617485 0.083001 0.0 0.622339 0.780661 -0.057118 0.0 -0.029526 0.096332 0.994911 0.0 -3.39346 -0.484811 -0.308049 1.0]
346
	ConcatTransform [1.1 0.0 0.0 0.0 0.0 1.1 0.0 0.0 0.0 0.0 1.1 0.0 -9.609 0.05 6.704 1.0]
	ConcatTransform [0.782987 -0.616553 0.08242 0.0 0.621355 0.781436 -0.057227 0.0 -0.029123 0.09602 0.994953 0.0 -3.392647 -0.484822 -0.308226 1.0]
347
	ConcatTransform [1.1 0.0 0.0 0.0 0.0 1.1 0.0 0.0 0.0 0.0 1.1 0.0 -9.609 0.05 6.704 1.0]
	ConcatTransform [0.784105 -0.615193 0.081951 0.0 0.619943 0.782582 -0.056883 0.0 -0.029139 0.095407 0.995012 0.0 -3.391892 -0.484836 -0.308306 1.0]
348
	ConcatTransform [1.1 0.0 0.0 0.0 0.0 1.1 0.0 0.0 0.0 0.0 1.1 0.0 -9.609 0.05 6.704 1.0]
	ConcatTransform [0.786467 -0.612346 0.080635 0.0 0.616973 0.784933 -0.056778 0.0 -0.028525 0.094404 0.995125 0.0 -3.390525 -0.484871 -0.308373 1.0]
349
	ConcatTransform [1.1 0.0 0.0 0.0 0.0 1.1 0.0 0.0 0.0 0.0 1.1 0.0 -9.609 0.05 6.704 1.0]
	ConcatTransform [0.787905 -0.610594 0.079875 0.0 0.615145 0.786385 -0.056518 0.0 -0.028303 0.093665 0.995201 0.0 -3.389415 -0.484886 -0.308537 1.0]
350
	ConcatTransform [1.1 0.0 0.0 0.0 0.0 1.1 0.0 0.0 0.0 0.0 1.1 0.0 -9.609 0.05 6.704 1.0]
	ConcatTransform [0.790387 -0.607495 0.078976 0.0 0.611956 0.788901 -0.056074 0.0 -0.028239 0.09265 0.995298 0.0 -3.38758 -0.484905 -0.308842 1.0]
351
	ConcatTransform [1.1 0.0 0.0 0.0 0.0 1.1 0.0 0.0 0.0 0.0 1.1 0.0 -9.609 0.05 6.704 1.0]
	ConcatTransform [0.791449 -0.60606 0.079371 0.0 0.610531 0.790075 -0.055078 0.0 -0.029328 0.09205 0.995322 0.0 -3.386446 -0.484936 -0.309376 1.0]
352
	ConcatTransform [1.1 0.0 0.0 0.0 0.0 1.1 0.0 0.0 0.0 0.0 1.1 0.0 -9.609 0.05 6.704 1.0]
	ConcatTransform [0.793889 -0.602905 0.079031 0.0 0.607301 0.792672 -0.053447 0.0 -0.030422 0.090427 0.995438 0.0 -3.384629 -0.484932 -0.309929 1.0]
353
	ConcatTransform [1.1 0.0 0.0 0.0 0.0 1.1 0.0 0.0 0.0 0.0 1.1 0.0 -9.609 0.05 6.704 1.0]
	ConcatTransform [0.795662 -0.600638 0.078457 0.0 0.604973 0.794478 -0.05303 0.0 -0.030481 0.089658 0.995506 0.0 -3.383371 -0.484933 -0.310271 1.0]
354
	ConcatTransform [1.1 0.0 0.0 0.0 0.0 1.1 0.0 0.0 0.0 0.0 1.1 0.0 -9.609 0.05 6.704 1.0]
	ConcatTransform [0.798162 -0.597407 0.077739 0.0 0.601658 0.797044 -0.052237 0.0 -0.030754 0.088466 0.995604 0.0 -3.38148 -0.484925 -0.3107 1.0]
355
	ConcatTransform [1.1 0.0 0.0 0.0 0.0 1.1 0.0 0.0 0.0 0.0 1.1 0.0 -9.609 0.05 6.704 1.0]
	ConcatTransform [0.799828 -0.595203 0.077513 0.0 0.59942 0.798765 -0.051682 0.0 -0.031153 0.0878 0.995651 0.0 -3.38034 -0.484913 -0.311047 1.0]
356
	ConcatTransform [1.1 0.0 0.0 0.0 0.0 1.1 0.0 0.0 0.0 0.0 1.1 0.0 -9.609 0.05 6.704 1.0]
	ConcatTransform [0.80107 -0.59348 0.0779 0.0 0.597706 0.800104 -0.050807 0.0 -0.032176 0.087261 0.995666 0.0 -3.379068 -0.484923 -0.312058 1.0]
357
	ConcatTransform [1.1 0.0 0.0 0.0 0.0 1.1 0.0 0.0 0.0 0.0 1.1 0.0 -9.609 0.05 6.704 1.0]
	ConcatTransform [0.801947 -0.592279 0.07801 0.0 0.59649 0.801061 -0.050008 0.0 -0.032872 0.086636 0.995698 0.0 -3.378292 -0.484914 -0.312529 1.0]
358
	ConcatTransform [1.1 0.0 0.0 0.0 0.0 1.1 0.0 0.0 0.0 0.0 1.1 0.0 -9.609 0.05 6.704 1.0]
	ConcatTransform [0.803343 -0.590356 0.078234 0.0 0.594556 0.802556 -0.049057 0.0 -0.033826 0.085924 0.995727 0.0 -3.377361 -0.484877 -0.312785 1.0]
359
	ConcatTransform [1.1 0.0 0.0 0.0 0.0 1.1 0.0 0.0 0.0 0.0 1.1 0.0 -9.609 0.05 6.704 1.0]
	ConcatTransform [0.803595 -0.589917 0.078948 0.0 0.594164 0.802872 -0.048636 0.0 -0.034694 0.085991 0.995692 0.0 -3.377115 -0.484851 -0.312668 1.0]
360
	ConcatTransform [1.1 0.0 0.0 0.0 0.0 1.1 0.0 0.0 0.0 0.0 1.1 0.0 -9.609 0.05 6.704 1.0]
	ConcatTransform [0.147217 0.665898 -0.731373 0.0 0.229615 -0.742238 -0.629571 0.0 -0.962083 -0.075251 -0.26217 0.0 -102.046608 -177.340286 14.279099 1.0]
