228
	ConcatTransform [1.1 0.0 0.0 0.0 0.0 1.1 0.0 0.0 0.0 0.0 1.1 0.0 -9.609 0.05 6.704 1.0]
	ConcatTransform [0.668385 0.743753 -0.009667 0.0 -0.743703 0.668453 0.008736 0.0 0.012959 0.00135 0.999915 0.0 -0.023248 -0.017289 0.107809 1.0]
229
	ConcatTransform [1.1 0.0 0.0 0.0 0.0 1.1 0.0 0.0 0.0 0.0 1.1 0.0 -9.609 0.05 6.704 1.0]
	ConcatTransform [0.176339 0.966191 -0.188092 0.0 -0.983133 0.182297 0.014724 0.0 0.048515 0.182323 0.982041 0.0 -0.040604 -0.040914 0.199926 1.0]
230
	ConcatTransform [1.1 0.0 0.0 0.0 0.0 1.1 0.0 0.0 0.0 0.0 1.1 0.0 -9.609 0.05 6.704 1.0]
	ConcatTransform [-0.550913 0.709196 -0.439927 0.0 -0.83062 -0.414765 0.371538 0.0 0.081027 0.570097 0.817572 0.0 -0.06235 -0.090201 0.341138 1.0]
231
	ConcatTransform [1.1 0.0 0.0 0.0 0.0 1.1 0.0 0.0 0.0 0.0 1.1 0.0 -9.609 0.05 6.704 1.0]
	ConcatTransform [-0.869688 0.264274 -0.416897 0.0 -0.491656 -0.538726 0.684141 0.0 -0.043793 0.799958 0.598455 0.0 -0.075748 -0.133734 0.435975 1.0]
232
	ConcatTransform [1.1 0.0 0.0 0.0 0.0 1.1 0.0 0.0 0.0 0.0 1.1 0.0 -9.609 0.05 6.704 1.0]
	ConcatTransform [-0.96869 -0.225781 0.103262 0.0 0.197422 -0.448293 0.871813 0.0 -0.150547 0.864902 0.478832 0.0 -0.093266 -0.20694 0.593152 1.0]
233
	ConcatTransform [1.1 0.0 0.0 0.0 0.0 1.1 0.0 0.0 0.0 0.0 1.1 0.0 -9.609 0.05 6.704 1.0]
	ConcatTransform [-0.755424 -0.42122 0.501904 0.0 0.633467 -0.273687 0.723751 0.0 -0.167494 0.864679 0.473579 0.0 -0.104518 -0.264086 0.703123 1.0]
234
	ConcatTransform [1.1 0.0 0.0 0.0 0.0 1.1 0.0 0.0 0.0 0.0 1.1 0.0 -9.609 0.05 6.704 1.0]
	ConcatTransform [-0.122374 -0.505763 0.853948 0.0 0.973809 0.104937 0.201701 0.0 -0.191624 0.856266 0.479676 0.0 -0.121395 -0.368366 0.868081 1.0]
235
	ConcatTransform [1.1 0.0 0.0 0.0 0.0 1.1 0.0 0.0 0.0 0.0 1.1 0.0 -9.609 0.05 6.704 1.0]
	ConcatTransform [0.359194 -0.403119 0.841709 0.0 0.911325 0.345908 -0.223237 0.0 -0.201162 0.847256 0.49162 0.0 -0.132647 -0.450259 0.978052 1.0]
236
	ConcatTransform [1.1 0.0 0.0 0.0 0.0 1.1 0.0 0.0 0.0 0.0 1.1 0.0 -9.609 0.05 6.704 1.0]
	ConcatTransform [0.889211 -0.025999 0.456757 0.0 0.410838 0.484636 -0.772231 0.0 -0.201284 0.87433 0.441625 0.0 -0.148793 -0.587314 1.142321 1.0]
237
	ConcatTransform [1.1 0.0 0.0 0.0 0.0 1.1 0.0 0.0 0.0 0.0 1.1 0.0 -9.609 0.05 6.704 1.0]
	ConcatTransform [0.99104 0.125395 -0.046001 0.0 -0.071392 0.206231 -0.975896 0.0 -0.112885 0.970436 0.213335 0.0 -0.150747 -0.612676 1.257662 1.0]
238
	ConcatTransform [1.1 0.0 0.0 0.0 0.0 1.1 0.0 0.0 0.0 0.0 1.1 0.0 -9.609 0.05 6.704 1.0]
	ConcatTransform [0.733619 -0.149871 -0.662828 0.0 -0.667023 0.027687 -0.744522 0.0 0.129935 0.988318 -0.079656 0.0 -0.145782 -0.570554 1.426986 1.0]
239
	ConcatTransform [1.1 0.0 0.0 0.0 0.0 1.1 0.0 0.0 0.0 0.0 1.1 0.0 -9.609 0.05 6.704 1.0]
	ConcatTransform [0.357299 -0.408801 -0.839773 0.0 -0.891184 0.119862 -0.437521 0.0 0.279516 0.904718 -0.32149 0.0 -0.13961 -0.525068 1.529826 1.0]
240
	ConcatTransform [1.1 0.0 0.0 0.0 0.0 1.1 0.0 0.0 0.0 0.0 1.1 0.0 -9.609 0.05 6.704 1.0]
	ConcatTransform [-0.326411 -0.569973 -0.754047 0.0 -0.892007 0.44965 0.046247 0.0 0.312697 0.687711 -0.65519 0.0 -0.128901 -0.449203 1.669113 1.0]
241
	ConcatTransform [1.1 0.0 0.0 0.0 0.0 1.1 0.0 0.0 0.0 0.0 1.1 0.0 -9.609 0.05 6.704 1.0]
	ConcatTransform [-0.714221 -0.50658 -0.482975 0.0 -0.677546 0.673484 0.295552 0.0 0.175555 0.538327 -0.824248 0.0 -0.121927 -0.404296 1.7565 1.0]
242
	ConcatTransform [1.1 0.0 0.0 0.0 0.0 1.1 0.0 0.0 0.0 0.0 1.1 0.0 -9.609 0.05 6.704 1.0]
	ConcatTransform [-0.989784 -0.125532 -0.067595 0.0 -0.142554 0.879248 0.454534 0.0 0.002374 0.459527 -0.888161 0.0 -0.108556 -0.352553 1.887145 1.0]
243
	ConcatTransform [1.1 0.0 0.0 0.0 0.0 1.1 0.0 0.0 0.0 0.0 1.1 0.0 -9.609 0.05 6.704 1.0]
	ConcatTransform [-0.957706 0.170614 0.23171 0.0 0.255475 0.874699 0.411867 0.0 -0.132406 0.453644 -0.881292 0.0 -0.099642 -0.330431 1.974241 1.0]
244
	ConcatTransform [1.1 0.0 0.0 0.0 0.0 1.1 0.0 0.0 0.0 0.0 1.1 0.0 -9.609 0.05 6.704 1.0]
	ConcatTransform [-0.599992 0.547993 0.582849 0.0 0.739832 0.657285 0.143615 0.0 -0.304398 0.517379 -0.799788 0.0 -0.08627 -0.315809 2.104886 1.0]
245
	ConcatTransform [1.1 0.0 0.0 0.0 0.0 1.1 0.0 0.0 0.0 0.0 1.1 0.0 -9.609 0.05 6.704 1.0]
	ConcatTransform [-0.217119 0.68961 0.690868 0.0 0.903661 0.409632 -0.124892 0.0 -0.369128 0.597194 -0.712112 0.0 -0.077356 -0.318435 2.191983 1.0]
246
	ConcatTransform [1.1 0.0 0.0 0.0 0.0 1.1 0.0 0.0 0.0 0.0 1.1 0.0 -9.609 0.05 6.704 1.0]
	ConcatTransform [0.405703 0.674909 0.616362 0.0 0.838869 -0.007192 -0.544286 0.0 -0.362911 0.737866 -0.569078 0.0 -0.063985 -0.340934 2.322627 1.0]
247
	ConcatTransform [1.1 0.0 0.0 0.0 0.0 1.1 0.0 0.0 0.0 0.0 1.1 0.0 -9.609 0.05 6.704 1.0]
	ConcatTransform [0.745306 0.51624 0.421918 0.0 0.59988 -0.243056 -0.762278 0.0 -0.290969 0.82123 -0.490834 0.0 -0.055071 -0.368307 2.409724 1.0]
248
	ConcatTransform [1.1 0.0 0.0 0.0 0.0 1.1 0.0 0.0 0.0 0.0 1.1 0.0 -9.609 0.05 6.704 1.0]
	ConcatTransform [0.992207 0.124591 -0.001548 0.0 0.052624 -0.430281 -0.90116 0.0 -0.112942 0.894056 -0.433484 0.0 -0.041699 -0.427927 2.540369 1.0]
249
	ConcatTransform [1.1 0.0 0.0 0.0 0.0 1.1 0.0 0.0 0.0 0.0 1.1 0.0 -9.609 0.05 6.704 1.0]
	ConcatTransform [0.945017 -0.195333 -0.262275 0.0 -0.318302 -0.365444 -0.87472 0.0 0.075015 0.910108 -0.407525 0.0 -0.031297 -0.446757 2.594477 1.0]
250
	ConcatTransform [1.1 0.0 0.0 0.0 0.0 1.1 0.0 0.0 0.0 0.0 1.1 0.0 -9.609 0.05 6.704 1.0]
	ConcatTransform [0.572435 -0.464445 -0.675729 0.0 -0.777163 -0.044588 -0.627718 0.0 0.26141 0.884479 -0.386473 0.0 -0.017539 -0.472891 2.657996 1.0]
251
	ConcatTransform [1.1 0.0 0.0 0.0 0.0 1.1 0.0 0.0 0.0 0.0 1.1 0.0 -9.609 0.05 6.704 1.0]
	ConcatTransform [0.188818 -0.550209 -0.813399 0.0 -0.910551 0.212098 -0.354841 0.0 0.367757 0.807641 -0.460945 0.0 -0.006019 -0.477537 2.676389 1.0]
252
	ConcatTransform [1.1 0.0 0.0 0.0 0.0 1.1 0.0 0.0 0.0 0.0 1.1 0.0 -9.609 0.05 6.704 1.0]
	ConcatTransform [-0.433578 -0.443731 -0.784291 0.0 -0.82171 0.551933 0.141995 0.0 0.369869 0.706026 -0.603924 0.0 0.011105 -0.481658 2.686436 1.0]
253
	ConcatTransform [1.1 0.0 0.0 0.0 0.0 1.1 0.0 0.0 0.0 0.0 1.1 0.0 -9.609 0.05 6.704 1.0]
	ConcatTransform [-0.765926 -0.261117 -0.587516 0.0 -0.567069 0.704984 0.425946 0.0 0.302967 0.659405 -0.688037 0.0 0.022631 -0.492114 2.68947 1.0]
254
	ConcatTransform [1.1 0.0 0.0 0.0 0.0 1.1 0.0 0.0 0.0 0.0 1.1 0.0 -9.609 0.05 6.704 1.0]
	ConcatTransform [-0.99489 0.056738 -0.08351 0.0 -0.011275 0.75954 0.650363 0.0 0.100329 0.647982 -0.755019 0.0 0.039296 -0.512369 2.683552 1.0]
255
	ConcatTransform [1.1 0.0 0.0 0.0 0.0 1.1 0.0 0.0 0.0 0.0 1.1 0.0 -9.609 0.05 6.704 1.0]
	ConcatTransform [-0.921933 0.316656 0.223089 0.0 0.381425 0.641802 0.665286 0.0 0.067488 0.698441 -0.712479 0.0 0.052849 -0.531612 2.675531 1.0]
256
	ConcatTransform [1.1 0.0 0.0 0.0 0.0 1.1 0.0 0.0 0.0 0.0 1.1 0.0 -9.609 0.05 6.704 1.0]
	ConcatTransform [-0.563321 0.41266 0.715808 0.0 0.820143 0.384307 0.423879 0.0 -0.100173 0.825845 -0.554929 0.0 0.070718 -0.568053 2.65685 1.0]
257
	ConcatTransform [1.1 0.0 0.0 0.0 0.0 1.1 0.0 0.0 0.0 0.0 1.1 0.0 -9.609 0.05 6.704 1.0]
	ConcatTransform [-0.193898 0.365144 0.910535 0.0 0.963741 0.244341 0.107242 0.0 -0.183322 0.898314 -0.399281 0.0 0.084765 -0.578903 2.63361 1.0]
258
	ConcatTransform [1.1 0.0 0.0 0.0 0.0 1.1 0.0 0.0 0.0 0.0 1.1 0.0 -9.609 0.05 6.704 1.0]
	ConcatTransform [0.400269 0.197904 0.894773 0.0 0.880255 0.18848 -0.435462 0.0 -0.254826 0.96193 -0.098763 0.0 0.105401 -0.592566 2.593005 1.0]
259
	ConcatTransform [1.1 0.0 0.0 0.0 0.0 1.1 0.0 0.0 0.0 0.0 1.1 0.0 -9.609 0.05 6.704 1.0]
	ConcatTransform [0.732261 0.113798 0.671449 0.0 0.63846 0.22838 -0.734991 0.0 -0.236986 0.966898 0.094579 0.0 0.119405 -0.596812 2.562617 1.0]
260
	ConcatTransform [1.1 0.0 0.0 0.0 0.0 1.1 0.0 0.0 0.0 0.0 1.1 0.0 -9.609 0.05 6.704 1.0]
	ConcatTransform [0.988123 0.087661 0.126209 0.0 0.089405 0.340031 -0.936155 0.0 -0.124979 0.93632 0.328155 0.0 0.140094 -0.598042 2.515254 1.0]
261
	ConcatTransform [1.1 0.0 0.0 0.0 0.0 1.1 0.0 0.0 0.0 0.0 1.1 0.0 -9.609 0.05 6.704 1.0]
	ConcatTransform [0.950619 0.133633 -0.280118 0.0 -0.310235 0.383462 -0.869892 0.0 -0.008831 0.913838 0.405983 0.0 0.153572 -0.595672 2.483233 1.0]
262
	ConcatTransform [1.1 0.0 0.0 0.0 0.0 1.1 0.0 0.0 0.0 0.0 1.1 0.0 -9.609 0.05 6.704 1.0]
	ConcatTransform [0.589017 0.247293 -0.769354 0.0 -0.793473 0.357418 -0.492598 0.0 0.153164 0.90061 0.406746 0.0 0.172337 -0.589723 2.436417 1.0]
263
	ConcatTransform [1.1 0.0 0.0 0.0 0.0 1.1 0.0 0.0 0.0 0.0 1.1 0.0 -9.609 0.05 6.704 1.0]
	ConcatTransform [0.205696 0.301123 -0.931136 0.0 -0.951482 0.284042 -0.118334 0.0 0.228848 0.9103 0.344939 0.0 0.183769 -0.584538 2.40692 1.0]
264
	ConcatTransform [1.1 0.0 0.0 0.0 0.0 1.1 0.0 0.0 0.0 0.0 1.1 0.0 -9.609 0.05 6.704 1.0]
	ConcatTransform [-0.414425 0.280251 -0.865859 0.0 -0.877352 0.129834 0.461949 0.0 0.24188 0.951106 0.192072 0.0 0.198739 -0.577467 2.365793 1.0]
265
	ConcatTransform [1.1 0.0 0.0 0.0 0.0 1.1 0.0 0.0 0.0 0.0 1.1 0.0 -9.609 0.05 6.704 1.0]
	ConcatTransform [-0.750759 0.20489 -0.627998 0.0 -0.632737 0.050036 0.772749 0.0 0.189751 0.977505 0.092077 0.0 0.207505 -0.572836 2.341375 1.0]
266
	ConcatTransform [1.1 0.0 0.0 0.0 0.0 1.1 0.0 0.0 0.0 0.0 1.1 0.0 -9.609 0.05 6.704 1.0]
	ConcatTransform [-0.995988 0.03843 -0.080818 0.0 -0.080763 0.002983 0.996729 0.0 0.038545 0.999257 0.000133 0.0 0.218624 -0.566 2.310198 1.0]
267
	ConcatTransform [1.1 0.0 0.0 0.0 0.0 1.1 0.0 0.0 0.0 0.0 1.1 0.0 -9.609 0.05 6.704 1.0]
	ConcatTransform [-0.945613 -0.089399 0.312767 0.0 0.310409 0.039522 0.949781 0.0 -0.097271 0.995211 -0.009622 0.0 0.224511 -0.562747 2.292809 1.0]
268
	ConcatTransform [1.1 0.0 0.0 0.0 0.0 1.1 0.0 0.0 0.0 0.0 1.1 0.0 -9.609 0.05 6.704 1.0]
	ConcatTransform [-0.575934 -0.227073 0.785326 0.0 0.761822 0.19937 0.616343 0.0 -0.296526 0.953252 0.058165 0.0 0.231131 -0.560677 2.271827 1.0]
269
	ConcatTransform [1.1 0.0 0.0 0.0 0.0 1.1 0.0 0.0 0.0 0.0 1.1 0.0 -9.609 0.05 6.704 1.0]
	ConcatTransform [-0.196571 -0.239912 0.950685 0.0 0.901567 0.336897 0.271434 0.0 -0.385404 0.910463 0.150072 0.0 0.234464 -0.56139 2.261398 1.0]
270
	ConcatTransform [1.1 0.0 0.0 0.0 0.0 1.1 0.0 0.0 0.0 0.0 1.1 0.0 -9.609 0.05 6.704 1.0]
	ConcatTransform [0.408889 -0.130384 0.903222 0.0 0.808225 0.511339 -0.29207 0.0 -0.423772 0.84943 0.31446 0.0 0.238037 -0.56604 2.250551 1.0]
271
	ConcatTransform [1.1 0.0 0.0 0.0 0.0 1.1 0.0 0.0 0.0 0.0 1.1 0.0 -9.609 0.05 6.704 1.0]
	ConcatTransform [0.73272 0.001878 0.680527 0.0 0.554416 0.578258 -0.598532 0.0 -0.394645 0.815852 0.422661 0.0 0.23855 -0.567764 2.247847 1.0]
272
	ConcatTransform [1.1 0.0 0.0 0.0 0.0 1.1 0.0 0.0 0.0 0.0 1.1 0.0 -9.609 0.05 6.704 1.0]
	ConcatTransform [0.974457 0.177951 0.136992 0.0 0.016931 0.550058 -0.834955 0.0 -0.223934 0.815947 0.532995 0.0 0.238574 -0.572642 2.24875 1.0]
273
	ConcatTransform [1.1 0.0 0.0 0.0 0.0 1.1 0.0 0.0 0.0 0.0 1.1 0.0 -9.609 0.05 6.704 1.0]
	ConcatTransform [0.924302 0.270629 -0.26912 0.0 -0.369856 0.46111 -0.806588 0.0 -0.094192 0.845067 0.526299 0.0 0.237349 -0.578315 2.251629 1.0]
274
	ConcatTransform [1.1 0.0 0.0 0.0 0.0 1.1 0.0 0.0 0.0 0.0 1.1 0.0 -9.609 0.05 6.704 1.0]
	ConcatTransform [0.560521 0.3038 -0.770403 0.0 -0.822071 0.316537 -0.47329 0.0 0.100075 0.898616 0.427171 0.0 0.233643 -0.583469 2.26174 1.0]
275
	ConcatTransform [1.1 0.0 0.0 0.0 0.0 1.1 0.0 0.0 0.0 0.0 1.1 0.0 -9.609 0.05 6.704 1.0]
	ConcatTransform [0.186599 0.253699 -0.949114 0.0 -0.96371 0.234992 -0.126655 0.0 0.190902 0.938304 0.288342 0.0 0.230212 -0.587784 2.270505 1.0]
276
	ConcatTransform [1.1 0.0 0.0 0.0 0.0 1.1 0.0 0.0 0.0 0.0 1.1 0.0 -9.609 0.05 6.704 1.0]
	ConcatTransform [-0.41764 0.154708 -0.895345 0.0 -0.874515 0.198973 0.442304 0.0 0.246578 0.967716 0.052196 0.0 0.223859 -0.591447 2.287538 1.0]
277
	ConcatTransform [1.1 0.0 0.0 0.0 0.0 1.1 0.0 0.0 0.0 0.0 1.1 0.0 -9.609 0.05 6.704 1.0]
	ConcatTransform [-0.747179 0.087116 -0.658889 0.0 -0.629091 0.227109 0.743415 0.0 0.214403 0.969965 -0.114887 0.0 0.218982 -0.593948 2.300017 1.0]
278
	ConcatTransform [1.1 0.0 0.0 0.0 0.0 1.1 0.0 0.0 0.0 0.0 1.1 0.0 -9.609 0.05 6.704 1.0]
	ConcatTransform [-0.993841 0.046342 -0.100658 0.0 -0.082377 0.2986 0.950817 0.0 0.074119 0.953253 -0.292943 0.0 0.21056 -0.59528 2.320471 1.0]
279
	ConcatTransform [1.1 0.0 0.0 0.0 0.0 1.1 0.0 0.0 0.0 0.0 1.1 0.0 -9.609 0.05 6.704 1.0]
	ConcatTransform [-0.948162 0.069435 0.31011 0.0 0.314749 0.339819 0.88626 0.0 -0.043843 0.937924 -0.344058 0.0 0.204771 -0.595609 2.334622 1.0]
280
	ConcatTransform [1.1 0.0 0.0 0.0 0.0 1.1 0.0 0.0 0.0 0.0 1.1 0.0 -9.609 0.05 6.704 1.0]
	ConcatTransform [-0.579938 0.135664 0.803285 0.0 0.786169 0.351692 0.508184 0.0 -0.213567 0.926233 -0.310614 0.0 0.195796 -0.595113 2.355874 1.0]
281
	ConcatTransform [1.1 0.0 0.0 0.0 0.0 1.1 0.0 0.0 0.0 0.0 1.1 0.0 -9.609 0.05 6.704 1.0]
	ConcatTransform [-0.196519 0.172007 0.965295 0.0 0.935865 0.326565 0.132337 0.0 -0.292468 0.929392 -0.225152 0.0 0.189777 -0.594317 2.369684 1.0]
282
	ConcatTransform [1.1 0.0 0.0 0.0 0.0 1.1 0.0 0.0 0.0 0.0 1.1 0.0 -9.609 0.05 6.704 1.0]
	ConcatTransform [0.420716 0.181663 0.888818 0.0 0.852124 0.257019 -0.455879 0.0 -0.31126 0.949178 -0.046667 0.0 0.181189 -0.593057 2.389256 1.0]
283
	ConcatTransform [1.1 0.0 0.0 0.0 0.0 1.1 0.0 0.0 0.0 0.0 1.1 0.0 -9.609 0.05 6.704 1.0]
	ConcatTransform [0.754233 0.154752 0.63811 0.0 0.60446 0.215904 -0.76682 0.0 -0.256438 0.964073 0.069301 0.0 0.175701 -0.592148 2.401206 1.0]
284
	ConcatTransform [1.1 0.0 0.0 0.0 0.0 1.1 0.0 0.0 0.0 0.0 1.1 0.0 -9.609 0.05 6.704 1.0]
	ConcatTransform [0.994601 0.075935 0.070727 0.0 0.055724 0.18414 -0.981319 0.0 -0.08754 0.979962 0.178915 0.0 0.168171 -0.590451 2.416949 1.0]
285
	ConcatTransform [1.1 0.0 0.0 0.0 0.0 1.1 0.0 0.0 0.0 0.0 1.1 0.0 -9.609 0.05 6.704 1.0]
	ConcatTransform [0.941408 0.011683 -0.337068 0.0 -0.332233 0.204207 -0.920826 0.0 0.058074 0.978858 0.196124 0.0 0.163738 -0.58973 2.42617 1.0]
286
	ConcatTransform [1.1 0.0 0.0 0.0 0.0 1.1 0.0 0.0 0.0 0.0 1.1 0.0 -9.609 0.05 6.704 1.0]
	ConcatTransform [0.56537 -0.042771 -0.823728 0.0 -0.784269 0.281463 -0.552902 0.0 0.255497 0.958618 0.125587 0.0 0.157827 -0.589338 2.437845 1.0]
287
	ConcatTransform [1.1 0.0 0.0 0.0 0.0 1.1 0.0 0.0 0.0 0.0 1.1 0.0 -9.609 0.05 6.704 1.0]
	ConcatTransform [0.180976 -0.049083 -0.982262 0.0 -0.9215 0.340506 -0.186797 0.0 0.343635 0.93896 0.016393 0.0 0.154565 -0.588787 2.44371 1.0]
288
	ConcatTransform [1.1 0.0 0.0 0.0 0.0 1.1 0.0 0.0 0.0 0.0 1.1 0.0 -9.609 0.05 6.704 1.0]
	ConcatTransform [-0.427987 0.009484 -0.903735 0.0 -0.816439 0.424811 0.391104 0.0 0.387626 0.905232 -0.17407 0.0 0.151046 -0.589028 2.450346 1.0]
289
	ConcatTransform [1.1 0.0 0.0 0.0 0.0 1.1 0.0 0.0 0.0 0.0 1.1 0.0 -9.609 0.05 6.704 1.0]
	ConcatTransform [-0.7549 0.068263 -0.652278 0.0 -0.562499 0.444005 0.697463 0.0 0.337225 0.89342 -0.296782 0.0 0.1492 -0.589388 2.453094 1.0]
290
	ConcatTransform [1.1 0.0 0.0 0.0 0.0 1.1 0.0 0.0 0.0 0.0 1.1 0.0 -9.609 0.05 6.704 1.0]
	ConcatTransform [-0.983764 0.15935 -0.082556 0.0 -0.008919 0.416035 0.909305 0.0 0.179244 0.895278 -0.407859 0.0 0.147616 -0.590716 2.455125 1.0]
291
	ConcatTransform [1.1 0.0 0.0 0.0 0.0 1.1 0.0 0.0 0.0 0.0 1.1 0.0 -9.609 0.05 6.704 1.0]
	ConcatTransform [-0.923916 0.194932 0.329211 0.0 0.380217 0.372039 0.846771 0.0 0.042584 0.907518 -0.417849 0.0 0.147224 -0.591568 2.454957 1.0]
292
	ConcatTransform [1.1 0.0 0.0 0.0 0.0 1.1 0.0 0.0 0.0 0.0 1.1 0.0 -9.609 0.05 6.704 1.0]
	ConcatTransform [-0.542334 0.195217 0.817168 0.0 0.825817 0.302834 0.475729 0.0 -0.154596 0.932836 -0.32545 0.0 0.147442 -0.592941 2.452807 1.0]
293
	ConcatTransform [1.1 0.0 0.0 0.0 0.0 1.1 0.0 0.0 0.0 0.0 1.1 0.0 -9.609 0.05 6.704 1.0]
	ConcatTransform [-0.156002 0.174746 0.972176 0.0 0.959009 0.262521 0.106702 0.0 -0.236571 0.948971 -0.208537 0.0 0.14847 -0.593318 2.450151 1.0]
294
	ConcatTransform [1.1 0.0 0.0 0.0 0.0 1.1 0.0 0.0 0.0 0.0 1.1 0.0 -9.609 0.05 6.704 1.0]
	ConcatTransform [0.45144 0.118479 0.884401 0.0 0.848436 0.249945 -0.466566 0.0 -0.27633 0.960984 0.012313 0.0 0.15038 -0.594345 2.444979 1.0]
295
	ConcatTransform [1.1 0.0 0.0 0.0 0.0 1.1 0.0 0.0 0.0 0.0 1.1 0.0 -9.609 0.05 6.704 1.0]
	ConcatTransform [0.774443 0.086945 0.62664 0.0 0.589096 0.262031 -0.764399 0.0 -0.23066 0.961135 0.151709 0.0 0.152202 -0.59477 2.440777 1.0]
296
	ConcatTransform [1.1 0.0 0.0 0.0 0.0 1.1 0.0 0.0 0.0 0.0 1.1 0.0 -9.609 0.05 6.704 1.0]
	ConcatTransform [0.996371 0.066944 0.052573 0.0 0.030218 0.299217 -0.953707 0.0 -0.079576 0.951834 0.296108 0.0 0.155457 -0.595217 2.433769 1.0]
297
	ConcatTransform [1.1 0.0 0.0 0.0 0.0 1.1 0.0 0.0 0.0 0.0 1.1 0.0 -9.609 0.05 6.704 1.0]
	ConcatTransform [0.93084 0.075225 -0.3576 0.0 -0.362174 0.320176 -0.875396 0.0 0.048643 0.944367 0.325277 0.0 0.157888 -0.595379 2.42874 1.0]
298
	ConcatTransform [1.1 0.0 0.0 0.0 0.0 1.1 0.0 0.0 0.0 0.0 1.1 0.0 -9.609 0.05 6.704 1.0]
	ConcatTransform [0.539245 0.101528 -0.836007 0.0 -0.810665 0.331479 -0.482643 0.0 0.228117 0.937984 0.261053 0.0 0.161906 -0.595433 2.420988 1.0]
299
	ConcatTransform [1.1 0.0 0.0 0.0 0.0 1.1 0.0 0.0 0.0 0.0 1.1 0.0 -9.609 0.05 6.704 1.0]
	ConcatTransform [0.148659 0.119678 -0.98162 0.0 -0.940569 0.32361 -0.102989 0.0 0.305336 0.938592 0.160673 0.0 0.164692 -0.595393 2.415848 1.0]
300
	ConcatTransform [1.1 0.0 0.0 0.0 0.0 1.1 0.0 0.0 0.0 0.0 1.1 0.0 -9.609 0.05 6.704 1.0]
	ConcatTransform [-0.462908 0.129516 -0.876893 0.0 -0.825647 0.296951 0.479715 0.0 0.322525 0.946068 -0.030527 0.0 0.168879 -0.595229 2.408397 1.0]
301
	ConcatTransform [1.1 0.0 0.0 0.0 0.0 1.1 0.0 0.0 0.0 0.0 1.1 0.0 -9.609 0.05 6.704 1.0]
	ConcatTransform [-0.783396 0.120411 -0.609748 0.0 -0.562478 0.279999 0.777958 0.0 0.264403 0.952419 -0.151622 0.0 0.17164 -0.595102 2.403716 1.0]
302
	ConcatTransform [1.1 0.0 0.0 0.0 0.0 1.1 0.0 0.0 0.0 0.0 1.1 0.0 -9.609 0.05 6.704 1.0]
	ConcatTransform [-0.995448 0.090935 -0.028527 0.0 -0.002827 0.271023 0.962569 0.0 0.095262 0.958268 -0.269532 0.0 0.175625 -0.59495 2.397254 1.0]
303
	ConcatTransform [1.1 0.0 0.0 0.0 0.0 1.1 0.0 0.0 0.0 0.0 1.1 0.0 -9.609 0.05 6.704 1.0]
	ConcatTransform [-0.921904 0.070348 0.380977 0.0 0.384953 0.27707 0.880365 0.0 -0.043626 0.958271 -0.282513 0.0 0.178132 -0.594832 2.393456 1.0]
304
	ConcatTransform [1.1 0.0 0.0 0.0 0.0 1.1 0.0 0.0 0.0 0.0 1.1 0.0 -9.609 0.05 6.704 1.0]
	ConcatTransform [-0.521824 0.047987 0.851702 0.0 0.819517 0.305395 0.484898 0.0 -0.236837 0.951016 -0.198688 0.0 0.181487 -0.594665 2.388525 1.0]
305
	ConcatTransform [1.1 0.0 0.0 0.0 0.0 1.1 0.0 0.0 0.0 0.0 1.1 0.0 -9.609 0.05 6.704 1.0]
	ConcatTransform [-0.129683 0.049436 0.990322 0.0 0.93839 0.328768 0.106471 0.0 -0.320323 0.943116 -0.089026 0.0 0.183488 -0.594636 2.385755 1.0]
306
	ConcatTransform [1.1 0.0 0.0 0.0 0.0 1.1 0.0 0.0 0.0 0.0 1.1 0.0 -9.609 0.05 6.704 1.0]
	ConcatTransform [0.47727 0.075409 0.875515 0.0 0.807298 0.355916 -0.470738 0.0 -0.347108 0.931471 0.10899 0.0 0.185995 -0.594682 2.382402 1.0]
307
	ConcatTransform [1.1 0.0 0.0 0.0 0.0 1.1 0.0 0.0 0.0 0.0 1.1 0.0 -9.609 0.05 6.704 1.0]
	ConcatTransform [0.791418 0.098918 0.603219 0.0 0.536474 0.360622 -0.762986 0.0 -0.293007 0.927452 0.232335 0.0 0.187392 -0.594697 2.380759 1.0]
308
	ConcatTransform [1.1 0.0 0.0 0.0 0.0 1.1 0.0 0.0 0.0 0.0 1.1 0.0 -9.609 0.05 6.704 1.0]
	ConcatTransform [0.990981 0.13277 0.018128 0.0 -0.02944 0.347688 -0.937148 0.0 -0.130728 0.928162 0.34846 0.0 0.188955 -0.594721 2.379066 1.0]
309
	ConcatTransform [1.1 0.0 0.0 0.0 0.0 1.1 0.0 0.0 0.0 0.0 1.1 0.0 -9.609 0.05 6.704 1.0]
	ConcatTransform [0.909358 0.143947 -0.390317 0.0 -0.415966 0.328906 -0.847816 0.0 0.006337 0.933327 0.35897 0.0 0.189688 -0.594805 2.378401 1.0]
310
	ConcatTransform [1.1 0.0 0.0 0.0 0.0 1.1 0.0 0.0 0.0 0.0 1.1 0.0 -9.609 0.05 6.704 1.0]
	ConcatTransform [0.499729 0.142347 -0.854405 0.0 -0.844633 0.298734 -0.444244 0.0 0.192003 0.94366 0.269518 0.0 0.190196 -0.594922 2.378078 1.0]
311
	ConcatTransform [1.1 0.0 0.0 0.0 0.0 1.1 0.0 0.0 0.0 0.0 1.1 0.0 -9.609 0.05 6.704 1.0]
	ConcatTransform [0.105333 0.128909 -0.986046 0.0 -0.95602 0.286069 -0.064727 0.0 0.273733 0.949498 0.153373 0.0 0.190246 -0.595049 2.378261 1.0]
312
	ConcatTransform [1.1 0.0 0.0 0.0 0.0 1.1 0.0 0.0 0.0 0.0 1.1 0.0 -9.609 0.05 6.704 1.0]
	ConcatTransform [-0.499212 0.102976 -0.860339 0.0 -0.815137 0.280898 0.506604 0.0 0.293836 0.954197 -0.056288 0.0 0.189796 -0.59518 2.379047 1.0]
313
	ConcatTransform [1.1 0.0 0.0 0.0 0.0 1.1 0.0 0.0 0.0 0.0 1.1 0.0 -9.609 0.05 6.704 1.0]
	ConcatTransform [-0.807904 0.09055 -0.582316 0.0 -0.538529 0.287849 0.791915 0.0 0.239327 0.953385 -0.18379 0.0 0.18927 -0.595263 2.379869 1.0]
314
	ConcatTransform [1.1 0.0 0.0 0.0 0.0 1.1 0.0 0.0 0.0 0.0 1.1 0.0 -9.609 0.05 6.704 1.0]
	ConcatTransform [-0.996628 0.081841 0.005851 0.0 0.030604 0.30462 0.951982 0.0 0.076129 0.948952 -0.306097 0.0 0.188079 -0.595354 2.381395 1.0]
315
	ConcatTransform [1.1 0.0 0.0 0.0 0.0 1.1 0.0 0.0 0.0 0.0 1.1 0.0 -9.609 0.05 6.704 1.0]
	ConcatTransform [-0.907097 0.085309 0.412186 0.0 0.417068 0.314372 0.852775 0.0 -0.05683 0.945459 -0.320745 0.0 0.187112 -0.595403 2.382579 1.0]
316
	ConcatTransform [1.1 0.0 0.0 0.0 0.0 1.1 0.0 0.0 0.0 0.0 1.1 0.0 -9.609 0.05 6.704 1.0]
	ConcatTransform [-0.488056 0.096552 0.867455 0.0 0.840278 0.3208 0.437059 0.0 -0.236081 0.942213 -0.237698 0.0 0.185419 -0.595439 2.384504 1.0]
317
	ConcatTransform [1.1 0.0 0.0 0.0 0.0 1.1 0.0 0.0 0.0 0.0 1.1 0.0 -9.609 0.05 6.704 1.0]
	ConcatTransform [-0.090038 0.10448 0.990443 0.0 0.946217 0.319272 0.052338 0.0 -0.310752 0.941886 -0.127607 0.0 0.184176 -0.595445 2.38582 1.0]
318
	ConcatTransform [1.1 0.0 0.0 0.0 0.0 1.1 0.0 0.0 0.0 0.0 1.1 0.0 -9.609 0.05 6.704 1.0]
	ConcatTransform [0.513555 0.109102 0.851092 0.0 0.795939 0.309955 -0.520008 0.0 -0.320534 0.944471 0.072341 0.0 0.182258 -0.595445 2.3878 1.0]
319
	ConcatTransform [1.1 0.0 0.0 0.0 0.0 1.1 0.0 0.0 0.0 0.0 1.1 0.0 -9.609 0.05 6.704 1.0]
	ConcatTransform [0.817496 0.106514 0.565999 0.0 0.515217 0.303956 -0.801351 0.0 -0.257393 0.946713 0.193605 0.0 0.180944 -0.595437 2.389064 1.0]
320
	ConcatTransform [1.1 0.0 0.0 0.0 0.0 1.1 0.0 0.0 0.0 0.0 1.1 0.0 -9.609 0.05 6.704 1.0]
	ConcatTransform [0.994952 0.096613 -0.027152 0.0 -0.055049 0.299192 -0.952604 0.0 -0.08391 0.949289 0.303 0.0 0.179013 -0.595409 2.390797 1.0]
321
	ConcatTransform [1.1 0.0 0.0 0.0 0.0 1.1 0.0 0.0 0.0 0.0 1.1 0.0 -9.609 0.05 6.704 1.0]
	ConcatTransform [0.897544 0.089262 -0.431794 0.0 -0.437483 0.302389 -0.846858 0.0 0.054977 0.948996 0.310459 0.0 0.177773 -0.595396 2.391866 1.0]
322
	ConcatTransform [1.1 0.0 0.0 0.0 0.0 1.1 0.0 0.0 0.0 0.0 1.1 0.0 -9.609 0.05 6.704 1.0]
	ConcatTransform [0.470078 0.084352 -0.878585 0.0 -0.849526 0.313281 -0.424453 0.0 0.23944 0.945907 0.218926 0.0 0.176038 -0.595384 2.393278 1.0]
323
	ConcatTransform [1.1 0.0 0.0 0.0 0.0 1.1 0.0 0.0 0.0 0.0 1.1 0.0 -9.609 0.05 6.704 1.0]
	ConcatTransform [0.070215 0.08644 -0.99378 0.0 -0.94633 0.320845 -0.038955 0.0 0.315482 0.943179 0.104329 0.0 0.174981 -0.595376 2.394058 1.0]
324
	ConcatTransform [1.1 0.0 0.0 0.0 0.0 1.1 0.0 0.0 0.0 0.0 1.1 0.0 -9.609 0.05 6.704 1.0]
	ConcatTransform [-0.529638 0.095825 -0.842794 0.0 -0.782868 0.327233 0.529185 0.0 0.326499 0.940072 -0.098297 0.0 0.173553 -0.595373 2.394991 1.0]
325
	ConcatTransform [1.1 0.0 0.0 0.0 0.0 1.1 0.0 0.0 0.0 0.0 1.1 0.0 -9.609 0.05 6.704 1.0]
	ConcatTransform [-0.827371 0.10451 -0.551846 0.0 -0.495416 0.327106 0.804714 0.0 0.264613 0.939191 -0.218862 0.0 0.172754 -0.595374 2.395475 1.0]
326
	ConcatTransform [1.1 0.0 0.0 0.0 0.0 1.1 0.0 0.0 0.0 0.0 1.1 0.0 -9.609 0.05 6.704 1.0]
	ConcatTransform [-0.992477 0.114094 0.044404 0.0 0.079137 0.321104 0.943732 0.0 0.093416 0.940146 -0.327717 0.0 0.171768 -0.59537 2.395945 1.0]
327
	ConcatTransform [1.1 0.0 0.0 0.0 0.0 1.1 0.0 0.0 0.0 0.0 1.1 0.0 -9.609 0.05 6.704 1.0]
	ConcatTransform [-0.886794 0.116594 0.447215 0.0 0.460103 0.314018 0.830481 0.0 -0.043604 0.942231 -0.332114 0.0 0.171255 -0.595378 2.396138 1.0]
328
	ConcatTransform [1.1 0.0 0.0 0.0 0.0 1.1 0.0 0.0 0.0 0.0 1.1 0.0 -9.609 0.05 6.704 1.0]
	ConcatTransform [-0.45012 0.113256 0.885757 0.0 0.864567 0.303451 0.400551 0.0 -0.223419 0.946092 -0.234507 0.0 0.170727 -0.595391 2.396255 1.0]
329
	ConcatTransform [1.1 0.0 0.0 0.0 0.0 1.1 0.0 0.0 0.0 0.0 1.1 0.0 -9.609 0.05 6.704 1.0]
	ConcatTransform [-0.047952 0.107961 0.992998 0.0 0.953906 0.299803 0.013469 0.0 -0.296249 0.947873 -0.11736 0.0 0.17051 -0.595398 2.3962 1.0]
330
	ConcatTransform [1.1 0.0 0.0 0.0 0.0 1.1 0.0 0.0 0.0 0.0 1.1 0.0 -9.609 0.05 6.704 1.0]
	ConcatTransform [0.548615 0.097862 0.830328 0.0 0.779174 0.300269 -0.550206 0.0 -0.303166 0.948821 0.088481 0.0 0.170387 -0.595414 2.396013 1.0]
331
	ConcatTransform [1.1 0.0 0.0 0.0 0.0 1.1 0.0 0.0 0.0 0.0 1.1 0.0 -9.609 0.05 6.704 1.0]
	ConcatTransform [0.840467 0.093589 0.53372 0.0 0.486409 0.303759 -0.819229 0.0 -0.238793 0.948141 0.209777 0.0 0.170424 -0.595422 2.395799 1.0]
332
	ConcatTransform [1.1 0.0 0.0 0.0 0.0 1.1 0.0 0.0 0.0 0.0 1.1 0.0 -9.609 0.05 6.704 1.0]
	ConcatTransform [0.993582 0.092191 -0.065544 0.0 -0.091233 0.310576 -0.94616 0.0 -0.066871 0.946067 0.316994 0.0 0.170654 -0.595435 2.3954 1.0]
333
	ConcatTransform [1.1 0.0 0.0 0.0 0.0 1.1 0.0 0.0 0.0 0.0 1.1 0.0 -9.609 0.05 6.704 1.0]
	ConcatTransform [0.87988 0.093351 -0.465937 0.0 -0.470065 0.314696 -0.824624 0.0 0.069649 0.944591 0.320776 0.0 0.17093 -0.595438 2.395095 1.0]
334
	ConcatTransform [1.1 0.0 0.0 0.0 0.0 1.1 0.0 0.0 0.0 0.0 1.1 0.0 -9.609 0.05 6.704 1.0]
	ConcatTransform [0.434245 0.098994 -0.895339 0.0 -0.866702 0.316775 -0.385332 0.0 0.245476 0.94332 0.223357 0.0 0.17143 -0.595447 2.394594 1.0]
335
	ConcatTransform [1.1 0.0 0.0 0.0 0.0 1.1 0.0 0.0 0.0 0.0 1.1 0.0 -9.609 0.05 6.704 1.0]
	ConcatTransform [0.029702 0.102068 -0.994334 0.0 -0.948822 0.315786 0.004072 0.0 0.314412 0.943325 0.106224 0.0 0.171835 -0.595449 2.394242 1.0]
336
	ConcatTransform [1.1 0.0 0.0 0.0 0.0 1.1 0.0 0.0 0.0 0.0 1.1 0.0 -9.609 0.05 6.704 1.0]
	ConcatTransform [-0.564002 0.104219 -0.819171 0.0 -0.763543 0.311981 0.565393 0.0 0.314491 0.944355 -0.096382 0.0 0.172502 -0.595451 2.393729 1.0]
337
	ConcatTransform [1.1 0.0 0.0 0.0 0.0 1.1 0.0 0.0 0.0 0.0 1.1 0.0 -9.609 0.05 6.704 1.0]
	ConcatTransform [-0.85006 0.103416 -0.516434 0.0 -0.465999 0.309266 0.828975 0.0 0.245445 0.945336 -0.214702 0.0 0.172976 -0.595452 2.393409 1.0]
338
	ConcatTransform [1.1 0.0 0.0 0.0 0.0 1.1 0.0 0.0 0.0 0.0 1.1 0.0 -9.609 0.05 6.704 1.0]
	ConcatTransform [-0.991257 0.100083 0.085986 0.0 0.113043 0.308035 0.944635 0.0 0.068055 0.946096 -0.316655 0.0 0.173717 -0.595451 2.392949 1.0]
339
	ConcatTransform [1.1 0.0 0.0 0.0 0.0 1.1 0.0 0.0 0.0 0.0 1.1 0.0 -9.609 0.05 6.704 1.0]
	ConcatTransform [-0.86953 0.097692 0.484122 0.0 0.488941 0.308557 0.815922 0.0 -0.06967 0.946176 -0.316065 0.0 0.174211 -0.595449 2.392687 1.0]
340
	ConcatTransform [1.1 0.0 0.0 0.0 0.0 1.1 0.0 0.0 0.0 0.0 1.1 0.0 -9.609 0.05 6.704 1.0]
	ConcatTransform [-0.415684 0.09604 0.904424 0.0 0.875444 0.311856 0.369248 0.0 -0.246587 0.945263 -0.213711 0.0 0.174926 -0.595449 2.392335 1.0]
341
	ConcatTransform [1.1 0.0 0.0 0.0 0.0 1.1 0.0 0.0 0.0 0.0 1.1 0.0 -9.609 0.05 6.704 1.0]
	ConcatTransform [-0.009458 0.096494 0.995289 0.0 0.94916 0.314065 -0.021429 0.0 -0.314653 0.944485 -0.094559 0.0 0.175383 -0.595448 2.392149 1.0]
342
	ConcatTransform [1.1 0.0 0.0 0.0 0.0 1.1 0.0 0.0 0.0 0.0 1.1 0.0 -9.609 0.05 6.704 1.0]
	ConcatTransform [0.580208 0.099732 0.808339 0.0 0.751688 0.316528 -0.578598 0.0 -0.313567 0.943326 0.108685 0.0 0.176002 -0.595446 2.39193 1.0]
343
	ConcatTransform [1.1 0.0 0.0 0.0 0.0 1.1 0.0 0.0 0.0 0.0 1.1 0.0 -9.609 0.05 6.704 1.0]
	ConcatTransform [0.859954 0.102321 0.50001 0.0 0.448423 0.316345 -0.835968 0.0 -0.243713 0.94311 0.226159 0.0 0.176381 -0.595446 2.391828 1.0]
344
	ConcatTransform [1.1 0.0 0.0 0.0 0.0 1.1 0.0 0.0 0.0 0.0 1.1 0.0 -9.609 0.05 6.704 1.0]
	ConcatTransform [0.988837 0.105552 -0.105165 0.0 -0.133488 0.313997 -0.939993 0.0 -0.066197 0.943538 0.324581 0.0 0.176869 -0.595445 2.391738 1.0]
345
	ConcatTransform [1.1 0.0 0.0 0.0 0.0 1.1 0.0 0.0 0.0 0.0 1.1 0.0 -9.609 0.05 6.704 1.0]
	ConcatTransform [0.859025 0.106056 -0.500827 0.0 -0.507039 0.311217 -0.803776 0.0 0.07062 0.944403 0.321118 0.0 0.177143 -0.595445 2.391705 1.0]
346
	ConcatTransform [1.1 0.0 0.0 0.0 0.0 1.1 0.0 0.0 0.0 0.0 1.1 0.0 -9.609 0.05 6.704 1.0]
	ConcatTransform [0.39665 0.10461 -0.91199 0.0 -0.884859 0.307993 -0.349522 0.0 0.244323 0.94562 0.21473 0.0 0.17747 -0.595446 2.391725 1.0]
347
	ConcatTransform [1.1 0.0 0.0 0.0 0.0 1.1 0.0 0.0 0.0 0.0 1.1 0.0 -9.609 0.05 6.704 1.0]
	ConcatTransform [-0.011352 0.102442 -0.994674 0.0 -0.950766 0.306986 0.042467 0.0 0.309701 0.946185 0.093914 0.0 0.177636 -0.595447 2.391768 1.0]
348
	ConcatTransform [1.1 0.0 0.0 0.0 0.0 1.1 0.0 0.0 0.0 0.0 1.1 0.0 -9.609 0.05 6.704 1.0]
	ConcatTransform [-0.59718 0.098864 -0.795991 0.0 -0.742375 0.307663 0.595167 0.0 0.303738 0.946345 -0.110336 0.0 0.177805 -0.595449 2.391865 1.0]
349
	ConcatTransform [1.1 0.0 0.0 0.0 0.0 1.1 0.0 0.0 0.0 0.0 1.1 0.0 -9.609 0.05 6.704 1.0]
	ConcatTransform [-0.870656 0.097382 -0.482157 0.0 -0.434039 0.30912 0.8462 0.0 0.231449 0.946024 -0.226869 0.0 0.177866 -0.595449 2.391954 1.0]
350
	ConcatTransform [1.1 0.0 0.0 0.0 0.0 1.1 0.0 0.0 0.0 0.0 1.1 0.0 -9.609 0.05 6.704 1.0]
	ConcatTransform [-0.987334 0.097216 0.12538 0.0 0.149854 0.311899 0.938223 0.0 0.052105 0.945128 -0.322517 0.0 0.177898 -0.595451 2.392106 1.0]
351
	ConcatTransform [1.1 0.0 0.0 0.0 0.0 1.1 0.0 0.0 0.0 0.0 1.1 0.0 -9.609 0.05 6.704 1.0]
	ConcatTransform [-0.849585 0.098101 0.518248 0.0 0.520647 0.313285 0.794216 0.0 -0.084446 0.944579 -0.317238 0.0 0.177875 -0.595451 2.392218 1.0]
352
	ConcatTransform [1.1 0.0 0.0 0.0 0.0 1.1 0.0 0.0 0.0 0.0 1.1 0.0 -9.609 0.05 6.704 1.0]
	ConcatTransform [-0.378956 0.100268 0.919967 0.0 0.889458 0.313883 0.332178 0.0 -0.255455 0.944152 -0.208132 0.0 0.177791 -0.595452 2.392392 1.0]
353
	ConcatTransform [1.1 0.0 0.0 0.0 0.0 1.1 0.0 0.0 0.0 0.0 1.1 0.0 -9.609 0.05 6.704 1.0]
	ConcatTransform [0.030732 0.101517 0.994359 0.0 0.947652 0.313369 -0.061281 0.0 -0.317822 0.94419 -0.086572 0.0 0.177705 -0.595453 2.392508 1.0]
354
	ConcatTransform [1.1 0.0 0.0 0.0 0.0 1.1 0.0 0.0 0.0 0.0 1.1 0.0 -9.609 0.05 6.704 1.0]
	ConcatTransform [0.612603 0.102309 0.783741 0.0 0.728438 0.311755 -0.610072 0.0 -0.306751 0.944638 0.116456 0.0 0.177544 -0.595453 2.392672 1.0]
355
	ConcatTransform [1.1 0.0 0.0 0.0 0.0 1.1 0.0 0.0 0.0 0.0 1.1 0.0 -9.609 0.05 6.704 1.0]
	ConcatTransform [0.879745 0.102039 0.464367 0.0 0.415247 0.31078 -0.854977 0.0 -0.231557 0.944989 0.231036 0.0 0.177418 -0.595453 2.392774 1.0]
356
	ConcatTransform [1.1 0.0 0.0 0.0 0.0 1.1 0.0 0.0 0.0 0.0 1.1 0.0 -9.609 0.05 6.704 1.0]
	ConcatTransform [0.984225 0.10069 -0.145474 0.0 -0.169979 0.310098 -0.935386 0.0 -0.049073 0.945357 0.322321 0.0 0.177215 -0.595453 2.392911 1.0]
357
	ConcatTransform [1.1 0.0 0.0 0.0 0.0 1.1 0.0 0.0 0.0 0.0 1.1 0.0 -9.609 0.05 6.704 1.0]
	ConcatTransform [0.83862 0.099803 -0.535496 0.0 -0.537575 0.310306 -0.784043 0.0 0.087918 0.945383 0.31388 0.0 0.177071 -0.595453 2.392991 1.0]
358
	ConcatTransform [1.1 0.0 0.0 0.0 0.0 1.1 0.0 0.0 0.0 0.0 1.1 0.0 -9.609 0.05 6.704 1.0]
	ConcatTransform [0.360119 0.099057 -0.927632 0.0 -0.896601 0.311444 -0.314815 0.0 0.257721 0.945087 0.200972 0.0 0.176858 -0.595453 2.393092 1.0]
359
	ConcatTransform [1.1 0.0 0.0 0.0 0.0 1.1 0.0 0.0 0.0 0.0 1.1 0.0 -9.609 0.05 6.704 1.0]
	ConcatTransform [-0.050897 0.099202 -0.993765 0.0 -0.946652 0.312257 0.079655 0.0 0.318212 0.944804 0.078017 0.0 0.176717 -0.595453 2.393143 1.0]
360
	ConcatTransform [1.1 0.0 0.0 0.0 0.0 1.1 0.0 0.0 0.0 0.0 1.1 0.0 -9.609 0.05 6.704 1.0]
	ConcatTransform [-0.435325 0.43373 0.788905 0.0 0.199562 -0.808004 0.554351 0.0 0.877876 0.398758 0.265189 0.0 -4.731893 -121.897217 -4.097536 1.0]
