228
	ConcatTransform [1.1 0.0 0.0 0.0 0.0 1.1 0.0 0.0 0.0 0.0 1.1 0.0 -9.609 0.05 6.704 1.0]
	ConcatTransform [0.995873 0.079877 -0.04308 0.0 -0.079163 0.996699 0.018024 0.0 0.044378 -0.014539 0.998909 0.0 -0.000989 -0.01641 0.002501 1.0]
229
	ConcatTransform [1.1 0.0 0.0 0.0 0.0 1.1 0.0 0.0 0.0 0.0 1.1 0.0 -9.609 0.05 6.704 1.0]
	ConcatTransform [0.984903 0.161754 -0.061658 0.0 -0.158781 0.986025 0.050431 0.0 0.068954 -0.039879 0.996822 0.0 0.001455 -0.035414 0.001698 1.0]
230
	ConcatTransform [1.1 0.0 0.0 0.0 0.0 1.1 0.0 0.0 0.0 0.0 1.1 0.0 -9.609 0.05 6.704 1.0]
	ConcatTransform [0.958165 0.278497 -0.066023 0.0 -0.267359 0.953244 0.140875 0.0 0.102169 -0.117329 0.987824 0.0 0.00562 -0.081438 0.000458 1.0]
231
	ConcatTransform [1.1 0.0 0.0 0.0 0.0 1.1 0.0 0.0 0.0 0.0 1.1 0.0 -9.609 0.05 6.704 1.0]
	ConcatTransform [0.929066 0.357199 -0.09615 0.0 -0.337369 0.924811 0.175804 0.0 0.151717 -0.130896 0.979718 0.0 0.007889 -0.125316 -0.00027 1.0]
232
	ConcatTransform [1.1 0.0 0.0 0.0 0.0 1.1 0.0 0.0 0.0 0.0 1.1 0.0 -9.609 0.05 6.704 1.0]
	ConcatTransform [0.874443 0.470173 -0.119526 0.0 -0.433209 0.867684 0.243834 0.0 0.218355 -0.161439 0.962423 0.0 0.011368 -0.209602 -0.001204 1.0]
233
	ConcatTransform [1.1 0.0 0.0 0.0 0.0 1.1 0.0 0.0 0.0 0.0 1.1 0.0 -9.609 0.05 6.704 1.0]
	ConcatTransform [0.836735 0.532708 -0.126872 0.0 -0.482332 0.826642 0.289859 0.0 0.259289 -0.181341 0.948623 0.0 0.013817 -0.278201 -0.001789 1.0]
234
	ConcatTransform [1.1 0.0 0.0 0.0 0.0 1.1 0.0 0.0 0.0 0.0 1.1 0.0 -9.609 0.05 6.704 1.0]
	ConcatTransform [0.835524 0.529196 -0.147826 0.0 -0.437088 0.803176 0.4048 0.0 0.332948 -0.273607 0.902377 0.0 0.017585 -0.350986 -0.016832 1.0]
235
	ConcatTransform [1.1 0.0 0.0 0.0 0.0 1.1 0.0 0.0 0.0 0.0 1.1 0.0 -9.609 0.05 6.704 1.0]
	ConcatTransform [0.829599 0.529671 -0.176674 0.0 -0.392416 0.778181 0.490351 0.0 0.397209 -0.337465 0.85343 0.0 0.019443 -0.379822 -0.03491 1.0]
236
	ConcatTransform [1.1 0.0 0.0 0.0 0.0 1.1 0.0 0.0 0.0 0.0 1.1 0.0 -9.609 0.05 6.704 1.0]
	ConcatTransform [0.847275 0.48648 -0.213219 0.0 -0.289316 0.759339 0.582838 0.0 0.445445 -0.432137 0.784115 0.0 0.024371 -0.411243 -0.054017 1.0]
237
	ConcatTransform [1.1 0.0 0.0 0.0 0.0 1.1 0.0 0.0 0.0 0.0 1.1 0.0 -9.609 0.05 6.704 1.0]
	ConcatTransform [0.799868 0.498758 -0.333843 0.0 -0.19779 0.744225 0.637971 0.0 0.566648 -0.444262 0.693932 0.0 0.02769 -0.408844 -0.066404 1.0]
238
	ConcatTransform [1.1 0.0 0.0 0.0 0.0 1.1 0.0 0.0 0.0 0.0 1.1 0.0 -9.609 0.05 6.704 1.0]
	ConcatTransform [0.664417 0.49981 -0.555644 0.0 0.023432 0.729177 0.683924 0.0 0.746994 -0.46743 0.472766 0.0 0.032205 -0.38909 -0.083917 1.0]
239
	ConcatTransform [1.1 0.0 0.0 0.0 0.0 1.1 0.0 0.0 0.0 0.0 1.1 0.0 -9.609 0.05 6.704 1.0]
	ConcatTransform [0.561785 0.496894 -0.661434 0.0 0.23768 0.668874 0.704355 0.0 0.792405 -0.552905 0.257662 0.0 0.03579 -0.383614 -0.095269 1.0]
240
	ConcatTransform [1.1 0.0 0.0 0.0 0.0 1.1 0.0 0.0 0.0 0.0 1.1 0.0 -9.609 0.05 6.704 1.0]
	ConcatTransform [0.311581 0.573793 -0.757416 0.0 0.460959 0.605751 0.648523 0.0 0.830924 -0.551205 -0.075755 0.0 0.039654 -0.393899 -0.112328 1.0]
241
	ConcatTransform [1.1 0.0 0.0 0.0 0.0 1.1 0.0 0.0 0.0 0.0 1.1 0.0 -9.609 0.05 6.704 1.0]
	ConcatTransform [0.110661 0.612642 -0.782575 0.0 0.571365 0.605065 0.554472 0.0 0.813201 -0.508495 -0.283085 0.0 0.04185 -0.413344 -0.123988 1.0]
242
	ConcatTransform [1.1 0.0 0.0 0.0 0.0 1.1 0.0 0.0 0.0 0.0 1.1 0.0 -9.609 0.05 6.704 1.0]
	ConcatTransform [-0.186344 0.639205 -0.746119 0.0 0.692983 0.623844 0.361378 0.0 0.696456 -0.449707 -0.559207 0.0 0.045655 -0.463397 -0.141635 1.0]
243
	ConcatTransform [1.1 0.0 0.0 0.0 0.0 1.1 0.0 0.0 0.0 0.0 1.1 0.0 -9.609 0.05 6.704 1.0]
	ConcatTransform [-0.376607 0.63764 -0.671999 0.0 0.71879 0.658749 0.222238 0.0 0.584387 -0.39933 -0.706419 0.0 0.048816 -0.497887 -0.151641 1.0]
244
	ConcatTransform [1.1 0.0 0.0 0.0 0.0 1.1 0.0 0.0 0.0 0.0 1.1 0.0 -9.609 0.05 6.704 1.0]
	ConcatTransform [-0.609521 0.602486 -0.515263 0.0 0.72829 0.682301 -0.063717 0.0 0.313175 -0.414097 -0.85466 0.0 0.058292 -0.499931 -0.158426 1.0]
245
	ConcatTransform [1.1 0.0 0.0 0.0 0.0 1.1 0.0 0.0 0.0 0.0 1.1 0.0 -9.609 0.05 6.704 1.0]
	ConcatTransform [-0.733385 0.564514 -0.378775 0.0 0.665103 0.711106 -0.227963 0.0 0.140661 -0.419109 -0.896974 0.0 0.065386 -0.500934 -0.160902 1.0]
246
	ConcatTransform [1.1 0.0 0.0 0.0 0.0 1.1 0.0 0.0 0.0 0.0 1.1 0.0 -9.609 0.05 6.704 1.0]
	ConcatTransform [-0.850773 0.5005 -0.160266 0.0 0.517305 0.743807 -0.423258 0.0 -0.092633 -0.443003 -0.891722 0.0 0.077319 -0.501373 -0.16194 1.0]
247
	ConcatTransform [1.1 0.0 0.0 0.0 0.0 1.1 0.0 0.0 0.0 0.0 1.1 0.0 -9.609 0.05 6.704 1.0]
	ConcatTransform [-0.882098 0.470703 -0.018476 0.0 0.408884 0.745595 -0.526214 0.0 -0.233915 -0.471727 -0.850151 0.0 0.085738 -0.501317 -0.161568 1.0]
248
	ConcatTransform [1.1 0.0 0.0 0.0 0.0 1.1 0.0 0.0 0.0 0.0 1.1 0.0 -9.609 0.05 6.704 1.0]
	ConcatTransform [-0.779912 0.618417 0.09642 0.0 0.408774 0.619946 -0.669754 0.0 -0.473963 -0.482936 -0.736296 0.0 0.102801 -0.500812 -0.161722 1.0]
249
	ConcatTransform [1.1 0.0 0.0 0.0 0.0 1.1 0.0 0.0 0.0 0.0 1.1 0.0 -9.609 0.05 6.704 1.0]
	ConcatTransform [-0.772689 0.596322 0.217603 0.0 0.311003 0.654467 -0.689167 0.0 -0.55338 -0.464836 -0.691157 0.0 0.114524 -0.501437 -0.161555 1.0]
250
	ConcatTransform [1.1 0.0 0.0 0.0 0.0 1.1 0.0 0.0 0.0 0.0 1.1 0.0 -9.609 0.05 6.704 1.0]
	ConcatTransform [-0.743959 0.551228 0.37772 0.0 0.142421 0.683071 -0.716331 0.0 -0.652871 -0.479126 -0.586684 0.0 0.133774 -0.502055 -0.162957 1.0]
251
	ConcatTransform [1.1 0.0 0.0 0.0 0.0 1.1 0.0 0.0 0.0 0.0 1.1 0.0 -9.609 0.05 6.704 1.0]
	ConcatTransform [-0.705524 0.521075 0.48033 0.0 0.029859 0.69903 -0.714469 0.0 -0.708057 -0.489733 -0.508741 0.0 0.14728 -0.502088 -0.164506 1.0]
252
	ConcatTransform [1.1 0.0 0.0 0.0 0.0 1.1 0.0 0.0 0.0 0.0 1.1 0.0 -9.609 0.05 6.704 1.0]
	ConcatTransform [-0.620043 0.48871 0.613766 0.0 -0.131382 0.706574 -0.695335 0.0 -0.773489 -0.511776 -0.373899 0.0 0.167675 -0.501258 -0.167617 1.0]
253
	ConcatTransform [1.1 0.0 0.0 0.0 0.0 1.1 0.0 0.0 0.0 0.0 1.1 0.0 -9.609 0.05 6.704 1.0]
	ConcatTransform [-0.547001 0.476885 0.688019 0.0 -0.231217 0.703839 -0.671677 0.0 -0.804567 -0.52649 -0.274737 0.0 0.180933 -0.500544 -0.170008 1.0]
254
	ConcatTransform [1.1 0.0 0.0 0.0 0.0 1.1 0.0 0.0 0.0 0.0 1.1 0.0 -9.609 0.05 6.704 1.0]
	ConcatTransform [-0.431255 0.472693 0.768493 0.0 -0.371938 0.682883 -0.628755 0.0 -0.821999 -0.556985 -0.118684 0.0 0.199088 -0.498448 -0.17361 1.0]
255
	ConcatTransform [1.1 0.0 0.0 0.0 0.0 1.1 0.0 0.0 0.0 0.0 1.1 0.0 -9.609 0.05 6.704 1.0]
	ConcatTransform [-0.350748 0.471236 0.809266 0.0 -0.461921 0.664666 -0.587238 0.0 -0.81462 -0.57979 -0.015456 0.0 0.209489 -0.496768 -0.175636 1.0]
256
	ConcatTransform [1.1 0.0 0.0 0.0 0.0 1.1 0.0 0.0 0.0 0.0 1.1 0.0 -9.609 0.05 6.704 1.0]
	ConcatTransform [-0.213045 0.496283 0.841614 0.0 -0.565656 0.639697 -0.520406 0.0 -0.796646 -0.586934 0.144441 0.0 0.222975 -0.496185 -0.178527 1.0]
257
	ConcatTransform [1.1 0.0 0.0 0.0 0.0 1.1 0.0 0.0 0.0 0.0 1.1 0.0 -9.609 0.05 6.704 1.0]
	ConcatTransform [-0.11092 0.504512 0.85625 0.0 -0.621125 0.637382 -0.456013 0.0 -0.775822 -0.582419 0.242667 0.0 0.230349 -0.496289 -0.180286 1.0]
258
	ConcatTransform [1.1 0.0 0.0 0.0 0.0 1.1 0.0 0.0 0.0 0.0 1.1 0.0 -9.609 0.05 6.704 1.0]
	ConcatTransform [0.049535 0.517298 0.85437 0.0 -0.681871 0.642563 -0.349521 0.0 -0.729793 -0.565257 0.38456 0.0 0.239056 -0.497231 -0.183239 1.0]
259
	ConcatTransform [1.1 0.0 0.0 0.0 0.0 1.1 0.0 0.0 0.0 0.0 1.1 0.0 -9.609 0.05 6.704 1.0]
	ConcatTransform [0.1549 0.521837 0.838864 0.0 -0.712713 0.647035 -0.270899 0.0 -0.684139 -0.555906 0.472145 0.0 0.243156 -0.497745 -0.185268 1.0]
260
	ConcatTransform [1.1 0.0 0.0 0.0 0.0 1.1 0.0 0.0 0.0 0.0 1.1 0.0 -9.609 0.05 6.704 1.0]
	ConcatTransform [0.307792 0.52107 0.796084 0.0 -0.741886 0.655299 -0.142083 0.0 -0.595709 -0.546872 0.58827 0.0 0.247031 -0.498361 -0.188137 1.0]
261
	ConcatTransform [1.1 0.0 0.0 0.0 0.0 1.1 0.0 0.0 0.0 0.0 1.1 0.0 -9.609 0.05 6.704 1.0]
	ConcatTransform [0.406599 0.521793 0.74994 0.0 -0.745002 0.664499 -0.058423 0.0 -0.528819 -0.534952 0.658921 0.0 0.248412 -0.499022 -0.189962 1.0]
262
	ConcatTransform [1.1 0.0 0.0 0.0 0.0 1.1 0.0 0.0 0.0 0.0 1.1 0.0 -9.609 0.05 6.704 1.0]
	ConcatTransform [0.543004 0.524233 0.655993 0.0 -0.730223 0.680514 0.06062 0.0 -0.414633 -0.511938 0.752329 0.0 0.248924 -0.499934 -0.192458 1.0]
263
	ConcatTransform [1.1 0.0 0.0 0.0 0.0 1.1 0.0 0.0 0.0 0.0 1.1 0.0 -9.609 0.05 6.704 1.0]
	ConcatTransform [0.622462 0.521724 0.583391 0.0 -0.710523 0.689258 0.141708 0.0 -0.328174 -0.50272 0.799734 0.0 0.248385 -0.500255 -0.19381 1.0]
264
	ConcatTransform [1.1 0.0 0.0 0.0 0.0 1.1 0.0 0.0 0.0 0.0 1.1 0.0 -9.609 0.05 6.704 1.0]
	ConcatTransform [0.724165 0.507659 0.466763 0.0 -0.661888 0.701672 0.263744 0.0 -0.193623 -0.499939 0.84414 0.0 0.246847 -0.500848 -0.195179 1.0]
265
	ConcatTransform [1.1 0.0 0.0 0.0 0.0 1.1 0.0 0.0 0.0 0.0 1.1 0.0 -9.609 0.05 6.704 1.0]
	ConcatTransform [0.778328 0.497481 0.383037 0.0 -0.61873 0.711385 0.333323 0.0 -0.106665 -0.496432 0.861498 0.0 0.245535 -0.50083 -0.195767 1.0]
266
	ConcatTransform [1.1 0.0 0.0 0.0 0.0 1.1 0.0 0.0 0.0 0.0 1.1 0.0 -9.609 0.05 6.704 1.0]
	ConcatTransform [0.832647 0.484083 0.269002 0.0 -0.55362 0.715082 0.426805 0.0 0.01425 -0.504303 0.863409 0.0 0.243084 -0.500578 -0.195974 1.0]
267
	ConcatTransform [1.1 0.0 0.0 0.0 0.0 1.1 0.0 0.0 0.0 0.0 1.1 0.0 -9.609 0.05 6.704 1.0]
	ConcatTransform [0.852146 0.483953 0.199089 0.0 -0.515126 0.708756 0.481985 0.0 0.092153 -0.513277 0.853261 0.0 0.241332 -0.500353 -0.195641 1.0]
268
	ConcatTransform [1.1 0.0 0.0 0.0 0.0 1.1 0.0 0.0 0.0 0.0 1.1 0.0 -9.609 0.05 6.704 1.0]
	ConcatTransform [0.875672 0.470564 0.108486 0.0 -0.447826 0.707241 0.547049 0.0 0.180696 -0.527618 0.830041 0.0 0.239161 -0.499744 -0.194338 1.0]
269
	ConcatTransform [1.1 0.0 0.0 0.0 0.0 1.1 0.0 0.0 0.0 0.0 1.1 0.0 -9.609 0.05 6.704 1.0]
	ConcatTransform [0.879975 0.472539 0.048479 0.0 -0.410691 0.705549 0.577524 0.0 0.238698 -0.528117 0.814933 0.0 0.238266 -0.499649 -0.192823 1.0]
270
	ConcatTransform [1.1 0.0 0.0 0.0 0.0 1.1 0.0 0.0 0.0 0.0 1.1 0.0 -9.609 0.05 6.704 1.0]
	ConcatTransform [0.873651 0.483822 -0.051471 0.0 -0.358004 0.710863 0.605399 0.0 0.329494 -0.51048 0.794256 0.0 0.237635 -0.500318 -0.189783 1.0]
271
	ConcatTransform [1.1 0.0 0.0 0.0 0.0 1.1 0.0 0.0 0.0 0.0 1.1 0.0 -9.609 0.05 6.704 1.0]
	ConcatTransform [0.864038 0.48934 -0.118255 0.0 -0.320066 0.715277 0.621238 0.0 0.388582 -0.498925 0.774647 0.0 0.237561 -0.50114 -0.187348 1.0]
272
	ConcatTransform [1.1 0.0 0.0 0.0 0.0 1.1 0.0 0.0 0.0 0.0 1.1 0.0 -9.609 0.05 6.704 1.0]
	ConcatTransform [0.842368 0.493559 -0.216369 0.0 -0.258515 0.722376 0.641361 0.0 0.472849 -0.484327 0.736098 0.0 0.237899 -0.501045 -0.183485 1.0]
273
	ConcatTransform [1.1 0.0 0.0 0.0 0.0 1.1 0.0 0.0 0.0 0.0 1.1 0.0 -9.609 0.05 6.704 1.0]
	ConcatTransform [0.822878 0.495509 -0.278105 0.0 -0.215421 0.724945 0.654254 0.0 0.5258 -0.478462 0.703284 0.0 0.238309 -0.500926 -0.180761 1.0]
274
	ConcatTransform [1.1 0.0 0.0 0.0 0.0 1.1 0.0 0.0 0.0 0.0 1.1 0.0 -9.609 0.05 6.704 1.0]
	ConcatTransform [0.786926 0.496346 -0.36659 0.0 -0.147382 0.728099 0.669441 0.0 0.599188 -0.472771 0.646112 0.0 0.23909 -0.50079 -0.176686 1.0]
275
	ConcatTransform [1.1 0.0 0.0 0.0 0.0 1.1 0.0 0.0 0.0 0.0 1.1 0.0 -9.609 0.05 6.704 1.0]
	ConcatTransform [0.758216 0.496341 -0.422792 0.0 -0.100738 0.729845 0.67615 0.0 0.644174 -0.470077 0.603381 0.0 0.239684 -0.500736 -0.174065 1.0]
276
	ConcatTransform [1.1 0.0 0.0 0.0 0.0 1.1 0.0 0.0 0.0 0.0 1.1 0.0 -9.609 0.05 6.704 1.0]
	ConcatTransform [0.707758 0.496031 -0.503024 0.0 -0.030285 0.732688 0.679891 0.0 0.705806 -0.465964 0.533588 0.0 0.240647 -0.500723 -0.170392 1.0]
277
	ConcatTransform [1.1 0.0 0.0 0.0 0.0 1.1 0.0 0.0 0.0 0.0 1.1 0.0 -9.609 0.05 6.704 1.0]
	ConcatTransform [0.669616 0.49658 -0.552288 0.0 0.016882 0.733246 0.679754 0.0 0.742515 -0.464498 0.48261 0.0 0.241339 -0.500717 -0.168141 1.0]
278
	ConcatTransform [1.1 0.0 0.0 0.0 0.0 1.1 0.0 0.0 0.0 0.0 1.1 0.0 -9.609 0.05 6.704 1.0]
	ConcatTransform [0.607574 0.496952 -0.61959 0.0 0.089479 0.73229 0.675089 0.0 0.789207 -0.465607 0.400454 0.0 0.242421 -0.50073 -0.165102 1.0]
279
	ConcatTransform [1.1 0.0 0.0 0.0 0.0 1.1 0.0 0.0 0.0 0.0 1.1 0.0 -9.609 0.05 6.704 1.0]
	ConcatTransform [0.56208 0.496807 -0.661248 0.0 0.136965 0.732544 0.666798 0.0 0.815663 -0.465362 0.343704 0.0 0.243099 -0.500689 -0.163324 1.0]
280
	ConcatTransform [1.1 0.0 0.0 0.0 0.0 1.1 0.0 0.0 0.0 0.0 1.1 0.0 -9.609 0.05 6.704 1.0]
	ConcatTransform [0.489777 0.494212 -0.718243 0.0 0.208605 0.73346 0.646932 0.0 0.846524 -0.466681 0.256137 0.0 0.244033 -0.500651 -0.160991 1.0]
281
	ConcatTransform [1.1 0.0 0.0 0.0 0.0 1.1 0.0 0.0 0.0 0.0 1.1 0.0 -9.609 0.05 6.704 1.0]
	ConcatTransform [0.438398 0.493828 -0.75096 0.0 0.254929 0.732896 0.630772 0.0 0.861869 -0.467971 0.195409 0.0 0.244581 -0.500646 -0.159625 1.0]
282
	ConcatTransform [1.1 0.0 0.0 0.0 0.0 1.1 0.0 0.0 0.0 0.0 1.1 0.0 -9.609 0.05 6.704 1.0]
	ConcatTransform [0.357801 0.495051 -0.791772 0.0 0.320941 0.731058 0.602122 0.0 0.876912 -0.469552 0.102691 0.0 0.245338 -0.500689 -0.157905 1.0]
283
	ConcatTransform [1.1 0.0 0.0 0.0 0.0 1.1 0.0 0.0 0.0 0.0 1.1 0.0 -9.609 0.05 6.704 1.0]
	ConcatTransform [0.302231 0.496394 -0.813787 0.0 0.36207 0.729949 0.579724 0.0 0.881795 -0.469858 0.040884 0.0 0.245741 -0.500677 -0.156928 1.0]
284
	ConcatTransform [1.1 0.0 0.0 0.0 0.0 1.1 0.0 0.0 0.0 0.0 1.1 0.0 -9.609 0.05 6.704 1.0]
	ConcatTransform [0.21708 0.496473 -0.840471 0.0 0.420218 0.729611 0.539523 0.0 0.881075 -0.470301 -0.050243 0.0 0.246205 -0.500659 -0.155683 1.0]
285
	ConcatTransform [1.1 0.0 0.0 0.0 0.0 1.1 0.0 0.0 0.0 0.0 1.1 0.0 -9.609 0.05 6.704 1.0]
	ConcatTransform [0.159207 0.497431 -0.852769 0.0 0.456714 0.728689 0.510319 0.0 0.875252 -0.470718 -0.111171 0.0 0.246438 -0.500761 -0.154969 1.0]
286
	ConcatTransform [1.1 0.0 0.0 0.0 0.0 1.1 0.0 0.0 0.0 0.0 1.1 0.0 -9.609 0.05 6.704 1.0]
	ConcatTransform [0.072107 0.499057 -0.863564 0.0 0.508792 0.726288 0.462209 0.0 0.857865 -0.472703 -0.201545 0.0 0.246754 -0.500758 -0.154178 1.0]
287
	ConcatTransform [1.1 0.0 0.0 0.0 0.0 1.1 0.0 0.0 0.0 0.0 1.1 0.0 -9.609 0.05 6.704 1.0]
	ConcatTransform [0.013147 0.498658 -0.866699 0.0 0.540121 0.725899 0.425841 0.0 0.841485 -0.47372 -0.259792 0.0 0.246896 -0.500723 -0.153744 1.0]
288
	ConcatTransform [1.1 0.0 0.0 0.0 0.0 1.1 0.0 0.0 0.0 0.0 1.1 0.0 -9.609 0.05 6.704 1.0]
	ConcatTransform [-0.07568 0.498249 -0.863725 0.0 0.581789 0.725548 0.367563 0.0 0.809811 -0.474688 -0.344785 0.0 0.247019 -0.500691 -0.15317 1.0]
289
	ConcatTransform [1.1 0.0 0.0 0.0 0.0 1.1 0.0 0.0 0.0 0.0 1.1 0.0 -9.609 0.05 6.704 1.0]
	ConcatTransform [-0.134378 0.498322 -0.856515 0.0 0.606322 0.725015 0.32669 0.0 0.783783 -0.475424 -0.39957 0.0 0.247061 -0.50068 -0.152837 1.0]
290
	ConcatTransform [1.1 0.0 0.0 0.0 0.0 1.1 0.0 0.0 0.0 0.0 1.1 0.0 -9.609 0.05 6.704 1.0]
	ConcatTransform [-0.219924 0.501577 -0.836692 0.0 0.639078 0.722088 0.264893 0.0 0.737029 -0.476456 -0.479351 0.0 0.24711 -0.500799 -0.152515 1.0]
291
	ConcatTransform [1.1 0.0 0.0 0.0 0.0 1.1 0.0 0.0 0.0 0.0 1.1 0.0 -9.609 0.05 6.704 1.0]
	ConcatTransform [-0.276295 0.502963 -0.818956 0.0 0.656453 0.72114 0.221419 0.0 0.701948 -0.476429 -0.529419 0.0 0.247117 -0.500806 -0.152451 1.0]
292
	ConcatTransform [1.1 0.0 0.0 0.0 0.0 1.1 0.0 0.0 0.0 0.0 1.1 0.0 -9.609 0.05 6.704 1.0]
	ConcatTransform [-0.359772 0.502862 -0.785935 0.0 0.674902 0.721885 0.152936 0.0 0.64426 -0.475407 -0.599097 0.0 0.247105 -0.50078 -0.152448 1.0]
293
	ConcatTransform [1.1 0.0 0.0 0.0 0.0 1.1 0.0 0.0 0.0 0.0 1.1 0.0 -9.609 0.05 6.704 1.0]
	ConcatTransform [-0.413258 0.502455 -0.759445 0.0 0.683537 0.722198 0.10586 0.0 0.60166 -0.475361 -0.641901 0.0 0.247107 -0.500738 -0.152454 1.0]
294
	ConcatTransform [1.1 0.0 0.0 0.0 0.0 1.1 0.0 0.0 0.0 0.0 1.1 0.0 -9.609 0.05 6.704 1.0]
	ConcatTransform [-0.488786 0.504059 -0.712048 0.0 0.691721 0.721279 0.035761 0.0 0.531611 -0.475059 -0.70122 0.0 0.247105 -0.500811 -0.152492 1.0]
295
	ConcatTransform [1.1 0.0 0.0 0.0 0.0 1.1 0.0 0.0 0.0 0.0 1.1 0.0 -9.609 0.05 6.704 1.0]
	ConcatTransform [-0.536113 0.505597 -0.675984 0.0 0.693305 0.720561 -0.010912 0.0 0.481571 -0.474513 -0.736836 0.0 0.247065 -0.500817 -0.152603 1.0]
296
	ConcatTransform [1.1 0.0 0.0 0.0 0.0 1.1 0.0 0.0 0.0 0.0 1.1 0.0 -9.609 0.05 6.704 1.0]
	ConcatTransform [-0.6023 0.507837 -0.615902 0.0 0.689477 0.719792 -0.080751 0.0 0.402314 -0.473287 -0.783673 0.0 0.246956 -0.500823 -0.152861 1.0]
297
	ConcatTransform [1.1 0.0 0.0 0.0 0.0 1.1 0.0 0.0 0.0 0.0 1.1 0.0 -9.609 0.05 6.704 1.0]
	ConcatTransform [-0.64292 0.508821 -0.572499 0.0 0.682807 0.719403 -0.127411 0.0 0.347028 -0.472822 -0.809945 0.0 0.246863 -0.500824 -0.153082 1.0]
298
	ConcatTransform [1.1 0.0 0.0 0.0 0.0 1.1 0.0 0.0 0.0 0.0 1.1 0.0 -9.609 0.05 6.704 1.0]
	ConcatTransform [-0.698289 0.509802 -0.502488 0.0 0.666432 0.719228 -0.196418 0.0 0.261269 -0.472031 -0.841977 0.0 0.246705 -0.500858 -0.153445 1.0]
299
	ConcatTransform [1.1 0.0 0.0 0.0 0.0 1.1 0.0 0.0 0.0 0.0 1.1 0.0 -9.609 0.05 6.704 1.0]
	ConcatTransform [-0.731335 0.509854 -0.452988 0.0 0.651206 0.719404 -0.241636 0.0 0.202682 -0.471706 -0.858145 0.0 0.246607 -0.500857 -0.153684 1.0]
300
	ConcatTransform [1.1 0.0 0.0 0.0 0.0 1.1 0.0 0.0 0.0 0.0 1.1 0.0 -9.609 0.05 6.704 1.0]
	ConcatTransform [-0.776269 0.505984 -0.376016 0.0 0.619855 0.721289 -0.309067 0.0 0.114833 -0.472994 -0.87355 0.0 0.246521 -0.50077 -0.153972 1.0]
301
	ConcatTransform [1.1 0.0 0.0 0.0 0.0 1.1 0.0 0.0 0.0 0.0 1.1 0.0 -9.609 0.05 6.704 1.0]
	ConcatTransform [-0.800609 0.502304 -0.326674 0.0 0.59625 0.721788 -0.351438 0.0 0.05926 -0.476144 -0.877368 0.0 0.246532 -0.500741 -0.154109 1.0]
302
	ConcatTransform [1.1 0.0 0.0 0.0 0.0 1.1 0.0 0.0 0.0 0.0 1.1 0.0 -9.609 0.05 6.704 1.0]
	ConcatTransform [-0.827545 0.501388 -0.252545 0.0 0.560939 0.720266 -0.408123 0.0 -0.022728 -0.479403 -0.877301 0.0 0.246639 -0.5007 -0.154259 1.0]
303
	ConcatTransform [1.1 0.0 0.0 0.0 0.0 1.1 0.0 0.0 0.0 0.0 1.1 0.0 -9.609 0.05 6.704 1.0]
	ConcatTransform [-0.842536 0.498256 -0.20463 0.0 0.533659 0.720618 -0.442627 0.0 -0.073082 -0.482132 -0.873045 0.0 0.246684 -0.50068 -0.154393 1.0]
304
	ConcatTransform [1.1 0.0 0.0 0.0 0.0 1.1 0.0 0.0 0.0 0.0 1.1 0.0 -9.609 0.05 6.704 1.0]
	ConcatTransform [-0.859974 0.492171 -0.134953 0.0 0.489778 0.721647 -0.489227 0.0 -0.143395 -0.48682 -0.861652 0.0 0.246642 -0.500698 -0.154677 1.0]
305
	ConcatTransform [1.1 0.0 0.0 0.0 0.0 1.1 0.0 0.0 0.0 0.0 1.1 0.0 -9.609 0.05 6.704 1.0]
	ConcatTransform [-0.867201 0.489736 -0.09012 0.0 0.461192 0.721659 -0.516246 0.0 -0.187788 -0.489251 -0.851686 0.0 0.246528 -0.500642 -0.154958 1.0]
306
	ConcatTransform [1.1 0.0 0.0 0.0 0.0 1.1 0.0 0.0 0.0 0.0 1.1 0.0 -9.609 0.05 6.704 1.0]
	ConcatTransform [-0.871964 0.488869 -0.026196 0.0 0.420581 0.720627 -0.551188 0.0 -0.250581 -0.491634 -0.83397 0.0 0.246155 -0.500666 -0.155558 1.0]
307
	ConcatTransform [1.1 0.0 0.0 0.0 0.0 1.1 0.0 0.0 0.0 0.0 1.1 0.0 -9.609 0.05 6.704 1.0]
	ConcatTransform [-0.872958 0.487615 0.013247 0.0 0.393733 0.720396 -0.570967 0.0 -0.287955 -0.493215 -0.820866 0.0 0.245703 -0.500626 -0.156099 1.0]
308
	ConcatTransform [1.1 0.0 0.0 0.0 0.0 1.1 0.0 0.0 0.0 0.0 1.1 0.0 -9.609 0.05 6.704 1.0]
	ConcatTransform [-0.871754 0.485266 0.067541 0.0 0.354932 0.720529 -0.595702 0.0 -0.33774 -0.495333 -0.800361 0.0 0.24469 -0.500548 -0.157183 1.0]
309
	ConcatTransform [1.1 0.0 0.0 0.0 0.0 1.1 0.0 0.0 0.0 0.0 1.1 0.0 -9.609 0.05 6.704 1.0]
	ConcatTransform [-0.868599 0.485143 0.100855 0.0 0.331648 0.720409 -0.609114 0.0 -0.368164 -0.495628 -0.786644 0.0 0.243794 -0.500529 -0.158091 1.0]
310
	ConcatTransform [1.1 0.0 0.0 0.0 0.0 1.1 0.0 0.0 0.0 0.0 1.1 0.0 -9.609 0.05 6.704 1.0]
	ConcatTransform [-0.860269 0.488128 0.1472 0.0 0.301399 0.719769 -0.625372 0.0 -0.411211 -0.493623 -0.766317 0.0 0.242102 -0.500626 -0.159671 1.0]
311
	ConcatTransform [1.1 0.0 0.0 0.0 0.0 1.1 0.0 0.0 0.0 0.0 1.1 0.0 -9.609 0.05 6.704 1.0]
	ConcatTransform [-0.854158 0.489839 0.17456 0.0 0.282939 0.719426 -0.634327 0.0 -0.436302 -0.492426 -0.753098 0.0 0.240733 -0.500667 -0.160877 1.0]
312
	ConcatTransform [1.1 0.0 0.0 0.0 0.0 1.1 0.0 0.0 0.0 0.0 1.1 0.0 -9.609 0.05 6.704 1.0]
	ConcatTransform [-0.843239 0.494003 0.211918 0.0 0.259303 0.719159 -0.644648 0.0 -0.470861 -0.488641 -0.73452 0.0 0.238391 -0.500697 -0.162841 1.0]
313
	ConcatTransform [1.1 0.0 0.0 0.0 0.0 1.1 0.0 0.0 0.0 0.0 1.1 0.0 -9.609 0.05 6.704 1.0]
	ConcatTransform [-0.835081 0.497748 0.234278 0.0 0.245681 0.718466 -0.650729 0.0 -0.49222 -0.485854 -0.722264 0.0 0.236684 -0.50074 -0.16427 1.0]
314
	ConcatTransform [1.1 0.0 0.0 0.0 0.0 1.1 0.0 0.0 0.0 0.0 1.1 0.0 -9.609 0.05 6.704 1.0]
	ConcatTransform [-0.824917 0.498997 0.265543 0.0 0.224352 0.720226 -0.656461 0.0 -0.518823 -0.481951 -0.706078 0.0 0.233944 -0.500754 -0.166499 1.0]
315
	ConcatTransform [1.1 0.0 0.0 0.0 0.0 1.1 0.0 0.0 0.0 0.0 1.1 0.0 -9.609 0.05 6.704 1.0]
	ConcatTransform [-0.818315 0.499563 0.284249 0.0 0.212407 0.722375 -0.658071 0.0 -0.534083 -0.478132 -0.697241 0.0 0.232067 -0.500743 -0.167984 1.0]
316
	ConcatTransform [1.1 0.0 0.0 0.0 0.0 1.1 0.0 0.0 0.0 0.0 1.1 0.0 -9.609 0.05 6.704 1.0]
	ConcatTransform [-0.808961 0.501598 0.306564 0.0 0.198622 0.724038 -0.660544 0.0 -0.553292 -0.473464 -0.685347 0.0 0.229242 -0.500706 -0.170213 1.0]
317
	ConcatTransform [1.1 0.0 0.0 0.0 0.0 1.1 0.0 0.0 0.0 0.0 1.1 0.0 -9.609 0.05 6.704 1.0]
	ConcatTransform [-0.803411 0.502866 0.318836 0.0 0.191261 0.725053 -0.661603 0.0 -0.56387 -0.470558 -0.678694 0.0 0.227376 -0.500729 -0.171638 1.0]
318
	ConcatTransform [1.1 0.0 0.0 0.0 0.0 1.1 0.0 0.0 0.0 0.0 1.1 0.0 -9.609 0.05 6.704 1.0]
	ConcatTransform [-0.796238 0.503741 0.335038 0.0 0.180871 0.72668 -0.662738 0.0 -0.577314 -0.467098 -0.669722 0.0 0.224643 -0.500729 -0.173647 1.0]
319
	ConcatTransform [1.1 0.0 0.0 0.0 0.0 1.1 0.0 0.0 0.0 0.0 1.1 0.0 -9.609 0.05 6.704 1.0]
	ConcatTransform [-0.790997 0.504738 0.345779 0.0 0.174363 0.727699 -0.663364 0.0 -0.586448 -0.464428 -0.663615 0.0 0.222904 -0.500684 -0.174872 1.0]
320
	ConcatTransform [1.1 0.0 0.0 0.0 0.0 1.1 0.0 0.0 0.0 0.0 1.1 0.0 -9.609 0.05 6.704 1.0]
	ConcatTransform [-0.783771 0.506835 0.358918 0.0 0.164131 0.726414 -0.66737 0.0 -0.59897 -0.464156 -0.65253 0.0 0.220448 -0.500705 -0.176545 1.0]
321
	ConcatTransform [1.1 0.0 0.0 0.0 0.0 1.1 0.0 0.0 0.0 0.0 1.1 0.0 -9.609 0.05 6.704 1.0]
	ConcatTransform [-0.77936 0.506839 0.368391 0.0 0.156328 0.726639 -0.668998 0.0 -0.606761 -0.4638 -0.645546 0.0 0.218927 -0.500672 -0.177507 1.0]
322
	ConcatTransform [1.1 0.0 0.0 0.0 0.0 1.1 0.0 0.0 0.0 0.0 1.1 0.0 -9.609 0.05 6.704 1.0]
	ConcatTransform [-0.772937 0.505768 0.383103 0.0 0.143852 0.727771 -0.670564 0.0 -0.617961 -0.463194 -0.635276 0.0 0.216841 -0.500642 -0.178745 1.0]
323
	ConcatTransform [1.1 0.0 0.0 0.0 0.0 1.1 0.0 0.0 0.0 0.0 1.1 0.0 -9.609 0.05 6.704 1.0]
	ConcatTransform [-0.768358 0.505995 0.391912 0.0 0.13565 0.72718 -0.67291 0.0 -0.62548 -0.463873 -0.627373 0.0 0.21559 -0.5007 -0.179447 1.0]
324
	ConcatTransform [1.1 0.0 0.0 0.0 0.0 1.1 0.0 0.0 0.0 0.0 1.1 0.0 -9.609 0.05 6.704 1.0]
	ConcatTransform [-0.761346 0.506896 0.404238 0.0 0.123463 0.725433 -0.67713 0.0 -0.636482 -0.465622 -0.614888 0.0 0.213919 -0.500685 -0.180316 1.0]
325
	ConcatTransform [1.1 0.0 0.0 0.0 0.0 1.1 0.0 0.0 0.0 0.0 1.1 0.0 -9.609 0.05 6.704 1.0]
	ConcatTransform [-0.756712 0.506677 0.413117 0.0 0.115008 0.725238 -0.678824 0.0 -0.643553 -0.466162 -0.607068 0.0 0.212933 -0.500669 -0.180783 1.0]
326
	ConcatTransform [1.1 0.0 0.0 0.0 0.0 1.1 0.0 0.0 0.0 0.0 1.1 0.0 -9.609 0.05 6.704 1.0]
	ConcatTransform [-0.749835 0.505458 0.426918 0.0 0.10185 0.72575 -0.680377 0.0 -0.653738 -0.466689 -0.595674 0.0 0.211633 -0.500656 -0.181338 1.0]
327
	ConcatTransform [1.1 0.0 0.0 0.0 0.0 1.1 0.0 0.0 0.0 0.0 1.1 0.0 -9.609 0.05 6.704 1.0]
	ConcatTransform [-0.744998 0.505258 0.435537 0.0 0.093262 0.725393 -0.681987 0.0 -0.660515 -0.46746 -0.587538 0.0 0.210885 -0.500654 -0.181638 1.0]
328
	ConcatTransform [1.1 0.0 0.0 0.0 0.0 1.1 0.0 0.0 0.0 0.0 1.1 0.0 -9.609 0.05 6.704 1.0]
	ConcatTransform [-0.737344 0.505786 0.447777 0.0 0.080719 0.724085 -0.684971 0.0 -0.670677 -0.468915 -0.574726 0.0 0.209927 -0.500717 -0.181984 1.0]
329
	ConcatTransform [1.1 0.0 0.0 0.0 0.0 1.1 0.0 0.0 0.0 0.0 1.1 0.0 -9.609 0.05 6.704 1.0]
	ConcatTransform [-0.732296 0.505485 0.45632 0.0 0.072057 0.723841 -0.686194 0.0 -0.677164 -0.469616 -0.566489 0.0 0.209384 -0.500695 -0.182143 1.0]
330
	ConcatTransform [1.1 0.0 0.0 0.0 0.0 1.1 0.0 0.0 0.0 0.0 1.1 0.0 -9.609 0.05 6.704 1.0]
	ConcatTransform [-0.724786 0.504631 0.469077 0.0 0.058681 0.723574 -0.687748 0.0 -0.686471 -0.470944 -0.554048 0.0 0.208701 -0.500729 -0.182276 1.0]
331
	ConcatTransform [1.1 0.0 0.0 0.0 0.0 1.1 0.0 0.0 0.0 0.0 1.1 0.0 -9.609 0.05 6.704 1.0]
	ConcatTransform [-0.719422 0.504402 0.477505 0.0 0.050097 0.723371 -0.688639 0.0 -0.692764 -0.471501 -0.545678 0.0 0.208327 -0.500704 -0.182327 1.0]
332
	ConcatTransform [1.1 0.0 0.0 0.0 0.0 1.1 0.0 0.0 0.0 0.0 1.1 0.0 -9.609 0.05 6.704 1.0]
	ConcatTransform [-0.711056 0.504487 0.489789 0.0 0.037432 0.722749 -0.690096 0.0 -0.702139 -0.472363 -0.532799 0.0 0.20787 -0.500683 -0.182375 1.0]
333
	ConcatTransform [1.1 0.0 0.0 0.0 0.0 1.1 0.0 0.0 0.0 0.0 1.1 0.0 -9.609 0.05 6.704 1.0]
	ConcatTransform [-0.705429 0.504214 0.498135 0.0 0.028849 0.722648 -0.690614 0.0 -0.708193 -0.472808 -0.524323 0.0 0.20762 -0.500675 -0.182383 1.0]
334
	ConcatTransform [1.1 0.0 0.0 0.0 0.0 1.1 0.0 0.0 0.0 0.0 1.1 0.0 -9.609 0.05 6.704 1.0]
	ConcatTransform [-0.696866 0.50352 0.51073 0.0 0.01585 0.722754 -0.690924 0.0 -0.717026 -0.473387 -0.511643 0.0 0.207318 -0.500669 -0.18237 1.0]
335
	ConcatTransform [1.1 0.0 0.0 0.0 0.0 1.1 0.0 0.0 0.0 0.0 1.1 0.0 -9.609 0.05 6.704 1.0]
	ConcatTransform [-0.690928 0.503372 0.518878 0.0 0.007353 0.722606 -0.691221 0.0 -0.722886 -0.473769 -0.50297 0.0 0.207161 -0.500667 -0.182355 1.0]
336
	ConcatTransform [1.1 0.0 0.0 0.0 0.0 1.1 0.0 0.0 0.0 0.0 1.1 0.0 -9.609 0.05 6.704 1.0]
	ConcatTransform [-0.681887 0.503392 0.530686 0.0 -0.005442 0.722007 -0.691865 0.0 -0.731437 -0.474661 -0.489588 0.0 0.20698 -0.500724 -0.18231 1.0]
337
	ConcatTransform [1.1 0.0 0.0 0.0 0.0 1.1 0.0 0.0 0.0 0.0 1.1 0.0 -9.609 0.05 6.704 1.0]
	ConcatTransform [-0.675665 0.503183 0.53878 0.0 -0.013893 0.722017 -0.691736 0.0 -0.737078 -0.474867 -0.480851 0.0 0.206887 -0.500702 -0.182276 1.0]
338
	ConcatTransform [1.1 0.0 0.0 0.0 0.0 1.1 0.0 0.0 0.0 0.0 1.1 0.0 -9.609 0.05 6.704 1.0]
	ConcatTransform [-0.666145 0.502809 0.550849 0.0 -0.026563 0.722116 -0.691262 0.0 -0.745349 -0.475113 -0.467678 0.0 0.20678 -0.500683 -0.182226 1.0]
339
	ConcatTransform [1.1 0.0 0.0 0.0 0.0 1.1 0.0 0.0 0.0 0.0 1.1 0.0 -9.609 0.05 6.704 1.0]
	ConcatTransform [-0.659639 0.502693 0.558727 0.0 -0.034937 0.722089 -0.690918 0.0 -0.75077 -0.475276 -0.458756 0.0 0.206727 -0.500676 -0.182197 1.0]
340
	ConcatTransform [1.1 0.0 0.0 0.0 0.0 1.1 0.0 0.0 0.0 0.0 1.1 0.0 -9.609 0.05 6.704 1.0]
	ConcatTransform [-0.649798 0.502723 0.570116 0.0 -0.047592 0.721667 -0.690603 0.0 -0.758616 -0.475885 -0.445011 0.0 0.206669 -0.50076 -0.182157 1.0]
341
	ConcatTransform [1.1 0.0 0.0 0.0 0.0 1.1 0.0 0.0 0.0 0.0 1.1 0.0 -9.609 0.05 6.704 1.0]
	ConcatTransform [-0.643026 0.502568 0.577878 0.0 -0.05591 0.721744 -0.689898 0.0 -0.763801 -0.475932 -0.436001 0.0 0.206645 -0.500725 -0.182122 1.0]
342
	ConcatTransform [1.1 0.0 0.0 0.0 0.0 1.1 0.0 0.0 0.0 0.0 1.1 0.0 -9.609 0.05 6.704 1.0]
	ConcatTransform [-0.632667 0.502399 0.589345 0.0 -0.068324 0.721832 -0.688687 0.0 -0.771404 -0.475976 -0.422353 0.0 0.206615 -0.500695 -0.182083 1.0]
343
	ConcatTransform [1.1 0.0 0.0 0.0 0.0 1.1 0.0 0.0 0.0 0.0 1.1 0.0 -9.609 0.05 6.704 1.0]
	ConcatTransform [-0.625767 0.502504 0.596578 0.0 -0.076728 0.721469 -0.688183 0.0 -0.776227 -0.476417 -0.412915 0.0 0.206605 -0.500761 -0.182051 1.0]
344
	ConcatTransform [1.1 0.0 0.0 0.0 0.0 1.1 0.0 0.0 0.0 0.0 1.1 0.0 -9.609 0.05 6.704 1.0]
	ConcatTransform [-0.614971 0.502324 0.60785 0.0 -0.088969 0.721723 -0.68644 0.0 -0.783515 -0.47622 -0.399148 0.0 0.206599 -0.500713 -0.181997 1.0]
345
	ConcatTransform [1.1 0.0 0.0 0.0 0.0 1.1 0.0 0.0 0.0 0.0 1.1 0.0 -9.609 0.05 6.704 1.0]
	ConcatTransform [-0.607836 0.502475 0.614862 0.0 -0.097318 0.721347 -0.685702 0.0 -0.788077 -0.476632 -0.389561 0.0 0.2066 -0.500761 -0.18196 1.0]
346
	ConcatTransform [1.1 0.0 0.0 0.0 0.0 1.1 0.0 0.0 0.0 0.0 1.1 0.0 -9.609 0.05 6.704 1.0]
	ConcatTransform [-0.596893 0.502581 0.625404 0.0 -0.109725 0.721036 -0.684155 0.0 -0.794782 -0.476989 -0.375236 0.0 0.206609 -0.500741 -0.181899 1.0]
347
	ConcatTransform [1.1 0.0 0.0 0.0 0.0 1.1 0.0 0.0 0.0 0.0 1.1 0.0 -9.609 0.05 6.704 1.0]
	ConcatTransform [-0.589338 0.502505 0.632589 0.0 -0.117783 0.721209 -0.682631 0.0 -0.799254 -0.476809 -0.365849 0.0 0.206614 -0.500713 -0.181867 1.0]
348
	ConcatTransform [1.1 0.0 0.0 0.0 0.0 1.1 0.0 0.0 0.0 0.0 1.1 0.0 -9.609 0.05 6.704 1.0]
	ConcatTransform [-0.577746 0.5025 0.643198 0.0 -0.129685 0.7215 -0.680161 0.0 -0.805848 -0.476374 -0.351677 0.0 0.206624 -0.500741 -0.18183 1.0]
349
	ConcatTransform [1.1 0.0 0.0 0.0 0.0 1.1 0.0 0.0 0.0 0.0 1.1 0.0 -9.609 0.05 6.704 1.0]
	ConcatTransform [-0.570026 0.502411 0.650118 0.0 -0.137757 0.721615 -0.67845 0.0 -0.809996 -0.476293 -0.342129 0.0 0.206627 -0.500713 -0.181815 1.0]
350
	ConcatTransform [1.1 0.0 0.0 0.0 0.0 1.1 0.0 0.0 0.0 0.0 1.1 0.0 -9.609 0.05 6.704 1.0]
	ConcatTransform [-0.558293 0.5024 0.660229 0.0 -0.149813 0.721668 -0.675834 0.0 -0.816005 -0.476224 -0.327636 0.0 0.206633 -0.50076 -0.181805 1.0]
351
	ConcatTransform [1.1 0.0 0.0 0.0 0.0 1.1 0.0 0.0 0.0 0.0 1.1 0.0 -9.609 0.05 6.704 1.0]
	ConcatTransform [-0.550318 0.502584 0.666753 0.0 -0.157732 0.721593 -0.674109 0.0 -0.819921 -0.476143 -0.317832 0.0 0.206647 -0.50076 -0.181794 1.0]
352
	ConcatTransform [1.1 0.0 0.0 0.0 0.0 1.1 0.0 0.0 0.0 0.0 1.1 0.0 -9.609 0.05 6.704 1.0]
	ConcatTransform [-0.53869 0.502588 0.67618 0.0 -0.170245 0.721091 -0.671598 0.0 -0.825124 -0.4769 -0.302882 0.0 0.206682 -0.500761 -0.181752 1.0]
353
	ConcatTransform [1.1 0.0 0.0 0.0 0.0 1.1 0.0 0.0 0.0 0.0 1.1 0.0 -9.609 0.05 6.704 1.0]
	ConcatTransform [-0.530561 0.502434 0.682689 0.0 -0.178191 0.721286 -0.669324 0.0 -0.828705 -0.476766 -0.293157 0.0 0.206713 -0.500726 -0.181721 1.0]
354
	ConcatTransform [1.1 0.0 0.0 0.0 0.0 1.1 0.0 0.0 0.0 0.0 1.1 0.0 -9.609 0.05 6.704 1.0]
	ConcatTransform [-0.518228 0.502814 0.691822 0.0 -0.19 0.721018 -0.666358 0.0 -0.83387 -0.476772 -0.278117 0.0 0.206763 -0.500761 -0.181684 1.0]
355
	ConcatTransform [1.1 0.0 0.0 0.0 0.0 1.1 0.0 0.0 0.0 0.0 1.1 0.0 -9.609 0.05 6.704 1.0]
	ConcatTransform [-0.510134 0.502455 0.698071 0.0 -0.198199 0.721104 -0.663872 0.0 -0.836947 -0.477021 -0.268274 0.0 0.206798 -0.500742 -0.181652 1.0]
356
	ConcatTransform [1.1 0.0 0.0 0.0 0.0 1.1 0.0 0.0 0.0 0.0 1.1 0.0 -9.609 0.05 6.704 1.0]
	ConcatTransform [-0.497478 0.50276 0.706929 0.0 -0.209839 0.72098 -0.660421 0.0 -0.841715 -0.476886 -0.253173 0.0 0.206853 -0.500741 -0.181626 1.0]
357
	ConcatTransform [1.1 0.0 0.0 0.0 0.0 1.1 0.0 0.0 0.0 0.0 1.1 0.0 -9.609 0.05 6.704 1.0]
	ConcatTransform [-0.48904 0.502908 0.712688 0.0 -0.217688 0.720836 -0.658033 0.0 -0.844661 -0.476948 -0.243041 0.0 0.206889 -0.500741 -0.181616 1.0]
358
	ConcatTransform [1.1 0.0 0.0 0.0 0.0 1.1 0.0 0.0 0.0 0.0 1.1 0.0 -9.609 0.05 6.704 1.0]
	ConcatTransform [-0.476444 0.502895 0.721178 0.0 -0.229683 0.720584 -0.65422 0.0 -0.848674 -0.477342 -0.227812 0.0 0.206951 -0.500761 -0.181599 1.0]
359
	ConcatTransform [1.1 0.0 0.0 0.0 0.0 1.1 0.0 0.0 0.0 0.0 1.1 0.0 -9.609 0.05 6.704 1.0]
	ConcatTransform [-0.467717 0.502661 0.72703 0.0 -0.23733 0.720918 -0.651116 0.0 -0.85142 -0.477084 -0.217889 0.0 0.206992 -0.500726 -0.181594 1.0]
360
	ConcatTransform [1.1 0.0 0.0 0.0 0.0 1.1 0.0 0.0 0.0 0.0 1.1 0.0 -9.609 0.05 6.704 1.0]
	ConcatTransform [0.85895 0.50228 -0.099602 0.0 -0.35379 0.722746 0.593692 0.0 0.370186 -0.474714 0.798504 0.0 0.138589 -0.501048 0.164736 1.0]
