228
	ConcatTransform [1.1 0.0 0.0 0.0 0.0 1.1 0.0 0.0 0.0 0.0 1.1 0.0 -9.609 0.05 6.704 1.0]
	ConcatTransform [0.988648 -0.006639 -0.150107 0.0 0.010684 0.999601 0.026153 0.0 0.149873 -0.02746 0.988324 0.0 0.000578 -0.001282 -0.007909 1.0]
229
	ConcatTransform [1.1 0.0 0.0 0.0 0.0 1.1 0.0 0.0 0.0 0.0 1.1 0.0 -9.609 0.05 6.704 1.0]
	ConcatTransform [0.968213 0.006224 -0.250051 0.0 0.010113 0.997899 0.063995 0.0 0.249924 -0.06449 0.966116 0.0 0.002306 -0.011027 -0.019678 1.0]
230
	ConcatTransform [1.1 0.0 0.0 0.0 0.0 1.1 0.0 0.0 0.0 0.0 1.1 0.0 -9.609 0.05 6.704 1.0]
	ConcatTransform [0.929201 0.015948 -0.369231 0.0 0.02852 0.992995 0.114664 0.0 0.368473 -0.117076 0.922237 0.0 0.005478 -0.044468 -0.03744 1.0]
231
	ConcatTransform [1.1 0.0 0.0 0.0 0.0 1.1 0.0 0.0 0.0 0.0 1.1 0.0 -9.609 0.05 6.704 1.0]
	ConcatTransform [0.900881 0.022074 -0.433504 0.0 0.051551 0.986197 0.157347 0.0 0.430993 -0.164099 0.887309 0.0 0.007929 -0.078887 -0.049235 1.0]
232
	ConcatTransform [1.1 0.0 0.0 0.0 0.0 1.1 0.0 0.0 0.0 0.0 1.1 0.0 -9.609 0.05 6.704 1.0]
	ConcatTransform [0.848289 0.040482 -0.527983 0.0 0.090803 0.971185 0.220353 0.0 0.52169 -0.234865 0.82017 0.0 0.011541 -0.148991 -0.06693 1.0]
233
	ConcatTransform [1.1 0.0 0.0 0.0 0.0 1.1 0.0 0.0 0.0 0.0 1.1 0.0 -9.609 0.05 6.704 1.0]
	ConcatTransform [0.806328 0.060573 -0.588359 0.0 0.119024 0.957775 0.261725 0.0 0.579369 -0.281065 0.765071 0.0 0.013885 -0.208051 -0.078698 1.0]
234
	ConcatTransform [1.1 0.0 0.0 0.0 0.0 1.1 0.0 0.0 0.0 0.0 1.1 0.0 -9.609 0.05 6.704 1.0]
	ConcatTransform [0.731818 0.10432 -0.673469 0.0 0.16387 0.932285 0.322478 0.0 0.661505 -0.346356 0.665168 0.0 0.017273 -0.315196 -0.096213 1.0]
235
	ConcatTransform [1.1 0.0 0.0 0.0 0.0 1.1 0.0 0.0 0.0 0.0 1.1 0.0 -9.609 0.05 6.704 1.0]
	ConcatTransform [0.735592 0.182693 -0.652325 0.0 0.227116 0.840707 0.491559 0.0 0.638219 -0.50974 0.576924 0.0 0.018154 -0.386031 -0.116084 1.0]
236
	ConcatTransform [1.1 0.0 0.0 0.0 0.0 1.1 0.0 0.0 0.0 0.0 1.1 0.0 -9.609 0.05 6.704 1.0]
	ConcatTransform [0.790975 0.231706 -0.566278 0.0 0.232417 0.742364 0.628394 0.0 0.565987 -0.628656 0.533339 0.0 0.009234 -0.458043 -0.186258 1.0]
237
	ConcatTransform [1.1 0.0 0.0 0.0 0.0 1.1 0.0 0.0 0.0 0.0 1.1 0.0 -9.609 0.05 6.704 1.0]
	ConcatTransform [0.836048 0.26917 -0.478091 0.0 0.181507 0.68663 0.703985 0.0 0.517763 -0.675342 0.525199 0.0 0.001516 -0.46736 -0.254538 1.0]
238
	ConcatTransform [1.1 0.0 0.0 0.0 0.0 1.1 0.0 0.0 0.0 0.0 1.1 0.0 -9.609 0.05 6.704 1.0]
	ConcatTransform [0.895375 0.350064 -0.275242 0.0 0.0449 0.543968 0.837904 0.0 0.443043 -0.762597 0.471338 0.0 -0.006996 -0.480103 -0.359465 1.0]
239
	ConcatTransform [1.1 0.0 0.0 0.0 0.0 1.1 0.0 0.0 0.0 0.0 1.1 0.0 -9.609 0.05 6.704 1.0]
	ConcatTransform [0.921049 0.358336 -0.152528 0.0 -0.024009 0.443151 0.896125 0.0 0.388707 -0.821713 0.416767 0.0 -0.012394 -0.479968 -0.43142 1.0]
240
	ConcatTransform [1.1 0.0 0.0 0.0 0.0 1.1 0.0 0.0 0.0 0.0 1.1 0.0 -9.609 0.05 6.704 1.0]
	ConcatTransform [0.934591 0.349338 0.067096 0.0 -0.160378 0.245437 0.956054 0.0 0.317519 -0.904281 0.28541 0.0 -0.019689 -0.467985 -0.535838 1.0]
241
	ConcatTransform [1.1 0.0 0.0 0.0 0.0 1.1 0.0 0.0 0.0 0.0 1.1 0.0 -9.609 0.05 6.704 1.0]
	ConcatTransform [0.923361 0.317214 0.216288 0.0 -0.268518 0.130911 0.954338 0.0 0.274415 -0.939275 0.206055 0.0 -0.023458 -0.459361 -0.603205 1.0]
242
	ConcatTransform [1.1 0.0 0.0 0.0 0.0 1.1 0.0 0.0 0.0 0.0 1.1 0.0 -9.609 0.05 6.704 1.0]
	ConcatTransform [0.903375 0.216308 0.370304 0.0 -0.378786 -0.002418 0.925481 0.0 0.201084 -0.976322 0.07975 0.0 -0.027749 -0.432921 -0.688613 1.0]
243
	ConcatTransform [1.1 0.0 0.0 0.0 0.0 1.1 0.0 0.0 0.0 0.0 1.1 0.0 -9.609 0.05 6.704 1.0]
	ConcatTransform [0.890415 0.161311 0.425604 0.0 -0.421568 -0.060223 0.904795 0.0 0.171585 -0.985064 0.01438 0.0 -0.029674 -0.409228 -0.735844 1.0]
244
	ConcatTransform [1.1 0.0 0.0 0.0 0.0 1.1 0.0 0.0 0.0 0.0 1.1 0.0 -9.609 0.05 6.704 1.0]
	ConcatTransform [0.853111 0.084729 0.514803 0.0 -0.508203 -0.088265 0.856702 0.0 0.118027 -0.992487 -0.03224 0.0 -0.03039 -0.384639 -0.80174 1.0]
245
	ConcatTransform [1.1 0.0 0.0 0.0 0.0 1.1 0.0 0.0 0.0 0.0 1.1 0.0 -9.609 0.05 6.704 1.0]
	ConcatTransform [0.824586 0.025749 0.56515 0.0 -0.560805 -0.094413 0.822547 0.0 0.074538 -0.9952 -0.063411 0.0 -0.030472 -0.379201 -0.844172 1.0]
246
	ConcatTransform [1.1 0.0 0.0 0.0 0.0 1.1 0.0 0.0 0.0 0.0 1.1 0.0 -9.609 0.05 6.704 1.0]
	ConcatTransform [0.781183 -0.059178 0.621491 0.0 -0.624269 -0.084213 0.776657 0.0 0.006377 -0.994689 -0.102728 0.0 -0.033127 -0.374243 -0.892876 1.0]
247
	ConcatTransform [1.1 0.0 0.0 0.0 0.0 1.1 0.0 0.0 0.0 0.0 1.1 0.0 -9.609 0.05 6.704 1.0]
	ConcatTransform [0.758549 -0.090201 0.645342 0.0 -0.651323 -0.075268 0.755059 0.0 -0.019534 -0.993075 -0.115844 0.0 -0.036546 -0.373061 -0.915565 1.0]
248
	ConcatTransform [1.1 0.0 0.0 0.0 0.0 1.1 0.0 0.0 0.0 0.0 1.1 0.0 -9.609 0.05 6.704 1.0]
	ConcatTransform [0.751115 -0.130507 0.647143 0.0 -0.656281 -0.041354 0.753382 0.0 -0.07156 -0.990585 -0.116711 0.0 -0.042487 -0.379568 -0.939708 1.0]
249
	ConcatTransform [1.1 0.0 0.0 0.0 0.0 1.1 0.0 0.0 0.0 0.0 1.1 0.0 -9.609 0.05 6.704 1.0]
	ConcatTransform [0.741018 -0.120895 0.660513 0.0 -0.666196 -0.009138 0.745721 0.0 -0.084118 -0.992623 -0.087311 0.0 -0.047832 -0.389885 -0.950384 1.0]
250
	ConcatTransform [1.1 0.0 0.0 0.0 0.0 1.1 0.0 0.0 0.0 0.0 1.1 0.0 -9.609 0.05 6.704 1.0]
	ConcatTransform [0.748711 -0.112146 0.653341 0.0 -0.650553 0.065008 0.756674 0.0 -0.12733 -0.991563 -0.024284 0.0 -0.056177 -0.414712 -0.958114 1.0]
251
	ConcatTransform [1.1 0.0 0.0 0.0 0.0 1.1 0.0 0.0 0.0 0.0 1.1 0.0 -9.609 0.05 6.704 1.0]
	ConcatTransform [0.763481 -0.094157 0.63893 0.0 -0.626489 0.132331 0.768115 0.0 -0.156874 -0.986723 0.042044 0.0 -0.062413 -0.434037 -0.955693 1.0]
252
	ConcatTransform [1.1 0.0 0.0 0.0 0.0 1.1 0.0 0.0 0.0 0.0 1.1 0.0 -9.609 0.05 6.704 1.0]
	ConcatTransform [0.76376 -0.030431 0.644783 0.0 -0.625817 0.209889 0.751199 0.0 -0.158192 -0.977252 0.141261 0.0 -0.073974 -0.463979 -0.93896 1.0]
253
	ConcatTransform [1.1 0.0 0.0 0.0 0.0 1.1 0.0 0.0 0.0 0.0 1.1 0.0 -9.609 0.05 6.704 1.0]
	ConcatTransform [0.770538 0.000101 0.637394 0.0 -0.608442 0.298082 0.73549 0.0 -0.189921 -0.95454 0.229745 0.0 -0.081186 -0.484378 -0.920955 1.0]
254
	ConcatTransform [1.1 0.0 0.0 0.0 0.0 1.1 0.0 0.0 0.0 0.0 1.1 0.0 -9.609 0.05 6.704 1.0]
	ConcatTransform [0.779413 0.052778 0.624283 0.0 -0.575428 0.454402 0.680001 0.0 -0.247786 -0.889232 0.384537 0.0 -0.091067 -0.510802 -0.885276 1.0]
255
	ConcatTransform [1.1 0.0 0.0 0.0 0.0 1.1 0.0 0.0 0.0 0.0 1.1 0.0 -9.609 0.05 6.704 1.0]
	ConcatTransform [0.775749 0.106573 0.621977 0.0 -0.574471 0.527155 0.626172 0.0 -0.261145 -0.84306 0.470162 0.0 -0.097141 -0.520327 -0.85514 1.0]
256
	ConcatTransform [1.1 0.0 0.0 0.0 0.0 1.1 0.0 0.0 0.0 0.0 1.1 0.0 -9.609 0.05 6.704 1.0]
	ConcatTransform [0.764655 0.189337 0.615999 0.0 -0.586119 0.601679 0.542629 0.0 -0.267894 -0.775973 0.571051 0.0 -0.104424 -0.52546 -0.804864 1.0]
257
	ConcatTransform [1.1 0.0 0.0 0.0 0.0 1.1 0.0 0.0 0.0 0.0 1.1 0.0 -9.609 0.05 6.704 1.0]
	ConcatTransform [0.75655 0.236894 0.609519 0.0 -0.593816 0.639254 0.488607 0.0 -0.27389 -0.731598 0.624299 0.0 -0.107842 -0.524521 -0.770234 1.0]
258
	ConcatTransform [1.1 0.0 0.0 0.0 0.0 1.1 0.0 0.0 0.0 0.0 1.1 0.0 -9.609 0.05 6.704 1.0]
	ConcatTransform [0.741037 0.301832 0.599801 0.0 -0.610594 0.674544 0.414928 0.0 -0.279354 -0.673712 0.684159 0.0 -0.111331 -0.519744 -0.719061 1.0]
259
	ConcatTransform [1.1 0.0 0.0 0.0 0.0 1.1 0.0 0.0 0.0 0.0 1.1 0.0 -9.609 0.05 6.704 1.0]
	ConcatTransform [0.731074 0.338671 0.592311 0.0 -0.619472 0.693332 0.368165 0.0 -0.285982 -0.636076 0.716674 0.0 -0.112443 -0.514829 -0.686723 1.0]
260
	ConcatTransform [1.1 0.0 0.0 0.0 0.0 1.1 0.0 0.0 0.0 0.0 1.1 0.0 -9.609 0.05 6.704 1.0]
	ConcatTransform [0.71911 0.373086 0.586249 0.0 -0.622443 0.720908 0.304724 0.0 -0.308943 -0.584037 0.750637 0.0 -0.112202 -0.505877 -0.642337 1.0]
261
	ConcatTransform [1.1 0.0 0.0 0.0 0.0 1.1 0.0 0.0 0.0 0.0 1.1 0.0 -9.609 0.05 6.704 1.0]
	ConcatTransform [0.709004 0.394792 0.584339 0.0 -0.628361 0.729805 0.269346 0.0 -0.320118 -0.558144 0.765507 0.0 -0.110984 -0.500457 -0.616091 1.0]
262
	ConcatTransform [1.1 0.0 0.0 0.0 0.0 1.1 0.0 0.0 0.0 0.0 1.1 0.0 -9.609 0.05 6.704 1.0]
	ConcatTransform [0.688708 0.431395 0.582735 0.0 -0.650385 0.722801 0.233576 0.0 -0.320438 -0.539868 0.778372 0.0 -0.106183 -0.495569 -0.583726 1.0]
263
	ConcatTransform [1.1 0.0 0.0 0.0 0.0 1.1 0.0 0.0 0.0 0.0 1.1 0.0 -9.609 0.05 6.704 1.0]
	ConcatTransform [0.669363 0.472927 0.57297 0.0 -0.676981 0.705941 0.208192 0.0 -0.306023 -0.527246 0.792693 0.0 -0.099532 -0.493299 -0.569644 1.0]
264
	ConcatTransform [1.1 0.0 0.0 0.0 0.0 1.1 0.0 0.0 0.0 0.0 1.1 0.0 -9.609 0.05 6.704 1.0]
	ConcatTransform [0.610919 0.520454 0.596577 0.0 -0.725861 0.669065 0.159618 0.0 -0.316075 -0.530546 0.786522 0.0 -0.085414 -0.493143 -0.557049 1.0]
265
	ConcatTransform [1.1 0.0 0.0 0.0 0.0 1.1 0.0 0.0 0.0 0.0 1.1 0.0 -9.609 0.05 6.704 1.0]
	ConcatTransform [0.568322 0.546321 0.61526 0.0 -0.76212 0.631365 0.143357 0.0 -0.310134 -0.550375 0.77518 0.0 -0.075041 -0.494527 -0.553676 1.0]
266
	ConcatTransform [1.1 0.0 0.0 0.0 0.0 1.1 0.0 0.0 0.0 0.0 1.1 0.0 -9.609 0.05 6.704 1.0]
	ConcatTransform [0.527358 0.552433 0.645532 0.0 -0.788296 0.601587 0.129162 0.0 -0.31699 -0.576985 0.752732 0.0 -0.059395 -0.494864 -0.55655 1.0]
267
	ConcatTransform [1.1 0.0 0.0 0.0 0.0 1.1 0.0 0.0 0.0 0.0 1.1 0.0 -9.609 0.05 6.704 1.0]
	ConcatTransform [0.512039 0.545937 0.663151 0.0 -0.800493 0.583257 0.137921 0.0 -0.311492 -0.601468 0.735669 0.0 -0.049617 -0.497487 -0.561962 1.0]
268
	ConcatTransform [1.1 0.0 0.0 0.0 0.0 1.1 0.0 0.0 0.0 0.0 1.1 0.0 -9.609 0.05 6.704 1.0]
	ConcatTransform [0.514263 0.525477 0.677796 0.0 -0.806602 0.56489 0.174047 0.0 -0.291422 -0.636218 0.714353 0.0 -0.036457 -0.502667 -0.575863 1.0]
269
	ConcatTransform [1.1 0.0 0.0 0.0 0.0 1.1 0.0 0.0 0.0 0.0 1.1 0.0 -9.609 0.05 6.704 1.0]
	ConcatTransform [0.524893 0.508444 0.682621 0.0 -0.806543 0.553373 0.208007 0.0 -0.271984 -0.659745 0.700543 0.0 -0.029034 -0.505988 -0.588907 1.0]
270
	ConcatTransform [1.1 0.0 0.0 0.0 0.0 1.1 0.0 0.0 0.0 0.0 1.1 0.0 -9.609 0.05 6.704 1.0]
	ConcatTransform [0.547722 0.472365 0.69056 0.0 -0.798019 0.542893 0.261598 0.0 -0.25133 -0.694362 0.67431 0.0 -0.01974 -0.511445 -0.612998 1.0]
271
	ConcatTransform [1.1 0.0 0.0 0.0 0.0 1.1 0.0 0.0 0.0 0.0 1.1 0.0 -9.609 0.05 6.704 1.0]
	ConcatTransform [0.56247 0.442789 0.698259 0.0 -0.791252 0.53329 0.299202 0.0 -0.239891 -0.720791 0.650317 0.0 -0.014993 -0.515148 -0.631444 1.0]
272
	ConcatTransform [1.1 0.0 0.0 0.0 0.0 1.1 0.0 0.0 0.0 0.0 1.1 0.0 -9.609 0.05 6.704 1.0]
	ConcatTransform [0.584526 0.40248 0.704513 0.0 -0.781518 0.512662 0.355539 0.0 -0.21808 -0.758411 0.614209 0.0 -0.010642 -0.518603 -0.662081 1.0]
273
	ConcatTransform [1.1 0.0 0.0 0.0 0.0 1.1 0.0 0.0 0.0 0.0 1.1 0.0 -9.609 0.05 6.704 1.0]
	ConcatTransform [0.601986 0.370819 0.707181 0.0 -0.771816 0.497275 0.396254 0.0 -0.204725 -0.784354 0.585557 0.0 -0.009381 -0.520216 -0.683492 1.0]
274
	ConcatTransform [1.1 0.0 0.0 0.0 0.0 1.1 0.0 0.0 0.0 0.0 1.1 0.0 -9.609 0.05 6.704 1.0]
	ConcatTransform [0.629911 0.326088 0.704897 0.0 -0.752878 0.479279 0.451072 0.0 -0.190753 -0.814837 0.547407 0.0 -0.009924 -0.520975 -0.716497 1.0]
275
	ConcatTransform [1.1 0.0 0.0 0.0 0.0 1.1 0.0 0.0 0.0 0.0 1.1 0.0 -9.609 0.05 6.704 1.0]
	ConcatTransform [0.64932 0.290052 0.703032 0.0 -0.736904 0.468512 0.487309 0.0 -0.188034 -0.834486 0.517954 0.0 -0.011724 -0.520781 -0.738231 1.0]
276
	ConcatTransform [1.1 0.0 0.0 0.0 0.0 1.1 0.0 0.0 0.0 0.0 1.1 0.0 -9.609 0.05 6.704 1.0]
	ConcatTransform [0.67344 0.241323 0.698743 0.0 -0.715636 0.44978 0.534382 0.0 -0.185322 -0.85992 0.475599 0.0 -0.016622 -0.518792 -0.769507 1.0]
277
	ConcatTransform [1.1 0.0 0.0 0.0 0.0 1.1 0.0 0.0 0.0 0.0 1.1 0.0 -9.609 0.05 6.704 1.0]
	ConcatTransform [0.683547 0.211834 0.698491 0.0 -0.705395 0.437632 0.557581 0.0 -0.187567 -0.873845 0.448568 0.0 -0.020945 -0.516746 -0.788955 1.0]
278
	ConcatTransform [1.1 0.0 0.0 0.0 0.0 1.1 0.0 0.0 0.0 0.0 1.1 0.0 -9.609 0.05 6.704 1.0]
	ConcatTransform [0.690095 0.176522 0.701861 0.0 -0.696489 0.425505 0.577797 0.0 -0.196652 -0.887573 0.416584 0.0 -0.028356 -0.513714 -0.815497 1.0]
279
	ConcatTransform [1.1 0.0 0.0 0.0 0.0 1.1 0.0 0.0 0.0 0.0 1.1 0.0 -9.609 0.05 6.704 1.0]
	ConcatTransform [0.694179 0.153139 0.703323 0.0 -0.690281 0.418592 0.590164 0.0 -0.204028 -0.89517 0.396286 0.0 -0.033527 -0.511497 -0.830775 1.0]
280
	ConcatTransform [1.1 0.0 0.0 0.0 0.0 1.1 0.0 0.0 0.0 0.0 1.1 0.0 -9.609 0.05 6.704 1.0]
	ConcatTransform [0.701948 0.118843 0.702243 0.0 -0.679392 0.407655 0.610118 0.0 -0.213765 -0.90537 0.366893 0.0 -0.041632 -0.507973 -0.849235 1.0]
281
	ConcatTransform [1.1 0.0 0.0 0.0 0.0 1.1 0.0 0.0 0.0 0.0 1.1 0.0 -9.609 0.05 6.704 1.0]
	ConcatTransform [0.702347 0.103506 0.704269 0.0 -0.676744 0.403899 0.615536 0.0 -0.220742 -0.908929 0.353724 0.0 -0.047485 -0.506094 -0.858654 1.0]
282
	ConcatTransform [1.1 0.0 0.0 0.0 0.0 1.1 0.0 0.0 0.0 0.0 1.1 0.0 -9.609 0.05 6.704 1.0]
	ConcatTransform [0.697736 0.08774 0.710961 0.0 -0.675438 0.411198 0.612127 0.0 -0.238638 -0.907313 0.346171 0.0 -0.056639 -0.505419 -0.868609 1.0]
283
	ConcatTransform [1.1 0.0 0.0 0.0 0.0 1.1 0.0 0.0 0.0 0.0 1.1 0.0 -9.609 0.05 6.704 1.0]
	ConcatTransform [0.690508 0.083031 0.718543 0.0 -0.678549 0.418441 0.603721 0.0 -0.25054 -0.904441 0.345278 0.0 -0.063046 -0.505743 -0.872016 1.0]
284
	ConcatTransform [1.1 0.0 0.0 0.0 0.0 1.1 0.0 0.0 0.0 0.0 1.1 0.0 -9.609 0.05 6.704 1.0]
	ConcatTransform [0.675769 0.082575 0.732474 0.0 -0.686563 0.432164 0.584693 0.0 -0.268267 -0.898007 0.348736 0.0 -0.072922 -0.507145 -0.872157 1.0]
285
	ConcatTransform [1.1 0.0 0.0 0.0 0.0 1.1 0.0 0.0 0.0 0.0 1.1 0.0 -9.609 0.05 6.704 1.0]
	ConcatTransform [0.666966 0.085804 0.740131 0.0 -0.689129 0.448731 0.568983 0.0 -0.283299 -0.889538 0.358418 0.0 -0.07943 -0.509044 -0.869296 1.0]
286
	ConcatTransform [1.1 0.0 0.0 0.0 0.0 1.1 0.0 0.0 0.0 0.0 1.1 0.0 -9.609 0.05 6.704 1.0]
	ConcatTransform [0.654554 0.097542 0.749696 0.0 -0.690031 0.48225 0.539715 0.0 -0.308896 -0.870586 0.382966 0.0 -0.088988 -0.512958 -0.860835 1.0]
287
	ConcatTransform [1.1 0.0 0.0 0.0 0.0 1.1 0.0 0.0 0.0 0.0 1.1 0.0 -9.609 0.05 6.704 1.0]
	ConcatTransform [0.644538 0.111653 0.756376 0.0 -0.69252 0.504499 0.515652 0.0 -0.324017 -0.856163 0.402491 0.0 -0.095246 -0.515594 -0.852483 1.0]
288
	ConcatTransform [1.1 0.0 0.0 0.0 0.0 1.1 0.0 0.0 0.0 0.0 1.1 0.0 -9.609 0.05 6.704 1.0]
	ConcatTransform [0.627258 0.142048 0.765748 0.0 -0.69948 0.535092 0.473713 0.0 -0.342455 -0.832766 0.435001 0.0 -0.104285 -0.519232 -0.836551 1.0]
289
	ConcatTransform [1.1 0.0 0.0 0.0 0.0 1.1 0.0 0.0 0.0 0.0 1.1 0.0 -9.609 0.05 6.704 1.0]
	ConcatTransform [0.616374 0.166271 0.7697 0.0 -0.702267 0.55826 0.441778 0.0 -0.356237 -0.812835 0.460863 0.0 -0.109778 -0.521381 -0.824223 1.0]
290
	ConcatTransform [1.1 0.0 0.0 0.0 0.0 1.1 0.0 0.0 0.0 0.0 1.1 0.0 -9.609 0.05 6.704 1.0]
	ConcatTransform [0.600529 0.20622 0.772553 0.0 -0.703475 0.595558 0.387858 0.0 -0.380116 -0.776392 0.502721 0.0 -0.116939 -0.52327 -0.803986 1.0]
291
	ConcatTransform [1.1 0.0 0.0 0.0 0.0 1.1 0.0 0.0 0.0 0.0 1.1 0.0 -9.609 0.05 6.704 1.0]
	ConcatTransform [0.587892 0.23083 0.775307 0.0 -0.70728 0.611827 0.354151 0.0 -0.392605 -0.756561 0.52295 0.0 -0.121132 -0.523325 -0.789697 1.0]
292
	ConcatTransform [1.1 0.0 0.0 0.0 0.0 1.1 0.0 0.0 0.0 0.0 1.1 0.0 -9.609 0.05 6.704 1.0]
	ConcatTransform [0.565304 0.269168 0.779731 0.0 -0.717813 0.626251 0.304228 0.0 -0.406419 -0.731682 0.547234 0.0 -0.126441 -0.522667 -0.768211 1.0]
293
	ConcatTransform [1.1 0.0 0.0 0.0 0.0 1.1 0.0 0.0 0.0 0.0 1.1 0.0 -9.609 0.05 6.704 1.0]
	ConcatTransform [0.549355 0.290732 0.78338 0.0 -0.725188 0.631627 0.274134 0.0 -0.415104 -0.718695 0.557823 0.0 -0.129214 -0.522086 -0.754248 1.0]
294
	ConcatTransform [1.1 0.0 0.0 0.0 0.0 1.1 0.0 0.0 0.0 0.0 1.1 0.0 -9.609 0.05 6.704 1.0]
	ConcatTransform [0.523708 0.317101 0.790682 0.0 -0.737712 0.632982 0.234767 0.0 -0.426042 -0.706244 0.565427 0.0 -0.132303 -0.520882 -0.734489 1.0]
295
	ConcatTransform [1.1 0.0 0.0 0.0 0.0 1.1 0.0 0.0 0.0 0.0 1.1 0.0 -9.609 0.05 6.704 1.0]
	ConcatTransform [0.506977 0.333394 0.794873 0.0 -0.744049 0.634826 0.208295 0.0 -0.435162 -0.697025 0.569904 0.0 -0.13358 -0.520233 -0.722548 1.0]
296
	ConcatTransform [1.1 0.0 0.0 0.0 0.0 1.1 0.0 0.0 0.0 0.0 1.1 0.0 -9.609 0.05 6.704 1.0]
	ConcatTransform [0.48231 0.350991 0.802609 0.0 -0.750669 0.637854 0.172156 0.0 -0.451522 -0.685527 0.571122 0.0 -0.134313 -0.518648 -0.706905 1.0]
297
	ConcatTransform [1.1 0.0 0.0 0.0 0.0 1.1 0.0 0.0 0.0 0.0 1.1 0.0 -9.609 0.05 6.704 1.0]
	ConcatTransform [0.464379 0.359744 0.809281 0.0 -0.756951 0.635593 0.151815 0.0 -0.459759 -0.683086 0.567464 0.0 -0.134245 -0.518096 -0.698005 1.0]
298
	ConcatTransform [1.1 0.0 0.0 0.0 0.0 1.1 0.0 0.0 0.0 0.0 1.1 0.0 -9.609 0.05 6.704 1.0]
	ConcatTransform [0.434841 0.368929 0.821465 0.0 -0.770042 0.625265 0.126807 0.0 -0.46685 -0.687703 0.555982 0.0 -0.133398 -0.518091 -0.687129 1.0]
299
	ConcatTransform [1.1 0.0 0.0 0.0 0.0 1.1 0.0 0.0 0.0 0.0 1.1 0.0 -9.609 0.05 6.704 1.0]
	ConcatTransform [0.417203 0.373173 0.828664 0.0 -0.777247 0.61905 0.112539 0.0 -0.470988 -0.691028 0.548317 0.0 -0.132214 -0.518153 -0.681748 1.0]
300
	ConcatTransform [1.1 0.0 0.0 0.0 0.0 1.1 0.0 0.0 0.0 0.0 1.1 0.0 -9.609 0.05 6.704 1.0]
	ConcatTransform [0.39299 0.377924 0.838291 0.0 -0.786315 0.610743 0.093285 0.0 -0.476725 -0.695821 0.537184 0.0 -0.12958 -0.518256 -0.67651 1.0]
301
	ConcatTransform [1.1 0.0 0.0 0.0 0.0 1.1 0.0 0.0 0.0 0.0 1.1 0.0 -9.609 0.05 6.704 1.0]
	ConcatTransform [0.387866 0.381627 0.839 0.0 -0.789655 0.607073 0.088921 0.0 -0.4754 -0.69701 0.536816 0.0 -0.127291 -0.518178 -0.674947 1.0]
302
	ConcatTransform [1.1 0.0 0.0 0.0 0.0 1.1 0.0 0.0 0.0 0.0 1.1 0.0 -9.609 0.05 6.704 1.0]
	ConcatTransform [0.387738 0.383128 0.838375 0.0 -0.794468 0.600115 0.093186 0.0 -0.467419 -0.702193 0.53707 0.0 -0.123464 -0.518474 -0.675263 1.0]
303
	ConcatTransform [1.1 0.0 0.0 0.0 0.0 1.1 0.0 0.0 0.0 0.0 1.1 0.0 -9.609 0.05 6.704 1.0]
	ConcatTransform [0.391421 0.378943 0.838565 0.0 -0.796422 0.596006 0.102417 0.0 -0.460979 -0.70794 0.535088 0.0 -0.120567 -0.518954 -0.677078 1.0]
304
	ConcatTransform [1.1 0.0 0.0 0.0 0.0 1.1 0.0 0.0 0.0 0.0 1.1 0.0 -9.609 0.05 6.704 1.0]
	ConcatTransform [0.404448 0.369955 0.836394 0.0 -0.797978 0.589562 0.125095 0.0 -0.446826 -0.718018 0.533663 0.0 -0.115976 -0.519859 -0.682229 1.0]
305
	ConcatTransform [1.1 0.0 0.0 0.0 0.0 1.1 0.0 0.0 0.0 0.0 1.1 0.0 -9.609 0.05 6.704 1.0]
	ConcatTransform [0.418169 0.360511 0.833766 0.0 -0.797877 0.584514 0.147432 0.0 -0.434197 -0.726895 0.532069 0.0 -0.112945 -0.52065 -0.687146 1.0]
306
	ConcatTransform [1.1 0.0 0.0 0.0 0.0 1.1 0.0 0.0 0.0 0.0 1.1 0.0 -9.609 0.05 6.704 1.0]
	ConcatTransform [0.445955 0.344713 0.826013 0.0 -0.79588 0.574953 0.189746 0.0 -0.409511 -0.742026 0.530753 0.0 -0.108453 -0.521765 -0.696316 1.0]
307
	ConcatTransform [1.1 0.0 0.0 0.0 0.0 1.1 0.0 0.0 0.0 0.0 1.1 0.0 -9.609 0.05 6.704 1.0]
	ConcatTransform [0.46924 0.330938 0.818715 0.0 -0.791509 0.568723 0.22376 0.0 -0.391571 -0.753017 0.528808 0.0 -0.105471 -0.522482 -0.703288 1.0]
308
	ConcatTransform [1.1 0.0 0.0 0.0 0.0 1.1 0.0 0.0 0.0 0.0 1.1 0.0 -9.609 0.05 6.704 1.0]
	ConcatTransform [0.504743 0.313107 0.804487 0.0 -0.782454 0.55962 0.273115 0.0 -0.364692 -0.767326 0.527456 0.0 -0.101324 -0.523117 -0.71497 1.0]
309
	ConcatTransform [1.1 0.0 0.0 0.0 0.0 1.1 0.0 0.0 0.0 0.0 1.1 0.0 -9.609 0.05 6.704 1.0]
	ConcatTransform [0.528386 0.300104 0.794195 0.0 -0.77438 0.553849 0.305919 0.0 -0.348057 -0.776652 0.525041 0.0 -0.098856 -0.523394 -0.723291 1.0]
310
	ConcatTransform [1.1 0.0 0.0 0.0 0.0 1.1 0.0 0.0 0.0 0.0 1.1 0.0 -9.609 0.05 6.704 1.0]
	ConcatTransform [0.562271 0.283868 0.776705 0.0 -0.761803 0.543215 0.35295 0.0 -0.321727 -0.79015 0.521685 0.0 -0.095785 -0.523468 -0.736229 1.0]
311
	ConcatTransform [1.1 0.0 0.0 0.0 0.0 1.1 0.0 0.0 0.0 0.0 1.1 0.0 -9.609 0.05 6.704 1.0]
	ConcatTransform [0.584258 0.274205 0.763842 0.0 -0.752187 0.536355 0.382802 0.0 -0.304724 -0.798208 0.519623 0.0 -0.094151 -0.523361 -0.744885 1.0]
312
	ConcatTransform [1.1 0.0 0.0 0.0 0.0 1.1 0.0 0.0 0.0 0.0 1.1 0.0 -9.609 0.05 6.704 1.0]
	ConcatTransform [0.616876 0.258495 0.7434 0.0 -0.735312 0.526114 0.427224 0.0 -0.280678 -0.810175 0.514622 0.0 -0.092352 -0.52301 -0.757454 1.0]
313
	ConcatTransform [1.1 0.0 0.0 0.0 0.0 1.1 0.0 0.0 0.0 0.0 1.1 0.0 -9.609 0.05 6.704 1.0]
	ConcatTransform [0.638386 0.249345 0.728211 0.0 -0.722165 0.521401 0.454554 0.0 -0.266349 -0.816069 0.512923 0.0 -0.091558 -0.522734 -0.765421 1.0]
314
	ConcatTransform [1.1 0.0 0.0 0.0 0.0 1.1 0.0 0.0 0.0 0.0 1.1 0.0 -9.609 0.05 6.704 1.0]
	ConcatTransform [0.668583 0.235809 0.705259 0.0 -0.701958 0.513175 0.493869 0.0 -0.245463 -0.825255 0.508628 0.0 -0.091072 -0.522148 -0.776329 1.0]
315
	ConcatTransform [1.1 0.0 0.0 0.0 0.0 1.1 0.0 0.0 0.0 0.0 1.1 0.0 -9.609 0.05 6.704 1.0]
	ConcatTransform [0.687413 0.227632 0.689672 0.0 -0.68778 0.509065 0.517505 0.0 -0.233287 -0.830082 0.506498 0.0 -0.091149 -0.521753 -0.782759 1.0]
316
	ConcatTransform [1.1 0.0 0.0 0.0 0.0 1.1 0.0 0.0 0.0 0.0 1.1 0.0 -9.609 0.05 6.704 1.0]
	ConcatTransform [0.713463 0.21771 0.666013 0.0 -0.666754 0.503174 0.549777 0.0 -0.215428 -0.836312 0.504155 0.0 -0.091824 -0.52116 -0.790833 1.0]
317
	ConcatTransform [1.1 0.0 0.0 0.0 0.0 1.1 0.0 0.0 0.0 0.0 1.1 0.0 -9.609 0.05 6.704 1.0]
	ConcatTransform [0.729604 0.214398 0.649393 0.0 -0.652534 0.502406 0.567264 0.0 -0.204638 -0.837629 0.50646 0.0 -0.092556 -0.520997 -0.795174 1.0]
318
	ConcatTransform [1.1 0.0 0.0 0.0 0.0 1.1 0.0 0.0 0.0 0.0 1.1 0.0 -9.609 0.05 6.704 1.0]
	ConcatTransform [0.753018 0.21297 0.622582 0.0 -0.62992 0.506779 0.588537 0.0 -0.19017 -0.835356 0.515767 0.0 -0.093919 -0.521169 -0.799965 1.0]
319
	ConcatTransform [1.1 0.0 0.0 0.0 0.0 1.1 0.0 0.0 0.0 0.0 1.1 0.0 -9.609 0.05 6.704 1.0]
	ConcatTransform [0.767645 0.214003 0.604089 0.0 -0.615447 0.509049 0.601743 0.0 -0.178736 -0.83371 0.522476 0.0 -0.095016 -0.521308 -0.801881 1.0]
320
	ConcatTransform [1.1 0.0 0.0 0.0 0.0 1.1 0.0 0.0 0.0 0.0 1.1 0.0 -9.609 0.05 6.704 1.0]
	ConcatTransform [0.787888 0.219987 0.575185 0.0 -0.595235 0.51151 0.61972 0.0 -0.157882 -0.83064 0.533957 0.0 -0.096873 -0.521612 -0.802925 1.0]
321
	ConcatTransform [1.1 0.0 0.0 0.0 0.0 1.1 0.0 0.0 0.0 0.0 1.1 0.0 -9.609 0.05 6.704 1.0]
	ConcatTransform [0.801371 0.225324 0.554106 0.0 -0.580449 0.516719 0.629349 0.0 -0.14451 -0.825973 0.544872 0.0 -0.098122 -0.521999 -0.802568 1.0]
322
	ConcatTransform [1.1 0.0 0.0 0.0 0.0 1.1 0.0 0.0 0.0 0.0 1.1 0.0 -9.609 0.05 6.704 1.0]
	ConcatTransform [0.8217 0.23266 0.520268 0.0 -0.555747 0.529422 0.640982 0.0 -0.12631 -0.815832 0.564326 0.0 -0.099944 -0.522665 -0.800607 1.0]
323
	ConcatTransform [1.1 0.0 0.0 0.0 0.0 1.1 0.0 0.0 0.0 0.0 1.1 0.0 -9.609 0.05 6.704 1.0]
	ConcatTransform [0.83405 0.238013 0.497706 0.0 -0.540076 0.536386 0.648543 0.0 -0.112601 -0.809716 0.575918 0.0 -0.101195 -0.522985 -0.798388 1.0]
324
	ConcatTransform [1.1 0.0 0.0 0.0 0.0 1.1 0.0 0.0 0.0 0.0 1.1 0.0 -9.609 0.05 6.704 1.0]
	ConcatTransform [0.851241 0.245742 0.463681 0.0 -0.516853 0.545553 0.659724 0.0 -0.090841 -0.801239 0.591409 0.0 -0.103042 -0.523318 -0.793995 1.0]
325
	ConcatTransform [1.1 0.0 0.0 0.0 0.0 1.1 0.0 0.0 0.0 0.0 1.1 0.0 -9.609 0.05 6.704 1.0]
	ConcatTransform [0.862447 0.249838 0.440188 0.0 -0.500249 0.553125 0.666186 0.0 -0.077041 -0.794754 0.602022 0.0 -0.10418 -0.523491 -0.790577 1.0]
326
	ConcatTransform [1.1 0.0 0.0 0.0 0.0 1.1 0.0 0.0 0.0 0.0 1.1 0.0 -9.609 0.05 6.704 1.0]
	ConcatTransform [0.878381 0.254632 0.404487 0.0 -0.474624 0.564527 0.675309 0.0 -0.056388 -0.785157 0.616724 0.0 -0.105745 -0.523629 -0.784949 1.0]
327
	ConcatTransform [1.1 0.0 0.0 0.0 0.0 1.1 0.0 0.0 0.0 0.0 1.1 0.0 -9.609 0.05 6.704 1.0]
	ConcatTransform [0.888086 0.25741 0.380847 0.0 -0.457762 0.570803 0.681644 0.0 -0.041927 -0.779695 0.624754 0.0 -0.106699 -0.523649 -0.780987 1.0]
328
	ConcatTransform [1.1 0.0 0.0 0.0 0.0 1.1 0.0 0.0 0.0 0.0 1.1 0.0 -9.609 0.05 6.704 1.0]
	ConcatTransform [0.901427 0.261191 0.345267 0.0 -0.432489 0.57935 0.690874 0.0 -0.01958 -0.772097 0.635203 0.0 -0.107958 -0.523612 -0.775006 1.0]
329
	ConcatTransform [1.1 0.0 0.0 0.0 0.0 1.1 0.0 0.0 0.0 0.0 1.1 0.0 -9.609 0.05 6.704 1.0]
	ConcatTransform [0.909674 0.262815 0.321593 0.0 -0.415297 0.58442 0.697124 0.0 -0.00473 -0.767711 0.640778 0.0 -0.108661 -0.523554 -0.77111 1.0]
330
	ConcatTransform [1.1 0.0 0.0 0.0 0.0 1.1 0.0 0.0 0.0 0.0 1.1 0.0 -9.609 0.05 6.704 1.0]
	ConcatTransform [0.920915 0.264012 0.286727 0.0 -0.389359 0.589703 0.707566 0.0 0.017722 -0.763248 0.645862 0.0 -0.109515 -0.523464 -0.765543 1.0]
331
	ConcatTransform [1.1 0.0 0.0 0.0 0.0 1.1 0.0 0.0 0.0 0.0 1.1 0.0 -9.609 0.05 6.704 1.0]
	ConcatTransform [0.927642 0.264697 0.263468 0.0 -0.372016 0.592717 0.714346 0.0 0.032924 -0.760672 0.648301 0.0 -0.109951 -0.523403 -0.762145 1.0]
332
	ConcatTransform [1.1 0.0 0.0 0.0 0.0 1.1 0.0 0.0 0.0 0.0 1.1 0.0 -9.609 0.05 6.704 1.0]
	ConcatTransform [0.936651 0.265611 0.22833 0.0 -0.345774 0.597142 0.723784 0.0 0.0559 -0.756883 0.651155 0.0 -0.110408 -0.523299 -0.757655 1.0]
333
	ConcatTransform [1.1 0.0 0.0 0.0 0.0 1.1 0.0 0.0 0.0 0.0 1.1 0.0 -9.609 0.05 6.704 1.0]
	ConcatTransform [0.941803 0.266111 0.205408 0.0 -0.328457 0.598334 0.73083 0.0 0.07158 -0.755766 0.650918 0.0 -0.110588 -0.523795 -0.755043 1.0]
334
	ConcatTransform [1.1 0.0 0.0 0.0 0.0 1.1 0.0 0.0 0.0 0.0 1.1 0.0 -9.609 0.05 6.704 1.0]
	ConcatTransform [0.948638 0.265435 0.172136 0.0 -0.30192 0.597049 0.743221 0.0 0.094503 -0.757018 0.646523 0.0 -0.110645 -0.52357 -0.751785 1.0]
335
	ConcatTransform [1.1 0.0 0.0 0.0 0.0 1.1 0.0 0.0 0.0 0.0 1.1 0.0 -9.609 0.05 6.704 1.0]
	ConcatTransform [0.95246 0.265423 0.149568 0.0 -0.284138 0.596736 0.750448 0.0 0.109933 -0.757269 0.643784 0.0 -0.110588 -0.523479 -0.75012 1.0]
336
	ConcatTransform [1.1 0.0 0.0 0.0 0.0 1.1 0.0 0.0 0.0 0.0 1.1 0.0 -9.609 0.05 6.704 1.0]
	ConcatTransform [0.957045 0.265963 0.115452 0.0 -0.257459 0.596425 0.760258 0.0 0.133342 -0.757325 0.63928 0.0 -0.11039 -0.523398 -0.748355 1.0]
337
	ConcatTransform [1.1 0.0 0.0 0.0 0.0 1.1 0.0 0.0 0.0 0.0 1.1 0.0 -9.609 0.05 6.704 1.0]
	ConcatTransform [0.959475 0.265921 0.093235 0.0 -0.239417 0.594784 0.767406 0.0 0.148615 -0.758629 0.634347 0.0 -0.110184 -0.523404 -0.747592 1.0]
338
	ConcatTransform [1.1 0.0 0.0 0.0 0.0 1.1 0.0 0.0 0.0 0.0 1.1 0.0 -9.609 0.05 6.704 1.0]
	ConcatTransform [0.962203 0.265481 0.06071 0.0 -0.211945 0.590008 0.779082 0.0 0.171012 -0.762502 0.623975 0.0 -0.109769 -0.523883 -0.747016 1.0]
339
	ConcatTransform [1.1 0.0 0.0 0.0 0.0 1.1 0.0 0.0 0.0 0.0 1.1 0.0 -9.609 0.05 6.704 1.0]
	ConcatTransform [0.963278 0.265717 0.038608 0.0 -0.193582 0.587622 0.785637 0.0 0.186071 -0.764261 0.617482 0.0 -0.109458 -0.523766 -0.747067 1.0]
340
	ConcatTransform [1.1 0.0 0.0 0.0 0.0 1.1 0.0 0.0 0.0 0.0 1.1 0.0 -9.609 0.05 6.704 1.0]
	ConcatTransform [0.963782 0.266638 0.005277 0.0 -0.166015 0.584355 0.794335 0.0 0.208716 -0.766442 0.607457 0.0 -0.108977 -0.523674 -0.74765 1.0]
341
	ConcatTransform [1.1 0.0 0.0 0.0 0.0 1.1 0.0 0.0 0.0 0.0 1.1 0.0 -9.609 0.05 6.704 1.0]
	ConcatTransform [0.964374 0.264068 -0.015856 0.0 -0.146482 0.582938 0.799203 0.0 0.220287 -0.768408 0.600852 0.0 -0.108591 -0.52364 -0.74833 1.0]
342
	ConcatTransform [1.1 0.0 0.0 0.0 0.0 1.1 0.0 0.0 0.0 0.0 1.1 0.0 -9.609 0.05 6.704 1.0]
	ConcatTransform [0.964511 0.260943 -0.040343 0.0 -0.122685 0.578182 0.806631 0.0 0.23381 -0.773055 0.589677 0.0 -0.108049 -0.523642 -0.749655 1.0]
343
	ConcatTransform [1.1 0.0 0.0 0.0 0.0 1.1 0.0 0.0 0.0 0.0 1.1 0.0 -9.609 0.05 6.704 1.0]
	ConcatTransform [0.964437 0.258811 -0.053655 0.0 -0.109439 0.575788 0.810241 0.0 0.240593 -0.775555 0.583635 0.0 -0.107652 -0.523638 -0.750749 1.0]
344
	ConcatTransform [1.1 0.0 0.0 0.0 0.0 1.1 0.0 0.0 0.0 0.0 1.1 0.0 -9.609 0.05 6.704 1.0]
	ConcatTransform [0.964503 0.254698 -0.069737 0.0 -0.092556 0.573381 0.814044 0.0 0.247322 -0.778693 0.576601 0.0 -0.10693 -0.524155 -0.752657 1.0]
345
	ConcatTransform [1.1 0.0 0.0 0.0 0.0 1.1 0.0 0.0 0.0 0.0 1.1 0.0 -9.609 0.05 6.704 1.0]
	ConcatTransform [0.963896 0.254699 -0.077674 0.0 -0.085174 0.571284 0.816321 0.0 0.25229 -0.780233 0.572352 0.0 -0.106396 -0.523962 -0.754072 1.0]
346
	ConcatTransform [1.1 0.0 0.0 0.0 0.0 1.1 0.0 0.0 0.0 0.0 1.1 0.0 -9.609 0.05 6.704 1.0]
	ConcatTransform [0.963057 0.255388 -0.085432 0.0 -0.077661 0.567145 0.819948 0.0 0.257857 -0.783022 0.566027 0.0 -0.105447 -0.52379 -0.756296 1.0]
347
	ConcatTransform [1.1 0.0 0.0 0.0 0.0 1.1 0.0 0.0 0.0 0.0 1.1 0.0 -9.609 0.05 6.704 1.0]
	ConcatTransform [0.962771 0.255712 -0.087651 0.0 -0.075092 0.564491 0.822017 0.0 0.259677 -0.784832 0.562678 0.0 -0.104703 -0.52372 -0.757812 1.0]
348
	ConcatTransform [1.1 0.0 0.0 0.0 0.0 1.1 0.0 0.0 0.0 0.0 1.1 0.0 -9.609 0.05 6.704 1.0]
	ConcatTransform [0.96256 0.256822 -0.086728 0.0 -0.075315 0.560731 0.824566 0.0 0.260397 -0.787162 0.559079 0.0 -0.10344 -0.52365 -0.760042 1.0]
349
	ConcatTransform [1.1 0.0 0.0 0.0 0.0 1.1 0.0 0.0 0.0 0.0 1.1 0.0 -9.609 0.05 6.704 1.0]
	ConcatTransform [0.962542 0.258006 -0.08334 0.0 -0.078002 0.55789 0.826241 0.0 0.25967 -0.788791 0.557118 0.0 -0.102506 -0.523614 -0.761434 1.0]
350
	ConcatTransform [1.1 0.0 0.0 0.0 0.0 1.1 0.0 0.0 0.0 0.0 1.1 0.0 -9.609 0.05 6.704 1.0]
	ConcatTransform [0.962616 0.260243 -0.075121 0.0 -0.085015 0.553594 0.828436 0.0 0.257181 -0.79108 0.555023 0.0 -0.100987 -0.523563 -0.763318 1.0]
351
	ConcatTransform [1.1 0.0 0.0 0.0 0.0 1.1 0.0 0.0 0.0 0.0 1.1 0.0 -9.609 0.05 6.704 1.0]
	ConcatTransform [0.962623 0.262069 -0.068384 0.0 -0.091292 0.551665 0.829055 0.0 0.254994 -0.791825 0.55497 0.0 -0.099911 -0.523543 -0.764407 1.0]
352
	ConcatTransform [1.1 0.0 0.0 0.0 0.0 1.1 0.0 0.0 0.0 0.0 1.1 0.0 -9.609 0.05 6.704 1.0]
	ConcatTransform [0.962681 0.26436 -0.057957 0.0 -0.101406 0.55089 0.828394 0.0 0.250923 -0.791602 0.557139 0.0 -0.0982 -0.523533 -0.765732 1.0]
353
	ConcatTransform [1.1 0.0 0.0 0.0 0.0 1.1 0.0 0.0 0.0 0.0 1.1 0.0 -9.609 0.05 6.704 1.0]
	ConcatTransform [0.962541 0.266275 -0.051105 0.0 -0.108429 0.550783 0.827576 0.0 0.248511 -0.791034 0.559023 0.0 -0.09703 -0.523533 -0.766365 1.0]
354
	ConcatTransform [1.1 0.0 0.0 0.0 0.0 1.1 0.0 0.0 0.0 0.0 1.1 0.0 -9.609 0.05 6.704 1.0]
	ConcatTransform [0.961896 0.270286 -0.041249 0.0 -0.119595 0.551595 0.825494 0.0 0.245872 -0.789106 0.562902 0.0 -0.0953 -0.523546 -0.766946 1.0]
355
	ConcatTransform [1.1 0.0 0.0 0.0 0.0 1.1 0.0 0.0 0.0 0.0 1.1 0.0 -9.609 0.05 6.704 1.0]
	ConcatTransform [0.961647 0.272045 -0.035037 0.0 -0.126364 0.552769 0.823698 0.0 0.24345 -0.787679 0.565945 0.0 -0.094158 -0.523557 -0.767096 1.0]
356
	ConcatTransform [1.1 0.0 0.0 0.0 0.0 1.1 0.0 0.0 0.0 0.0 1.1 0.0 -9.609 0.05 6.704 1.0]
	ConcatTransform [0.961528 0.273458 -0.026165 0.0 -0.13563 0.555402 0.820447 0.0 0.23889 -0.785334 0.571123 0.0 -0.092521 -0.523579 -0.767009 1.0]
357
	ConcatTransform [1.1 0.0 0.0 0.0 0.0 1.1 0.0 0.0 0.0 0.0 1.1 0.0 -9.609 0.05 6.704 1.0]
	ConcatTransform [0.961344 0.27461 -0.020185 0.0 -0.141902 0.556917 0.818356 0.0 0.235971 -0.783857 0.574356 0.0 -0.09153 -0.523587 -0.766752 1.0]
358
	ConcatTransform [1.1 0.0 0.0 0.0 0.0 1.1 0.0 0.0 0.0 0.0 1.1 0.0 -9.609 0.05 6.704 1.0]
	ConcatTransform [0.961028 0.27623 -0.011072 0.0 -0.151195 0.558705 0.815469 0.0 0.231442 -0.782014 0.578695 0.0 -0.090213 -0.523591 -0.766118 1.0]
359
	ConcatTransform [1.1 0.0 0.0 0.0 0.0 1.1 0.0 0.0 0.0 0.0 1.1 0.0 -9.609 0.05 6.704 1.0]
	ConcatTransform [0.960973 0.276593 -0.005173 0.0 -0.156887 0.560286 0.813305 0.0 0.227853 -0.780753 0.581814 0.0 -0.089451 -0.523597 -0.765581 1.0]
360
	ConcatTransform [1.1 0.0 0.0 0.0 0.0 1.1 0.0 0.0 0.0 0.0 1.1 0.0 -9.609 0.05 6.704 1.0]
	ConcatTransform [0.800618 0.265008 0.537383 0.0 -0.580033 0.567675 0.584214 0.0 -0.150238 -0.779433 0.608205 0.0 -0.731361 -0.523637 -1.531962 1.0]
