228
	ConcatTransform [1.1 0.0 0.0 0.0 0.0 1.1 0.0 0.0 0.0 0.0 1.1 0.0 -9.609 0.05 6.704 1.0]
	ConcatTransform [0.98438 0.153889 0.085523 0.0 -0.151224 0.987812 -0.036851 0.0 -0.090151 0.023342 0.995655 0.0 -0.017805 -0.023579 0.013335 1.0]
229
	ConcatTransform [1.1 0.0 0.0 0.0 0.0 1.1 0.0 0.0 0.0 0.0 1.1 0.0 -9.609 0.05 6.704 1.0]
	ConcatTransform [0.953609 0.278922 0.113279 0.0 -0.276484 0.960306 -0.037008 0.0 -0.119105 0.003971 0.992874 0.0 -0.029984 -0.048985 0.022143 1.0]
230
	ConcatTransform [1.1 0.0 0.0 0.0 0.0 1.1 0.0 0.0 0.0 0.0 1.1 0.0 -9.609 0.05 6.704 1.0]
	ConcatTransform [0.914426 0.400002 0.061832 0.0 -0.401411 0.915822 0.011811 0.0 -0.051902 -0.03562 0.998017 0.0 -0.048748 -0.109841 0.034413 1.0]
231
	ConcatTransform [1.1 0.0 0.0 0.0 0.0 1.1 0.0 0.0 0.0 0.0 1.1 0.0 -9.609 0.05 6.704 1.0]
	ConcatTransform [0.911146 0.412041 0.005829 0.0 -0.410351 0.905931 0.10441 0.0 0.03774 -0.097525 0.994517 0.0 -0.059738 -0.162698 0.04265 1.0]
232
	ConcatTransform [1.1 0.0 0.0 0.0 0.0 1.1 0.0 0.0 0.0 0.0 1.1 0.0 -9.609 0.05 6.704 1.0]
	ConcatTransform [0.879728 0.462324 -0.111063 0.0 -0.431646 0.874496 0.221222 0.0 0.1994 -0.146675 0.968879 0.0 -0.077419 -0.256769 0.052746 1.0]
233
	ConcatTransform [1.1 0.0 0.0 0.0 0.0 1.1 0.0 0.0 0.0 0.0 1.1 0.0 -9.609 0.05 6.704 1.0]
	ConcatTransform [0.861042 0.50274 -0.076542 0.0 -0.479723 0.85295 0.205771 0.0 0.168736 -0.140459 0.975602 0.0 -0.088661 -0.319407 0.059837 1.0]
234
	ConcatTransform [1.1 0.0 0.0 0.0 0.0 1.1 0.0 0.0 0.0 0.0 1.1 0.0 -9.609 0.05 6.704 1.0]
	ConcatTransform [0.871519 0.480887 0.095933 0.0 -0.490358 0.853904 0.174348 0.0 0.001924 -0.198989 0.98 0.0 -0.103457 -0.380894 0.055148 1.0]
235
	ConcatTransform [1.1 0.0 0.0 0.0 0.0 1.1 0.0 0.0 0.0 0.0 1.1 0.0 -9.609 0.05 6.704 1.0]
	ConcatTransform [0.883887 0.44139 0.154656 0.0 -0.464811 0.865711 0.185731 0.0 -0.051907 -0.236051 0.970353 0.0 -0.108396 -0.416426 0.044316 1.0]
236
	ConcatTransform [1.1 0.0 0.0 0.0 0.0 1.1 0.0 0.0 0.0 0.0 1.1 0.0 -9.609 0.05 6.704 1.0]
	ConcatTransform [0.905193 0.394822 0.157297 0.0 -0.422005 0.878857 0.222534 0.0 -0.05038 -0.267817 0.962152 0.0 -0.108703 -0.434221 0.044505 1.0]
237
	ConcatTransform [1.1 0.0 0.0 0.0 0.0 1.1 0.0 0.0 0.0 0.0 1.1 0.0 -9.609 0.05 6.704 1.0]
	ConcatTransform [0.916405 0.388368 0.096808 0.0 -0.400156 0.883683 0.242858 0.0 0.008771 -0.261295 0.965219 0.0 -0.098813 -0.430653 0.054691 1.0]
238
	ConcatTransform [1.1 0.0 0.0 0.0 0.0 1.1 0.0 0.0 0.0 0.0 1.1 0.0 -9.609 0.05 6.704 1.0]
	ConcatTransform [0.901954 0.431545 -0.015737 0.0 -0.418376 0.882295 0.215678 0.0 0.10696 -0.187947 0.976338 0.0 -0.077727 -0.424199 0.086415 1.0]
239
	ConcatTransform [1.1 0.0 0.0 0.0 0.0 1.1 0.0 0.0 0.0 0.0 1.1 0.0 -9.609 0.05 6.704 1.0]
	ConcatTransform [0.878733 0.470669 -0.079371 0.0 -0.449796 0.872188 0.192282 0.0 0.159728 -0.133264 0.978125 0.0 -0.061049 -0.422667 0.10994 1.0]
240
	ConcatTransform [1.1 0.0 0.0 0.0 0.0 1.1 0.0 0.0 0.0 0.0 1.1 0.0 -9.609 0.05 6.704 1.0]
	ConcatTransform [0.816321 0.551548 -0.171508 0.0 -0.522284 0.831655 0.1886 0.0 0.246657 -0.064382 0.966962 0.0 -0.034329 -0.426292 0.14606 1.0]
241
	ConcatTransform [1.1 0.0 0.0 0.0 0.0 1.1 0.0 0.0 0.0 0.0 1.1 0.0 -9.609 0.05 6.704 1.0]
	ConcatTransform [0.762884 0.603937 -0.230799 0.0 -0.574638 0.796978 0.186058 0.0 0.296309 -0.009315 0.955047 0.0 -0.017353 -0.424933 0.168992 1.0]
242
	ConcatTransform [1.1 0.0 0.0 0.0 0.0 1.1 0.0 0.0 0.0 0.0 1.1 0.0 -9.609 0.05 6.704 1.0]
	ConcatTransform [0.700166 0.641033 -0.314397 0.0 -0.623862 0.763432 0.167236 0.0 0.347224 0.079048 0.934445 0.0 0.005227 -0.417797 0.200421 1.0]
243
	ConcatTransform [1.1 0.0 0.0 0.0 0.0 1.1 0.0 0.0 0.0 0.0 1.1 0.0 -9.609 0.05 6.704 1.0]
	ConcatTransform [0.680404 0.642708 -0.352102 0.0 -0.641814 0.75452 0.137015 0.0 0.353729 0.132759 0.925878 0.0 0.018024 -0.406444 0.216038 1.0]
244
	ConcatTransform [1.1 0.0 0.0 0.0 0.0 1.1 0.0 0.0 0.0 0.0 1.1 0.0 -9.609 0.05 6.704 1.0]
	ConcatTransform [0.650738 0.664027 -0.36825 0.0 -0.674563 0.728218 0.121094 0.0 0.348576 0.169607 0.921807 0.0 0.033685 -0.391944 0.234522 1.0]
245
	ConcatTransform [1.1 0.0 0.0 0.0 0.0 1.1 0.0 0.0 0.0 0.0 1.1 0.0 -9.609 0.05 6.704 1.0]
	ConcatTransform [0.634802 0.681651 -0.363839 0.0 -0.698972 0.707307 0.105616 0.0 0.329339 0.187268 0.925455 0.0 0.041675 -0.385791 0.243907 1.0]
246
	ConcatTransform [1.1 0.0 0.0 0.0 0.0 1.1 0.0 0.0 0.0 0.0 1.1 0.0 -9.609 0.05 6.704 1.0]
	ConcatTransform [0.615139 0.713732 -0.334948 0.0 -0.735285 0.672659 0.082984 0.0 0.284534 0.195235 0.938575 0.0 0.047662 -0.379615 0.25162 1.0]
247
	ConcatTransform [1.1 0.0 0.0 0.0 0.0 1.1 0.0 0.0 0.0 0.0 1.1 0.0 -9.609 0.05 6.704 1.0]
	ConcatTransform [0.605809 0.737265 -0.299057 0.0 -0.757572 0.649378 0.066274 0.0 0.243063 0.186407 0.951931 0.0 0.048305 -0.37861 0.252976 1.0]
248
	ConcatTransform [1.1 0.0 0.0 0.0 0.0 1.1 0.0 0.0 0.0 0.0 1.1 0.0 -9.609 0.05 6.704 1.0]
	ConcatTransform [0.617603 0.746793 -0.246711 0.0 -0.764013 0.644128 0.037184 0.0 0.186682 0.165526 0.968375 0.0 0.044432 -0.379699 0.252062 1.0]
249
	ConcatTransform [1.1 0.0 0.0 0.0 0.0 1.1 0.0 0.0 0.0 0.0 1.1 0.0 -9.609 0.05 6.704 1.0]
	ConcatTransform [0.632334 0.745778 -0.209687 0.0 -0.760223 0.649433 0.017258 0.0 0.149048 0.148496 0.977616 0.0 0.038969 -0.384827 0.249526 1.0]
250
	ConcatTransform [1.1 0.0 0.0 0.0 0.0 1.1 0.0 0.0 0.0 0.0 1.1 0.0 -9.609 0.05 6.704 1.0]
	ConcatTransform [0.656506 0.73843 -0.154014 0.0 -0.748127 0.66351 -0.007757 0.0 0.096462 0.120315 0.988038 0.0 0.025824 -0.396453 0.242641 1.0]
251
	ConcatTransform [1.1 0.0 0.0 0.0 0.0 1.1 0.0 0.0 0.0 0.0 1.1 0.0 -9.609 0.05 6.704 1.0]
	ConcatTransform [0.674059 0.731003 -0.106203 0.0 -0.735883 0.677027 -0.01054 0.0 0.064197 0.085257 0.994289 0.0 0.01272 -0.403111 0.235909 1.0]
252
	ConcatTransform [1.1 0.0 0.0 0.0 0.0 1.1 0.0 0.0 0.0 0.0 1.1 0.0 -9.609 0.05 6.704 1.0]
	ConcatTransform [0.712176 0.701007 -0.037346 0.0 -0.701845 0.712131 -0.016842 0.0 0.014789 0.038205 0.99916 0.0 -0.012102 -0.412472 0.22176 1.0]
253
	ConcatTransform [1.1 0.0 0.0 0.0 0.0 1.1 0.0 0.0 0.0 0.0 1.1 0.0 -9.609 0.05 6.704 1.0]
	ConcatTransform [0.734914 0.678116 0.007766 0.0 -0.677956 0.734925 -0.016131 0.0 -0.016646 0.00659 0.99984 0.0 -0.031286 -0.420884 0.210641 1.0]
254
	ConcatTransform [1.1 0.0 0.0 0.0 0.0 1.1 0.0 0.0 0.0 0.0 1.1 0.0 -9.609 0.05 6.704 1.0]
	ConcatTransform [0.767081 0.637399 0.072873 0.0 -0.6373 0.77012 -0.027622 0.0 -0.073727 -0.025254 0.996959 0.0 -0.063522 -0.431891 0.191577 1.0]
255
	ConcatTransform [1.1 0.0 0.0 0.0 0.0 1.1 0.0 0.0 0.0 0.0 1.1 0.0 -9.609 0.05 6.704 1.0]
	ConcatTransform [0.789606 0.602232 0.11764 0.0 -0.603674 0.796774 -0.027021 0.0 -0.110005 -0.04968 0.992689 0.0 -0.086433 -0.438049 0.178081 1.0]
256
	ConcatTransform [1.1 0.0 0.0 0.0 0.0 1.1 0.0 0.0 0.0 0.0 1.1 0.0 -9.609 0.05 6.704 1.0]
	ConcatTransform [0.823931 0.53898 0.175037 0.0 -0.544756 0.838414 -0.017412 0.0 -0.156138 -0.081006 0.984408 0.0 -0.121155 -0.447559 0.156199 1.0]
257
	ConcatTransform [1.1 0.0 0.0 0.0 0.0 1.1 0.0 0.0 0.0 0.0 1.1 0.0 -9.609 0.05 6.704 1.0]
	ConcatTransform [0.842781 0.499116 0.2015 0.0 -0.508403 0.861094 -0.006519 0.0 -0.176764 -0.096949 0.979467 0.0 -0.144038 -0.458806 0.140661 1.0]
258
	ConcatTransform [1.1 0.0 0.0 0.0 0.0 1.1 0.0 0.0 0.0 0.0 1.1 0.0 -9.609 0.05 6.704 1.0]
	ConcatTransform [0.857537 0.44742 0.253863 0.0 -0.469323 0.882518 0.029961 0.0 -0.210634 -0.144836 0.966776 0.0 -0.175609 -0.467737 0.113701 1.0]
259
	ConcatTransform [1.1 0.0 0.0 0.0 0.0 1.1 0.0 0.0 0.0 0.0 1.1 0.0 -9.609 0.05 6.704 1.0]
	ConcatTransform [0.859743 0.414234 0.298752 0.0 -0.449528 0.891403 0.05767 0.0 -0.242419 -0.183879 0.952587 0.0 -0.193799 -0.471617 0.092814 1.0]
260
	ConcatTransform [1.1 0.0 0.0 0.0 0.0 1.1 0.0 0.0 0.0 0.0 1.1 0.0 -9.609 0.05 6.704 1.0]
	ConcatTransform [0.869827 0.350543 0.347161 0.0 -0.412506 0.902747 0.122011 0.0 -0.270629 -0.249334 0.929835 0.0 -0.215876 -0.473394 0.057538 1.0]
261
	ConcatTransform [1.1 0.0 0.0 0.0 0.0 1.1 0.0 0.0 0.0 0.0 1.1 0.0 -9.609 0.05 6.704 1.0]
	ConcatTransform [0.876431 0.307949 0.370184 0.0 -0.389502 0.905389 0.168991 0.0 -0.28312 -0.292297 0.913458 0.0 -0.228058 -0.472218 0.033253 1.0]
262
	ConcatTransform [1.1 0.0 0.0 0.0 0.0 1.1 0.0 0.0 0.0 0.0 1.1 0.0 -9.609 0.05 6.704 1.0]
	ConcatTransform [0.879418 0.267825 0.393565 0.0 -0.375981 0.897853 0.229127 0.0 -0.291998 -0.349472 0.890285 0.0 -0.240271 -0.463377 0.000583 1.0]
263
	ConcatTransform [1.1 0.0 0.0 0.0 0.0 1.1 0.0 0.0 0.0 0.0 1.1 0.0 -9.609 0.05 6.704 1.0]
	ConcatTransform [0.882295 0.247323 0.400484 0.0 -0.369838 0.89056 0.264805 0.0 -0.291163 -0.381751 0.877206 0.0 -0.245728 -0.457814 -0.017355 1.0]
264
	ConcatTransform [1.1 0.0 0.0 0.0 0.0 1.1 0.0 0.0 0.0 0.0 1.1 0.0 -9.609 0.05 6.704 1.0]
	ConcatTransform [0.883888 0.228613 0.408018 0.0 -0.367972 0.878403 0.304965 0.0 -0.288685 -0.419694 0.860533 0.0 -0.249731 -0.450363 -0.037518 1.0]
265
	ConcatTransform [1.1 0.0 0.0 0.0 0.0 1.1 0.0 0.0 0.0 0.0 1.1 0.0 -9.609 0.05 6.704 1.0]
	ConcatTransform [0.888438 0.223975 0.40064 0.0 -0.369167 0.867368 0.333749 0.0 -0.272751 -0.444418 0.853287 0.0 -0.250442 -0.446816 -0.046886 1.0]
266
	ConcatTransform [1.1 0.0 0.0 0.0 0.0 1.1 0.0 0.0 0.0 0.0 1.1 0.0 -9.609 0.05 6.704 1.0]
	ConcatTransform [0.891868 0.225781 0.391911 0.0 -0.375897 0.851902 0.364643 0.0 -0.25154 -0.472532 0.844654 0.0 -0.249279 -0.442646 -0.054505 1.0]
267
	ConcatTransform [1.1 0.0 0.0 0.0 0.0 1.1 0.0 0.0 0.0 0.0 1.1 0.0 -9.609 0.05 6.704 1.0]
	ConcatTransform [0.89284 0.22419 0.390609 0.0 -0.374175 0.85195 0.366298 0.0 -0.250659 -0.473201 0.844542 0.0 -0.247278 -0.442564 -0.056751 1.0]
268
	ConcatTransform [1.1 0.0 0.0 0.0 0.0 1.1 0.0 0.0 0.0 0.0 1.1 0.0 -9.609 0.05 6.704 1.0]
	ConcatTransform [0.89384 0.231162 0.384206 0.0 -0.376187 0.852886 0.362035 0.0 -0.243995 -0.468134 0.849303 0.0 -0.241365 -0.445004 -0.054061 1.0]
269
	ConcatTransform [1.1 0.0 0.0 0.0 0.0 1.1 0.0 0.0 0.0 0.0 1.1 0.0 -9.609 0.05 6.704 1.0]
	ConcatTransform [0.895096 0.244612 0.372784 0.0 -0.37987 0.856134 0.350333 0.0 -0.233458 -0.455191 0.859243 0.0 -0.235704 -0.449155 -0.049032 1.0]
270
	ConcatTransform [1.1 0.0 0.0 0.0 0.0 1.1 0.0 0.0 0.0 0.0 1.1 0.0 -9.609 0.05 6.704 1.0]
	ConcatTransform [0.889565 0.276325 0.363756 0.0 -0.398506 0.85869 0.322249 0.0 -0.223308 -0.431621 0.873978 0.0 -0.22501 -0.457399 -0.035898 1.0]
271
	ConcatTransform [1.1 0.0 0.0 0.0 0.0 1.1 0.0 0.0 0.0 0.0 1.1 0.0 -9.609 0.05 6.704 1.0]
	ConcatTransform [0.887004 0.300059 0.350981 0.0 -0.411281 0.858939 0.305076 0.0 -0.209931 -0.414955 0.885291 0.0 -0.216479 -0.463039 -0.023378 1.0]
272
	ConcatTransform [1.1 0.0 0.0 0.0 0.0 1.1 0.0 0.0 0.0 0.0 1.1 0.0 -9.609 0.05 6.704 1.0]
	ConcatTransform [0.883824 0.33891 0.322483 0.0 -0.429946 0.860152 0.27438 0.0 -0.184394 -0.381154 0.905936 0.0 -0.202899 -0.47245 -0.000434 1.0]
273
	ConcatTransform [1.1 0.0 0.0 0.0 0.0 1.1 0.0 0.0 0.0 0.0 1.1 0.0 -9.609 0.05 6.704 1.0]
	ConcatTransform [0.879783 0.369839 0.298664 0.0 -0.446807 0.857848 0.253891 0.0 -0.16231 -0.356815 0.919967 0.0 -0.19342 -0.478563 0.017612 1.0]
274
	ConcatTransform [1.1 0.0 0.0 0.0 0.0 1.1 0.0 0.0 0.0 0.0 1.1 0.0 -9.609 0.05 6.704 1.0]
	ConcatTransform [0.878224 0.414374 0.238784 0.0 -0.464904 0.85682 0.22299 0.0 -0.112194 -0.306846 0.945123 0.0 -0.179011 -0.485653 0.047616 1.0]
275
	ConcatTransform [1.1 0.0 0.0 0.0 0.0 1.1 0.0 0.0 0.0 0.0 1.1 0.0 -9.609 0.05 6.704 1.0]
	ConcatTransform [0.878013 0.440245 0.187823 0.0 -0.473266 0.857145 0.203277 0.0 -0.0715 -0.26737 0.960937 0.0 -0.168595 -0.486015 0.067466 1.0]
276
	ConcatTransform [1.1 0.0 0.0 0.0 0.0 1.1 0.0 0.0 0.0 0.0 1.1 0.0 -9.609 0.05 6.704 1.0]
	ConcatTransform [0.867552 0.479428 0.132292 0.0 -0.496768 0.848145 0.184044 0.0 -0.023967 -0.225386 0.973975 0.0 -0.150426 -0.482334 0.092982 1.0]
277
	ConcatTransform [1.1 0.0 0.0 0.0 0.0 1.1 0.0 0.0 0.0 0.0 1.1 0.0 -9.609 0.05 6.704 1.0]
	ConcatTransform [0.855149 0.508854 0.098936 0.0 -0.518354 0.837394 0.173437 0.0 0.005406 -0.199598 0.979863 0.0 -0.137199 -0.479263 0.106249 1.0]
278
	ConcatTransform [1.1 0.0 0.0 0.0 0.0 1.1 0.0 0.0 0.0 0.0 1.1 0.0 -9.609 0.05 6.704 1.0]
	ConcatTransform [0.835251 0.546423 0.061465 0.0 -0.548461 0.819895 0.164203 0.0 0.039329 -0.170862 0.98451 0.0 -0.116393 -0.475405 0.121093 1.0]
279
	ConcatTransform [1.1 0.0 0.0 0.0 0.0 1.1 0.0 0.0 0.0 0.0 1.1 0.0 -9.609 0.05 6.704 1.0]
	ConcatTransform [0.818994 0.571615 0.050053 0.0 -0.571621 0.805169 0.157962 0.0 0.049993 -0.157981 0.986176 0.0 -0.102414 -0.473961 0.128105 1.0]
280
	ConcatTransform [1.1 0.0 0.0 0.0 0.0 1.1 0.0 0.0 0.0 0.0 1.1 0.0 -9.609 0.05 6.704 1.0]
	ConcatTransform [0.794021 0.606731 0.037532 0.0 -0.604459 0.781482 0.154642 0.0 0.064496 -0.145476 0.987257 0.0 -0.082538 -0.471048 0.132765 1.0]
281
	ConcatTransform [1.1 0.0 0.0 0.0 0.0 1.1 0.0 0.0 0.0 0.0 1.1 0.0 -9.609 0.05 6.704 1.0]
	ConcatTransform [0.777599 0.62784 0.034008 0.0 -0.624703 0.765315 0.155044 0.0 0.071316 -0.141807 0.987322 0.0 -0.070498 -0.470229 0.13318 1.0]
282
	ConcatTransform [1.1 0.0 0.0 0.0 0.0 1.1 0.0 0.0 0.0 0.0 1.1 0.0 -9.609 0.05 6.704 1.0]
	ConcatTransform [0.752683 0.657072 0.041544 0.0 -0.654101 0.739111 0.160832 0.0 0.074972 -0.14823 0.986107 0.0 -0.054512 -0.469431 0.130148 1.0]
283
	ConcatTransform [1.1 0.0 0.0 0.0 0.0 1.1 0.0 0.0 0.0 0.0 1.1 0.0 -9.609 0.05 6.704 1.0]
	ConcatTransform [0.738461 0.672352 0.051174 0.0 -0.670114 0.723326 0.166573 0.0 0.07498 -0.1573 0.9847 0.0 -0.045626 -0.469156 0.125729 1.0]
284
	ConcatTransform [1.1 0.0 0.0 0.0 0.0 1.1 0.0 0.0 0.0 0.0 1.1 0.0 -9.609 0.05 6.704 1.0]
	ConcatTransform [0.726818 0.68314 0.071104 0.0 -0.683266 0.70863 0.176043 0.0 0.069875 -0.176535 0.981811 0.0 -0.034814 -0.471531 0.117096 1.0]
285
	ConcatTransform [1.1 0.0 0.0 0.0 0.0 1.1 0.0 0.0 0.0 0.0 1.1 0.0 -9.609 0.05 6.704 1.0]
	ConcatTransform [0.71861 0.688334 0.098975 0.0 -0.693367 0.698292 0.177852 0.0 0.053308 -0.196432 0.979067 0.0 -0.02979 -0.473368 0.108935 1.0]
286
	ConcatTransform [1.1 0.0 0.0 0.0 0.0 1.1 0.0 0.0 0.0 0.0 1.1 0.0 -9.609 0.05 6.704 1.0]
	ConcatTransform [0.720691 0.682113 0.123796 0.0 -0.692213 0.698248 0.182457 0.0 0.038016 -0.217189 0.975389 0.0 -0.02773 -0.473773 0.096906 1.0]
287
	ConcatTransform [1.1 0.0 0.0 0.0 0.0 1.1 0.0 0.0 0.0 0.0 1.1 0.0 -9.609 0.05 6.704 1.0]
	ConcatTransform [0.728445 0.673811 0.123882 0.0 -0.683956 0.704771 0.188419 0.0 0.03965 -0.221983 0.974244 0.0 -0.03085 -0.475195 0.091323 1.0]
288
	ConcatTransform [1.1 0.0 0.0 0.0 0.0 1.1 0.0 0.0 0.0 0.0 1.1 0.0 -9.609 0.05 6.704 1.0]
	ConcatTransform [0.746648 0.65357 0.123952 0.0 -0.664178 0.721999 0.193867 0.0 0.037212 -0.227077 0.973166 0.0 -0.041749 -0.479564 0.087144 1.0]
289
	ConcatTransform [1.1 0.0 0.0 0.0 0.0 1.1 0.0 0.0 0.0 0.0 1.1 0.0 -9.609 0.05 6.704 1.0]
	ConcatTransform [0.760781 0.635437 0.132028 0.0 -0.648389 0.73527 0.197408 0.0 0.028364 -0.23579 0.97139 0.0 -0.052016 -0.482215 0.084694 1.0]
290
	ConcatTransform [1.1 0.0 0.0 0.0 0.0 1.1 0.0 0.0 0.0 0.0 1.1 0.0 -9.609 0.05 6.704 1.0]
	ConcatTransform [0.784262 0.600995 0.154069 0.0 -0.620416 0.758036 0.201162 0.0 0.004107 -0.253351 0.967366 0.0 -0.069382 -0.485791 0.078004 1.0]
291
	ConcatTransform [1.1 0.0 0.0 0.0 0.0 1.1 0.0 0.0 0.0 0.0 1.1 0.0 -9.609 0.05 6.704 1.0]
	ConcatTransform [0.798963 0.577599 0.167445 0.0 -0.601306 0.771669 0.207262 0.0 -0.009497 -0.26628 0.963849 0.0 -0.082479 -0.488605 0.072526 1.0]
292
	ConcatTransform [1.1 0.0 0.0 0.0 0.0 1.1 0.0 0.0 0.0 0.0 1.1 0.0 -9.609 0.05 6.704 1.0]
	ConcatTransform [0.823337 0.536529 0.185073 0.0 -0.566759 0.794478 0.218147 0.0 -0.029994 -0.2845 0.958207 0.0 -0.10315 -0.492101 0.062387 1.0]
293
	ConcatTransform [1.1 0.0 0.0 0.0 0.0 1.1 0.0 0.0 0.0 0.0 1.1 0.0 -9.609 0.05 6.704 1.0]
	ConcatTransform [0.837764 0.507377 0.201791 0.0 -0.543951 0.807728 0.227361 0.0 -0.047634 -0.30024 0.952674 0.0 -0.117153 -0.492695 0.055089 1.0]
294
	ConcatTransform [1.1 0.0 0.0 0.0 0.0 1.1 0.0 0.0 0.0 0.0 1.1 0.0 -9.609 0.05 6.704 1.0]
	ConcatTransform [0.854392 0.468868 0.224003 0.0 -0.514461 0.823907 0.237712 0.0 -0.073101 -0.31834 0.945154 0.0 -0.13704 -0.492306 0.042603 1.0]
295
	ConcatTransform [1.1 0.0 0.0 0.0 0.0 1.1 0.0 0.0 0.0 0.0 1.1 0.0 -9.609 0.05 6.704 1.0]
	ConcatTransform [0.864377 0.449649 0.225095 0.0 -0.497213 0.831086 0.249148 0.0 -0.075044 -0.327278 0.941943 0.0 -0.148658 -0.490381 0.035317 1.0]
296
	ConcatTransform [1.1 0.0 0.0 0.0 0.0 1.1 0.0 0.0 0.0 0.0 1.1 0.0 -9.609 0.05 6.704 1.0]
	ConcatTransform [0.878339 0.427385 0.214154 0.0 -0.473914 0.837211 0.272916 0.0 -0.062651 -0.341204 0.937899 0.0 -0.163353 -0.486929 0.026986 1.0]
297
	ConcatTransform [1.1 0.0 0.0 0.0 0.0 1.1 0.0 0.0 0.0 0.0 1.1 0.0 -9.609 0.05 6.704 1.0]
	ConcatTransform [0.88837 0.413871 0.19877 0.0 -0.456412 0.843083 0.284428 0.0 -0.049863 -0.343398 0.937865 0.0 -0.17101 -0.484527 0.023331 1.0]
298
	ConcatTransform [1.1 0.0 0.0 0.0 0.0 1.1 0.0 0.0 0.0 0.0 1.1 0.0 -9.609 0.05 6.704 1.0]
	ConcatTransform [0.897057 0.401384 0.184876 0.0 -0.440372 0.846856 0.298174 0.0 -0.036881 -0.348894 0.936436 0.0 -0.179192 -0.481891 0.021566 1.0]
299
	ConcatTransform [1.1 0.0 0.0 0.0 0.0 1.1 0.0 0.0 0.0 0.0 1.1 0.0 -9.609 0.05 6.704 1.0]
	ConcatTransform [0.899629 0.398965 0.177466 0.0 -0.435557 0.848709 0.299972 0.0 -0.030939 -0.34716 0.937295 0.0 -0.182432 -0.481396 0.022394 1.0]
300
	ConcatTransform [1.1 0.0 0.0 0.0 0.0 1.1 0.0 0.0 0.0 0.0 1.1 0.0 -9.609 0.05 6.704 1.0]
	ConcatTransform [0.902299 0.39961 0.161768 0.0 -0.430607 0.85353 0.293367 0.0 -0.020841 -0.334363 0.942214 0.0 -0.184231 -0.4834 0.025907 1.0]
301
	ConcatTransform [1.1 0.0 0.0 0.0 0.0 1.1 0.0 0.0 0.0 0.0 1.1 0.0 -9.609 0.05 6.704 1.0]
	ConcatTransform [0.902206 0.405756 0.146243 0.0 -0.431259 0.853668 0.292006 0.0 -0.00636 -0.326518 0.945169 0.0 -0.183149 -0.484004 0.030178 1.0]
302
	ConcatTransform [1.1 0.0 0.0 0.0 0.0 1.1 0.0 0.0 0.0 0.0 1.1 0.0 -9.609 0.05 6.704 1.0]
	ConcatTransform [0.8994 0.418764 0.125363 0.0 -0.43698 0.853904 0.282661 0.0 0.01132 -0.309006 0.950993 0.0 -0.178416 -0.486161 0.038792 1.0]
303
	ConcatTransform [1.1 0.0 0.0 0.0 0.0 1.1 0.0 0.0 0.0 0.0 1.1 0.0 -9.609 0.05 6.704 1.0]
	ConcatTransform [0.894917 0.431675 0.113054 0.0 -0.445703 0.852337 0.273625 0.0 0.021757 -0.29526 0.955169 0.0 -0.173258 -0.487525 0.045411 1.0]
304
	ConcatTransform [1.1 0.0 0.0 0.0 0.0 1.1 0.0 0.0 0.0 0.0 1.1 0.0 -9.609 0.05 6.704 1.0]
	ConcatTransform [0.883368 0.457924 0.099831 0.0 -0.466817 0.840696 0.274432 0.0 0.041741 -0.289028 0.95641 0.0 -0.163017 -0.48919 0.054066 1.0]
305
	ConcatTransform [1.1 0.0 0.0 0.0 0.0 1.1 0.0 0.0 0.0 0.0 1.1 0.0 -9.609 0.05 6.704 1.0]
	ConcatTransform [0.874922 0.474514 0.096689 0.0 -0.481549 0.831386 0.277323 0.0 0.051208 -0.289197 0.955899 0.0 -0.15447 -0.490299 0.057798 1.0]
306
	ConcatTransform [1.1 0.0 0.0 0.0 0.0 1.1 0.0 0.0 0.0 0.0 1.1 0.0 -9.609 0.05 6.704 1.0]
	ConcatTransform [0.858321 0.503615 0.098266 0.0 -0.509791 0.815227 0.274805 0.0 0.058287 -0.285966 0.956465 0.0 -0.140268 -0.490553 0.059758 1.0]
307
	ConcatTransform [1.1 0.0 0.0 0.0 0.0 1.1 0.0 0.0 0.0 0.0 1.1 0.0 -9.609 0.05 6.704 1.0]
	ConcatTransform [0.848022 0.520844 0.097881 0.0 -0.525921 0.804314 0.276561 0.0 0.065318 -0.286007 0.955999 0.0 -0.130595 -0.490663 0.058908 1.0]
308
	ConcatTransform [1.1 0.0 0.0 0.0 0.0 1.1 0.0 0.0 0.0 0.0 1.1 0.0 -9.609 0.05 6.704 1.0]
	ConcatTransform [0.832428 0.544642 0.10212 0.0 -0.549345 0.786926 0.281012 0.0 0.07269 -0.290021 0.954256 0.0 -0.116627 -0.491074 0.055812 1.0]
309
	ConcatTransform [1.1 0.0 0.0 0.0 0.0 1.1 0.0 0.0 0.0 0.0 1.1 0.0 -9.609 0.05 6.704 1.0]
	ConcatTransform [0.825144 0.555372 0.103441 0.0 -0.560133 0.78052 0.277559 0.0 0.073411 -0.286967 0.955124 0.0 -0.109603 -0.489538 0.055691 1.0]
310
	ConcatTransform [1.1 0.0 0.0 0.0 0.0 1.1 0.0 0.0 0.0 0.0 1.1 0.0 -9.609 0.05 6.704 1.0]
	ConcatTransform [0.823333 0.559112 0.097552 0.0 -0.563061 0.783058 0.264165 0.0 0.071308 -0.272423 0.959531 0.0 -0.101791 -0.490671 0.058111 1.0]
311
	ConcatTransform [1.1 0.0 0.0 0.0 0.0 1.1 0.0 0.0 0.0 0.0 1.1 0.0 -9.609 0.05 6.704 1.0]
	ConcatTransform [0.818154 0.566191 0.100259 0.0 -0.570715 0.778374 0.261569 0.0 0.070059 -0.271223 0.959963 0.0 -0.098197 -0.489771 0.05934 1.0]
312
	ConcatTransform [1.1 0.0 0.0 0.0 0.0 1.1 0.0 0.0 0.0 0.0 1.1 0.0 -9.609 0.05 6.704 1.0]
	ConcatTransform [0.812834 0.57289 0.105343 0.0 -0.57884 0.77419 0.256073 0.0 0.065146 -0.269122 0.9609 0.0 -0.094516 -0.488999 0.060162 1.0]
313
	ConcatTransform [1.1 0.0 0.0 0.0 0.0 1.1 0.0 0.0 0.0 0.0 1.1 0.0 -9.609 0.05 6.704 1.0]
	ConcatTransform [0.811538 0.574354 0.107342 0.0 -0.580888 0.773248 0.254277 0.0 0.063043 -0.268709 0.961156 0.0 -0.093639 -0.488793 0.060655 1.0]
314
	ConcatTransform [1.1 0.0 0.0 0.0 0.0 1.1 0.0 0.0 0.0 0.0 1.1 0.0 -9.609 0.05 6.704 1.0]
	ConcatTransform [0.812209 0.572695 0.111068 0.0 -0.580404 0.774141 0.25266 0.0 0.058715 -0.269677 0.961159 0.0 -0.094432 -0.488835 0.060639 1.0]
315
	ConcatTransform [1.1 0.0 0.0 0.0 0.0 1.1 0.0 0.0 0.0 0.0 1.1 0.0 -9.609 0.05 6.704 1.0]
	ConcatTransform [0.814439 0.568815 0.114627 0.0 -0.577639 0.776081 0.253045 0.0 0.054975 -0.272303 0.96064 0.0 -0.096146 -0.489026 0.059635 1.0]
316
	ConcatTransform [1.1 0.0 0.0 0.0 0.0 1.1 0.0 0.0 0.0 0.0 1.1 0.0 -9.609 0.05 6.704 1.0]
	ConcatTransform [0.820026 0.55883 0.123552 0.0 -0.570574 0.781365 0.252812 0.0 0.04474 -0.277808 0.959594 0.0 -0.100676 -0.489975 0.057641 1.0]
317
	ConcatTransform [1.1 0.0 0.0 0.0 0.0 1.1 0.0 0.0 0.0 0.0 1.1 0.0 -9.609 0.05 6.704 1.0]
	ConcatTransform [0.824259 0.550635 0.131904 0.0 -0.565113 0.785504 0.252252 0.0 0.035288 -0.282461 0.95863 0.0 -0.104917 -0.490293 0.056161 1.0]
318
	ConcatTransform [1.1 0.0 0.0 0.0 0.0 1.1 0.0 0.0 0.0 0.0 1.1 0.0 -9.609 0.05 6.704 1.0]
	ConcatTransform [0.832841 0.535896 0.138531 0.0 -0.552803 0.792639 0.257163 0.0 0.028007 -0.290756 0.956387 0.0 -0.112225 -0.490817 0.052798 1.0]
319
	ConcatTransform [1.1 0.0 0.0 0.0 0.0 1.1 0.0 0.0 0.0 0.0 1.1 0.0 -9.609 0.05 6.704 1.0]
	ConcatTransform [0.83836 0.525486 0.14497 0.0 -0.544725 0.797516 0.259311 0.0 0.020649 -0.296365 0.954852 0.0 -0.117593 -0.491229 0.050059 1.0]
320
	ConcatTransform [1.1 0.0 0.0 0.0 0.0 1.1 0.0 0.0 0.0 0.0 1.1 0.0 -9.609 0.05 6.704 1.0]
	ConcatTransform [0.846435 0.511016 0.149704 0.0 -0.532286 0.804141 0.264632 0.0 0.014848 -0.303679 0.952659 0.0 -0.126307 -0.491693 0.045392 1.0]
321
	ConcatTransform [1.1 0.0 0.0 0.0 0.0 1.1 0.0 0.0 0.0 0.0 1.1 0.0 -9.609 0.05 6.704 1.0]
	ConcatTransform [0.852679 0.499801 0.152112 0.0 -0.522312 0.809213 0.269008 0.0 0.01136 -0.308827 0.95105 0.0 -0.132472 -0.491991 0.042158 1.0]
322
	ConcatTransform [1.1 0.0 0.0 0.0 0.0 1.1 0.0 0.0 0.0 0.0 1.1 0.0 -9.609 0.05 6.704 1.0]
	ConcatTransform [0.858299 0.488025 0.158603 0.0 -0.513149 0.815535 0.267547 0.0 0.001224 -0.311022 0.950402 0.0 -0.140039 -0.491426 0.038813 1.0]
323
	ConcatTransform [1.1 0.0 0.0 0.0 0.0 1.1 0.0 0.0 0.0 0.0 1.1 0.0 -9.609 0.05 6.704 1.0]
	ConcatTransform [0.862699 0.4812 0.155552 0.0 -0.505717 0.820409 0.266797 0.0 0.000766 -0.308831 0.951117 0.0 -0.143194 -0.491023 0.038224 1.0]
324
	ConcatTransform [1.1 0.0 0.0 0.0 0.0 1.1 0.0 0.0 0.0 0.0 1.1 0.0 -9.609 0.05 6.704 1.0]
	ConcatTransform [0.865281 0.478484 0.149471 0.0 -0.501268 0.823297 0.266293 0.0 0.004358 -0.305344 0.952232 0.0 -0.145673 -0.491008 0.039745 1.0]
325
	ConcatTransform [1.1 0.0 0.0 0.0 0.0 1.1 0.0 0.0 0.0 0.0 1.1 0.0 -9.609 0.05 6.704 1.0]
	ConcatTransform [0.865218 0.478548 0.149631 0.0 -0.501381 0.823513 0.265411 0.0 0.003789 -0.304661 0.952453 0.0 -0.145945 -0.490982 0.040561 1.0]
326
	ConcatTransform [1.1 0.0 0.0 0.0 0.0 1.1 0.0 0.0 0.0 0.0 1.1 0.0 -9.609 0.05 6.704 1.0]
	ConcatTransform [0.864037 0.481092 0.148295 0.0 -0.50339 0.82196 0.266421 0.0 0.00628 -0.304848 0.95238 0.0 -0.144684 -0.491095 0.040748 1.0]
327
	ConcatTransform [1.1 0.0 0.0 0.0 0.0 1.1 0.0 0.0 0.0 0.0 1.1 0.0 -9.609 0.05 6.704 1.0]
	ConcatTransform [0.862231 0.484833 0.146612 0.0 -0.506421 0.81956 0.268066 0.0 0.00981 -0.305382 0.952179 0.0 -0.142712 -0.491247 0.040936 1.0]
328
	ConcatTransform [1.1 0.0 0.0 0.0 0.0 1.1 0.0 0.0 0.0 0.0 1.1 0.0 -9.609 0.05 6.704 1.0]
	ConcatTransform [0.858216 0.493348 0.14168 0.0 -0.512903 0.813556 0.273966 0.0 0.019895 -0.30779 0.951246 0.0 -0.138242 -0.49174 0.04019 1.0]
329
	ConcatTransform [1.1 0.0 0.0 0.0 0.0 1.1 0.0 0.0 0.0 0.0 1.1 0.0 -9.609 0.05 6.704 1.0]
	ConcatTransform [0.854387 0.499961 0.141641 0.0 -0.519127 0.809147 0.275295 0.0 0.023029 -0.308738 0.950868 0.0 -0.134767 -0.491925 0.039563 1.0]
330
	ConcatTransform [1.1 0.0 0.0 0.0 0.0 1.1 0.0 0.0 0.0 0.0 1.1 0.0 -9.609 0.05 6.704 1.0]
	ConcatTransform [0.850182 0.506926 0.142184 0.0 -0.525976 0.80587 0.271889 0.0 0.023246 -0.305941 0.951767 0.0 -0.130722 -0.491827 0.039711 1.0]
331
	ConcatTransform [1.1 0.0 0.0 0.0 0.0 1.1 0.0 0.0 0.0 0.0 1.1 0.0 -9.609 0.05 6.704 1.0]
	ConcatTransform [0.847924 0.510485 0.142937 0.0 -0.52963 0.804191 0.269757 0.0 0.022758 -0.304436 0.952261 0.0 -0.12883 -0.49176 0.0404 1.0]
332
	ConcatTransform [1.1 0.0 0.0 0.0 0.0 1.1 0.0 0.0 0.0 0.0 1.1 0.0 -9.609 0.05 6.704 1.0]
	ConcatTransform [0.845948 0.513324 0.144468 0.0 -0.532864 0.803187 0.266356 0.0 0.020692 -0.302305 0.952986 0.0 -0.127181 -0.491654 0.041675 1.0]
333
	ConcatTransform [1.1 0.0 0.0 0.0 0.0 1.1 0.0 0.0 0.0 0.0 1.1 0.0 -9.609 0.05 6.704 1.0]
	ConcatTransform [0.845001 0.515018 0.143979 0.0 -0.534336 0.80236 0.265903 0.0 0.021421 -0.301621 0.953187 0.0 -0.126408 -0.491626 0.041773 1.0]
334
	ConcatTransform [1.1 0.0 0.0 0.0 0.0 1.1 0.0 0.0 0.0 0.0 1.1 0.0 -9.609 0.05 6.704 1.0]
	ConcatTransform [0.844697 0.515449 0.144223 0.0 -0.534814 0.801984 0.266075 0.0 0.021484 -0.301885 0.953102 0.0 -0.125973 -0.491606 0.04174 1.0]
335
	ConcatTransform [1.1 0.0 0.0 0.0 0.0 1.1 0.0 0.0 0.0 0.0 1.1 0.0 -9.609 0.05 6.704 1.0]
	ConcatTransform [0.84518 0.514589 0.144458 0.0 -0.534073 0.802548 0.265861 0.0 0.020874 -0.301852 0.953126 0.0 -0.126372 -0.491618 0.041923 1.0]
336
	ConcatTransform [1.1 0.0 0.0 0.0 0.0 1.1 0.0 0.0 0.0 0.0 1.1 0.0 -9.609 0.05 6.704 1.0]
	ConcatTransform [0.846557 0.511836 0.146171 0.0 -0.531969 0.803852 0.266139 0.0 0.01872 -0.303061 0.952787 0.0 -0.127672 -0.491661 0.041516 1.0]
337
	ConcatTransform [1.1 0.0 0.0 0.0 0.0 1.1 0.0 0.0 0.0 0.0 1.1 0.0 -9.609 0.05 6.704 1.0]
	ConcatTransform [0.848003 0.508743 0.148564 0.0 -0.529759 0.80535 0.26602 0.0 0.01569 -0.304288 0.952451 0.0 -0.129063 -0.491727 0.041019 1.0]
338
	ConcatTransform [1.1 0.0 0.0 0.0 0.0 1.1 0.0 0.0 0.0 0.0 1.1 0.0 -9.609 0.05 6.704 1.0]
	ConcatTransform [0.850996 0.502714 0.151938 0.0 -0.525045 0.808012 0.267291 0.0 0.011603 -0.307238 0.951562 0.0 -0.131747 -0.491873 0.039712 1.0]
339
	ConcatTransform [1.1 0.0 0.0 0.0 0.0 1.1 0.0 0.0 0.0 0.0 1.1 0.0 -9.609 0.05 6.704 1.0]
	ConcatTransform [0.853261 0.498438 0.153316 0.0 -0.521391 0.80982 0.268966 0.0 0.009905 -0.309436 0.950869 0.0 -0.133863 -0.491968 0.03858 1.0]
340
	ConcatTransform [1.1 0.0 0.0 0.0 0.0 1.1 0.0 0.0 0.0 0.0 1.1 0.0 -9.609 0.05 6.704 1.0]
	ConcatTransform [0.855096 0.495364 0.153051 0.0 -0.518388 0.811658 0.26923 0.0 0.009142 -0.309558 0.950837 0.0 -0.136131 -0.491832 0.037907 1.0]
341
	ConcatTransform [1.1 0.0 0.0 0.0 0.0 1.1 0.0 0.0 0.0 0.0 1.1 0.0 -9.609 0.05 6.704 1.0]
	ConcatTransform [0.85496 0.495322 0.153944 0.0 -0.518629 0.811667 0.268738 0.0 0.008161 -0.3096 0.950832 0.0 -0.136585 -0.491839 0.038004 1.0]
342
	ConcatTransform [1.1 0.0 0.0 0.0 0.0 1.1 0.0 0.0 0.0 0.0 1.1 0.0 -9.609 0.05 6.704 1.0]
	ConcatTransform [0.853563 0.497662 0.15415 0.0 -0.520916 0.810281 0.268498 0.0 0.008716 -0.309479 0.950866 0.0 -0.135864 -0.491949 0.0384 1.0]
343
	ConcatTransform [1.1 0.0 0.0 0.0 0.0 1.1 0.0 0.0 0.0 0.0 1.1 0.0 -9.609 0.05 6.704 1.0]
	ConcatTransform [0.853132 0.498353 0.154304 0.0 -0.521622 0.809917 0.268224 0.0 0.008697 -0.309319 0.950919 0.0 -0.135254 -0.491965 0.038616 1.0]
344
	ConcatTransform [1.1 0.0 0.0 0.0 0.0 1.1 0.0 0.0 0.0 0.0 1.1 0.0 -9.609 0.05 6.704 1.0]
	ConcatTransform [0.852735 0.498953 0.154559 0.0 -0.522276 0.809681 0.267666 0.0 0.008409 -0.30897 0.951034 0.0 -0.134945 -0.491941 0.038853 1.0]
345
	ConcatTransform [1.1 0.0 0.0 0.0 0.0 1.1 0.0 0.0 0.0 0.0 1.1 0.0 -9.609 0.05 6.704 1.0]
	ConcatTransform [0.85302 0.498489 0.154484 0.0 -0.521813 0.810016 0.267554 0.0 0.008238 -0.308841 0.951078 0.0 -0.135118 -0.491941 0.038839 1.0]
346
	ConcatTransform [1.1 0.0 0.0 0.0 0.0 1.1 0.0 0.0 0.0 0.0 1.1 0.0 -9.609 0.05 6.704 1.0]
	ConcatTransform [0.853031 0.49756 0.157394 0.0 -0.521836 0.810333 0.266548 0.0 0.005082 -0.309508 0.950883 0.0 -0.135523 -0.491915 0.038742 1.0]
347
	ConcatTransform [1.1 0.0 0.0 0.0 0.0 1.1 0.0 0.0 0.0 0.0 1.1 0.0 -9.609 0.05 6.704 1.0]
	ConcatTransform [0.8527 0.498299 0.156847 0.0 -0.522375 0.810314 0.265549 0.0 0.005228 -0.308366 0.951253 0.0 -0.135719 -0.491942 0.038928 1.0]
348
	ConcatTransform [1.1 0.0 0.0 0.0 0.0 1.1 0.0 0.0 0.0 0.0 1.1 0.0 -9.609 0.05 6.704 1.0]
	ConcatTransform [0.852294 0.49864 0.157968 0.0 -0.523046 0.809977 0.265257 0.0 0.004317 -0.308701 0.951149 0.0 -0.135523 -0.492004 0.039045 1.0]
349
	ConcatTransform [1.1 0.0 0.0 0.0 0.0 1.1 0.0 0.0 0.0 0.0 1.1 0.0 -9.609 0.05 6.704 1.0]
	ConcatTransform [0.852334 0.49858 0.157938 0.0 -0.52298 0.809999 0.265319 0.0 0.004353 -0.308738 0.951137 0.0 -0.135568 -0.491979 0.03904 1.0]
350
	ConcatTransform [1.1 0.0 0.0 0.0 0.0 1.1 0.0 0.0 0.0 0.0 1.1 0.0 -9.609 0.05 6.704 1.0]
	ConcatTransform [0.852586 0.498098 0.1581 0.0 -0.522569 0.810121 0.265753 0.0 0.004291 -0.309195 0.950989 0.0 -0.135728 -0.491953 0.038695 1.0]
351
	ConcatTransform [1.1 0.0 0.0 0.0 0.0 1.1 0.0 0.0 0.0 0.0 1.1 0.0 -9.609 0.05 6.704 1.0]
	ConcatTransform [0.852713 0.49796 0.15785 0.0 -0.52236 0.810146 0.26609 0.0 0.004621 -0.309353 0.950936 0.0 -0.135788 -0.491953 0.038578 1.0]
352
	ConcatTransform [1.1 0.0 0.0 0.0 0.0 1.1 0.0 0.0 0.0 0.0 1.1 0.0 -9.609 0.05 6.704 1.0]
	ConcatTransform [0.852807 0.497836 0.157736 0.0 -0.522206 0.810211 0.266193 0.0 0.004721 -0.309382 0.950926 0.0 -0.135844 -0.491939 0.038548 1.0]
353
	ConcatTransform [1.1 0.0 0.0 0.0 0.0 1.1 0.0 0.0 0.0 0.0 1.1 0.0 -9.609 0.05 6.704 1.0]
	ConcatTransform [0.852876 0.497758 0.157604 0.0 -0.522091 0.810261 0.266267 0.0 0.004837 -0.309377 0.950927 0.0 -0.135889 -0.491931 0.038532 1.0]
354
	ConcatTransform [1.1 0.0 0.0 0.0 0.0 1.1 0.0 0.0 0.0 0.0 1.1 0.0 -9.609 0.05 6.704 1.0]
	ConcatTransform [0.852968 0.497614 0.157563 0.0 -0.521942 0.810363 0.26625 0.0 0.004806 -0.309341 0.950939 0.0 -0.136006 -0.491923 0.03858 1.0]
355
	ConcatTransform [1.1 0.0 0.0 0.0 0.0 1.1 0.0 0.0 0.0 0.0 1.1 0.0 -9.609 0.05 6.704 1.0]
	ConcatTransform [0.852955 0.497613 0.157636 0.0 -0.521964 0.810379 0.266159 0.0 0.004699 -0.309302 0.950952 0.0 -0.136075 -0.491926 0.038603 1.0]
356
	ConcatTransform [1.1 0.0 0.0 0.0 0.0 1.1 0.0 0.0 0.0 0.0 1.1 0.0 -9.609 0.05 6.704 1.0]
	ConcatTransform [0.852823 0.497891 0.157471 0.0 -0.522176 0.810203 0.266276 0.0 0.004993 -0.309314 0.950947 0.0 -0.135948 -0.49194 0.038576 1.0]
357
	ConcatTransform [1.1 0.0 0.0 0.0 0.0 1.1 0.0 0.0 0.0 0.0 1.1 0.0 -9.609 0.05 6.704 1.0]
	ConcatTransform [0.852846 0.497878 0.157388 0.0 -0.522138 0.810197 0.266369 0.0 0.005104 -0.30935 0.950935 0.0 -0.135931 -0.491935 0.038525 1.0]
358
	ConcatTransform [1.1 0.0 0.0 0.0 0.0 1.1 0.0 0.0 0.0 0.0 1.1 0.0 -9.609 0.05 6.704 1.0]
	ConcatTransform [0.852884 0.497769 0.15753 0.0 -0.522078 0.810272 0.266259 0.0 0.004893 -0.30933 0.950942 0.0 -0.135939 -0.491933 0.038476 1.0]
359
	ConcatTransform [1.1 0.0 0.0 0.0 0.0 1.1 0.0 0.0 0.0 0.0 1.1 0.0 -9.609 0.05 6.704 1.0]
	ConcatTransform [0.852898 0.497795 0.157369 0.0 -0.522053 0.810281 0.266282 0.0 0.00504 -0.309266 0.950962 0.0 -0.135933 -0.491934 0.038523 1.0]
360
	ConcatTransform [1.1 0.0 0.0 0.0 0.0 1.1 0.0 0.0 0.0 0.0 1.1 0.0 -9.609 0.05 6.704 1.0]
	ConcatTransform [0.506688 -0.845305 0.169488 0.0 0.337868 0.013829 -0.941092 0.0 0.793166 0.534105 0.292609 0.0 -11.570666 -135.568771 2.475957 1.0]
