228
	ConcatTransform [1.1 0.0 0.0 0.0 0.0 1.1 0.0 0.0 0.0 0.0 1.1 0.0 -9.609 0.05 6.704 1.0]
	ConcatTransform [0.988504 0.126096 -0.083423 0.0 -0.131069 0.989729 -0.057076 0.0 0.075369 0.067354 0.994878 0.0 0.007124 0.003545 -0.020112 1.0]
229
	ConcatTransform [1.1 0.0 0.0 0.0 0.0 1.1 0.0 0.0 0.0 0.0 1.1 0.0 -9.609 0.05 6.704 1.0]
	ConcatTransform [0.967525 0.226905 -0.111399 0.0 -0.236319 0.968374 -0.080032 0.0 0.089716 0.103759 0.990548 0.0 0.014004 -0.001126 -0.038048 1.0]
230
	ConcatTransform [1.1 0.0 0.0 0.0 0.0 1.1 0.0 0.0 0.0 0.0 1.1 0.0 -9.609 0.05 6.704 1.0]
	ConcatTransform [0.91851 0.371206 -0.136186 0.0 -0.383179 0.920625 -0.074993 0.0 0.097538 0.121065 0.987841 0.0 0.024886 -0.025306 -0.064744 1.0]
231
	ConcatTransform [1.1 0.0 0.0 0.0 0.0 1.1 0.0 0.0 0.0 0.0 1.1 0.0 -9.609 0.05 6.704 1.0]
	ConcatTransform [0.870223 0.47482 -0.131364 0.0 -0.483525 0.874272 -0.043032 0.0 0.094416 0.100965 0.9904 0.0 0.032153 -0.052679 -0.081406 1.0]
232
	ConcatTransform [1.1 0.0 0.0 0.0 0.0 1.1 0.0 0.0 0.0 0.0 1.1 0.0 -9.609 0.05 6.704 1.0]
	ConcatTransform [0.776352 0.622595 -0.098249 0.0 -0.623547 0.781402 0.024482 0.0 0.092014 0.042256 0.994861 0.0 0.043096 -0.111477 -0.105374 1.0]
233
	ConcatTransform [1.1 0.0 0.0 0.0 0.0 1.1 0.0 0.0 0.0 0.0 1.1 0.0 -9.609 0.05 6.704 1.0]
	ConcatTransform [0.700898 0.711357 -0.052084 0.0 -0.707412 0.702627 0.076705 0.0 0.091161 -0.016918 0.995692 0.0 0.050513 -0.162519 -0.120788 1.0]
234
	ConcatTransform [1.1 0.0 0.0 0.0 0.0 1.1 0.0 0.0 0.0 0.0 1.1 0.0 -9.609 0.05 6.704 1.0]
	ConcatTransform [0.565336 0.815928 0.121065 0.0 -0.823713 0.550696 0.135021 0.0 0.043498 -0.176055 0.983419 0.0 0.061019 -0.250597 -0.153323 1.0]
235
	ConcatTransform [1.1 0.0 0.0 0.0 0.0 1.1 0.0 0.0 0.0 0.0 1.1 0.0 -9.609 0.05 6.704 1.0]
	ConcatTransform [0.486157 0.818481 0.30617 0.0 -0.873744 0.461273 0.154272 0.0 -0.014959 -0.342514 0.939394 0.0 0.066941 -0.311813 -0.186347 1.0]
236
	ConcatTransform [1.1 0.0 0.0 0.0 0.0 1.1 0.0 0.0 0.0 0.0 1.1 0.0 -9.609 0.05 6.704 1.0]
	ConcatTransform [0.415884 0.706833 0.572213 0.0 -0.886212 0.456226 0.08054 0.0 -0.20413 -0.540597 0.816141 0.0 0.078817 -0.405285 -0.247853 1.0]
237
	ConcatTransform [1.1 0.0 0.0 0.0 0.0 1.1 0.0 0.0 0.0 0.0 1.1 0.0 -9.609 0.05 6.704 1.0]
	ConcatTransform [0.377024 0.624434 0.684057 0.0 -0.87947 0.473 0.052955 0.0 -0.290492 -0.621573 0.727503 0.0 0.084337 -0.441064 -0.309744 1.0]
238
	ConcatTransform [1.1 0.0 0.0 0.0 0.0 1.1 0.0 0.0 0.0 0.0 1.1 0.0 -9.609 0.05 6.704 1.0]
	ConcatTransform [0.290881 0.500107 0.815648 0.0 -0.892526 0.448937 0.043037 0.0 -0.344652 -0.740506 0.576946 0.0 0.093889 -0.474094 -0.41723 1.0]
239
	ConcatTransform [1.1 0.0 0.0 0.0 0.0 1.1 0.0 0.0 0.0 0.0 1.1 0.0 -9.609 0.05 6.704 1.0]
	ConcatTransform [0.29121 0.40429 0.867033 0.0 -0.896179 0.432423 0.099364 0.0 -0.334753 -0.805953 0.488242 0.0 0.103131 -0.490887 -0.492859 1.0]
240
	ConcatTransform [1.1 0.0 0.0 0.0 0.0 1.1 0.0 0.0 0.0 0.0 1.1 0.0 -9.609 0.05 6.704 1.0]
	ConcatTransform [0.321284 0.242812 0.915325 0.0 -0.899979 0.379026 0.215352 0.0 -0.294642 -0.892962 0.3403 0.0 0.121421 -0.492552 -0.609365 1.0]
241
	ConcatTransform [1.1 0.0 0.0 0.0 0.0 1.1 0.0 0.0 0.0 0.0 1.1 0.0 -9.609 0.05 6.704 1.0]
	ConcatTransform [0.325478 0.161103 0.931724 0.0 -0.904704 0.339546 0.257329 0.0 -0.274907 -0.92669 0.256265 0.0 0.134485 -0.48388 -0.685385 1.0]
242
	ConcatTransform [1.1 0.0 0.0 0.0 0.0 1.1 0.0 0.0 0.0 0.0 1.1 0.0 -9.609 0.05 6.704 1.0]
	ConcatTransform [0.284658 0.033302 0.958051 0.0 -0.928362 0.258723 0.266844 0.0 -0.238983 -0.965377 0.104564 0.0 0.153885 -0.471608 -0.795028 1.0]
243
	ConcatTransform [1.1 0.0 0.0 0.0 0.0 1.1 0.0 0.0 0.0 0.0 1.1 0.0 -9.609 0.05 6.704 1.0]
	ConcatTransform [0.274692 -0.043029 0.960569 0.0 -0.935705 0.218023 0.277348 0.0 -0.22136 -0.974995 0.019627 0.0 0.1667 -0.464812 -0.863557 1.0]
244
	ConcatTransform [1.1 0.0 0.0 0.0 0.0 1.1 0.0 0.0 0.0 0.0 1.1 0.0 -9.609 0.05 6.704 1.0]
	ConcatTransform [0.308459 -0.165082 0.936804 0.0 -0.927793 0.165086 0.334584 0.0 -0.209887 -0.972365 -0.10224 0.0 0.179874 -0.429166 -0.937199 1.0]
245
	ConcatTransform [1.1 0.0 0.0 0.0 0.0 1.1 0.0 0.0 0.0 0.0 1.1 0.0 -9.609 0.05 6.704 1.0]
	ConcatTransform [0.328641 -0.220421 0.918373 0.0 -0.923905 0.126709 0.361032 0.0 -0.195945 -0.96714 -0.162007 0.0 0.186127 -0.40556 -0.977063 1.0]
246
	ConcatTransform [1.1 0.0 0.0 0.0 0.0 1.1 0.0 0.0 0.0 0.0 1.1 0.0 -9.609 0.05 6.704 1.0]
	ConcatTransform [0.335107 -0.266886 0.90359 0.0 -0.929273 0.064577 0.363706 0.0 -0.155419 -0.961562 -0.22637 0.0 0.192443 -0.377734 -1.027553 1.0]
247
	ConcatTransform [1.1 0.0 0.0 0.0 0.0 1.1 0.0 0.0 0.0 0.0 1.1 0.0 -9.609 0.05 6.704 1.0]
	ConcatTransform [0.348054 -0.278595 0.895122 0.0 -0.927355 0.037596 0.372289 0.0 -0.137371 -0.959673 -0.245271 0.0 0.196537 -0.367541 -1.058033 1.0]
248
	ConcatTransform [1.1 0.0 0.0 0.0 0.0 1.1 0.0 0.0 0.0 0.0 1.1 0.0 -9.609 0.05 6.704 1.0]
	ConcatTransform [0.37632 -0.272553 0.885493 0.0 -0.917953 0.019759 0.396196 0.0 -0.125481 -0.961938 -0.242756 0.0 0.202096 -0.365089 -1.098647 1.0]
249
	ConcatTransform [1.1 0.0 0.0 0.0 0.0 1.1 0.0 0.0 0.0 0.0 1.1 0.0 -9.609 0.05 6.704 1.0]
	ConcatTransform [0.391599 -0.252646 0.884771 0.0 -0.912483 0.017131 0.408756 0.0 -0.118428 -0.967407 -0.223827 0.0 0.204705 -0.371099 -1.121028 1.0]
250
	ConcatTransform [1.1 0.0 0.0 0.0 0.0 1.1 0.0 0.0 0.0 0.0 1.1 0.0 -9.609 0.05 6.704 1.0]
	ConcatTransform [0.415686 -0.202031 0.886786 0.0 -0.90236 0.030391 0.42991 0.0 -0.113805 -0.978907 -0.169672 0.0 0.207036 -0.390415 -1.146438 1.0]
251
	ConcatTransform [1.1 0.0 0.0 0.0 0.0 1.1 0.0 0.0 0.0 0.0 1.1 0.0 -9.609 0.05 6.704 1.0]
	ConcatTransform [0.432333 -0.157341 0.88788 0.0 -0.894593 0.048658 0.444224 0.0 -0.113097 -0.986345 -0.11972 0.0 0.207086 -0.408155 -1.156017 1.0]
252
	ConcatTransform [1.1 0.0 0.0 0.0 0.0 1.1 0.0 0.0 0.0 0.0 1.1 0.0 -9.609 0.05 6.704 1.0]
	ConcatTransform [0.457579 -0.095979 0.883974 0.0 -0.882368 0.073707 0.464751 0.0 -0.109762 -0.992651 -0.050962 0.0 0.202545 -0.431123 -1.148852 1.0]
253
	ConcatTransform [1.1 0.0 0.0 0.0 0.0 1.1 0.0 0.0 0.0 0.0 1.1 0.0 -9.609 0.05 6.704 1.0]
	ConcatTransform [0.472331 -0.049533 0.880028 0.0 -0.87508 0.093196 0.474921 0.0 -0.105539 -0.994415 0.000674 0.0 0.197286 -0.446883 -1.133879 1.0]
254
	ConcatTransform [1.1 0.0 0.0 0.0 0.0 1.1 0.0 0.0 0.0 0.0 1.1 0.0 -9.609 0.05 6.704 1.0]
	ConcatTransform [0.499133 0.036699 0.865748 0.0 -0.860105 0.142376 0.489845 0.0 -0.105285 -0.989132 0.10263 0.0 0.187891 -0.475781 -1.102626 1.0]
255
	ConcatTransform [1.1 0.0 0.0 0.0 0.0 1.1 0.0 0.0 0.0 0.0 1.1 0.0 -9.609 0.05 6.704 1.0]
	ConcatTransform [0.51759 0.102126 0.849512 0.0 -0.849115 0.183586 0.495277 0.0 -0.105378 -0.977684 0.18174 0.0 0.180196 -0.495642 -1.074806 1.0]
256
	ConcatTransform [1.1 0.0 0.0 0.0 0.0 1.1 0.0 0.0 0.0 0.0 1.1 0.0 -9.609 0.05 6.704 1.0]
	ConcatTransform [0.54611 0.206473 0.81187 0.0 -0.831188 0.254285 0.494435 0.0 -0.104359 -0.944832 0.310486 0.0 0.166704 -0.522705 -1.02329 1.0]
257
	ConcatTransform [1.1 0.0 0.0 0.0 0.0 1.1 0.0 0.0 0.0 0.0 1.1 0.0 -9.609 0.05 6.704 1.0]
	ConcatTransform [0.571114 0.275681 0.773194 0.0 -0.8138 0.313515 0.489324 0.0 -0.107511 -0.908685 0.403402 0.0 0.156906 -0.537245 -0.983743 1.0]
258
	ConcatTransform [1.1 0.0 0.0 0.0 0.0 1.1 0.0 0.0 0.0 0.0 1.1 0.0 -9.609 0.05 6.704 1.0]
	ConcatTransform [0.613785 0.37109 0.696822 0.0 -0.781492 0.410785 0.469602 0.0 -0.111979 -0.832795 0.542138 0.0 0.14116 -0.550169 -0.918707 1.0]
259
	ConcatTransform [1.1 0.0 0.0 0.0 0.0 1.1 0.0 0.0 0.0 0.0 1.1 0.0 -9.609 0.05 6.704 1.0]
	ConcatTransform [0.614737 0.386935 0.687299 0.0 -0.777152 0.445921 0.444059 0.0 -0.134659 -0.807116 0.574832 0.0 0.132659 -0.550609 -0.877336 1.0]
260
	ConcatTransform [1.1 0.0 0.0 0.0 0.0 1.1 0.0 0.0 0.0 0.0 1.1 0.0 -9.609 0.05 6.704 1.0]
	ConcatTransform [0.584372 0.414292 0.697762 0.0 -0.793441 0.472034 0.384234 0.0 -0.170182 -0.778168 0.604559 0.0 0.122599 -0.550202 -0.821901 1.0]
261
	ConcatTransform [1.1 0.0 0.0 0.0 0.0 1.1 0.0 0.0 0.0 0.0 1.1 0.0 -9.609 0.05 6.704 1.0]
	ConcatTransform [0.550592 0.440684 0.708975 0.0 -0.811356 0.482265 0.330336 0.0 -0.19634 -0.757112 0.623083 0.0 0.117515 -0.549034 -0.788992 1.0]
262
	ConcatTransform [1.1 0.0 0.0 0.0 0.0 1.1 0.0 0.0 0.0 0.0 1.1 0.0 -9.609 0.05 6.704 1.0]
	ConcatTransform [0.462041 0.489002 0.739862 0.0 -0.853238 0.472631 0.220464 0.0 -0.241874 -0.733141 0.63561 0.0 0.112394 -0.546092 -0.746353 1.0]
263
	ConcatTransform [1.1 0.0 0.0 0.0 0.0 1.1 0.0 0.0 0.0 0.0 1.1 0.0 -9.609 0.05 6.704 1.0]
	ConcatTransform [0.385092 0.519954 0.762464 0.0 -0.880007 0.455768 0.133653 0.0 -0.278014 -0.722443 0.633076 0.0 0.111497 -0.543855 -0.72319 1.0]
264
	ConcatTransform [1.1 0.0 0.0 0.0 0.0 1.1 0.0 0.0 0.0 0.0 1.1 0.0 -9.609 0.05 6.704 1.0]
	ConcatTransform [0.284255 0.548009 0.786693 0.0 -0.899245 0.436963 0.020535 0.0 -0.332502 -0.713267 0.617003 0.0 0.114616 -0.54124 -0.695109 1.0]
265
	ConcatTransform [1.1 0.0 0.0 0.0 0.0 1.1 0.0 0.0 0.0 0.0 1.1 0.0 -9.609 0.05 6.704 1.0]
	ConcatTransform [0.216152 0.572356 0.791004 0.0 -0.905227 0.421047 -0.057296 0.0 -0.365844 -0.703654 0.609122 0.0 0.116489 -0.538625 -0.679067 1.0]
266
	ConcatTransform [1.1 0.0 0.0 0.0 0.0 1.1 0.0 0.0 0.0 0.0 1.1 0.0 -9.609 0.05 6.704 1.0]
	ConcatTransform [0.124343 0.607727 0.784351 0.0 -0.902399 0.397945 -0.165277 0.0 -0.412572 -0.687247 0.597894 0.0 0.118758 -0.533799 -0.658971 1.0]
267
	ConcatTransform [1.1 0.0 0.0 0.0 0.0 1.1 0.0 0.0 0.0 0.0 1.1 0.0 -9.609 0.05 6.704 1.0]
	ConcatTransform [0.073956 0.623299 0.778478 0.0 -0.895912 0.3844 -0.222664 0.0 -0.438033 -0.68098 0.58685 0.0 0.119717 -0.53122 -0.648024 1.0]
268
	ConcatTransform [1.1 0.0 0.0 0.0 0.0 1.1 0.0 0.0 0.0 0.0 1.1 0.0 -9.609 0.05 6.704 1.0]
	ConcatTransform [0.015478 0.638248 0.769676 0.0 -0.882885 0.370045 -0.289102 0.0 -0.469334 -0.67506 0.569227 0.0 0.120547 -0.528364 -0.635999 1.0]
269
	ConcatTransform [1.1 0.0 0.0 0.0 0.0 1.1 0.0 0.0 0.0 0.0 1.1 0.0 -9.609 0.05 6.704 1.0]
	ConcatTransform [-0.017653 0.63893 0.769062 0.0 -0.875872 0.361092 -0.320096 0.0 -0.482221 -0.67925 0.553247 0.0 0.120467 -0.528075 -0.630639 1.0]
270
	ConcatTransform [1.1 0.0 0.0 0.0 0.0 1.1 0.0 0.0 0.0 0.0 1.1 0.0 -9.609 0.05 6.704 1.0]
	ConcatTransform [-0.058225 0.63254 0.772336 0.0 -0.867721 0.350478 -0.352456 0.0 -0.49363 -0.690694 0.528461 0.0 0.119544 -0.528927 -0.627339 1.0]
271
	ConcatTransform [1.1 0.0 0.0 0.0 0.0 1.1 0.0 0.0 0.0 0.0 1.1 0.0 -9.609 0.05 6.704 1.0]
	ConcatTransform [-0.075601 0.622545 0.778924 0.0 -0.862658 0.350949 -0.36422 0.0 -0.500106 -0.69948 0.510511 0.0 0.118659 -0.530616 -0.628094 1.0]
272
	ConcatTransform [1.1 0.0 0.0 0.0 0.0 1.1 0.0 0.0 0.0 0.0 1.1 0.0 -9.609 0.05 6.704 1.0]
	ConcatTransform [-0.087258 0.600415 0.794914 0.0 -0.856389 0.362427 -0.367756 0.0 -0.508905 -0.712845 0.482564 0.0 0.117143 -0.534384 -0.633531 1.0]
273
	ConcatTransform [1.1 0.0 0.0 0.0 0.0 1.1 0.0 0.0 0.0 0.0 1.1 0.0 -9.609 0.05 6.704 1.0]
	ConcatTransform [-0.089278 0.582112 0.808192 0.0 -0.855152 0.371205 -0.361832 0.0 -0.510632 -0.723431 0.464654 0.0 0.115765 -0.537142 -0.639994 1.0]
274
	ConcatTransform [1.1 0.0 0.0 0.0 0.0 1.1 0.0 0.0 0.0 0.0 1.1 0.0 -9.609 0.05 6.704 1.0]
	ConcatTransform [-0.085343 0.5503 0.830594 0.0 -0.856583 0.385269 -0.343269 0.0 -0.508903 -0.740768 0.438498 0.0 0.11323 -0.541183 -0.653514 1.0]
275
	ConcatTransform [1.1 0.0 0.0 0.0 0.0 1.1 0.0 0.0 0.0 0.0 1.1 0.0 -9.609 0.05 6.704 1.0]
	ConcatTransform [-0.075345 0.526426 0.846876 0.0 -0.857464 0.399315 -0.324504 0.0 -0.508997 -0.750616 0.421305 0.0 0.111449 -0.543596 -0.664687 1.0]
276
	ConcatTransform [1.1 0.0 0.0 0.0 0.0 1.1 0.0 0.0 0.0 0.0 1.1 0.0 -9.609 0.05 6.704 1.0]
	ConcatTransform [-0.052976 0.487125 0.871724 0.0 -0.859131 0.42273 -0.288434 0.0 -0.509007 -0.764205 0.396109 0.0 0.10859 -0.546483 -0.683989 1.0]
277
	ConcatTransform [1.1 0.0 0.0 0.0 0.0 1.1 0.0 0.0 0.0 0.0 1.1 0.0 -9.609 0.05 6.704 1.0]
	ConcatTransform [-0.037419 0.462591 0.885782 0.0 -0.859916 0.436644 -0.264359 0.0 -0.509062 -0.77159 0.381451 0.0 0.10652 -0.547628 -0.698215 1.0]
278
	ConcatTransform [1.1 0.0 0.0 0.0 0.0 1.1 0.0 0.0 0.0 0.0 1.1 0.0 -9.609 0.05 6.704 1.0]
	ConcatTransform [-0.015992 0.423824 0.905603 0.0 -0.860821 0.454923 -0.228105 0.0 -0.508656 -0.78321 0.357562 0.0 0.103303 -0.548537 -0.720569 1.0]
279
	ConcatTransform [1.1 0.0 0.0 0.0 0.0 1.1 0.0 0.0 0.0 0.0 1.1 0.0 -9.609 0.05 6.704 1.0]
	ConcatTransform [-0.001774 0.397206 0.917728 0.0 -0.860743 0.466551 -0.203594 0.0 -0.509036 -0.790289 0.341065 0.0 0.101305 -0.548556 -0.73575 1.0]
280
	ConcatTransform [1.1 0.0 0.0 0.0 0.0 1.1 0.0 0.0 0.0 0.0 1.1 0.0 -9.609 0.05 6.704 1.0]
	ConcatTransform [0.018826 0.358707 0.93326 0.0 -0.861234 0.479951 -0.167101 0.0 -0.507859 -0.80061 0.317966 0.0 0.098481 -0.547797 -0.758305 1.0]
281
	ConcatTransform [1.1 0.0 0.0 0.0 0.0 1.1 0.0 0.0 0.0 0.0 1.1 0.0 -9.609 0.05 6.704 1.0]
	ConcatTransform [0.033194 0.335807 0.941346 0.0 -0.860346 0.488923 -0.144076 0.0 -0.508628 -0.805101 0.30514 0.0 0.096895 -0.546845 -0.772806 1.0]
282
	ConcatTransform [1.1 0.0 0.0 0.0 0.0 1.1 0.0 0.0 0.0 0.0 1.1 0.0 -9.609 0.05 6.704 1.0]
	ConcatTransform [0.047935 0.303915 0.951493 0.0 -0.862271 0.493413 -0.11416 0.0 -0.504174 -0.814972 0.285709 0.0 0.09466 -0.545116 -0.792998 1.0]
283
	ConcatTransform [1.1 0.0 0.0 0.0 0.0 1.1 0.0 0.0 0.0 0.0 1.1 0.0 -9.609 0.05 6.704 1.0]
	ConcatTransform [0.056452 0.287088 0.956239 0.0 -0.863624 0.494616 -0.097512 0.0 -0.500966 -0.820326 0.275859 0.0 0.093504 -0.543967 -0.805237 1.0]
284
	ConcatTransform [1.1 0.0 0.0 0.0 0.0 1.1 0.0 0.0 0.0 0.0 1.1 0.0 -9.609 0.05 6.704 1.0]
	ConcatTransform [0.06816 0.27233 0.959787 0.0 -0.865338 0.494926 -0.078978 0.0 -0.496532 -0.825157 0.269391 0.0 0.092331 -0.5428 -0.821538 1.0]
285
	ConcatTransform [1.1 0.0 0.0 0.0 0.0 1.1 0.0 0.0 0.0 0.0 1.1 0.0 -9.609 0.05 6.704 1.0]
	ConcatTransform [0.075303 0.264029 0.961571 0.0 -0.866881 0.493894 -0.067726 0.0 -0.492796 -0.828467 0.266073 0.0 0.091856 -0.542109 -0.830588 1.0]
286
	ConcatTransform [1.1 0.0 0.0 0.0 0.0 1.1 0.0 0.0 0.0 0.0 1.1 0.0 -9.609 0.05 6.704 1.0]
	ConcatTransform [0.085086 0.252881 0.963749 0.0 -0.869699 0.490834 -0.052009 0.0 -0.486193 -0.833746 0.261694 0.0 0.091593 -0.541138 -0.841141 1.0]
287
	ConcatTransform [1.1 0.0 0.0 0.0 0.0 1.1 0.0 0.0 0.0 0.0 1.1 0.0 -9.609 0.05 6.704 1.0]
	ConcatTransform [0.091199 0.251118 0.96365 0.0 -0.87142 0.488485 -0.044824 0.0 -0.481985 -0.835656 0.263379 0.0 0.091743 -0.540971 -0.846336 1.0]
288
	ConcatTransform [1.1 0.0 0.0 0.0 0.0 1.1 0.0 0.0 0.0 0.0 1.1 0.0 -9.609 0.05 6.704 1.0]
	ConcatTransform [0.09962 0.257942 0.961011 0.0 -0.873902 0.484499 -0.039453 0.0 -0.475785 -0.835899 0.273682 0.0 0.092406 -0.541579 -0.851386 1.0]
289
	ConcatTransform [1.1 0.0 0.0 0.0 0.0 1.1 0.0 0.0 0.0 0.0 1.1 0.0 -9.609 0.05 6.704 1.0]
	ConcatTransform [0.104762 0.263731 0.95889 0.0 -0.875768 0.481335 -0.036705 0.0 -0.471227 -0.83592 0.281393 0.0 0.093081 -0.542082 -0.852683 1.0]
290
	ConcatTransform [1.1 0.0 0.0 0.0 0.0 1.1 0.0 0.0 0.0 0.0 1.1 0.0 -9.609 0.05 6.704 1.0]
	ConcatTransform [0.112225 0.273977 0.955166 0.0 -0.878563 0.476455 -0.03344 0.0 -0.464255 -0.835421 0.294176 0.0 0.094414 -0.542916 -0.85167 1.0]
291
	ConcatTransform [1.1 0.0 0.0 0.0 0.0 1.1 0.0 0.0 0.0 0.0 1.1 0.0 -9.609 0.05 6.704 1.0]
	ConcatTransform [0.116814 0.286292 0.950995 0.0 -0.880312 0.473152 -0.034308 0.0 -0.459787 -0.833165 0.307298 0.0 0.095496 -0.543853 -0.849385 1.0]
292
	ConcatTransform [1.1 0.0 0.0 0.0 0.0 1.1 0.0 0.0 0.0 0.0 1.1 0.0 -9.609 0.05 6.704 1.0]
	ConcatTransform [0.122888 0.311453 0.942282 0.0 -0.883007 0.467701 -0.039431 0.0 -0.452987 -0.827196 0.33249 0.0 0.097324 -0.545522 -0.843761 1.0]
293
	ConcatTransform [1.1 0.0 0.0 0.0 0.0 1.1 0.0 0.0 0.0 0.0 1.1 0.0 -9.609 0.05 6.704 1.0]
	ConcatTransform [0.127006 0.327632 0.93623 0.0 -0.884712 0.464203 -0.04243 0.0 -0.448502 -0.822905 0.348817 0.0 0.098642 -0.546395 -0.838549 1.0]
294
	ConcatTransform [1.1 0.0 0.0 0.0 0.0 1.1 0.0 0.0 0.0 0.0 1.1 0.0 -9.609 0.05 6.704 1.0]
	ConcatTransform [0.133516 0.351057 0.926786 0.0 -0.886964 0.459514 -0.046279 0.0 -0.442118 -0.815847 0.372727 0.0 0.100712 -0.547374 -0.829013 1.0]
295
	ConcatTransform [1.1 0.0 0.0 0.0 0.0 1.1 0.0 0.0 0.0 0.0 1.1 0.0 -9.609 0.05 6.704 1.0]
	ConcatTransform [0.137542 0.368634 0.919343 0.0 -0.888491 0.456164 -0.049985 0.0 -0.437797 -0.809953 0.390269 0.0 0.102101 -0.547899 -0.82189 1.0]
296
	ConcatTransform [1.1 0.0 0.0 0.0 0.0 1.1 0.0 0.0 0.0 0.0 1.1 0.0 -9.609 0.05 6.704 1.0]
	ConcatTransform [0.143441 0.394713 0.907539 0.0 -0.890784 0.45104 -0.055376 0.0 -0.431194 -0.800478 0.416302 0.0 0.104124 -0.548326 -0.810418 1.0]
297
	ConcatTransform [1.1 0.0 0.0 0.0 0.0 1.1 0.0 0.0 0.0 0.0 1.1 0.0 -9.609 0.05 6.704 1.0]
	ConcatTransform [0.147846 0.409872 0.900081 0.0 -0.892046 0.448259 -0.057599 0.0 -0.427078 -0.794398 0.431898 0.0 0.105415 -0.548368 -0.802452 1.0]
298
	ConcatTransform [1.1 0.0 0.0 0.0 0.0 1.1 0.0 0.0 0.0 0.0 1.1 0.0 -9.609 0.05 6.704 1.0]
	ConcatTransform [0.154874 0.430914 0.889004 0.0 -0.893645 0.444759 -0.059899 0.0 -0.421204 -0.785177 0.453965 0.0 0.107204 -0.548178 -0.790537 1.0]
299
	ConcatTransform [1.1 0.0 0.0 0.0 0.0 1.1 0.0 0.0 0.0 0.0 1.1 0.0 -9.609 0.05 6.704 1.0]
	ConcatTransform [0.160485 0.441329 0.882878 0.0 -0.894339 0.443467 -0.059109 0.0 -0.417614 -0.780106 0.465868 0.0 0.108272 -0.547967 -0.782762 1.0]
300
	ConcatTransform [1.1 0.0 0.0 0.0 0.0 1.1 0.0 0.0 0.0 0.0 1.1 0.0 -9.609 0.05 6.704 1.0]
	ConcatTransform [0.169181 0.453394 0.875106 0.0 -0.895353 0.441845 -0.055826 0.0 -0.411972 -0.774084 0.4807 0.0 0.109604 -0.54763 -0.771711 1.0]
301
	ConcatTransform [1.1 0.0 0.0 0.0 0.0 1.1 0.0 0.0 0.0 0.0 1.1 0.0 -9.609 0.05 6.704 1.0]
	ConcatTransform [0.174889 0.463585 0.868621 0.0 -0.896045 0.440578 -0.054727 0.0 -0.408066 -0.768752 0.492445 0.0 0.110333 -0.547289 -0.765104 1.0]
302
	ConcatTransform [1.1 0.0 0.0 0.0 0.0 1.1 0.0 0.0 0.0 0.0 1.1 0.0 -9.609 0.05 6.704 1.0]
	ConcatTransform [0.184173 0.474872 0.860568 0.0 -0.896579 0.43995 -0.050889 0.0 -0.402772 -0.762195 0.506787 0.0 0.111178 -0.546748 -0.756283 1.0]
303
	ConcatTransform [1.1 0.0 0.0 0.0 0.0 1.1 0.0 0.0 0.0 0.0 1.1 0.0 -9.609 0.05 6.704 1.0]
	ConcatTransform [0.190274 0.480088 0.856336 0.0 -0.897091 0.439342 -0.046979 0.0 -0.398778 -0.759272 0.514278 0.0 0.11153 -0.5465 -0.751246 1.0]
304
	ConcatTransform [1.1 0.0 0.0 0.0 0.0 1.1 0.0 0.0 0.0 0.0 1.1 0.0 -9.609 0.05 6.704 1.0]
	ConcatTransform [0.195847 0.480536 0.854827 0.0 -0.896872 0.440289 -0.042026 0.0 -0.396566 -0.75844 0.517209 0.0 0.112051 -0.546471 -0.745204 1.0]
305
	ConcatTransform [1.1 0.0 0.0 0.0 0.0 1.1 0.0 0.0 0.0 0.0 1.1 0.0 -9.609 0.05 6.704 1.0]
	ConcatTransform [0.190137 0.480236 0.856284 0.0 -0.89708 0.43934 -0.047203 0.0 -0.398868 -0.75918 0.514345 0.0 0.112454 -0.546484 -0.742554 1.0]
306
	ConcatTransform [1.1 0.0 0.0 0.0 0.0 1.1 0.0 0.0 0.0 0.0 1.1 0.0 -9.609 0.05 6.704 1.0]
	ConcatTransform [0.178014 0.480198 0.858907 0.0 -0.896837 0.438379 -0.059214 0.0 -0.404962 -0.759759 0.508697 0.0 0.112913 -0.546483 -0.740369 1.0]
307
	ConcatTransform [1.1 0.0 0.0 0.0 0.0 1.1 0.0 0.0 0.0 0.0 1.1 0.0 -9.609 0.05 6.704 1.0]
	ConcatTransform [0.170287 0.476711 0.862409 0.0 -0.896163 0.438844 -0.065626 0.0 -0.409748 -0.761684 0.501941 0.0 0.113081 -0.546658 -0.739858 1.0]
308
	ConcatTransform [1.1 0.0 0.0 0.0 0.0 1.1 0.0 0.0 0.0 0.0 1.1 0.0 -9.609 0.05 6.704 1.0]
	ConcatTransform [0.159035 0.467282 0.869687 0.0 -0.894965 0.440151 -0.072835 0.0 -0.416828 -0.766756 0.488201 0.0 0.113047 -0.547085 -0.740399 1.0]
309
	ConcatTransform [1.1 0.0 0.0 0.0 0.0 1.1 0.0 0.0 0.0 0.0 1.1 0.0 -9.609 0.05 6.704 1.0]
	ConcatTransform [0.151245 0.460946 0.874445 0.0 -0.894013 0.441208 -0.077944 0.0 -0.42174 -0.769977 0.478822 0.0 0.11285 -0.547333 -0.741663 1.0]
310
	ConcatTransform [1.1 0.0 0.0 0.0 0.0 1.1 0.0 0.0 0.0 0.0 1.1 0.0 -9.609 0.05 6.704 1.0]
	ConcatTransform [0.139214 0.451805 0.881188 0.0 -0.892299 0.443133 -0.086235 0.0 -0.429444 -0.774278 0.464835 0.0 0.112334 -0.547636 -0.744743 1.0]
311
	ConcatTransform [1.1 0.0 0.0 0.0 0.0 1.1 0.0 0.0 0.0 0.0 1.1 0.0 -9.609 0.05 6.704 1.0]
	ConcatTransform [0.131226 0.443893 0.886419 0.0 -0.891043 0.444743 -0.090804 0.0 -0.434536 -0.777922 0.45389 0.0 0.111849 -0.547854 -0.747376 1.0]
312
	ConcatTransform [1.1 0.0 0.0 0.0 0.0 1.1 0.0 0.0 0.0 0.0 1.1 0.0 -9.609 0.05 6.704 1.0]
	ConcatTransform [0.119213 0.430737 0.894569 0.0 -0.88894 0.44762 -0.097068 0.0 -0.442238 -0.783647 0.436261 0.0 0.110958 -0.548123 -0.752032 1.0]
313
	ConcatTransform [1.1 0.0 0.0 0.0 0.0 1.1 0.0 0.0 0.0 0.0 1.1 0.0 -9.609 0.05 6.704 1.0]
	ConcatTransform [0.1111 0.422829 0.899373 0.0 -0.887391 0.449643 -0.101774 0.0 -0.44743 -0.786789 0.42517 0.0 0.110284 -0.548226 -0.755539 1.0]
314
	ConcatTransform [1.1 0.0 0.0 0.0 0.0 1.1 0.0 0.0 0.0 0.0 1.1 0.0 -9.609 0.05 6.704 1.0]
	ConcatTransform [0.098975 0.4116 0.905974 0.0 -0.884814 0.452983 -0.109135 0.0 -0.455311 -0.790817 0.409023 0.0 0.109197 -0.5483 -0.761146 1.0]
315
	ConcatTransform [1.1 0.0 0.0 0.0 0.0 1.1 0.0 0.0 0.0 0.0 1.1 0.0 -9.609 0.05 6.704 1.0]
	ConcatTransform [0.090809 0.404233 0.910137 0.0 -0.883031 0.455236 -0.114086 0.0 -0.460445 -0.793319 0.39829 0.0 0.108433 -0.548303 -0.764971 1.0]
316
	ConcatTransform [1.1 0.0 0.0 0.0 0.0 1.1 0.0 0.0 0.0 0.0 1.1 0.0 -9.609 0.05 6.704 1.0]
	ConcatTransform [0.078445 0.394559 0.915516 0.0 -0.88016 0.458664 -0.122255 0.0 -0.468151 -0.79621 0.383255 0.0 0.107286 -0.548253 -0.770677 1.0]
317
	ConcatTransform [1.1 0.0 0.0 0.0 0.0 1.1 0.0 0.0 0.0 0.0 1.1 0.0 -9.609 0.05 6.704 1.0]
	ConcatTransform [0.070045 0.388917 0.918606 0.0 -0.878179 0.460846 -0.12815 0.0 -0.473176 -0.797725 0.373819 0.0 0.106536 -0.548195 -0.774346 1.0]
318
	ConcatTransform [1.1 0.0 0.0 0.0 0.0 1.1 0.0 0.0 0.0 0.0 1.1 0.0 -9.609 0.05 6.704 1.0]
	ConcatTransform [0.057185 0.381037 0.92279 0.0 -0.875179 0.463902 -0.137319 0.0 -0.480407 -0.799754 0.360004 0.0 0.105461 -0.548079 -0.779458 1.0]
319
	ConcatTransform [1.1 0.0 0.0 0.0 0.0 1.1 0.0 0.0 0.0 0.0 1.1 0.0 -9.609 0.05 6.704 1.0]
	ConcatTransform [0.0484 0.37722 0.924858 0.0 -0.873098 0.465715 -0.144258 0.0 -0.485137 -0.800509 0.35189 0.0 0.104807 -0.548007 -0.782565 1.0]
320
	ConcatTransform [1.1 0.0 0.0 0.0 0.0 1.1 0.0 0.0 0.0 0.0 1.1 0.0 -9.609 0.05 6.704 1.0]
	ConcatTransform [0.034851 0.374243 0.926675 0.0 -0.869831 0.467946 -0.15627 0.0 -0.492117 -0.800605 0.341837 0.0 0.103948 -0.547939 -0.786691 1.0]
321
	ConcatTransform [1.1 0.0 0.0 0.0 0.0 1.1 0.0 0.0 0.0 0.0 1.1 0.0 -9.609 0.05 6.704 1.0]
	ConcatTransform [0.025597 0.372632 0.927626 0.0 -0.86766 0.469148 -0.164516 0.0 -0.496498 -0.800653 0.335326 0.0 0.103458 -0.547899 -0.788984 1.0]
322
	ConcatTransform [1.1 0.0 0.0 0.0 0.0 1.1 0.0 0.0 0.0 0.0 1.1 0.0 -9.609 0.05 6.704 1.0]
	ConcatTransform [0.011383 0.370433 0.928789 0.0 -0.864447 0.470511 -0.177062 0.0 -0.502595 -0.800873 0.325576 0.0 0.10286 -0.547844 -0.791675 1.0]
323
	ConcatTransform [1.1 0.0 0.0 0.0 0.0 1.1 0.0 0.0 0.0 0.0 1.1 0.0 -9.609 0.05 6.704 1.0]
	ConcatTransform [0.001648 0.370749 0.928732 0.0 -0.862202 0.470989 -0.186488 0.0 -0.506562 -0.800447 0.320437 0.0 0.102572 -0.547848 -0.793022 1.0]
324
	ConcatTransform [1.1 0.0 0.0 0.0 0.0 1.1 0.0 0.0 0.0 0.0 1.1 0.0 -9.609 0.05 6.704 1.0]
	ConcatTransform [-0.013295 0.37374 0.927438 0.0 -0.858636 0.471049 -0.202132 0.0 -0.512414 -0.799019 0.314644 0.0 0.102313 -0.54791 -0.79437 1.0]
325
	ConcatTransform [1.1 0.0 0.0 0.0 0.0 1.1 0.0 0.0 0.0 0.0 1.1 0.0 -9.609 0.05 6.704 1.0]
	ConcatTransform [-0.023449 0.375621 0.926477 0.0 -0.856271 0.470773 -0.212538 0.0 -0.515994 -0.798299 0.310594 0.0 0.102242 -0.547948 -0.794771 1.0]
326
	ConcatTransform [1.1 0.0 0.0 0.0 0.0 1.1 0.0 0.0 0.0 0.0 1.1 0.0 -9.609 0.05 6.704 1.0]
	ConcatTransform [-0.038975 0.378283 0.924869 0.0 -0.852747 0.469876 -0.22812 0.0 -0.520867 -0.797571 0.304266 0.0 0.102277 -0.548 -0.794679 1.0]
327
	ConcatTransform [1.1 0.0 0.0 0.0 0.0 1.1 0.0 0.0 0.0 0.0 1.1 0.0 -9.609 0.05 6.704 1.0]
	ConcatTransform [-0.049472 0.381325 0.923116 0.0 -0.850227 0.468901 -0.239261 0.0 -0.524087 -0.796695 0.301016 0.0 0.102407 -0.548055 -0.794248 1.0]
328
	ConcatTransform [1.1 0.0 0.0 0.0 0.0 1.1 0.0 0.0 0.0 0.0 1.1 0.0 -9.609 0.05 6.704 1.0]
	ConcatTransform [-0.065337 0.38712 0.919712 0.0 -0.846171 0.467018 -0.256688 0.0 -0.528891 -0.795005 0.297056 0.0 0.102747 -0.548144 -0.793104 1.0]
329
	ConcatTransform [1.1 0.0 0.0 0.0 0.0 1.1 0.0 0.0 0.0 0.0 1.1 0.0 -9.609 0.05 6.704 1.0]
	ConcatTransform [-0.076035 0.390561 0.917431 0.0 -0.843453 0.465529 -0.268085 0.0 -0.531794 -0.794195 0.294024 0.0 0.103043 -0.548187 -0.792018 1.0]
330
	ConcatTransform [1.1 0.0 0.0 0.0 0.0 1.1 0.0 0.0 0.0 0.0 1.1 0.0 -9.609 0.05 6.704 1.0]
	ConcatTransform [-0.092248 0.395369 0.913878 0.0 -0.839317 0.462946 -0.285005 0.0 -0.535758 -0.793325 0.289134 0.0 0.103574 -0.548236 -0.790017 1.0]
331
	ConcatTransform [1.1 0.0 0.0 0.0 0.0 1.1 0.0 0.0 0.0 0.0 1.1 0.0 -9.609 0.05 6.704 1.0]
	ConcatTransform [-0.103039 0.398929 0.911174 0.0 -0.836358 0.461104 -0.296458 0.0 -0.538412 -0.792615 0.286136 0.0 0.103987 -0.548262 -0.788517 1.0]
332
	ConcatTransform [1.1 0.0 0.0 0.0 0.0 1.1 0.0 0.0 0.0 0.0 1.1 0.0 -9.609 0.05 6.704 1.0]
	ConcatTransform [-0.119162 0.40412 0.906911 0.0 -0.83168 0.458291 -0.313492 0.0 -0.542317 -0.791616 0.281488 0.0 0.104664 -0.548284 -0.786092 1.0]
333
	ConcatTransform [1.1 0.0 0.0 0.0 0.0 1.1 0.0 0.0 0.0 0.0 1.1 0.0 -9.609 0.05 6.704 1.0]
	ConcatTransform [-0.129915 0.407156 0.904072 0.0 -0.828481 0.456363 -0.324579 0.0 -0.544739 -0.791174 0.278033 0.0 0.105132 -0.548287 -0.784407 1.0]
334
	ConcatTransform [1.1 0.0 0.0 0.0 0.0 1.1 0.0 0.0 0.0 0.0 1.1 0.0 -9.609 0.05 6.704 1.0]
	ConcatTransform [-0.145942 0.411389 0.8997 0.0 -0.823455 0.453518 -0.340946 0.0 -0.548291 -0.79062 0.272573 0.0 0.105846 -0.54828 -0.781879 1.0]
335
	ConcatTransform [1.1 0.0 0.0 0.0 0.0 1.1 0.0 0.0 0.0 0.0 1.1 0.0 -9.609 0.05 6.704 1.0]
	ConcatTransform [-0.156519 0.413827 0.896799 0.0 -0.819956 0.451746 -0.351565 0.0 -0.550612 -0.790362 0.268614 0.0 0.106315 -0.548269 -0.780238 1.0]
336
	ConcatTransform [1.1 0.0 0.0 0.0 0.0 1.1 0.0 0.0 0.0 0.0 1.1 0.0 -9.609 0.05 6.704 1.0]
	ConcatTransform [-0.17212 0.416471 0.892708 0.0 -0.814505 0.449524 -0.366756 0.0 -0.554037 -0.790241 0.261845 0.0 0.106988 -0.54825 -0.777901 1.0]
337
	ConcatTransform [1.1 0.0 0.0 0.0 0.0 1.1 0.0 0.0 0.0 0.0 1.1 0.0 -9.609 0.05 6.704 1.0]
	ConcatTransform [-0.18238 0.417954 0.889973 0.0 -0.810704 0.448225 -0.376634 0.0 -0.556324 -0.790195 0.25709 0.0 0.107408 -0.548236 -0.776476 1.0]
338
	ConcatTransform [1.1 0.0 0.0 0.0 0.0 1.1 0.0 0.0 0.0 0.0 1.1 0.0 -9.609 0.05 6.704 1.0]
	ConcatTransform [-0.197589 0.420054 0.885728 0.0 -0.804734 0.446457 -0.391252 0.0 -0.559786 -0.790083 0.249817 0.0 0.107976 -0.548214 -0.774601 1.0]
339
	ConcatTransform [1.1 0.0 0.0 0.0 0.0 1.1 0.0 0.0 0.0 0.0 1.1 0.0 -9.609 0.05 6.704 1.0]
	ConcatTransform [-0.207515 0.420723 0.883136 0.0 -0.800632 0.445679 -0.400448 0.0 -0.562073 -0.790166 0.244359 0.0 0.108305 -0.548205 -0.773522 1.0]
340
	ConcatTransform [1.1 0.0 0.0 0.0 0.0 1.1 0.0 0.0 0.0 0.0 1.1 0.0 -9.609 0.05 6.704 1.0]
	ConcatTransform [-0.222091 0.421488 0.879218 0.0 -0.794366 0.444668 -0.413827 0.0 -0.565383 -0.790328 0.236059 0.0 0.108717 -0.548193 -0.772215 1.0]
341
	ConcatTransform [1.1 0.0 0.0 0.0 0.0 1.1 0.0 0.0 0.0 0.0 1.1 0.0 -9.609 0.05 6.704 1.0]
	ConcatTransform [-0.231093 0.422896 0.876216 0.0 -0.790666 0.443175 -0.422424 0.0 -0.566959 -0.790414 0.231955 0.0 0.108969 -0.548171 -0.771588 1.0]
342
	ConcatTransform [1.1 0.0 0.0 0.0 0.0 1.1 0.0 0.0 0.0 0.0 1.1 0.0 -9.609 0.05 6.704 1.0]
	ConcatTransform [-0.239317 0.424691 0.873135 0.0 -0.786184 0.442954 -0.430937 0.0 -0.569774 -0.789575 0.227879 0.0 0.109419 -0.548152 -0.770933 1.0]
343
	ConcatTransform [1.1 0.0 0.0 0.0 0.0 1.1 0.0 0.0 0.0 0.0 1.1 0.0 -9.609 0.05 6.704 1.0]
	ConcatTransform [-0.243168 0.425293 0.871777 0.0 -0.784305 0.442613 -0.434695 0.0 -0.570732 -0.789443 0.22593 0.0 0.109683 -0.548144 -0.770724 1.0]
344
	ConcatTransform [1.1 0.0 0.0 0.0 0.0 1.1 0.0 0.0 0.0 0.0 1.1 0.0 -9.609 0.05 6.704 1.0]
	ConcatTransform [-0.246786 0.425333 0.87074 0.0 -0.782742 0.442248 -0.437872 0.0 -0.571325 -0.789625 0.223786 0.0 0.110043 -0.548139 -0.770773 1.0]
345
	ConcatTransform [1.1 0.0 0.0 0.0 0.0 1.1 0.0 0.0 0.0 0.0 1.1 0.0 -9.609 0.05 6.704 1.0]
	ConcatTransform [-0.247951 0.424863 0.870639 0.0 -0.782248 0.442356 -0.438644 0.0 -0.571496 -0.789818 0.222666 0.0 0.11027 -0.548145 -0.771056 1.0]
346
	ConcatTransform [1.1 0.0 0.0 0.0 0.0 1.1 0.0 0.0 0.0 0.0 1.1 0.0 -9.609 0.05 6.704 1.0]
	ConcatTransform [-0.248287 0.42348 0.871217 0.0 -0.78212 0.442996 -0.438226 0.0 -0.571526 -0.790202 0.221222 0.0 0.110579 -0.548166 -0.771851 1.0]
347
	ConcatTransform [1.1 0.0 0.0 0.0 0.0 1.1 0.0 0.0 0.0 0.0 1.1 0.0 -9.609 0.05 6.704 1.0]
	ConcatTransform [-0.247669 0.421975 0.872122 0.0 -0.782478 0.443686 -0.436888 0.0 -0.571304 -0.79062 0.220299 0.0 0.110755 -0.548184 -0.772609 1.0]
348
	ConcatTransform [1.1 0.0 0.0 0.0 0.0 1.1 0.0 0.0 0.0 0.0 1.1 0.0 -9.609 0.05 6.704 1.0]
	ConcatTransform [-0.245795 0.418878 0.874143 0.0 -0.783475 0.445142 -0.433607 0.0 -0.570746 -0.791448 0.218766 0.0 0.110955 -0.548214 -0.774053 1.0]
349
	ConcatTransform [1.1 0.0 0.0 0.0 0.0 1.1 0.0 0.0 0.0 0.0 1.1 0.0 -9.609 0.05 6.704 1.0]
	ConcatTransform [-0.244083 0.416589 0.875715 0.0 -0.784279 0.446332 -0.430923 0.0 -0.570377 -0.791986 0.217781 0.0 0.111043 -0.548235 -0.775202 1.0]
350
	ConcatTransform [1.1 0.0 0.0 0.0 0.0 1.1 0.0 0.0 0.0 0.0 1.1 0.0 -9.609 0.05 6.704 1.0]
	ConcatTransform [-0.241059 0.413003 0.878248 0.0 -0.78555 0.448373 -0.426466 0.0 -0.569914 -0.792711 0.21635 0.0 0.111101 -0.548259 -0.777147 1.0]
351
	ConcatTransform [1.1 0.0 0.0 0.0 0.0 1.1 0.0 0.0 0.0 0.0 1.1 0.0 -9.609 0.05 6.704 1.0]
	ConcatTransform [-0.238853 0.410332 0.8801 0.0 -0.786455 0.449887 -0.423191 0.0 -0.569594 -0.79324 0.215251 0.0 0.111083 -0.548272 -0.778543 1.0]
352
	ConcatTransform [1.1 0.0 0.0 0.0 0.0 1.1 0.0 0.0 0.0 0.0 1.1 0.0 -9.609 0.05 6.704 1.0]
	ConcatTransform [-0.235439 0.406175 0.882944 0.0 -0.787814 0.452247 -0.418117 0.0 -0.569137 -0.794037 0.213514 0.0 0.11097 -0.54828 -0.780717 1.0]
353
	ConcatTransform [1.1 0.0 0.0 0.0 0.0 1.1 0.0 0.0 0.0 0.0 1.1 0.0 -9.609 0.05 6.704 1.0]
	ConcatTransform [-0.233121 0.403769 0.884661 0.0 -0.788621 0.45378 -0.414923 0.0 -0.568974 -0.794389 0.212635 0.0 0.11085 -0.548279 -0.782189 1.0]
354
	ConcatTransform [1.1 0.0 0.0 0.0 0.0 1.1 0.0 0.0 0.0 0.0 1.1 0.0 -9.609 0.05 6.704 1.0]
	ConcatTransform [-0.229631 0.400445 0.887081 0.0 -0.789703 0.456087 -0.41031 0.0 -0.568893 -0.794751 0.211501 0.0 0.110603 -0.54827 -0.784345 1.0]
355
	ConcatTransform [1.1 0.0 0.0 0.0 0.0 1.1 0.0 0.0 0.0 0.0 1.1 0.0 -9.609 0.05 6.704 1.0]
	ConcatTransform [-0.227406 0.398589 0.888489 0.0 -0.790389 0.457415 -0.407501 0.0 -0.568834 -0.79492 0.211022 0.0 0.110396 -0.548262 -0.785715 1.0]
356
	ConcatTransform [1.1 0.0 0.0 0.0 0.0 1.1 0.0 0.0 0.0 0.0 1.1 0.0 -9.609 0.05 6.704 1.0]
	ConcatTransform [-0.22428 0.396681 0.890136 0.0 -0.79136 0.458922 -0.403907 0.0 -0.568725 -0.795006 0.21099 0.0 0.110035 -0.548249 -0.787627 1.0]
357
	ConcatTransform [1.1 0.0 0.0 0.0 0.0 1.1 0.0 0.0 0.0 0.0 1.1 0.0 -9.609 0.05 6.704 1.0]
	ConcatTransform [-0.222195 0.395627 0.891128 0.0 -0.791951 0.459891 -0.40164 0.0 -0.568721 -0.794972 0.211131 0.0 0.109774 -0.548241 -0.788761 1.0]
358
	ConcatTransform [1.1 0.0 0.0 0.0 0.0 1.1 0.0 0.0 0.0 0.0 1.1 0.0 -9.609 0.05 6.704 1.0]
	ConcatTransform [-0.219062 0.394182 0.892543 0.0 -0.79279 0.46133 -0.398321 0.0 -0.568767 -0.794856 0.211443 0.0 0.109363 -0.548228 -0.790212 1.0]
359
	ConcatTransform [1.1 0.0 0.0 0.0 0.0 1.1 0.0 0.0 0.0 0.0 1.1 0.0 -9.609 0.05 6.704 1.0]
	ConcatTransform [-0.217142 0.393839 0.893163 0.0 -0.793338 0.461911 -0.396552 0.0 -0.56874 -0.794688 0.212147 0.0 0.109079 -0.548224 -0.791019 1.0]
360
	ConcatTransform [1.1 0.0 0.0 0.0 0.0 1.1 0.0 0.0 0.0 0.0 1.1 0.0 -9.609 0.05 6.704 1.0]
	ConcatTransform [0.212397 0.416162 -0.884136 0.0 0.799057 0.446847 0.402289 0.0 0.562491 -0.79192 -0.237628 0.0 -0.50174 -0.5489 -0.784471 1.0]
