228
	ConcatTransform [1.1 0.0 0.0 0.0 0.0 1.1 0.0 0.0 0.0 0.0 1.1 0.0 -9.609 0.05 6.704 1.0]
	ConcatTransform [0.998323 -0.035854 0.045452 0.0 0.036214 0.999319 -0.007123 0.0 -0.045166 0.008757 0.998941 0.0 -0.025808 -0.022506 0.011043 1.0]
229
	ConcatTransform [1.1 0.0 0.0 0.0 0.0 1.1 0.0 0.0 0.0 0.0 1.1 0.0 -9.609 0.05 6.704 1.0]
	ConcatTransform [0.995577 -0.05666 0.074941 0.0 0.056231 0.998387 0.007822 0.0 -0.075264 -0.003573 0.997157 0.0 -0.03981 -0.048719 0.017056 1.0]
230
	ConcatTransform [1.1 0.0 0.0 0.0 0.0 1.1 0.0 0.0 0.0 0.0 1.1 0.0 -9.609 0.05 6.704 1.0]
	ConcatTransform [0.976069 -0.028682 0.21556 0.0 0.000407 0.991503 0.130083 0.0 -0.217459 -0.126882 0.967787 0.0 -0.058968 -0.103281 0.028716 1.0]
231
	ConcatTransform [1.1 0.0 0.0 0.0 0.0 1.1 0.0 0.0 0.0 0.0 1.1 0.0 -9.609 0.05 6.704 1.0]
	ConcatTransform [0.973623 0.025275 0.226757 0.0 -0.063661 0.984469 0.163609 0.0 -0.2191 -0.17373 0.960111 0.0 -0.07199 -0.151295 0.034121 1.0]
232
	ConcatTransform [1.1 0.0 0.0 0.0 0.0 1.1 0.0 0.0 0.0 0.0 1.1 0.0 -9.609 0.05 6.704 1.0]
	ConcatTransform [0.973843 0.156042 0.165171 0.0 -0.183764 0.968405 0.168588 0.0 -0.133646 -0.194531 0.971749 0.0 -0.089666 -0.239756 0.040229 1.0]
233
	ConcatTransform [1.1 0.0 0.0 0.0 0.0 1.1 0.0 0.0 0.0 0.0 1.1 0.0 -9.609 0.05 6.704 1.0]
	ConcatTransform [0.980113 0.149212 0.130823 0.0 -0.169984 0.971451 0.165496 0.0 -0.102394 -0.184443 0.977495 0.0 -0.097278 -0.310241 0.043934 1.0]
234
	ConcatTransform [1.1 0.0 0.0 0.0 0.0 1.1 0.0 0.0 0.0 0.0 1.1 0.0 -9.609 0.05 6.704 1.0]
	ConcatTransform [0.948097 0.299413 0.107069 0.0 -0.317941 0.898006 0.304137 0.0 -0.005086 -0.322393 0.946592 0.0 -0.075109 -0.414666 0.038941 1.0]
235
	ConcatTransform [1.1 0.0 0.0 0.0 0.0 1.1 0.0 0.0 0.0 0.0 1.1 0.0 -9.609 0.05 6.704 1.0]
	ConcatTransform [0.910483 0.4114 0.042091 0.0 -0.388152 0.815017 0.430214 0.0 0.142685 -0.40804 0.901745 0.0 -0.028159 -0.473076 0.027474 1.0]
236
	ConcatTransform [1.1 0.0 0.0 0.0 0.0 1.1 0.0 0.0 0.0 0.0 1.1 0.0 -9.609 0.05 6.704 1.0]
	ConcatTransform [0.763137 0.60668 0.222622 0.0 -0.646124 0.722738 0.245305 0.0 -0.012076 -0.331043 0.943538 0.0 0.088221 -0.52698 0.016791 1.0]
237
	ConcatTransform [1.1 0.0 0.0 0.0 0.0 1.1 0.0 0.0 0.0 0.0 1.1 0.0 -9.609 0.05 6.704 1.0]
	ConcatTransform [0.629249 0.710692 0.314583 0.0 -0.775835 0.598396 0.200005 0.0 -0.046104 -0.369918 0.92792 0.0 0.176119 -0.53785 0.011446 1.0]
238
	ConcatTransform [1.1 0.0 0.0 0.0 0.0 1.1 0.0 0.0 0.0 0.0 1.1 0.0 -9.609 0.05 6.704 1.0]
	ConcatTransform [0.509153 0.782711 0.357947 0.0 -0.86021 0.4491 0.241553 0.0 0.028312 -0.430897 0.901957 0.0 0.284202 -0.53124 0.001035 1.0]
239
	ConcatTransform [1.1 0.0 0.0 0.0 0.0 1.1 0.0 0.0 0.0 0.0 1.1 0.0 -9.609 0.05 6.704 1.0]
	ConcatTransform [0.441361 0.819818 0.364827 0.0 -0.894854 0.371949 0.246758 0.0 0.0666 -0.435376 0.897782 0.0 0.346861 -0.520903 -0.004747 1.0]
240
	ConcatTransform [1.1 0.0 0.0 0.0 0.0 1.1 0.0 0.0 0.0 0.0 1.1 0.0 -9.609 0.05 6.704 1.0]
	ConcatTransform [0.303105 0.854311 0.422232 0.0 -0.952033 0.251961 0.173633 0.0 0.04195 -0.454608 0.889703 0.0 0.434055 -0.500433 -0.010962 1.0]
241
	ConcatTransform [1.1 0.0 0.0 0.0 0.0 1.1 0.0 0.0 0.0 0.0 1.1 0.0 -9.609 0.05 6.704 1.0]
	ConcatTransform [0.20512 0.860081 0.467104 0.0 -0.978698 0.176011 0.105687 0.0 0.008684 -0.478833 0.877863 0.0 0.483576 -0.484187 -0.012411 1.0]
242
	ConcatTransform [1.1 0.0 0.0 0.0 0.0 1.1 0.0 0.0 0.0 0.0 1.1 0.0 -9.609 0.05 6.704 1.0]
	ConcatTransform [0.067872 0.874667 0.479948 0.0 -0.997482 0.069418 0.014552 0.0 -0.020589 -0.479727 0.877176 0.0 0.54708 -0.460248 -0.012427 1.0]
243
	ConcatTransform [1.1 0.0 0.0 0.0 0.0 1.1 0.0 0.0 0.0 0.0 1.1 0.0 -9.609 0.05 6.704 1.0]
	ConcatTransform [0.005501 0.875452 0.483274 0.0 -0.99971 0.016153 -0.017881 0.0 -0.023461 -0.483036 0.875286 0.0 0.582711 -0.446866 -0.010515 1.0]
244
	ConcatTransform [1.1 0.0 0.0 0.0 0.0 1.1 0.0 0.0 0.0 0.0 1.1 0.0 -9.609 0.05 6.704 1.0]
	ConcatTransform [-0.041999 0.888415 0.457116 0.0 -0.998532 -0.021664 -0.049638 0.0 -0.034196 -0.458529 0.888021 0.0 0.626405 -0.434268 -0.006759 1.0]
245
	ConcatTransform [1.1 0.0 0.0 0.0 0.0 1.1 0.0 0.0 0.0 0.0 1.1 0.0 -9.609 0.05 6.704 1.0]
	ConcatTransform [-0.054914 0.882431 0.467226 0.0 -0.998331 -0.040158 -0.041493 0.0 -0.017852 -0.468725 0.883164 0.0 0.646138 -0.429553 -0.002839 1.0]
246
	ConcatTransform [1.1 0.0 0.0 0.0 0.0 1.1 0.0 0.0 0.0 0.0 1.1 0.0 -9.609 0.05 6.704 1.0]
	ConcatTransform [-0.063123 0.895952 0.439642 0.0 -0.997393 -0.041197 -0.059249 0.0 -0.034972 -0.442235 0.896217 0.0 0.664114 -0.428624 0.002206 1.0]
247
	ConcatTransform [1.1 0.0 0.0 0.0 0.0 1.1 0.0 0.0 0.0 0.0 1.1 0.0 -9.609 0.05 6.704 1.0]
	ConcatTransform [-0.045581 0.89506 0.44361 0.0 -0.998456 -0.02671 -0.0487 0.0 -0.031741 -0.445145 0.894896 0.0 0.669861 -0.434618 0.006271 1.0]
248
	ConcatTransform [1.1 0.0 0.0 0.0 0.0 1.1 0.0 0.0 0.0 0.0 1.1 0.0 -9.609 0.05 6.704 1.0]
	ConcatTransform [0.007884 0.895411 0.44517 0.0 -0.999322 0.023071 -0.028705 0.0 -0.035973 -0.444642 0.894986 0.0 0.664083 -0.447191 0.011159 1.0]
249
	ConcatTransform [1.1 0.0 0.0 0.0 0.0 1.1 0.0 0.0 0.0 0.0 1.1 0.0 -9.609 0.05 6.704 1.0]
	ConcatTransform [0.038046 0.89556 0.443311 0.0 -0.997491 0.060542 -0.036698 0.0 -0.059704 -0.440803 0.895616 0.0 0.651977 -0.458789 0.013036 1.0]
250
	ConcatTransform [1.1 0.0 0.0 0.0 0.0 1.1 0.0 0.0 0.0 0.0 1.1 0.0 -9.609 0.05 6.704 1.0]
	ConcatTransform [0.13019 0.896251 0.424011 0.0 -0.987613 0.155001 -0.024391 0.0 -0.087582 -0.415583 0.905329 0.0 0.624136 -0.48003 0.016021 1.0]
251
	ConcatTransform [1.1 0.0 0.0 0.0 0.0 1.1 0.0 0.0 0.0 0.0 1.1 0.0 -9.609 0.05 6.704 1.0]
	ConcatTransform [0.203309 0.891502 0.404833 0.0 -0.975797 0.218497 0.008887 0.0 -0.080532 -0.396841 0.914348 0.0 0.59846 -0.490977 0.018864 1.0]
252
	ConcatTransform [1.1 0.0 0.0 0.0 0.0 1.1 0.0 0.0 0.0 0.0 1.1 0.0 -9.609 0.05 6.704 1.0]
	ConcatTransform [0.290401 0.885903 0.361721 0.0 -0.954276 0.296118 0.040891 0.0 -0.070887 -0.357057 0.931389 0.0 0.555284 -0.502787 0.022477 1.0]
253
	ConcatTransform [1.1 0.0 0.0 0.0 0.0 1.1 0.0 0.0 0.0 0.0 1.1 0.0 -9.609 0.05 6.704 1.0]
	ConcatTransform [0.36371 0.872502 0.326275 0.0 -0.929808 0.361226 0.070522 0.0 -0.056329 -0.329023 0.94264 0.0 0.525835 -0.510665 0.024453 1.0]
254
	ConcatTransform [1.1 0.0 0.0 0.0 0.0 1.1 0.0 0.0 0.0 0.0 1.1 0.0 -9.609 0.05 6.704 1.0]
	ConcatTransform [0.482105 0.834172 0.267827 0.0 -0.876113 0.459251 0.146676 0.0 -0.000647 -0.30536 0.952237 0.0 0.482031 -0.519917 0.026251 1.0]
255
	ConcatTransform [1.1 0.0 0.0 0.0 0.0 1.1 0.0 0.0 0.0 0.0 1.1 0.0 -9.609 0.05 6.704 1.0]
	ConcatTransform [0.562278 0.798863 0.213684 0.0 -0.825032 0.524345 0.210676 0.0 0.056257 -0.294755 0.953916 0.0 0.45272 -0.522931 0.026245 1.0]
256
	ConcatTransform [1.1 0.0 0.0 0.0 0.0 1.1 0.0 0.0 0.0 0.0 1.1 0.0 -9.609 0.05 6.704 1.0]
	ConcatTransform [0.654602 0.737621 0.165564 0.0 -0.748154 0.600684 0.281859 0.0 0.108454 -0.308373 0.945063 0.0 0.411079 -0.522725 0.025644 1.0]
257
	ConcatTransform [1.1 0.0 0.0 0.0 0.0 1.1 0.0 0.0 0.0 0.0 1.1 0.0 -9.609 0.05 6.704 1.0]
	ConcatTransform [0.699664 0.697831 0.153303 0.0 -0.704687 0.638619 0.309164 0.0 0.117842 -0.324342 0.938571 0.0 0.384634 -0.520257 0.025228 1.0]
258
	ConcatTransform [1.1 0.0 0.0 0.0 0.0 1.1 0.0 0.0 0.0 0.0 1.1 0.0 -9.609 0.05 6.704 1.0]
	ConcatTransform [0.757825 0.63595 0.145838 0.0 -0.642687 0.689052 0.334906 0.0 0.112493 -0.347528 0.930897 0.0 0.348769 -0.513888 0.023618 1.0]
259
	ConcatTransform [1.1 0.0 0.0 0.0 0.0 1.1 0.0 0.0 0.0 0.0 1.1 0.0 -9.609 0.05 6.704 1.0]
	ConcatTransform [0.78439 0.602288 0.148258 0.0 -0.611446 0.710652 0.348006 0.0 0.10424 -0.363624 0.925695 0.0 0.328672 -0.508059 0.022257 1.0]
260
	ConcatTransform [1.1 0.0 0.0 0.0 0.0 1.1 0.0 0.0 0.0 0.0 1.1 0.0 -9.609 0.05 6.704 1.0]
	ConcatTransform [0.809234 0.566026 0.157334 0.0 -0.58249 0.738195 0.340254 0.0 0.076449 -0.366991 0.927078 0.0 0.307748 -0.49748 0.020398 1.0]
261
	ConcatTransform [1.1 0.0 0.0 0.0 0.0 1.1 0.0 0.0 0.0 0.0 1.1 0.0 -9.609 0.05 6.704 1.0]
	ConcatTransform [0.811439 0.558684 0.171576 0.0 -0.582973 0.752974 0.305242 0.0 0.041342 -0.347709 0.936691 0.0 0.298439 -0.494729 0.019045 1.0]
262
	ConcatTransform [1.1 0.0 0.0 0.0 0.0 1.1 0.0 0.0 0.0 0.0 1.1 0.0 -9.609 0.05 6.704 1.0]
	ConcatTransform [0.802172 0.560462 0.205921 0.0 -0.596684 0.765208 0.241711 0.0 -0.022103 -0.316763 0.948247 0.0 0.292084 -0.493999 0.017939 1.0]
263
	ConcatTransform [1.1 0.0 0.0 0.0 0.0 1.1 0.0 0.0 0.0 0.0 1.1 0.0 -9.609 0.05 6.704 1.0]
	ConcatTransform [0.783004 0.576439 0.233714 0.0 -0.618225 0.762629 0.190249 0.0 -0.06857 -0.293454 0.953511 0.0 0.291635 -0.49759 0.01761 1.0]
264
	ConcatTransform [1.1 0.0 0.0 0.0 0.0 1.1 0.0 0.0 0.0 0.0 1.1 0.0 -9.609 0.05 6.704 1.0]
	ConcatTransform [0.753182 0.599355 0.271092 0.0 -0.645396 0.752987 0.128351 0.0 -0.127201 -0.271633 0.953958 0.0 0.299608 -0.503335 0.018014 1.0]
265
	ConcatTransform [1.1 0.0 0.0 0.0 0.0 1.1 0.0 0.0 0.0 0.0 1.1 0.0 -9.609 0.05 6.704 1.0]
	ConcatTransform [0.723147 0.627755 0.288067 0.0 -0.672383 0.735224 0.085712 0.0 -0.157988 -0.255674 0.953767 0.0 0.309126 -0.508371 0.018542 1.0]
266
	ConcatTransform [1.1 0.0 0.0 0.0 0.0 1.1 0.0 0.0 0.0 0.0 1.1 0.0 -9.609 0.05 6.704 1.0]
	ConcatTransform [0.678515 0.663728 0.314774 0.0 -0.709997 0.702484 0.049195 0.0 -0.188472 -0.256868 0.947891 0.0 0.32848 -0.513165 0.01896 1.0]
267
	ConcatTransform [1.1 0.0 0.0 0.0 0.0 1.1 0.0 0.0 0.0 0.0 1.1 0.0 -9.609 0.05 6.704 1.0]
	ConcatTransform [0.645021 0.690191 0.328002 0.0 -0.738546 0.673258 0.035674 0.0 -0.196208 -0.265255 0.944003 0.0 0.343626 -0.516665 0.018873 1.0]
268
	ConcatTransform [1.1 0.0 0.0 0.0 0.0 1.1 0.0 0.0 0.0 0.0 1.1 0.0 -9.609 0.05 6.704 1.0]
	ConcatTransform [0.582761 0.736891 0.342609 0.0 -0.78747 0.616191 0.014129 0.0 -0.200701 -0.278028 0.939372 0.0 0.368963 -0.521145 0.017946 1.0]
269
	ConcatTransform [1.1 0.0 0.0 0.0 0.0 1.1 0.0 0.0 0.0 0.0 1.1 0.0 -9.609 0.05 6.704 1.0]
	ConcatTransform [0.54372 0.761778 0.352225 0.0 -0.813996 0.58087 0.000262 0.0 -0.204397 -0.286852 0.935915 0.0 0.387382 -0.522419 0.016901 1.0]
270
	ConcatTransform [1.1 0.0 0.0 0.0 0.0 1.1 0.0 0.0 0.0 0.0 1.1 0.0 -9.609 0.05 6.704 1.0]
	ConcatTransform [0.488986 0.790359 0.369087 0.0 -0.847421 0.530741 -0.013816 0.0 -0.206809 -0.306017 0.929292 0.0 0.415828 -0.522609 0.014966 1.0]
271
	ConcatTransform [1.1 0.0 0.0 0.0 0.0 1.1 0.0 0.0 0.0 0.0 1.1 0.0 -9.609 0.05 6.704 1.0]
	ConcatTransform [0.455708 0.807039 0.375524 0.0 -0.866333 0.49902 -0.021125 0.0 -0.204442 -0.315702 0.926572 0.0 0.434682 -0.521783 0.013402 1.0]
272
	ConcatTransform [1.1 0.0 0.0 0.0 0.0 1.1 0.0 0.0 0.0 0.0 1.1 0.0 -9.609 0.05 6.704 1.0]
	ConcatTransform [0.413236 0.826851 0.381515 0.0 -0.888368 0.45811 -0.030623 0.0 -0.200097 -0.326271 0.923855 0.0 0.461707 -0.519792 0.010519 1.0]
273
	ConcatTransform [1.1 0.0 0.0 0.0 0.0 1.1 0.0 0.0 0.0 0.0 1.1 0.0 -9.609 0.05 6.704 1.0]
	ConcatTransform [0.397334 0.832656 0.385759 0.0 -0.898071 0.439245 -0.023087 0.0 -0.188666 -0.337265 0.922311 0.0 0.477892 -0.518489 0.008096 1.0]
274
	ConcatTransform [1.1 0.0 0.0 0.0 0.0 1.1 0.0 0.0 0.0 0.0 1.1 0.0 -9.609 0.05 6.704 1.0]
	ConcatTransform [0.370671 0.842845 0.390147 0.0 -0.912189 0.409386 -0.017755 0.0 -0.174686 -0.349307 0.920581 0.0 0.499023 -0.515894 0.003551 1.0]
275
	ConcatTransform [1.1 0.0 0.0 0.0 0.0 1.1 0.0 0.0 0.0 0.0 1.1 0.0 -9.609 0.05 6.704 1.0]
	ConcatTransform [0.355576 0.849015 0.39082 0.0 -0.91903 0.393721 -0.019165 0.0 -0.170145 -0.352361 0.920268 0.0 0.511099 -0.514352 0.000106 1.0]
276
	ConcatTransform [1.1 0.0 0.0 0.0 0.0 1.1 0.0 0.0 0.0 0.0 1.1 0.0 -9.609 0.05 6.704 1.0]
	ConcatTransform [0.347181 0.849065 0.398188 0.0 -0.922958 0.384594 -0.01535 0.0 -0.166174 -0.362182 0.917175 0.0 0.526225 -0.513377 -0.005038 1.0]
277
	ConcatTransform [1.1 0.0 0.0 0.0 0.0 1.1 0.0 0.0 0.0 0.0 1.1 0.0 -9.609 0.05 6.704 1.0]
	ConcatTransform [0.341614 0.850972 0.398933 0.0 -0.926191 0.376898 -0.010853 0.0 -0.159592 -0.36578 0.916916 0.0 0.533623 -0.512583 -0.008479 1.0]
278
	ConcatTransform [1.1 0.0 0.0 0.0 0.0 1.1 0.0 0.0 0.0 0.0 1.1 0.0 -9.609 0.05 6.704 1.0]
	ConcatTransform [0.347907 0.84825 0.399291 0.0 -0.926132 0.377156 0.005724 0.0 -0.145739 -0.371788 0.916806 0.0 0.541165 -0.512512 -0.013285 1.0]
279
	ConcatTransform [1.1 0.0 0.0 0.0 0.0 1.1 0.0 0.0 0.0 0.0 1.1 0.0 -9.609 0.05 6.704 1.0]
	ConcatTransform [0.35766 0.847206 0.392838 0.0 -0.923898 0.382273 0.016744 0.0 -0.135986 -0.36893 0.919455 0.0 0.543856 -0.513051 -0.016485 1.0]
280
	ConcatTransform [1.1 0.0 0.0 0.0 0.0 1.1 0.0 0.0 0.0 0.0 1.1 0.0 -9.609 0.05 6.704 1.0]
	ConcatTransform [0.373772 0.846356 0.379442 0.0 -0.9209 0.387422 0.042985 0.0 -0.110623 -0.365495 0.924216 0.0 0.544384 -0.513645 -0.020888 1.0]
281
	ConcatTransform [1.1 0.0 0.0 0.0 0.0 1.1 0.0 0.0 0.0 0.0 1.1 0.0 -9.609 0.05 6.704 1.0]
	ConcatTransform [0.391168 0.84443 0.36596 0.0 -0.916324 0.394368 0.069462 0.0 -0.085667 -0.362509 0.928035 0.0 0.542711 -0.514364 -0.023482 1.0]
282
	ConcatTransform [1.1 0.0 0.0 0.0 0.0 1.1 0.0 0.0 0.0 0.0 1.1 0.0 -9.609 0.05 6.704 1.0]
	ConcatTransform [0.425933 0.837457 0.342413 0.0 -0.90374 0.411725 0.1172 0.0 -0.04283 -0.359372 0.932211 0.0 0.537346 -0.515955 -0.026839 1.0]
283
	ConcatTransform [1.1 0.0 0.0 0.0 0.0 1.1 0.0 0.0 0.0 0.0 1.1 0.0 -9.609 0.05 6.704 1.0]
	ConcatTransform [0.452047 0.831199 0.323671 0.0 -0.891848 0.427741 0.147122 0.0 -0.01616 -0.355171 0.934662 0.0 0.531991 -0.517313 -0.028823 1.0]
284
	ConcatTransform [1.1 0.0 0.0 0.0 0.0 1.1 0.0 0.0 0.0 0.0 1.1 0.0 -9.609 0.05 6.704 1.0]
	ConcatTransform [0.49026 0.818923 0.298347 0.0 -0.871405 0.453777 0.186384 0.0 0.017251 -0.351357 0.936083 0.0 0.521824 -0.519175 -0.03143 1.0]
285
	ConcatTransform [1.1 0.0 0.0 0.0 0.0 1.1 0.0 0.0 0.0 0.0 1.1 0.0 -9.609 0.05 6.704 1.0]
	ConcatTransform [0.510509 0.809706 0.289409 0.0 -0.859295 0.468073 0.206201 0.0 0.031497 -0.353955 0.934732 0.0 0.513942 -0.520024 -0.033068 1.0]
286
	ConcatTransform [1.1 0.0 0.0 0.0 0.0 1.1 0.0 0.0 0.0 0.0 1.1 0.0 -9.609 0.05 6.704 1.0]
	ConcatTransform [0.538262 0.79262 0.286403 0.0 -0.841947 0.490646 0.224483 0.0 0.037407 -0.361967 0.93144 0.0 0.500733 -0.521077 -0.035181 1.0]
287
	ConcatTransform [1.1 0.0 0.0 0.0 0.0 1.1 0.0 0.0 0.0 0.0 1.1 0.0 -9.609 0.05 6.704 1.0]
	ConcatTransform [0.556713 0.780109 0.285483 0.0 -0.829959 0.507775 0.230938 0.0 0.035195 -0.365506 0.930143 0.0 0.491344 -0.52156 -0.036327 1.0]
288
	ConcatTransform [1.1 0.0 0.0 0.0 0.0 1.1 0.0 0.0 0.0 0.0 1.1 0.0 -9.609 0.05 6.704 1.0]
	ConcatTransform [0.583607 0.761498 0.281997 0.0 -0.811526 0.534631 0.235788 0.0 0.028787 -0.366456 0.92999 0.0 0.47656 -0.521963 -0.037322 1.0]
289
	ConcatTransform [1.1 0.0 0.0 0.0 0.0 1.1 0.0 0.0 0.0 0.0 1.1 0.0 -9.609 0.05 6.704 1.0]
	ConcatTransform [0.598783 0.749059 0.283496 0.0 -0.800637 0.55057 0.236332 0.0 0.020942 -0.368489 0.929396 0.0 0.466602 -0.521883 -0.037465 1.0]
290
	ConcatTransform [1.1 0.0 0.0 0.0 0.0 1.1 0.0 0.0 0.0 0.0 1.1 0.0 -9.609 0.05 6.704 1.0]
	ConcatTransform [0.618264 0.735061 0.278271 0.0 -0.785923 0.57426 0.229241 0.0 0.008707 -0.360431 0.932745 0.0 0.451947 -0.521707 -0.037169 1.0]
291
	ConcatTransform [1.1 0.0 0.0 0.0 0.0 1.1 0.0 0.0 0.0 0.0 1.1 0.0 -9.609 0.05 6.704 1.0]
	ConcatTransform [0.630167 0.724722 0.278688 0.0 -0.776458 0.587563 0.227776 0.0 0.001328 -0.359927 0.93298 0.0 0.442636 -0.521293 -0.036312 1.0]
292
	ConcatTransform [1.1 0.0 0.0 0.0 0.0 1.1 0.0 0.0 0.0 0.0 1.1 0.0 -9.609 0.05 6.704 1.0]
	ConcatTransform [0.64599 0.711735 0.275917 0.0 -0.763323 0.605121 0.226202 0.0 -0.005968 -0.356738 0.934185 0.0 0.42997 -0.520739 -0.034536 1.0]
293
	ConcatTransform [1.1 0.0 0.0 0.0 0.0 1.1 0.0 0.0 0.0 0.0 1.1 0.0 -9.609 0.05 6.704 1.0]
	ConcatTransform [0.653476 0.70381 0.278603 0.0 -0.756776 0.615279 0.220729 0.0 -0.016067 -0.355081 0.934698 0.0 0.423037 -0.520187 -0.033288 1.0]
294
	ConcatTransform [1.1 0.0 0.0 0.0 0.0 1.1 0.0 0.0 0.0 0.0 1.1 0.0 -9.609 0.05 6.704 1.0]
	ConcatTransform [0.663546 0.692371 0.283425 0.0 -0.747454 0.629695 0.211652 0.0 -0.031929 -0.352288 0.935347 0.0 0.414673 -0.51927 -0.030893 1.0]
295
	ConcatTransform [1.1 0.0 0.0 0.0 0.0 1.1 0.0 0.0 0.0 0.0 1.1 0.0 -9.609 0.05 6.704 1.0]
	ConcatTransform [0.666977 0.687764 0.286569 0.0 -0.74394 0.635979 0.205144 0.0 -0.041161 -0.350017 0.935839 0.0 0.410609 -0.518828 -0.029013 1.0]
296
	ConcatTransform [1.1 0.0 0.0 0.0 0.0 1.1 0.0 0.0 0.0 0.0 1.1 0.0 -9.609 0.05 6.704 1.0]
	ConcatTransform [0.672376 0.683599 0.283906 0.0 -0.738677 0.644334 0.197965 0.0 -0.047602 -0.342822 0.938194 0.0 0.407027 -0.51834 -0.025821 1.0]
297
	ConcatTransform [1.1 0.0 0.0 0.0 0.0 1.1 0.0 0.0 0.0 0.0 1.1 0.0 -9.609 0.05 6.704 1.0]
	ConcatTransform [0.671935 0.685409 0.280568 0.0 -0.739173 0.644234 0.196433 0.0 -0.046114 -0.339378 0.939519 0.0 0.406174 -0.518468 -0.023363 1.0]
298
	ConcatTransform [1.1 0.0 0.0 0.0 0.0 1.1 0.0 0.0 0.0 0.0 1.1 0.0 -9.609 0.05 6.704 1.0]
	ConcatTransform [0.670418 0.689519 0.274051 0.0 -0.74077 0.643112 0.194079 0.0 -0.042424 -0.333123 0.941929 0.0 0.407215 -0.518749 -0.019328 1.0]
299
	ConcatTransform [1.1 0.0 0.0 0.0 0.0 1.1 0.0 0.0 0.0 0.0 1.1 0.0 -9.609 0.05 6.704 1.0]
	ConcatTransform [0.667796 0.694161 0.268681 0.0 -0.743298 0.64103 0.19128 0.0 -0.039453 -0.327446 0.944046 0.0 0.409401 -0.518985 -0.016504 1.0]
300
	ConcatTransform [1.1 0.0 0.0 0.0 0.0 1.1 0.0 0.0 0.0 0.0 1.1 0.0 -9.609 0.05 6.704 1.0]
	ConcatTransform [0.660212 0.704254 0.261048 0.0 -0.750301 0.634229 0.186553 0.0 -0.034183 -0.319029 0.947128 0.0 0.41466 -0.519588 -0.012202 1.0]
301
	ConcatTransform [1.1 0.0 0.0 0.0 0.0 1.1 0.0 0.0 0.0 0.0 1.1 0.0 -9.609 0.05 6.704 1.0]
	ConcatTransform [0.65333 0.712073 0.257123 0.0 -0.756468 0.627588 0.184093 0.0 -0.03028 -0.314779 0.948682 0.0 0.419389 -0.520074 -0.009334 1.0]
302
	ConcatTransform [1.1 0.0 0.0 0.0 0.0 1.1 0.0 0.0 0.0 0.0 1.1 0.0 -9.609 0.05 6.704 1.0]
	ConcatTransform [0.635793 0.729834 0.251217 0.0 -0.771497 0.610877 0.177827 0.0 -0.023678 -0.306874 0.951456 0.0 0.427905 -0.521057 -0.005219 1.0]
303
	ConcatTransform [1.1 0.0 0.0 0.0 0.0 1.1 0.0 0.0 0.0 0.0 1.1 0.0 -9.609 0.05 6.704 1.0]
	ConcatTransform [0.621256 0.743179 0.248448 0.0 -0.783371 0.596824 0.173583 0.0 -0.019277 -0.302467 0.952965 0.0 0.434425 -0.521929 -0.002643 1.0]
304
	ConcatTransform [1.1 0.0 0.0 0.0 0.0 1.1 0.0 0.0 0.0 0.0 1.1 0.0 -9.609 0.05 6.704 1.0]
	ConcatTransform [0.599734 0.761222 0.246699 0.0 -0.800075 0.57587 0.168091 0.0 -0.014112 -0.298187 0.954403 0.0 0.445249 -0.522264 0.000833 1.0]
305
	ConcatTransform [1.1 0.0 0.0 0.0 0.0 1.1 0.0 0.0 0.0 0.0 1.1 0.0 -9.609 0.05 6.704 1.0]
	ConcatTransform [0.584923 0.772651 0.246732 0.0 -0.811014 0.561294 0.164941 0.0 -0.011048 -0.296581 0.954944 0.0 0.45282 -0.522326 0.002827 1.0]
306
	ConcatTransform [1.1 0.0 0.0 0.0 0.0 1.1 0.0 0.0 0.0 0.0 1.1 0.0 -9.609 0.05 6.704 1.0]
	ConcatTransform [0.565646 0.7866 0.247599 0.0 -0.82461 0.542414 0.160641 0.0 -0.007941 -0.295039 0.955452 0.0 0.464362 -0.522166 0.00524 1.0]
307
	ConcatTransform [1.1 0.0 0.0 0.0 0.0 1.1 0.0 0.0 0.0 0.0 1.1 0.0 -9.609 0.05 6.704 1.0]
	ConcatTransform [0.553182 0.794612 0.250161 0.0 -0.833036 0.529933 0.158815 0.0 -0.006372 -0.296247 0.95509 0.0 0.471828 -0.52201 0.006452 1.0]
308
	ConcatTransform [1.1 0.0 0.0 0.0 0.0 1.1 0.0 0.0 0.0 0.0 1.1 0.0 -9.609 0.05 6.704 1.0]
	ConcatTransform [0.544141 0.801938 0.246588 0.0 -0.838991 0.51939 0.162259 0.0 0.002046 -0.295177 0.95544 0.0 0.481834 -0.521765 0.007227 1.0]
309
	ConcatTransform [1.1 0.0 0.0 0.0 0.0 1.1 0.0 0.0 0.0 0.0 1.1 0.0 -9.609 0.05 6.704 1.0]
	ConcatTransform [0.537773 0.80819 0.24006 0.0 -0.842961 0.510468 0.16982 0.0 0.014704 -0.293686 0.955789 0.0 0.487208 -0.52149 0.006995 1.0]
310
	ConcatTransform [1.1 0.0 0.0 0.0 0.0 1.1 0.0 0.0 0.0 0.0 1.1 0.0 -9.609 0.05 6.704 1.0]
	ConcatTransform [0.532971 0.814285 0.22996 0.0 -0.845219 0.49972 0.189435 0.0 0.039338 -0.29533 0.954585 0.0 0.49347 -0.521139 0.005717 1.0]
311
	ConcatTransform [1.1 0.0 0.0 0.0 0.0 1.1 0.0 0.0 0.0 0.0 1.1 0.0 -9.609 0.05 6.704 1.0]
	ConcatTransform [0.537163 0.813962 0.221185 0.0 -0.841458 0.498985 0.207271 0.0 0.058343 -0.297456 0.952951 0.0 0.496572 -0.521048 0.004329 1.0]
312
	ConcatTransform [1.1 0.0 0.0 0.0 0.0 1.1 0.0 0.0 0.0 0.0 1.1 0.0 -9.609 0.05 6.704 1.0]
	ConcatTransform [0.546354 0.812482 0.203395 0.0 -0.83257 0.500393 0.237558 0.0 0.091234 -0.299132 0.94984 0.0 0.499915 -0.521094 0.001709 1.0]
313
	ConcatTransform [1.1 0.0 0.0 0.0 0.0 1.1 0.0 0.0 0.0 0.0 1.1 0.0 -9.609 0.05 6.704 1.0]
	ConcatTransform [0.552794 0.810383 0.194163 0.0 -0.82578 0.501448 0.258141 0.0 0.111831 -0.303035 0.946395 0.0 0.501237 -0.521179 -0.000248 1.0]
314
	ConcatTransform [1.1 0.0 0.0 0.0 0.0 1.1 0.0 0.0 0.0 0.0 1.1 0.0 -9.609 0.05 6.704 1.0]
	ConcatTransform [0.560443 0.808018 0.18169 0.0 -0.816369 0.502047 0.285465 0.0 0.139444 -0.308313 0.941009 0.0 0.501716 -0.521298 -0.00354 1.0]
315
	ConcatTransform [1.1 0.0 0.0 0.0 0.0 1.1 0.0 0.0 0.0 0.0 1.1 0.0 -9.609 0.05 6.704 1.0]
	ConcatTransform [0.567781 0.804347 0.175072 0.0 -0.808146 0.504199 0.30444 0.0 0.156604 -0.314339 0.936304 0.0 0.501241 -0.521458 -0.005815 1.0]
316
	ConcatTransform [1.1 0.0 0.0 0.0 0.0 1.1 0.0 0.0 0.0 0.0 1.1 0.0 -9.609 0.05 6.704 1.0]
	ConcatTransform [0.581443 0.79643 0.166201 0.0 -0.793603 0.510202 0.331494 0.0 0.179216 -0.324643 0.928703 0.0 0.499501 -0.521751 -0.009245 1.0]
317
	ConcatTransform [1.1 0.0 0.0 0.0 0.0 1.1 0.0 0.0 0.0 0.0 1.1 0.0 -9.609 0.05 6.704 1.0]
	ConcatTransform [0.589285 0.792118 0.159036 0.0 -0.784262 0.513542 0.348149 0.0 0.194104 -0.329885 0.923851 0.0 0.497666 -0.521863 -0.011506 1.0]
318
	ConcatTransform [1.1 0.0 0.0 0.0 0.0 1.1 0.0 0.0 0.0 0.0 1.1 0.0 -9.609 0.05 6.704 1.0]
	ConcatTransform [0.601011 0.785285 0.148703 0.0 -0.770194 0.519353 0.370234 0.0 0.21351 -0.337045 0.916959 0.0 0.494131 -0.522003 -0.014698 1.0]
319
	ConcatTransform [1.1 0.0 0.0 0.0 0.0 1.1 0.0 0.0 0.0 0.0 1.1 0.0 -9.609 0.05 6.704 1.0]
	ConcatTransform [0.608784 0.780164 0.143962 0.0 -0.761544 0.52383 0.381646 0.0 0.222335 -0.341973 0.913029 0.0 0.491341 -0.522067 -0.016606 1.0]
320
	ConcatTransform [1.1 0.0 0.0 0.0 0.0 1.1 0.0 0.0 0.0 0.0 1.1 0.0 -9.609 0.05 6.704 1.0]
	ConcatTransform [0.618983 0.772853 0.13985 0.0 -0.751141 0.530502 0.39288 0.0 0.229448 -0.348233 0.908893 0.0 0.486712 -0.522101 -0.01914 1.0]
321
	ConcatTransform [1.1 0.0 0.0 0.0 0.0 1.1 0.0 0.0 0.0 0.0 1.1 0.0 -9.609 0.05 6.704 1.0]
	ConcatTransform [0.625039 0.768103 0.139081 0.0 -0.745457 0.5345 0.39825 0.0 0.231558 -0.352601 0.906672 0.0 0.483466 -0.522085 -0.020535 1.0]
322
	ConcatTransform [1.1 0.0 0.0 0.0 0.0 1.1 0.0 0.0 0.0 0.0 1.1 0.0 -9.609 0.05 6.704 1.0]
	ConcatTransform [0.633211 0.761519 0.138319 0.0 -0.738487 0.540951 0.402504 0.0 0.23169 -0.357017 0.904908 0.0 0.478515 -0.522046 -0.022121 1.0]
323
	ConcatTransform [1.1 0.0 0.0 0.0 0.0 1.1 0.0 0.0 0.0 0.0 1.1 0.0 -9.609 0.05 6.704 1.0]
	ConcatTransform [0.637853 0.757751 0.137686 0.0 -0.734782 0.545189 0.403564 0.0 0.230736 -0.358584 0.904532 0.0 0.475259 -0.522017 -0.022808 1.0]
324
	ConcatTransform [1.1 0.0 0.0 0.0 0.0 1.1 0.0 0.0 0.0 0.0 1.1 0.0 -9.609 0.05 6.704 1.0]
	ConcatTransform [0.643097 0.753554 0.136318 0.0 -0.730779 0.550692 0.403361 0.0 0.228885 -0.359018 0.90483 0.0 0.470586 -0.521987 -0.023267 1.0]
325
	ConcatTransform [1.1 0.0 0.0 0.0 0.0 1.1 0.0 0.0 0.0 0.0 1.1 0.0 -9.609 0.05 6.704 1.0]
	ConcatTransform [0.646081 0.751279 0.134757 0.0 -0.728298 0.553968 0.403362 0.0 0.228386 -0.358748 0.905063 0.0 0.467781 -0.521952 -0.023245 1.0]
326
	ConcatTransform [1.1 0.0 0.0 0.0 0.0 1.1 0.0 0.0 0.0 0.0 1.1 0.0 -9.609 0.05 6.704 1.0]
	ConcatTransform [0.649113 0.748713 0.134466 0.0 -0.726176 0.557259 0.402655 0.0 0.226541 -0.359015 0.905421 0.0 0.464127 -0.521926 -0.022715 1.0]
327
	ConcatTransform [1.1 0.0 0.0 0.0 0.0 1.1 0.0 0.0 0.0 0.0 1.1 0.0 -9.609 0.05 6.704 1.0]
	ConcatTransform [0.649995 0.747912 0.134662 0.0 -0.726276 0.559217 0.39975 0.0 0.223672 -0.357637 0.906679 0.0 0.462064 -0.521942 -0.022081 1.0]
328
	ConcatTransform [1.1 0.0 0.0 0.0 0.0 1.1 0.0 0.0 0.0 0.0 1.1 0.0 -9.609 0.05 6.704 1.0]
	ConcatTransform [0.649301 0.748475 0.134881 0.0 -0.728383 0.560978 0.393397 0.0 0.218783 -0.353679 0.90942 0.0 0.459528 -0.52239 -0.020725 1.0]
329
	ConcatTransform [1.1 0.0 0.0 0.0 0.0 1.1 0.0 0.0 0.0 0.0 1.1 0.0 -9.609 0.05 6.704 1.0]
	ConcatTransform [0.648986 0.748448 0.136539 0.0 -0.730116 0.562244 0.388345 0.0 0.213888 -0.351719 0.911343 0.0 0.458279 -0.522269 -0.01952 1.0]
330
	ConcatTransform [1.1 0.0 0.0 0.0 0.0 1.1 0.0 0.0 0.0 0.0 1.1 0.0 -9.609 0.05 6.704 1.0]
	ConcatTransform [0.649228 0.748061 0.137503 0.0 -0.732288 0.565907 0.378818 0.0 0.205565 -0.346632 0.915199 0.0 0.457025 -0.522178 -0.017388 1.0]
331
	ConcatTransform [1.1 0.0 0.0 0.0 0.0 1.1 0.0 0.0 0.0 0.0 1.1 0.0 -9.609 0.05 6.704 1.0]
	ConcatTransform [0.647674 0.749199 0.138631 0.0 -0.735055 0.566521 0.372489 0.0 0.200531 -0.343153 0.917624 0.0 0.456546 -0.522176 -0.015751 1.0]
332
	ConcatTransform [1.1 0.0 0.0 0.0 0.0 1.1 0.0 0.0 0.0 0.0 1.1 0.0 -9.609 0.05 6.704 1.0]
	ConcatTransform [0.643059 0.752805 0.14057 0.0 -0.741099 0.565472 0.361959 0.0 0.192996 -0.336937 0.921535 0.0 0.456301 -0.522229 -0.013061 1.0]
333
	ConcatTransform [1.1 0.0 0.0 0.0 0.0 1.1 0.0 0.0 0.0 0.0 1.1 0.0 -9.609 0.05 6.704 1.0]
	ConcatTransform [0.640307 0.754918 0.141797 0.0 -0.744903 0.565237 0.354439 0.0 0.187423 -0.332575 0.924266 0.0 0.456479 -0.522255 -0.011167 1.0]
334
	ConcatTransform [1.1 0.0 0.0 0.0 0.0 1.1 0.0 0.0 0.0 0.0 1.1 0.0 -9.609 0.05 6.704 1.0]
	ConcatTransform [0.63637 0.757862 0.143801 0.0 -0.750386 0.564996 0.343076 0.0 0.178757 -0.326229 0.928235 0.0 0.457167 -0.522278 -0.008247 1.0]
335
	ConcatTransform [1.1 0.0 0.0 0.0 0.0 1.1 0.0 0.0 0.0 0.0 1.1 0.0 -9.609 0.05 6.704 1.0]
	ConcatTransform [0.633368 0.759908 0.146235 0.0 -0.754444 0.564304 0.335224 0.0 0.172219 -0.322646 0.93072 0.0 0.457839 -0.522287 -0.00629 1.0]
336
	ConcatTransform [1.1 0.0 0.0 0.0 0.0 1.1 0.0 0.0 0.0 0.0 1.1 0.0 -9.609 0.05 6.704 1.0]
	ConcatTransform [0.628876 0.762938 0.149803 0.0 -0.760386 0.563297 0.32328 0.0 0.162259 -0.317211 0.934371 0.0 0.45911 -0.522291 -0.003465 1.0]
337
	ConcatTransform [1.1 0.0 0.0 0.0 0.0 1.1 0.0 0.0 0.0 0.0 1.1 0.0 -9.609 0.05 6.704 1.0]
	ConcatTransform [0.625986 0.764734 0.152722 0.0 -0.76419 0.56252 0.315571 0.0 0.155419 -0.314251 0.936531 0.0 0.460113 -0.522286 -0.001686 1.0]
338
	ConcatTransform [1.1 0.0 0.0 0.0 0.0 1.1 0.0 0.0 0.0 0.0 1.1 0.0 -9.609 0.05 6.704 1.0]
	ConcatTransform [0.622467 0.766853 0.156433 0.0 -0.768891 0.561881 0.305116 0.0 0.146083 -0.310205 0.939379 0.0 0.461749 -0.522261 0.000739 1.0]
339
	ConcatTransform [1.1 0.0 0.0 0.0 0.0 1.1 0.0 0.0 0.0 0.0 1.1 0.0 -9.609 0.05 6.704 1.0]
	ConcatTransform [0.620717 0.768109 0.15722 0.0 -0.771262 0.562155 0.298558 0.0 0.140943 -0.306578 0.941353 0.0 0.462812 -0.522224 0.002087 1.0]
340
	ConcatTransform [1.1 0.0 0.0 0.0 0.0 1.1 0.0 0.0 0.0 0.0 1.1 0.0 -9.609 0.05 6.704 1.0]
	ConcatTransform [0.619203 0.769309 0.157326 0.0 -0.773272 0.562575 0.292506 0.0 0.13652 -0.302776 0.943233 0.0 0.464293 -0.522185 0.003697 1.0]
341
	ConcatTransform [1.1 0.0 0.0 0.0 0.0 1.1 0.0 0.0 0.0 0.0 1.1 0.0 -9.609 0.05 6.704 1.0]
	ConcatTransform [0.61793 0.770319 0.157391 0.0 -0.77459 0.562133 0.289857 0.0 0.134808 -0.301024 0.94404 0.0 0.465268 -0.522155 0.004476 1.0]
342
	ConcatTransform [1.1 0.0 0.0 0.0 0.0 1.1 0.0 0.0 0.0 0.0 1.1 0.0 -9.609 0.05 6.704 1.0]
	ConcatTransform [0.615643 0.772201 0.157131 0.0 -0.776476 0.560425 0.288112 0.0 0.134421 -0.299383 0.944617 0.0 0.466695 -0.522151 0.005157 1.0]
343
	ConcatTransform [1.1 0.0 0.0 0.0 0.0 1.1 0.0 0.0 0.0 0.0 1.1 0.0 -9.609 0.05 6.704 1.0]
	ConcatTransform [0.614248 0.773524 0.156076 0.0 -0.777298 0.559001 0.28866 0.0 0.136039 -0.298627 0.944625 0.0 0.467597 -0.52214 0.005263 1.0]
344
	ConcatTransform [1.1 0.0 0.0 0.0 0.0 1.1 0.0 0.0 0.0 0.0 1.1 0.0 -9.609 0.05 6.704 1.0]
	ConcatTransform [0.612703 0.774803 0.155802 0.0 -0.777944 0.556536 0.291669 0.0 0.139277 -0.299912 0.943745 0.0 0.468914 -0.522473 0.004935 1.0]
345
	ConcatTransform [1.1 0.0 0.0 0.0 0.0 1.1 0.0 0.0 0.0 0.0 1.1 0.0 -9.609 0.05 6.704 1.0]
	ConcatTransform [0.614006 0.774174 0.153788 0.0 -0.776309 0.55712 0.294893 0.0 0.14262 -0.300453 0.943073 0.0 0.469683 -0.522369 0.00432 1.0]
346
	ConcatTransform [1.1 0.0 0.0 0.0 0.0 1.1 0.0 0.0 0.0 0.0 1.1 0.0 -9.609 0.05 6.704 1.0]
	ConcatTransform [0.615459 0.773724 0.150201 0.0 -0.773633 0.556607 0.30279 0.0 0.150673 -0.302555 0.941147 0.0 0.470596 -0.522268 0.002934 1.0]
347
	ConcatTransform [1.1 0.0 0.0 0.0 0.0 1.1 0.0 0.0 0.0 0.0 1.1 0.0 -9.609 0.05 6.704 1.0]
	ConcatTransform [0.617042 0.772416 0.150443 0.0 -0.771353 0.55582 0.309967 0.0 0.155804 -0.307307 0.938769 0.0 0.471181 -0.522287 0.00179 1.0]
348
	ConcatTransform [1.1 0.0 0.0 0.0 0.0 1.1 0.0 0.0 0.0 0.0 1.1 0.0 -9.609 0.05 6.704 1.0]
	ConcatTransform [0.616968 0.772569 0.14996 0.0 -0.769684 0.552608 0.319704 0.0 0.164124 -0.312669 0.935576 0.0 0.471965 -0.522319 -0.000315 1.0]
349
	ConcatTransform [1.1 0.0 0.0 0.0 0.0 1.1 0.0 0.0 0.0 0.0 1.1 0.0 -9.609 0.05 6.704 1.0]
	ConcatTransform [0.616835 0.77277 0.14947 0.0 -0.768581 0.550424 0.326061 0.0 0.169698 -0.316005 0.933458 0.0 0.47246 -0.522331 -0.001884 1.0]
350
	ConcatTransform [1.1 0.0 0.0 0.0 0.0 1.1 0.0 0.0 0.0 0.0 1.1 0.0 -9.609 0.05 6.704 1.0]
	ConcatTransform [0.617446 0.772399 0.148866 0.0 -0.766255 0.547819 0.335778 0.0 0.177803 -0.321394 0.930103 0.0 0.473152 -0.522341 -0.004375 1.0]
351
	ConcatTransform [1.1 0.0 0.0 0.0 0.0 1.1 0.0 0.0 0.0 0.0 1.1 0.0 -9.609 0.05 6.704 1.0]
	ConcatTransform [0.617924 0.772184 0.147994 0.0 -0.764631 0.546377 0.341776 0.0 0.183054 -0.324352 0.928055 0.0 0.473534 -0.52234 -0.006103 1.0]
352
	ConcatTransform [1.1 0.0 0.0 0.0 0.0 1.1 0.0 0.0 0.0 0.0 1.1 0.0 -9.609 0.05 6.704 1.0]
	ConcatTransform [0.619703 0.77111 0.146145 0.0 -0.761179 0.545136 0.35133 0.0 0.191245 -0.328963 0.924775 0.0 0.473829 -0.522325 -0.008728 1.0]
353
	ConcatTransform [1.1 0.0 0.0 0.0 0.0 1.1 0.0 0.0 0.0 0.0 1.1 0.0 -9.609 0.05 6.704 1.0]
	ConcatTransform [0.621633 0.770085 0.143324 0.0 -0.757955 0.545181 0.358165 0.0 0.197679 -0.331281 0.922592 0.0 0.473794 -0.522327 -0.010473 1.0]
354
	ConcatTransform [1.1 0.0 0.0 0.0 0.0 1.1 0.0 0.0 0.0 0.0 1.1 0.0 -9.609 0.05 6.704 1.0]
	ConcatTransform [0.623928 0.769047 0.138856 0.0 -0.753245 0.544484 0.368998 0.0 0.208172 -0.334821 0.918999 0.0 0.473545 -0.522303 -0.012934 1.0]
355
	ConcatTransform [1.1 0.0 0.0 0.0 0.0 1.1 0.0 0.0 0.0 0.0 1.1 0.0 -9.609 0.05 6.704 1.0]
	ConcatTransform [0.625626 0.768244 0.135623 0.0 -0.749962 0.544408 0.375735 0.0 0.214822 -0.336781 0.91675 0.0 0.473344 -0.522291 -0.014446 1.0]
356
	ConcatTransform [1.1 0.0 0.0 0.0 0.0 1.1 0.0 0.0 0.0 0.0 1.1 0.0 -9.609 0.05 6.704 1.0]
	ConcatTransform [0.628389 0.766858 0.130603 0.0 -0.744885 0.544787 0.385166 0.0 0.224217 -0.339318 0.913559 0.0 0.473015 -0.522274 -0.016466 1.0]
357
	ConcatTransform [1.1 0.0 0.0 0.0 0.0 1.1 0.0 0.0 0.0 0.0 1.1 0.0 -9.609 0.05 6.704 1.0]
	ConcatTransform [0.629438 0.766493 0.127655 0.0 -0.742185 0.544369 0.390928 0.0 0.230152 -0.340809 0.911526 0.0 0.47277 -0.52226 -0.017622 1.0]
358
	ConcatTransform [1.1 0.0 0.0 0.0 0.0 1.1 0.0 0.0 0.0 0.0 1.1 0.0 -9.609 0.05 6.704 1.0]
	ConcatTransform [0.631285 0.765257 0.125943 0.0 -0.738787 0.543972 0.397853 0.0 0.23595 -0.344204 0.908764 0.0 0.472457 -0.522225 -0.01905 1.0]
359
	ConcatTransform [1.1 0.0 0.0 0.0 0.0 1.1 0.0 0.0 0.0 0.0 1.1 0.0 -9.609 0.05 6.704 1.0]
	ConcatTransform [0.632059 0.764629 0.125872 0.0 -0.737655 0.543909 0.400036 0.0 0.237417 -0.345696 0.907815 0.0 0.472278 -0.522208 -0.019813 1.0]
360
	ConcatTransform [1.1 0.0 0.0 0.0 0.0 1.1 0.0 0.0 0.0 0.0 1.1 0.0 -9.609 0.05 6.704 1.0]
	ConcatTransform [-0.130282 0.197748 0.971557 0.0 -0.985589 0.080807 -0.14861 0.0 -0.107896 -0.976917 0.18437 0.0 9.99581 -128.264633 -4.254417 1.0]
