228
	ConcatTransform [1.1 0.0 0.0 0.0 0.0 1.1 0.0 0.0 0.0 0.0 1.1 0.0 -9.609 0.05 6.704 1.0]
	ConcatTransform [0.951341 0.144262 -0.272285 0.0 -0.134515 0.989426 0.054234 0.0 0.27723 -0.014969 0.960687 0.0 -0.013536 0.004311 -0.013077 1.0]
229
	ConcatTransform [1.1 0.0 0.0 0.0 0.0 1.1 0.0 0.0 0.0 0.0 1.1 0.0 -9.609 0.05 6.704 1.0]
	ConcatTransform [0.868178 0.243591 -0.432355 0.0 -0.198119 0.968929 0.148074 0.0 0.45499 -0.042897 0.889463 0.0 -0.02276 -0.004698 -0.020436 1.0]
230
	ConcatTransform [1.1 0.0 0.0 0.0 0.0 1.1 0.0 0.0 0.0 0.0 1.1 0.0 -9.609 0.05 6.704 1.0]
	ConcatTransform [0.814789 0.287203 -0.50362 0.0 -0.080536 0.916321 0.392262 0.0 0.574136 -0.279052 0.769739 0.0 -0.042198 -0.02922 -0.033394 1.0]
231
	ConcatTransform [1.1 0.0 0.0 0.0 0.0 1.1 0.0 0.0 0.0 0.0 1.1 0.0 -9.609 0.05 6.704 1.0]
	ConcatTransform [0.815941 0.271828 -0.510244 0.0 0.053832 0.843014 0.535191 0.0 0.575623 -0.464151 0.673217 0.0 -0.060474 -0.051226 -0.044221 1.0]
232
	ConcatTransform [1.1 0.0 0.0 0.0 0.0 1.1 0.0 0.0 0.0 0.0 1.1 0.0 -9.609 0.05 6.704 1.0]
	ConcatTransform [0.820387 0.258042 -0.510274 0.0 0.113915 0.800743 0.588076 0.0 0.560346 -0.540578 0.627525 0.0 -0.091352 -0.10232 -0.064773 1.0]
233
	ConcatTransform [1.1 0.0 0.0 0.0 0.0 1.1 0.0 0.0 0.0 0.0 1.1 0.0 -9.609 0.05 6.704 1.0]
	ConcatTransform [0.797273 0.290053 -0.529363 0.0 0.149686 0.754585 0.638902 0.0 0.584764 -0.588618 0.558193 0.0 -0.111764 -0.150358 -0.077857 1.0]
234
	ConcatTransform [1.1 0.0 0.0 0.0 0.0 1.1 0.0 0.0 0.0 0.0 1.1 0.0 -9.609 0.05 6.704 1.0]
	ConcatTransform [0.787089 0.203953 -0.582147 0.0 0.298776 0.699607 0.649063 0.0 0.539652 -0.684802 0.489716 0.0 -0.148199 -0.228858 -0.096933 1.0]
235
	ConcatTransform [1.1 0.0 0.0 0.0 0.0 1.1 0.0 0.0 0.0 0.0 1.1 0.0 -9.609 0.05 6.704 1.0]
	ConcatTransform [0.771947 0.067128 -0.632133 0.0 0.428743 0.679208 0.595698 0.0 0.469338 -0.730869 0.495532 0.0 -0.179441 -0.278949 -0.107929 1.0]
236
	ConcatTransform [1.1 0.0 0.0 0.0 0.0 1.1 0.0 0.0 0.0 0.0 1.1 0.0 -9.609 0.05 6.704 1.0]
	ConcatTransform [0.723463 -0.088822 -0.684626 0.0 0.571546 0.633287 0.521807 0.0 0.387217 -0.768803 0.508926 0.0 -0.232868 -0.351698 -0.121053 1.0]
237
	ConcatTransform [1.1 0.0 0.0 0.0 0.0 1.1 0.0 0.0 0.0 0.0 1.1 0.0 -9.609 0.05 6.704 1.0]
	ConcatTransform [0.725543 -0.109829 -0.679356 0.0 0.539002 0.704453 0.46176 0.0 0.42786 -0.701201 0.570309 0.0 -0.272901 -0.399172 -0.129872 1.0]
238
	ConcatTransform [1.1 0.0 0.0 0.0 0.0 1.1 0.0 0.0 0.0 0.0 1.1 0.0 -9.609 0.05 6.704 1.0]
	ConcatTransform [0.672978 -0.209731 -0.709305 0.0 0.645864 0.634006 0.42532 0.0 0.360501 -0.744345 0.562129 0.0 -0.33992 -0.442657 -0.142115 1.0]
239
	ConcatTransform [1.1 0.0 0.0 0.0 0.0 1.1 0.0 0.0 0.0 0.0 1.1 0.0 -9.609 0.05 6.704 1.0]
	ConcatTransform [0.627171 -0.222303 -0.746484 0.0 0.682273 0.619111 0.388851 0.0 0.375714 -0.753182 0.539959 0.0 -0.390206 -0.444825 -0.150891 1.0]
240
	ConcatTransform [1.1 0.0 0.0 0.0 0.0 1.1 0.0 0.0 0.0 0.0 1.1 0.0 -9.609 0.05 6.704 1.0]
	ConcatTransform [0.49647 -0.278521 -0.822158 0.0 0.76828 0.581853 0.266822 0.0 0.404059 -0.764116 0.502855 0.0 -0.465695 -0.439466 -0.164193 1.0]
241
	ConcatTransform [1.1 0.0 0.0 0.0 0.0 1.1 0.0 0.0 0.0 0.0 1.1 0.0 -9.609 0.05 6.704 1.0]
	ConcatTransform [0.396498 -0.235936 -0.8872 0.0 0.80641 0.551369 0.213765 0.0 0.438739 -0.800204 0.408878 0.0 -0.515502 -0.440863 -0.171788 1.0]
242
	ConcatTransform [1.1 0.0 0.0 0.0 0.0 1.1 0.0 0.0 0.0 0.0 1.1 0.0 -9.609 0.05 6.704 1.0]
	ConcatTransform [0.23158 -0.177992 -0.956394 0.0 0.858099 0.500527 0.114627 0.0 0.458299 -0.847226 0.268647 0.0 -0.589948 -0.461398 -0.18336 1.0]
243
	ConcatTransform [1.1 0.0 0.0 0.0 0.0 1.1 0.0 0.0 0.0 0.0 1.1 0.0 -9.609 0.05 6.704 1.0]
	ConcatTransform [0.116429 -0.137737 -0.983602 0.0 0.881889 0.469876 0.038591 0.0 0.456855 -0.87192 0.176176 0.0 -0.639553 -0.4874 -0.191148 1.0]
244
	ConcatTransform [1.1 0.0 0.0 0.0 0.0 1.1 0.0 0.0 0.0 0.0 1.1 0.0 -9.609 0.05 6.704 1.0]
	ConcatTransform [-0.106406 -0.104775 -0.988787 0.0 0.886871 0.439646 -0.142025 0.0 0.449597 -0.892039 0.046141 0.0 -0.699861 -0.487689 -0.194238 1.0]
245
	ConcatTransform [1.1 0.0 0.0 0.0 0.0 1.1 0.0 0.0 0.0 0.0 1.1 0.0 -9.609 0.05 6.704 1.0]
	ConcatTransform [-0.272308 -0.062026 -0.960209 0.0 0.845075 0.461764 -0.269485 0.0 0.460105 -0.884831 -0.073325 0.0 -0.736751 -0.485473 -0.193703 1.0]
246
	ConcatTransform [1.1 0.0 0.0 0.0 0.0 1.1 0.0 0.0 0.0 0.0 1.1 0.0 -9.609 0.05 6.704 1.0]
	ConcatTransform [-0.497698 -0.000819 -0.86735 0.0 0.752109 0.497668 -0.43204 0.0 0.432006 -0.867367 -0.247072 0.0 -0.785485 -0.482264 -0.188871 1.0]
247
	ConcatTransform [1.1 0.0 0.0 0.0 0.0 1.1 0.0 0.0 0.0 0.0 1.1 0.0 -9.609 0.05 6.704 1.0]
	ConcatTransform [-0.613045 0.014821 -0.789909 0.0 0.672479 0.534559 -0.511878 0.0 0.414666 -0.845001 -0.337676 0.0 -0.8147 -0.483283 -0.18405 1.0]
248
	ConcatTransform [1.1 0.0 0.0 0.0 0.0 1.1 0.0 0.0 0.0 0.0 1.1 0.0 -9.609 0.05 6.704 1.0]
	ConcatTransform [-0.735779 0.043229 -0.675841 0.0 0.579924 0.5556 -0.595816 0.0 0.349741 -0.830325 -0.433869 0.0 -0.848977 -0.481396 -0.173387 1.0]
249
	ConcatTransform [1.1 0.0 0.0 0.0 0.0 1.1 0.0 0.0 0.0 0.0 1.1 0.0 -9.609 0.05 6.704 1.0]
	ConcatTransform [-0.785831 0.059996 -0.615524 0.0 0.539496 0.553084 -0.634856 0.0 0.302348 -0.830963 -0.466998 0.0 -0.866277 -0.480507 -0.164729 1.0]
250
	ConcatTransform [1.1 0.0 0.0 0.0 0.0 1.1 0.0 0.0 0.0 0.0 1.1 0.0 -9.609 0.05 6.704 1.0]
	ConcatTransform [-0.840784 0.040693 -0.539839 0.0 0.469354 0.551735 -0.689416 0.0 0.269793 -0.833026 -0.48299 0.0 -0.885772 -0.481951 -0.150357 1.0]
251
	ConcatTransform [1.1 0.0 0.0 0.0 0.0 1.1 0.0 0.0 0.0 0.0 1.1 0.0 -9.609 0.05 6.704 1.0]
	ConcatTransform [-0.866332 0.023964 -0.498894 0.0 0.426794 0.554377 -0.714501 0.0 0.259453 -0.83192 -0.490503 0.0 -0.894701 -0.485146 -0.139611 1.0]
252
	ConcatTransform [1.1 0.0 0.0 0.0 0.0 1.1 0.0 0.0 0.0 0.0 1.1 0.0 -9.609 0.05 6.704 1.0]
	ConcatTransform [-0.883272 -0.000796 -0.46886 0.0 0.386643 0.564414 -0.729345 0.0 0.265212 -0.825491 -0.498224 0.0 -0.900292 -0.488812 -0.122362 1.0]
253
	ConcatTransform [1.1 0.0 0.0 0.0 0.0 1.1 0.0 0.0 0.0 0.0 1.1 0.0 -9.609 0.05 6.704 1.0]
	ConcatTransform [-0.892804 -0.039474 -0.448712 0.0 0.347953 0.572176 -0.742659 0.0 0.286058 -0.81918 -0.497106 0.0 -0.900859 -0.494104 -0.110952 1.0]
254
	ConcatTransform [1.1 0.0 0.0 0.0 0.0 1.1 0.0 0.0 0.0 0.0 1.1 0.0 -9.609 0.05 6.704 1.0]
	ConcatTransform [-0.90217 -0.114585 -0.415885 0.0 0.284895 0.565655 -0.773866 0.0 0.323921 -0.816642 -0.477672 0.0 -0.895956 -0.501992 -0.094091 1.0]
255
	ConcatTransform [1.1 0.0 0.0 0.0 0.0 1.1 0.0 0.0 0.0 0.0 1.1 0.0 -9.609 0.05 6.704 1.0]
	ConcatTransform [-0.903337 -0.160966 -0.397583 0.0 0.24533 0.566441 -0.786739 0.0 0.351845 -0.808229 -0.472197 0.0 -0.889241 -0.506031 -0.082869 1.0]
256
	ConcatTransform [1.1 0.0 0.0 0.0 0.0 1.1 0.0 0.0 0.0 0.0 1.1 0.0 -9.609 0.05 6.704 1.0]
	ConcatTransform [-0.899435 -0.224418 -0.375037 0.0 0.186972 0.57804 -0.794299 0.0 0.395042 -0.784542 -0.477949 0.0 -0.875569 -0.510079 -0.066752 1.0]
257
	ConcatTransform [1.1 0.0 0.0 0.0 0.0 1.1 0.0 0.0 0.0 0.0 1.1 0.0 -9.609 0.05 6.704 1.0]
	ConcatTransform [-0.898494 -0.2568 -0.356036 0.0 0.15438 0.574394 -0.80389 0.0 0.410944 -0.777255 -0.476445 0.0 -0.864846 -0.510263 -0.057453 1.0]
258
	ConcatTransform [1.1 0.0 0.0 0.0 0.0 1.1 0.0 0.0 0.0 0.0 1.1 0.0 -9.609 0.05 6.704 1.0]
	ConcatTransform [-0.899505 -0.285616 -0.330626 0.0 0.116857 0.571894 -0.811962 0.0 0.420993 -0.769 -0.481046 0.0 -0.847844 -0.50922 -0.045477 1.0]
259
	ConcatTransform [1.1 0.0 0.0 0.0 0.0 1.1 0.0 0.0 0.0 0.0 1.1 0.0 -9.609 0.05 6.704 1.0]
	ConcatTransform [-0.899962 -0.300445 -0.315912 0.0 0.093431 0.574873 -0.812891 0.0 0.425838 -0.761087 -0.489293 0.0 -0.836481 -0.509007 -0.038707 1.0]
260
	ConcatTransform [1.1 0.0 0.0 0.0 0.0 1.1 0.0 0.0 0.0 0.0 1.1 0.0 -9.609 0.05 6.704 1.0]
	ConcatTransform [-0.898754 -0.32573 -0.293498 0.0 0.055867 0.578861 -0.81351 0.0 0.434879 -0.747543 -0.502056 0.0 -0.820093 -0.508244 -0.03067 1.0]
261
	ConcatTransform [1.1 0.0 0.0 0.0 0.0 1.1 0.0 0.0 0.0 0.0 1.1 0.0 -9.609 0.05 6.704 1.0]
	ConcatTransform [-0.895485 -0.34555 -0.280538 0.0 0.034078 0.575214 -0.817293 0.0 0.443785 -0.741434 -0.50332 0.0 -0.809835 -0.507122 -0.026767 1.0]
262
	ConcatTransform [1.1 0.0 0.0 0.0 0.0 1.1 0.0 0.0 0.0 0.0 1.1 0.0 -9.609 0.05 6.704 1.0]
	ConcatTransform [-0.886451 -0.370984 -0.276723 0.0 0.017931 0.569925 -0.821501 0.0 0.462475 -0.733182 -0.498559 0.0 -0.795664 -0.506076 -0.022559 1.0]
263
	ConcatTransform [1.1 0.0 0.0 0.0 0.0 1.1 0.0 0.0 0.0 0.0 1.1 0.0 -9.609 0.05 6.704 1.0]
	ConcatTransform [-0.876877 -0.387491 -0.284495 0.0 0.015668 0.568463 -0.822559 0.0 0.480459 -0.725741 -0.492401 0.0 -0.787467 -0.50474 -0.020954 1.0]
264
	ConcatTransform [1.1 0.0 0.0 0.0 0.0 1.1 0.0 0.0 0.0 0.0 1.1 0.0 -9.609 0.05 6.704 1.0]
	ConcatTransform [-0.861781 -0.404257 -0.306446 0.0 0.024776 0.569833 -0.821387 0.0 0.506674 -0.715448 -0.481056 0.0 -0.777242 -0.503762 -0.020401 1.0]
265
	ConcatTransform [1.1 0.0 0.0 0.0 0.0 1.1 0.0 0.0 0.0 0.0 1.1 0.0 -9.609 0.05 6.704 1.0]
	ConcatTransform [-0.846562 -0.413954 -0.334625 0.0 0.042673 0.57385 -0.817848 0.0 0.530576 -0.706639 -0.468135 0.0 -0.772122 -0.502803 -0.02107 1.0]
266
	ConcatTransform [1.1 0.0 0.0 0.0 0.0 1.1 0.0 0.0 0.0 0.0 1.1 0.0 -9.609 0.05 6.704 1.0]
	ConcatTransform [-0.830124 -0.417233 -0.36988 0.0 0.068371 0.582192 -0.810171 0.0 0.553371 -0.697832 -0.454765 0.0 -0.766941 -0.502387 -0.023223 1.0]
267
	ConcatTransform [1.1 0.0 0.0 0.0 0.0 1.1 0.0 0.0 0.0 0.0 1.1 0.0 -9.609 0.05 6.704 1.0]
	ConcatTransform [-0.81579 -0.41517 -0.402642 0.0 0.096208 0.589076 -0.80233 0.0 0.57029 -0.69327 -0.440619 0.0 -0.765059 -0.503515 -0.025786 1.0]
268
	ConcatTransform [1.1 0.0 0.0 0.0 0.0 1.1 0.0 0.0 0.0 0.0 1.1 0.0 -9.609 0.05 6.704 1.0]
	ConcatTransform [-0.796351 -0.405452 -0.448813 0.0 0.133924 0.605422 -0.784557 0.0 0.589821 -0.684889 -0.427829 0.0 -0.765179 -0.505001 -0.031489 1.0]
269
	ConcatTransform [1.1 0.0 0.0 0.0 0.0 1.1 0.0 0.0 0.0 0.0 1.1 0.0 -9.609 0.05 6.704 1.0]
	ConcatTransform [-0.788715 -0.39437 -0.471594 0.0 0.155203 0.614535 -0.773472 0.0 0.594845 -0.683242 -0.423486 0.0 -0.766981 -0.505951 -0.036214 1.0]
270
	ConcatTransform [1.1 0.0 0.0 0.0 0.0 1.1 0.0 0.0 0.0 0.0 1.1 0.0 -9.609 0.05 6.704 1.0]
	ConcatTransform [-0.783912 -0.374072 -0.495531 0.0 0.180983 0.625785 -0.758708 0.0 0.593908 -0.684443 -0.42286 0.0 -0.772165 -0.50745 -0.044499 1.0]
271
	ConcatTransform [1.1 0.0 0.0 0.0 0.0 1.1 0.0 0.0 0.0 0.0 1.1 0.0 -9.609 0.05 6.704 1.0]
	ConcatTransform [-0.778115 -0.356272 -0.517308 0.0 0.205353 0.63403 -0.745544 0.0 0.593606 -0.686349 -0.420187 0.0 -0.776995 -0.508647 -0.050658 1.0]
272
	ConcatTransform [1.1 0.0 0.0 0.0 0.0 1.1 0.0 0.0 0.0 0.0 1.1 0.0 -9.609 0.05 6.704 1.0]
	ConcatTransform [-0.767111 -0.3208 -0.555543 0.0 0.24953 0.648579 -0.719083 0.0 0.590996 -0.690241 -0.417482 0.0 -0.785949 -0.510331 -0.060634 1.0]
273
	ConcatTransform [1.1 0.0 0.0 0.0 0.0 1.1 0.0 0.0 0.0 0.0 1.1 0.0 -9.609 0.05 6.704 1.0]
	ConcatTransform [-0.755716 -0.29572 -0.584331 0.0 0.284543 0.655364 -0.699667 0.0 0.589855 -0.695017 -0.411124 0.0 -0.792789 -0.511071 -0.067641 1.0]
274
	ConcatTransform [1.1 0.0 0.0 0.0 0.0 1.1 0.0 0.0 0.0 0.0 1.1 0.0 -9.609 0.05 6.704 1.0]
	ConcatTransform [-0.731222 -0.260491 -0.630444 0.0 0.336456 0.666242 -0.665522 0.0 0.593391 -0.69876 -0.399527 0.0 -0.804018 -0.511536 -0.07831 1.0]
275
	ConcatTransform [1.1 0.0 0.0 0.0 0.0 1.1 0.0 0.0 0.0 0.0 1.1 0.0 -9.609 0.05 6.704 1.0]
	ConcatTransform [-0.711716 -0.23729 -0.661176 0.0 0.374226 0.668465 -0.642736 0.0 0.594488 -0.704875 -0.386957 0.0 -0.811801 -0.511513 -0.085412 1.0]
276
	ConcatTransform [1.1 0.0 0.0 0.0 0.0 1.1 0.0 0.0 0.0 0.0 1.1 0.0 -9.609 0.05 6.704 1.0]
	ConcatTransform [-0.678165 -0.207731 -0.704939 0.0 0.427862 0.668289 -0.608543 0.0 0.597517 -0.714309 -0.36433 0.0 -0.823562 -0.511087 -0.095716 1.0]
277
	ConcatTransform [1.1 0.0 0.0 0.0 0.0 1.1 0.0 0.0 0.0 0.0 1.1 0.0 -9.609 0.05 6.704 1.0]
	ConcatTransform [-0.652799 -0.195215 -0.731946 0.0 0.45986 0.665702 -0.587682 0.0 0.601982 -0.72023 -0.344799 0.0 -0.83112 -0.510495 -0.102049 1.0]
278
	ConcatTransform [1.1 0.0 0.0 0.0 0.0 1.1 0.0 0.0 0.0 0.0 1.1 0.0 -9.609 0.05 6.704 1.0]
	ConcatTransform [-0.613244 -0.189728 -0.76677 0.0 0.505797 0.651289 -0.565678 0.0 0.606714 -0.734728 -0.303435 0.0 -0.841381 -0.5103 -0.110232 1.0]
279
	ConcatTransform [1.1 0.0 0.0 0.0 0.0 1.1 0.0 0.0 0.0 0.0 1.1 0.0 -9.609 0.05 6.704 1.0]
	ConcatTransform [-0.583803 -0.191497 -0.788989 0.0 0.531461 0.644516 -0.54968 0.0 0.613777 -0.740222 -0.274497 0.0 -0.847436 -0.510191 -0.114499 1.0]
280
	ConcatTransform [1.1 0.0 0.0 0.0 0.0 1.1 0.0 0.0 0.0 0.0 1.1 0.0 -9.609 0.05 6.704 1.0]
	ConcatTransform [-0.535497 -0.198488 -0.820881 0.0 0.563993 0.639431 -0.522532 0.0 0.628613 -0.742785 -0.230468 0.0 -0.855254 -0.510372 -0.119203 1.0]
281
	ConcatTransform [1.1 0.0 0.0 0.0 0.0 1.1 0.0 0.0 0.0 0.0 1.1 0.0 -9.609 0.05 6.704 1.0]
	ConcatTransform [-0.503636 -0.205452 -0.83913 0.0 0.58633 0.632068 -0.506663 0.0 0.634482 -0.747181 -0.197869 0.0 -0.859445 -0.510484 -0.121417 1.0]
282
	ConcatTransform [1.1 0.0 0.0 0.0 0.0 1.1 0.0 0.0 0.0 0.0 1.1 0.0 -9.609 0.05 6.704 1.0]
	ConcatTransform [-0.454704 -0.198829 -0.868166 0.0 0.62441 0.623923 -0.469928 0.0 0.635104 -0.755769 -0.159549 0.0 -0.864311 -0.509957 -0.123866 1.0]
283
	ConcatTransform [1.1 0.0 0.0 0.0 0.0 1.1 0.0 0.0 0.0 0.0 1.1 0.0 -9.609 0.05 6.704 1.0]
	ConcatTransform [-0.420072 -0.203995 -0.884265 0.0 0.642894 0.620821 -0.448629 0.0 0.640489 -0.756946 -0.129643 0.0 -0.866842 -0.509979 -0.125279 1.0]
284
	ConcatTransform [1.1 0.0 0.0 0.0 0.0 1.1 0.0 0.0 0.0 0.0 1.1 0.0 -9.609 0.05 6.704 1.0]
	ConcatTransform [-0.364665 -0.209923 -0.907167 0.0 0.663942 0.624449 -0.411394 0.0 0.65284 -0.752327 -0.088338 0.0 -0.869465 -0.510342 -0.126738 1.0]
285
	ConcatTransform [1.1 0.0 0.0 0.0 0.0 1.1 0.0 0.0 0.0 0.0 1.1 0.0 -9.609 0.05 6.704 1.0]
	ConcatTransform [-0.328479 -0.216472 -0.91937 0.0 0.676 0.625922 -0.388903 0.0 0.659641 -0.749241 -0.059267 0.0 -0.870391 -0.510493 -0.127349 1.0]
286
	ConcatTransform [1.1 0.0 0.0 0.0 0.0 1.1 0.0 0.0 0.0 0.0 1.1 0.0 -9.609 0.05 6.704 1.0]
	ConcatTransform [-0.274118 -0.226902 -0.934545 0.0 0.691301 0.629063 -0.355503 0.0 0.668552 -0.743502 -0.01558 0.0 -0.870769 -0.51071 -0.128027 1.0]
287
	ConcatTransform [1.1 0.0 0.0 0.0 0.0 1.1 0.0 0.0 0.0 0.0 1.1 0.0 -9.609 0.05 6.704 1.0]
	ConcatTransform [-0.236992 -0.23129 -0.943578 0.0 0.699927 0.632916 -0.330937 0.0 0.673748 -0.738866 0.01189 0.0 -0.870458 -0.510848 -0.128306 1.0]
288
	ConcatTransform [1.1 0.0 0.0 0.0 0.0 1.1 0.0 0.0 0.0 0.0 1.1 0.0 -9.609 0.05 6.704 1.0]
	ConcatTransform [-0.181044 -0.235815 -0.954785 0.0 0.711916 0.638378 -0.29266 0.0 0.678527 -0.732711 0.052306 0.0 -0.869278 -0.51118 -0.128358 1.0]
289
	ConcatTransform [1.1 0.0 0.0 0.0 0.0 1.1 0.0 0.0 0.0 0.0 1.1 0.0 -9.609 0.05 6.704 1.0]
	ConcatTransform [-0.143264 -0.23908 -0.960373 0.0 0.718263 0.642467 -0.267086 0.0 0.680863 -0.728064 0.07968 0.0 -0.868131 -0.511183 -0.128318 1.0]
290
	ConcatTransform [1.1 0.0 0.0 0.0 0.0 1.1 0.0 0.0 0.0 0.0 1.1 0.0 -9.609 0.05 6.704 1.0]
	ConcatTransform [-0.086722 -0.2456 -0.965484 0.0 0.72689 0.647128 -0.229907 0.0 0.681257 -0.721739 0.122404 0.0 -0.866018 -0.511558 -0.12819 1.0]
291
	ConcatTransform [1.1 0.0 0.0 0.0 0.0 1.1 0.0 0.0 0.0 0.0 1.1 0.0 -9.609 0.05 6.704 1.0]
	ConcatTransform [-0.049758 -0.245822 -0.968037 0.0 0.733168 0.649186 -0.202539 0.0 0.678225 -0.719811 0.147927 0.0 -0.864419 -0.511397 -0.127868 1.0]
292
	ConcatTransform [1.1 0.0 0.0 0.0 0.0 1.1 0.0 0.0 0.0 0.0 1.1 0.0 -9.609 0.05 6.704 1.0]
	ConcatTransform [0.006018 -0.246813 -0.969045 0.0 0.739579 0.653331 -0.161809 0.0 0.673043 -0.715711 0.186469 0.0 -0.861908 -0.51126 -0.127424 1.0]
293
	ConcatTransform [1.1 0.0 0.0 0.0 0.0 1.1 0.0 0.0 0.0 0.0 1.1 0.0 -9.609 0.05 6.704 1.0]
	ConcatTransform [0.042936 -0.247255 -0.967999 0.0 0.742938 0.655702 -0.134532 0.0 0.667982 -0.713386 0.211848 0.0 -0.860188 -0.51121 -0.127136 1.0]
294
	ConcatTransform [1.1 0.0 0.0 0.0 0.0 1.1 0.0 0.0 0.0 0.0 1.1 0.0 -9.609 0.05 6.704 1.0]
	ConcatTransform [0.0979 -0.247137 -0.964022 0.0 0.746633 0.658697 -0.093041 0.0 0.657993 -0.710662 0.249007 0.0 -0.85762 -0.511165 -0.126719 1.0]
295
	ConcatTransform [1.1 0.0 0.0 0.0 0.0 1.1 0.0 0.0 0.0 0.0 1.1 0.0 -9.609 0.05 6.704 1.0]
	ConcatTransform [0.134285 -0.246899 -0.959692 0.0 0.748045 0.660434 -0.065239 0.0 0.64992 -0.709132 0.273378 0.0 -0.855964 -0.51114 -0.126452 1.0]
296
	ConcatTransform [1.1 0.0 0.0 0.0 0.0 1.1 0.0 0.0 0.0 0.0 1.1 0.0 -9.609 0.05 6.704 1.0]
	ConcatTransform [0.188471 -0.246541 -0.950629 0.0 0.748293 0.66295 -0.023577 0.0 0.636032 -0.706905 0.309432 0.0 -0.853627 -0.511099 -0.126116 1.0]
297
	ConcatTransform [1.1 0.0 0.0 0.0 0.0 1.1 0.0 0.0 0.0 0.0 1.1 0.0 -9.609 0.05 6.704 1.0]
	ConcatTransform [0.224021 -0.246271 -0.942956 0.0 0.747839 0.663866 0.004285 0.0 0.624941 -0.706139 0.332891 0.0 -0.852187 -0.511103 -0.125914 1.0]
298
	ConcatTransform [1.1 0.0 0.0 0.0 0.0 1.1 0.0 0.0 0.0 0.0 1.1 0.0 -9.609 0.05 6.704 1.0]
	ConcatTransform [0.276506 -0.244873 -0.929291 0.0 0.745871 0.664441 0.046847 0.0 0.605988 -0.706084 0.366366 0.0 -0.850252 -0.511099 -0.125618 1.0]
299
	ConcatTransform [1.1 0.0 0.0 0.0 0.0 1.1 0.0 0.0 0.0 0.0 1.1 0.0 -9.609 0.05 6.704 1.0]
	ConcatTransform [0.31109 -0.244155 -0.918483 0.0 0.743164 0.664896 0.074964 0.0 0.592393 -0.705905 0.38829 0.0 -0.849129 -0.511083 -0.125461 1.0]
300
	ConcatTransform [1.1 0.0 0.0 0.0 0.0 1.1 0.0 0.0 0.0 0.0 1.1 0.0 -9.609 0.05 6.704 1.0]
	ConcatTransform [0.36208 -0.24432 -0.899559 0.0 0.737402 0.665403 0.116087 0.0 0.570207 -0.70537 0.421091 0.0 -0.847701 -0.511087 -0.125301 1.0]
301
	ConcatTransform [1.1 0.0 0.0 0.0 0.0 1.1 0.0 0.0 0.0 0.0 1.1 0.0 -9.609 0.05 6.704 1.0]
	ConcatTransform [0.395002 -0.242869 -0.885996 0.0 0.732193 0.665712 0.143947 0.0 0.554858 -0.705579 0.440784 0.0 -0.846943 -0.511341 -0.125177 1.0]
302
	ConcatTransform [1.1 0.0 0.0 0.0 0.0 1.1 0.0 0.0 0.0 0.0 1.1 0.0 -9.609 0.05 6.704 1.0]
	ConcatTransform [0.428451 -0.239255 -0.871313 0.0 0.723119 0.668996 0.171879 0.0 0.541782 -0.703705 0.459642 0.0 -0.845746 -0.511246 -0.125134 1.0]
303
	ConcatTransform [1.1 0.0 0.0 0.0 0.0 1.1 0.0 0.0 0.0 0.0 1.1 0.0 -9.609 0.05 6.704 1.0]
	ConcatTransform [0.441653 -0.237306 -0.865233 0.0 0.71934 0.670005 0.183421 0.0 0.536183 -0.703405 0.466613 0.0 -0.844911 -0.511265 -0.125139 1.0]
304
	ConcatTransform [1.1 0.0 0.0 0.0 0.0 1.1 0.0 0.0 0.0 0.0 1.1 0.0 -9.609 0.05 6.704 1.0]
	ConcatTransform [0.452978 -0.238235 -0.859102 0.0 0.715179 0.672446 0.190618 0.0 0.532288 -0.700757 0.474984 0.0 -0.843358 -0.511122 -0.12504 1.0]
305
	ConcatTransform [1.1 0.0 0.0 0.0 0.0 1.1 0.0 0.0 0.0 0.0 1.1 0.0 -9.609 0.05 6.704 1.0]
	ConcatTransform [0.454367 -0.238337 -0.858339 0.0 0.713346 0.674471 0.190332 0.0 0.533562 -0.698774 0.476474 0.0 -0.842134 -0.511047 -0.124947 1.0]
306
	ConcatTransform [1.1 0.0 0.0 0.0 0.0 1.1 0.0 0.0 0.0 0.0 1.1 0.0 -9.609 0.05 6.704 1.0]
	ConcatTransform [0.444451 -0.23645 -0.864034 0.0 0.713538 0.676597 0.181881 0.0 0.541597 -0.697358 0.46943 0.0 -0.840125 -0.511079 -0.124682 1.0]
307
	ConcatTransform [1.1 0.0 0.0 0.0 0.0 1.1 0.0 0.0 0.0 0.0 1.1 0.0 -9.609 0.05 6.704 1.0]
	ConcatTransform [0.435321 -0.236453 -0.868669 0.0 0.714209 0.678132 0.173327 0.0 0.548089 -0.695864 0.464082 0.0 -0.838939 -0.511077 -0.124437 1.0]
308
	ConcatTransform [1.1 0.0 0.0 0.0 0.0 1.1 0.0 0.0 0.0 0.0 1.1 0.0 -9.609 0.05 6.704 1.0]
	ConcatTransform [0.415257 -0.238326 -0.877931 0.0 0.716757 0.68001 0.154425 0.0 0.560198 -0.693389 0.4532 0.0 -0.837385 -0.510944 -0.124115 1.0]
309
	ConcatTransform [1.1 0.0 0.0 0.0 0.0 1.1 0.0 0.0 0.0 0.0 1.1 0.0 -9.609 0.05 6.704 1.0]
	ConcatTransform [0.397649 -0.238125 -0.886099 0.0 0.71922 0.680558 0.13987 0.0 0.569735 -0.692919 0.441888 0.0 -0.836587 -0.511031 -0.123931 1.0]
310
	ConcatTransform [1.1 0.0 0.0 0.0 0.0 1.1 0.0 0.0 0.0 0.0 1.1 0.0 -9.609 0.05 6.704 1.0]
	ConcatTransform [0.367091 -0.240806 -0.898475 0.0 0.72429 0.680063 0.113657 0.0 0.58365 -0.692479 0.424058 0.0 -0.83597 -0.511096 -0.123733 1.0]
311
	ConcatTransform [1.1 0.0 0.0 0.0 0.0 1.1 0.0 0.0 0.0 0.0 1.1 0.0 -9.609 0.05 6.704 1.0]
	ConcatTransform [0.344735 -0.242116 -0.906939 0.0 0.727574 0.679393 0.095186 0.0 0.593122 -0.692679 0.410368 0.0 -0.835913 -0.511022 -0.12364 1.0]
312
	ConcatTransform [1.1 0.0 0.0 0.0 0.0 1.1 0.0 0.0 0.0 0.0 1.1 0.0 -9.609 0.05 6.704 1.0]
	ConcatTransform [0.30932 -0.244253 -0.919055 0.0 0.731954 0.678138 0.066123 0.0 0.607095 -0.693159 0.388543 0.0 -0.836116 -0.51097 -0.12363 1.0]
313
	ConcatTransform [1.1 0.0 0.0 0.0 0.0 1.1 0.0 0.0 0.0 0.0 1.1 0.0 -9.609 0.05 6.704 1.0]
	ConcatTransform [0.284271 -0.246643 -0.926476 0.0 0.734873 0.676688 0.045336 0.0 0.615753 -0.693729 0.373614 0.0 -0.836442 -0.510964 -0.123733 1.0]
314
	ConcatTransform [1.1 0.0 0.0 0.0 0.0 1.1 0.0 0.0 0.0 0.0 1.1 0.0 -9.609 0.05 6.704 1.0]
	ConcatTransform [0.24396 -0.250783 -0.936798 0.0 0.739315 0.673248 0.012302 0.0 0.627612 -0.69559 0.349653 0.0 -0.837117 -0.510975 -0.124073 1.0]
315
	ConcatTransform [1.1 0.0 0.0 0.0 0.0 1.1 0.0 0.0 0.0 0.0 1.1 0.0 -9.609 0.05 6.704 1.0]
	ConcatTransform [0.215947 -0.253516 -0.942919 0.0 0.740096 0.672406 -0.011288 0.0 0.636886 -0.695413 0.332831 0.0 -0.837673 -0.51096 -0.124474 1.0]
316
	ConcatTransform [1.1 0.0 0.0 0.0 0.0 1.1 0.0 0.0 0.0 0.0 1.1 0.0 -9.609 0.05 6.704 1.0]
	ConcatTransform [0.168856 -0.254131 -0.952316 0.0 0.740506 0.670363 -0.047591 0.0 0.650491 -0.697159 0.30138 0.0 -0.838351 -0.511013 -0.125286 1.0]
317
	ConcatTransform [1.1 0.0 0.0 0.0 0.0 1.1 0.0 0.0 0.0 0.0 1.1 0.0 -9.609 0.05 6.704 1.0]
	ConcatTransform [0.134325 -0.254471 -0.957706 0.0 0.738233 0.670409 -0.074591 0.0 0.661036 -0.696991 0.277912 0.0 -0.838728 -0.51101 -0.126043 1.0]
318
	ConcatTransform [1.1 0.0 0.0 0.0 0.0 1.1 0.0 0.0 0.0 0.0 1.1 0.0 -9.609 0.05 6.704 1.0]
	ConcatTransform [0.079313 -0.254121 -0.963915 0.0 0.735553 0.667554 -0.115468 0.0 0.672808 -0.699853 0.239865 0.0 -0.839313 -0.511055 -0.127386 1.0]
319
	ConcatTransform [1.1 0.0 0.0 0.0 0.0 1.1 0.0 0.0 0.0 0.0 1.1 0.0 -9.609 0.05 6.704 1.0]
	ConcatTransform [0.042684 -0.252051 -0.966772 0.0 0.732533 0.665912 -0.14127 0.0 0.679392 -0.702162 0.21306 0.0 -0.839894 -0.511073 -0.128375 1.0]
320
	ConcatTransform [1.1 0.0 0.0 0.0 0.0 1.1 0.0 0.0 0.0 0.0 1.1 0.0 -9.609 0.05 6.704 1.0]
	ConcatTransform [-0.010957 -0.249963 -0.968193 0.0 0.726873 0.662932 -0.179378 0.0 0.686684 -0.705719 0.174428 0.0 -0.840993 -0.511096 -0.129995 1.0]
321
	ConcatTransform [1.1 0.0 0.0 0.0 0.0 1.1 0.0 0.0 0.0 0.0 1.1 0.0 -9.609 0.05 6.704 1.0]
	ConcatTransform [-0.046067 -0.248106 -0.967637 0.0 0.721966 0.661202 -0.203906 0.0 0.690394 -0.707994 0.148665 0.0 -0.841883 -0.511121 -0.131111 1.0]
322
	ConcatTransform [1.1 0.0 0.0 0.0 0.0 1.1 0.0 0.0 0.0 0.0 1.1 0.0 -9.609 0.05 6.704 1.0]
	ConcatTransform [-0.098131 -0.244523 -0.964665 0.0 0.713342 0.658618 -0.239511 0.0 0.693912 -0.71164 0.109797 0.0 -0.843373 -0.511119 -0.1328 1.0]
323
	ConcatTransform [1.1 0.0 0.0 0.0 0.0 1.1 0.0 0.0 0.0 0.0 1.1 0.0 -9.609 0.05 6.704 1.0]
	ConcatTransform [-0.132342 -0.242619 -0.961052 0.0 0.706319 0.657159 -0.263165 0.0 0.695413 -0.713637 0.084397 0.0 -0.844437 -0.511114 -0.133924 1.0]
324
	ConcatTransform [1.1 0.0 0.0 0.0 0.0 1.1 0.0 0.0 0.0 0.0 1.1 0.0 -9.609 0.05 6.704 1.0]
	ConcatTransform [-0.18293 -0.239824 -0.953426 0.0 0.69354 0.655875 -0.298045 0.0 0.696806 -0.71576 0.046348 0.0 -0.846081 -0.511102 -0.13555 1.0]
325
	ConcatTransform [1.1 0.0 0.0 0.0 0.0 1.1 0.0 0.0 0.0 0.0 1.1 0.0 -9.609 0.05 6.704 1.0]
	ConcatTransform [-0.216343 -0.238111 -0.946836 0.0 0.683973 0.655078 -0.321021 0.0 0.69669 -0.717061 0.02114 0.0 -0.84716 -0.511093 -0.13657 1.0]
326
	ConcatTransform [1.1 0.0 0.0 0.0 0.0 1.1 0.0 0.0 0.0 0.0 1.1 0.0 -9.609 0.05 6.704 1.0]
	ConcatTransform [-0.262763 -0.234685 -0.935884 0.0 0.667033 0.65666 -0.351945 0.0 0.697153 -0.716743 -0.016003 0.0 -0.848749 -0.511104 -0.137912 1.0]
327
	ConcatTransform [1.1 0.0 0.0 0.0 0.0 1.1 0.0 0.0 0.0 0.0 1.1 0.0 -9.609 0.05 6.704 1.0]
	ConcatTransform [-0.290457 -0.234183 -0.927789 0.0 0.655938 0.657212 -0.371238 0.0 0.696692 -0.716401 -0.037283 0.0 -0.849734 -0.511103 -0.13867 1.0]
328
	ConcatTransform [1.1 0.0 0.0 0.0 0.0 1.1 0.0 0.0 0.0 0.0 1.1 0.0 -9.609 0.05 6.704 1.0]
	ConcatTransform [-0.328581 -0.234956 -0.914784 0.0 0.639046 0.657882 -0.398511 0.0 0.695453 -0.715533 -0.06602 0.0 -0.851132 -0.511102 -0.139564 1.0]
329
	ConcatTransform [1.1 0.0 0.0 0.0 0.0 1.1 0.0 0.0 0.0 0.0 1.1 0.0 -9.609 0.05 6.704 1.0]
	ConcatTransform [-0.351542 -0.237081 -0.905655 0.0 0.627708 0.658028 -0.415911 0.0 0.694551 -0.714697 -0.082507 0.0 -0.852015 -0.511118 -0.140007 1.0]
330
	ConcatTransform [1.1 0.0 0.0 0.0 0.0 1.1 0.0 0.0 0.0 0.0 1.1 0.0 -9.609 0.05 6.704 1.0]
	ConcatTransform [-0.386805 -0.23697 -0.891194 0.0 0.612509 0.656421 -0.44039 0.0 0.689358 -0.71621 -0.108761 0.0 -0.853216 -0.511114 -0.140426 1.0]
331
	ConcatTransform [1.1 0.0 0.0 0.0 0.0 1.1 0.0 0.0 0.0 0.0 1.1 0.0 -9.609 0.05 6.704 1.0]
	ConcatTransform [-0.409807 -0.237157 -0.880803 0.0 0.60149 0.655679 -0.456394 0.0 0.685761 -0.716828 -0.126055 0.0 -0.853981 -0.511114 -0.14059 1.0]
332
	ConcatTransform [1.1 0.0 0.0 0.0 0.0 1.1 0.0 0.0 0.0 0.0 1.1 0.0 -9.609 0.05 6.704 1.0]
	ConcatTransform [-0.44368 -0.237947 -0.864019 0.0 0.583583 0.654969 -0.480049 0.0 0.680132 -0.717215 -0.151735 0.0 -0.85505 -0.511118 -0.140691 1.0]
333
	ConcatTransform [1.1 0.0 0.0 0.0 0.0 1.1 0.0 0.0 0.0 0.0 1.1 0.0 -9.609 0.05 6.704 1.0]
	ConcatTransform [-0.465893 -0.238839 -0.851998 0.0 0.570918 0.654498 -0.495666 0.0 0.676015 -0.717348 -0.168569 0.0 -0.855689 -0.511122 -0.140657 1.0]
334
	ConcatTransform [1.1 0.0 0.0 0.0 0.0 1.1 0.0 0.0 0.0 0.0 1.1 0.0 -9.609 0.05 6.704 1.0]
	ConcatTransform [-0.498614 -0.239575 -0.833059 0.0 0.551289 0.653996 -0.518044 0.0 0.668928 -0.71756 -0.194017 0.0 -0.856518 -0.511111 -0.140481 1.0]
335
	ConcatTransform [1.1 0.0 0.0 0.0 0.0 1.1 0.0 0.0 0.0 0.0 1.1 0.0 -9.609 0.05 6.704 1.0]
	ConcatTransform [-0.51997 -0.240641 -0.819587 0.0 0.537553 0.653485 -0.532911 0.0 0.663828 -0.717669 -0.210436 0.0 -0.856986 -0.511128 -0.140314 1.0]
336
	ConcatTransform [1.1 0.0 0.0 0.0 0.0 1.1 0.0 0.0 0.0 0.0 1.1 0.0 -9.609 0.05 6.704 1.0]
	ConcatTransform [-0.552718 -0.238606 -0.798479 0.0 0.519349 0.650705 -0.553948 0.0 0.65175 -0.720867 -0.235737 0.0 -0.857497 -0.511096 -0.140022 1.0]
337
	ConcatTransform [1.1 0.0 0.0 0.0 0.0 1.1 0.0 0.0 0.0 0.0 1.1 0.0 -9.609 0.05 6.704 1.0]
	ConcatTransform [-0.572281 -0.23886 -0.7845 0.0 0.505409 0.650626 -0.566787 0.0 0.645799 -0.720855 -0.251619 0.0 -0.857786 -0.511089 -0.139823 1.0]
338
	ConcatTransform [1.1 0.0 0.0 0.0 0.0 1.1 0.0 0.0 0.0 0.0 1.1 0.0 -9.609 0.05 6.704 1.0]
	ConcatTransform [-0.59595 -0.238526 -0.766778 0.0 0.489582 0.648953 -0.582383 0.0 0.636517 -0.722472 -0.269965 0.0 -0.857978 -0.511075 -0.139531 1.0]
339
	ConcatTransform [1.1 0.0 0.0 0.0 0.0 1.1 0.0 0.0 0.0 0.0 1.1 0.0 -9.609 0.05 6.704 1.0]
	ConcatTransform [-0.608192 -0.238039 -0.757258 0.0 0.479739 0.649816 -0.589568 0.0 0.632418 -0.721857 -0.281016 0.0 -0.858019 -0.511068 -0.139322 1.0]
340
	ConcatTransform [1.1 0.0 0.0 0.0 0.0 1.1 0.0 0.0 0.0 0.0 1.1 0.0 -9.609 0.05 6.704 1.0]
	ConcatTransform [-0.623018 -0.237864 -0.745163 0.0 0.468012 0.649954 -0.598769 0.0 0.626748 -0.72179 -0.29361 0.0 -0.857918 -0.511074 -0.139105 1.0]
341
	ConcatTransform [1.1 0.0 0.0 0.0 0.0 1.1 0.0 0.0 0.0 0.0 1.1 0.0 -9.609 0.05 6.704 1.0]
	ConcatTransform [-0.631522 -0.237212 -0.738181 0.0 0.460944 0.650686 -0.603438 0.0 0.623467 -0.721344 -0.301581 0.0 -0.857755 -0.511077 -0.139007 1.0]
342
	ConcatTransform [1.1 0.0 0.0 0.0 0.0 1.1 0.0 0.0 0.0 0.0 1.1 0.0 -9.609 0.05 6.704 1.0]
	ConcatTransform [-0.644057 -0.236997 -0.72734 0.0 0.449966 0.651552 -0.610746 0.0 0.618645 -0.720633 -0.312996 0.0 -0.857304 -0.511076 -0.138915 1.0]
343
	ConcatTransform [1.1 0.0 0.0 0.0 0.0 1.1 0.0 0.0 0.0 0.0 1.1 0.0 -9.609 0.05 6.704 1.0]
	ConcatTransform [-0.650826 -0.236732 -0.721376 0.0 0.444307 0.651698 -0.61472 0.0 0.615644 -0.720588 -0.31896 0.0 -0.856874 -0.511075 -0.138848 1.0]
344
	ConcatTransform [1.1 0.0 0.0 0.0 0.0 1.1 0.0 0.0 0.0 0.0 1.1 0.0 -9.609 0.05 6.704 1.0]
	ConcatTransform [-0.659181 -0.23522 -0.714249 0.0 0.436892 0.653277 -0.618348 0.0 0.61205 -0.719653 -0.327862 0.0 -0.856056 -0.511075 -0.13867 1.0]
345
	ConcatTransform [1.1 0.0 0.0 0.0 0.0 1.1 0.0 0.0 0.0 0.0 1.1 0.0 -9.609 0.05 6.704 1.0]
	ConcatTransform [-0.662806 -0.234944 -0.710978 0.0 0.433032 0.654352 -0.619924 0.0 0.610878 -0.718766 -0.33197 0.0 -0.855381 -0.511075 -0.138507 1.0]
346
	ConcatTransform [1.1 0.0 0.0 0.0 0.0 1.1 0.0 0.0 0.0 0.0 1.1 0.0 -9.609 0.05 6.704 1.0]
	ConcatTransform [-0.666853 -0.235789 -0.706902 0.0 0.428193 0.655134 -0.622455 0.0 0.609884 -0.717777 -0.335915 0.0 -0.854192 -0.511078 -0.138206 1.0]
347
	ConcatTransform [1.1 0.0 0.0 0.0 0.0 1.1 0.0 0.0 0.0 0.0 1.1 0.0 -9.609 0.05 6.704 1.0]
	ConcatTransform [-0.669027 -0.236923 -0.704465 0.0 0.425083 0.655532 -0.624166 0.0 0.609678 -0.71704 -0.337856 0.0 -0.853304 -0.511082 -0.137934 1.0]
348
	ConcatTransform [1.1 0.0 0.0 0.0 0.0 1.1 0.0 0.0 0.0 0.0 1.1 0.0 -9.609 0.05 6.704 1.0]
	ConcatTransform [-0.671184 -0.239004 -0.701704 0.0 0.420696 0.65658 -0.626033 0.0 0.61035 -0.715387 -0.340138 0.0 -0.851833 -0.511096 -0.137411 1.0]
349
	ConcatTransform [1.1 0.0 0.0 0.0 0.0 1.1 0.0 0.0 0.0 0.0 1.1 0.0 -9.609 0.05 6.704 1.0]
	ConcatTransform [-0.671125 -0.240945 -0.701097 0.0 0.418738 0.657199 -0.626696 0.0 0.61176 -0.714167 -0.34017 0.0 -0.850771 -0.511102 -0.13704 1.0]
350
	ConcatTransform [1.1 0.0 0.0 0.0 0.0 1.1 0.0 0.0 0.0 0.0 1.1 0.0 -9.609 0.05 6.704 1.0]
	ConcatTransform [-0.671605 -0.242745 -0.700016 0.0 0.415179 0.65923 -0.62693 0.0 0.613656 -0.711681 -0.341959 0.0 -0.849114 -0.511092 -0.136464 1.0]
351
	ConcatTransform [1.1 0.0 0.0 0.0 0.0 1.1 0.0 0.0 0.0 0.0 1.1 0.0 -9.609 0.05 6.704 1.0]
	ConcatTransform [-0.671131 -0.244208 -0.699962 0.0 0.41395 0.659835 -0.627107 0.0 0.615003 -0.71062 -0.341745 0.0 -0.848056 -0.5111 -0.136025 1.0]
352
	ConcatTransform [1.1 0.0 0.0 0.0 0.0 1.1 0.0 0.0 0.0 0.0 1.1 0.0 -9.609 0.05 6.704 1.0]
	ConcatTransform [-0.670022 -0.246846 -0.700098 0.0 0.411933 0.660937 -0.627275 0.0 0.617561 -0.708681 -0.341158 0.0 -0.846496 -0.511102 -0.135244 1.0]
353
	ConcatTransform [1.1 0.0 0.0 0.0 0.0 1.1 0.0 0.0 0.0 0.0 1.1 0.0 -9.609 0.05 6.704 1.0]
	ConcatTransform [-0.668445 -0.247882 -0.701239 0.0 0.411811 0.661766 -0.62648 0.0 0.619349 -0.707545 -0.340274 0.0 -0.845504 -0.511093 -0.13467 1.0]
354
	ConcatTransform [1.1 0.0 0.0 0.0 0.0 1.1 0.0 0.0 0.0 0.0 1.1 0.0 -9.609 0.05 6.704 1.0]
	ConcatTransform [-0.664441 -0.250364 -0.704156 0.0 0.412425 0.662912 -0.624863 0.0 0.623236 -0.705596 -0.33721 0.0 -0.844103 -0.511088 -0.133736 1.0]
355
	ConcatTransform [1.1 0.0 0.0 0.0 0.0 1.1 0.0 0.0 0.0 0.0 1.1 0.0 -9.609 0.05 6.704 1.0]
	ConcatTransform [-0.661385 -0.25153 -0.706613 0.0 0.413142 0.664121 -0.623103 0.0 0.626005 -0.704043 -0.335322 0.0 -0.843271 -0.511063 -0.133089 1.0]
356
	ConcatTransform [1.1 0.0 0.0 0.0 0.0 1.1 0.0 0.0 0.0 0.0 1.1 0.0 -9.609 0.05 6.704 1.0]
	ConcatTransform [-0.657027 -0.254207 -0.709714 0.0 0.414829 0.664171 -0.621928 0.0 0.62947 -0.703034 -0.330926 0.0 -0.84226 -0.511058 -0.132126 1.0]
357
	ConcatTransform [1.1 0.0 0.0 0.0 0.0 1.1 0.0 0.0 0.0 0.0 1.1 0.0 -9.609 0.05 6.704 1.0]
	ConcatTransform [-0.654592 -0.254487 -0.711861 0.0 0.417005 0.663873 -0.620789 0.0 0.630568 -0.703213 -0.328443 0.0 -0.841755 -0.511047 -0.131455 1.0]
358
	ConcatTransform [1.1 0.0 0.0 0.0 0.0 1.1 0.0 0.0 0.0 0.0 1.1 0.0 -9.609 0.05 6.704 1.0]
	ConcatTransform [-0.650277 -0.256472 -0.715096 0.0 0.418714 0.664416 -0.619056 0.0 0.633892 -0.701978 -0.324666 0.0 -0.841313 -0.511046 -0.130413 1.0]
359
	ConcatTransform [1.1 0.0 0.0 0.0 0.0 1.1 0.0 0.0 0.0 0.0 1.1 0.0 -9.609 0.05 6.704 1.0]
	ConcatTransform [-0.648083 -0.256131 -0.717207 0.0 0.421705 0.663496 -0.618011 0.0 0.634156 -0.702972 -0.321988 0.0 -0.841176 -0.511055 -0.129697 1.0]
360
	ConcatTransform [1.1 0.0 0.0 0.0 0.0 1.1 0.0 0.0 0.0 0.0 1.1 0.0 -9.609 0.05 6.704 1.0]
	ConcatTransform [0.732793 -0.243455 -0.635409 0.0 0.603401 0.664118 0.441424 0.0 0.314519 -0.706879 0.633562 0.0 -0.041806 -0.511066 -0.144818 1.0]
