228
	ConcatTransform [1.1 0.0 0.0 0.0 0.0 1.1 0.0 0.0 0.0 0.0 1.1 0.0 -9.609 0.05 6.704 1.0]
	ConcatTransform [0.649371 0.377686 0.660054 0.0 -0.760411 0.311527 0.569847 0.0 0.009598 -0.871954 0.489493 0.0 -0.112729 0.193585 0.123483 1.0]
229
	ConcatTransform [1.1 0.0 0.0 0.0 0.0 1.1 0.0 0.0 0.0 0.0 1.1 0.0 -9.609 0.05 6.704 1.0]
	ConcatTransform [0.596461 0.341604 0.72632 0.0 -0.769886 -0.01238 0.638061 0.0 0.226956 -0.939762 0.255612 0.0 -0.169015 0.318405 0.204282 1.0]
230
	ConcatTransform [1.1 0.0 0.0 0.0 0.0 1.1 0.0 0.0 0.0 0.0 1.1 0.0 -9.609 0.05 6.704 1.0]
	ConcatTransform [0.592814 0.138838 0.793281 0.0 -0.699613 -0.399107 0.592668 0.0 0.398889 -0.906332 -0.139463 0.0 -0.25282 0.486972 0.325366 1.0]
231
	ConcatTransform [1.1 0.0 0.0 0.0 0.0 1.1 0.0 0.0 0.0 0.0 1.1 0.0 -9.609 0.05 6.704 1.0]
	ConcatTransform [0.694593 0.146828 0.70426 0.0 -0.571149 -0.482674 0.663939 0.0 0.437412 -0.863405 -0.251401 0.0 -0.307666 0.589675 0.411512 1.0]
232
	ConcatTransform [1.1 0.0 0.0 0.0 0.0 1.1 0.0 0.0 0.0 0.0 1.1 0.0 -9.609 0.05 6.704 1.0]
	ConcatTransform [0.833944 0.161496 0.52769 0.0 -0.420105 -0.434264 0.796823 0.0 0.35784 -0.886191 -0.294306 0.0 -0.388927 0.734699 0.540742 1.0]
233
	ConcatTransform [1.1 0.0 0.0 0.0 0.0 1.1 0.0 0.0 0.0 0.0 1.1 0.0 -9.609 0.05 6.704 1.0]
	ConcatTransform [0.882913 0.081077 0.462484 0.0 -0.375536 -0.469314 0.799198 0.0 0.281846 -0.879302 -0.383916 0.0 -0.444626 0.818407 0.624534 1.0]
234
	ConcatTransform [1.1 0.0 0.0 0.0 0.0 1.1 0.0 0.0 0.0 0.0 1.1 0.0 -9.609 0.05 6.704 1.0]
	ConcatTransform [0.92088 -0.08601 0.380241 0.0 -0.352844 -0.59864 0.719119 0.0 0.165776 -0.796387 -0.581623 0.0 -0.530769 0.918506 0.751785 1.0]
235
	ConcatTransform [1.1 0.0 0.0 0.0 0.0 1.1 0.0 0.0 0.0 0.0 1.1 0.0 -9.609 0.05 6.704 1.0]
	ConcatTransform [0.933675 -0.187472 0.305132 0.0 -0.348136 -0.674942 0.650581 0.0 0.083981 -0.713658 -0.695442 0.0 -0.588197 0.972866 0.836619 1.0]
236
	ConcatTransform [1.1 0.0 0.0 0.0 0.0 1.1 0.0 0.0 0.0 0.0 1.1 0.0 -9.609 0.05 6.704 1.0]
	ConcatTransform [0.933247 -0.318046 0.167025 0.0 -0.357012 -0.769466 0.529588 0.0 -0.039914 -0.553867 -0.831648 0.0 -0.67434 1.035844 0.963869 1.0]
237
	ConcatTransform [1.1 0.0 0.0 0.0 0.0 1.1 0.0 0.0 0.0 0.0 1.1 0.0 -9.609 0.05 6.704 1.0]
	ConcatTransform [0.924916 -0.376263 0.054371 0.0 -0.352435 -0.794999 0.493727 0.0 -0.142546 -0.475818 -0.867916 0.0 -0.734241 1.060798 1.050121 1.0]
238
	ConcatTransform [1.1 0.0 0.0 0.0 0.0 1.1 0.0 0.0 0.0 0.0 1.1 0.0 -9.609 0.05 6.704 1.0]
	ConcatTransform [0.915587 -0.380559 -0.129908 0.0 -0.277612 -0.831918 0.480463 0.0 -0.290918 -0.403841 -0.86734 0.0 -0.826824 1.071232 1.180987 1.0]
239
	ConcatTransform [1.1 0.0 0.0 0.0 0.0 1.1 0.0 0.0 0.0 0.0 1.1 0.0 -9.609 0.05 6.704 1.0]
	ConcatTransform [0.893078 -0.37265 -0.252077 0.0 -0.223134 -0.853408 0.47107 0.0 -0.390669 -0.364455 -0.845311 0.0 -0.888483 1.065693 1.268456 1.0]
240
	ConcatTransform [1.1 0.0 0.0 0.0 0.0 1.1 0.0 0.0 0.0 0.0 1.1 0.0 -9.609 0.05 6.704 1.0]
	ConcatTransform [0.834276 -0.347256 -0.428248 0.0 -0.138116 -0.883594 0.44742 0.0 -0.533767 -0.314124 -0.785123 0.0 -0.98088 1.038692 1.399777 1.0]
241
	ConcatTransform [1.1 0.0 0.0 0.0 0.0 1.1 0.0 0.0 0.0 0.0 1.1 0.0 -9.609 0.05 6.704 1.0]
	ConcatTransform [0.777518 -0.325129 -0.538291 0.0 -0.079289 -0.899831 0.428973 0.0 -0.623842 -0.290854 -0.725413 0.0 -1.042443 1.008236 1.487509 1.0]
242
	ConcatTransform [1.1 0.0 0.0 0.0 0.0 1.1 0.0 0.0 0.0 0.0 1.1 0.0 -9.609 0.05 6.704 1.0]
	ConcatTransform [0.66767 -0.288038 -0.686477 0.0 0.004325 -0.920601 0.39048 0.0 -0.744444 -0.263681 -0.613412 0.0 -1.13483 0.943938 1.619208 1.0]
243
	ConcatTransform [1.1 0.0 0.0 0.0 0.0 1.1 0.0 0.0 0.0 0.0 1.1 0.0 -9.609 0.05 6.704 1.0]
	ConcatTransform [0.579884 -0.261444 -0.771609 0.0 0.054183 -0.932637 0.356725 0.0 -0.812895 -0.248668 -0.526656 0.0 -1.196455 0.888717 1.707023 1.0]
244
	ConcatTransform [1.1 0.0 0.0 0.0 0.0 1.1 0.0 0.0 0.0 0.0 1.1 0.0 -9.609 0.05 6.704 1.0]
	ConcatTransform [0.430202 -0.218939 -0.875781 0.0 0.119407 -0.947819 0.295603 0.0 -0.8948 -0.231743 -0.381611 0.0 -1.288923 0.787327 1.838772 1.0]
245
	ConcatTransform [1.1 0.0 0.0 0.0 0.0 1.1 0.0 0.0 0.0 0.0 1.1 0.0 -9.609 0.05 6.704 1.0]
	ConcatTransform [0.32087 -0.189062 -0.928062 0.0 0.155863 -0.955974 0.248636 0.0 -0.934211 -0.22443 -0.277276 0.0 -1.350581 0.707357 1.926614 1.0]
246
	ConcatTransform [1.1 0.0 0.0 0.0 0.0 1.1 0.0 0.0 0.0 0.0 1.1 0.0 -9.609 0.05 6.704 1.0]
	ConcatTransform [0.146958 -0.142446 -0.978832 0.0 0.199202 -0.965039 0.170346 0.0 -0.968877 -0.220019 -0.113444 0.0 -1.443067 0.568843 2.058377 1.0]
247
	ConcatTransform [1.1 0.0 0.0 0.0 0.0 1.1 0.0 0.0 0.0 0.0 1.1 0.0 -9.609 0.05 6.704 1.0]
	ConcatTransform [0.027085 -0.110886 -0.993464 0.0 0.219865 -0.968831 0.114131 0.0 -0.975154 -0.221519 -0.001861 0.0 -1.504725 0.464127 2.146219 1.0]
248
	ConcatTransform [1.1 0.0 0.0 0.0 0.0 1.1 0.0 0.0 0.0 0.0 1.1 0.0 -9.609 0.05 6.704 1.0]
	ConcatTransform [-0.035214 0.083505 -0.995885 0.0 0.356798 -0.92978 -0.090578 0.0 -0.933518 -0.35852 0.002946 0.0 -1.557579 0.50758 2.228752 1.0]
249
	ConcatTransform [1.1 0.0 0.0 0.0 0.0 1.1 0.0 0.0 0.0 0.0 1.1 0.0 -9.609 0.05 6.704 1.0]
	ConcatTransform [-0.011141 0.202015 -0.979319 0.0 0.474109 -0.861228 -0.183048 0.0 -0.880395 -0.466344 -0.086182 0.0 -1.592135 0.528438 2.281085 1.0]
250
	ConcatTransform [1.1 0.0 0.0 0.0 0.0 1.1 0.0 0.0 0.0 0.0 1.1 0.0 -9.609 0.05 6.704 1.0]
	ConcatTransform [0.004642 0.377544 -0.92598 0.0 0.621007 -0.72688 -0.293252 0.0 -0.783792 -0.573678 -0.237832 0.0 -1.644445 0.541102 2.359587 1.0]
251
	ConcatTransform [1.1 0.0 0.0 0.0 0.0 1.1 0.0 0.0 0.0 0.0 1.1 0.0 -9.609 0.05 6.704 1.0]
	ConcatTransform [0.000806 0.486898 -0.873458 0.0 0.704107 -0.620514 -0.345248 0.0 -0.710094 -0.61473 -0.343328 0.0 -1.679476 0.537154 2.411968 1.0]
252
	ConcatTransform [1.1 0.0 0.0 0.0 0.0 1.1 0.0 0.0 0.0 0.0 1.1 0.0 -9.609 0.05 6.704 1.0]
	ConcatTransform [-0.029901 0.634716 -0.772167 0.0 0.810135 -0.437104 -0.390668 0.0 -0.58548 -0.637241 -0.501136 0.0 -1.732023 0.512671 2.490539 1.0]
253
	ConcatTransform [1.1 0.0 0.0 0.0 0.0 1.1 0.0 0.0 0.0 0.0 1.1 0.0 -9.609 0.05 6.704 1.0]
	ConcatTransform [-0.066202 0.718579 -0.692287 0.0 0.865628 -0.303728 -0.398042 0.0 -0.496292 -0.625614 -0.601915 0.0 -1.767054 0.483975 2.54292 1.0]
254
	ConcatTransform [1.1 0.0 0.0 0.0 0.0 1.1 0.0 0.0 0.0 0.0 1.1 0.0 -9.609 0.05 6.704 1.0]
	ConcatTransform [-0.141958 0.816715 -0.559308 0.0 0.922348 -0.095977 -0.374249 0.0 -0.359335 -0.569004 -0.73967 0.0 -1.8196 0.42237 2.621492 1.0]
255
	ConcatTransform [1.1 0.0 0.0 0.0 0.0 1.1 0.0 0.0 0.0 0.0 1.1 0.0 -9.609 0.05 6.704 1.0]
	ConcatTransform [-0.204681 0.861127 -0.465366 0.0 0.940996 0.042207 -0.335775 0.0 -0.269503 -0.506634 -0.818957 0.0 -1.854631 0.368927 2.673873 1.0]
256
	ConcatTransform [1.1 0.0 0.0 0.0 0.0 1.1 0.0 0.0 0.0 0.0 1.1 0.0 -9.609 0.05 6.704 1.0]
	ConcatTransform [-0.312877 0.893245 -0.322835 0.0 0.938967 0.239719 -0.24673 0.0 -0.143 -0.380327 -0.91373 0.0 -1.907178 0.270202 2.752444 1.0]
257
	ConcatTransform [1.1 0.0 0.0 0.0 0.0 1.1 0.0 0.0 0.0 0.0 1.1 0.0 -9.609 0.05 6.704 1.0]
	ConcatTransform [-0.39158 0.890814 -0.230469 0.0 0.917666 0.35971 -0.168811 0.0 -0.067477 -0.277596 -0.958325 0.0 -1.942209 0.192011 2.804825 1.0]
258
	ConcatTransform [1.1 0.0 0.0 0.0 0.0 1.1 0.0 0.0 0.0 0.0 1.1 0.0 -9.609 0.05 6.704 1.0]
	ConcatTransform [-0.514205 0.851567 -0.102111 0.0 0.857226 0.514105 -0.029336 0.0 0.027514 -0.102616 -0.99434 0.0 -1.994756 0.056164 2.883397 1.0]
259
	ConcatTransform [1.1 0.0 0.0 0.0 0.0 1.1 0.0 0.0 0.0 0.0 1.1 0.0 -9.609 0.05 6.704 1.0]
	ConcatTransform [-0.595789 0.802697 -0.026695 0.0 0.799522 0.595929 0.075058 0.0 0.076157 0.023375 -0.996822 0.0 -2.029787 -0.046774 2.935778 1.0]
260
	ConcatTransform [1.1 0.0 0.0 0.0 0.0 1.1 0.0 0.0 0.0 0.0 1.1 0.0 -9.609 0.05 6.704 1.0]
	ConcatTransform [-0.743441 0.661792 0.096575 0.0 0.665232 0.716826 0.208872 0.0 0.069003 0.219529 -0.973163 0.0 -2.081658 -0.218144 3.012901 1.0]
261
	ConcatTransform [1.1 0.0 0.0 0.0 0.0 1.1 0.0 0.0 0.0 0.0 1.1 0.0 -9.609 0.05 6.704 1.0]
	ConcatTransform [-0.874382 0.431562 0.221834 0.0 0.480238 0.835107 0.268269 0.0 -0.06948 0.341102 -0.937455 0.0 -2.112839 -0.339704 3.06086 1.0]
262
	ConcatTransform [1.1 0.0 0.0 0.0 0.0 1.1 0.0 0.0 0.0 0.0 1.1 0.0 -9.609 0.05 6.704 1.0]
	ConcatTransform [-0.925335 0.10504 0.36431 0.0 0.243374 0.901333 0.358284 0.0 -0.29073 0.420196 -0.859599 0.0 -2.09962 -0.464634 3.102998 1.0]
263
	ConcatTransform [1.1 0.0 0.0 0.0 0.0 1.1 0.0 0.0 0.0 0.0 1.1 0.0 -9.609 0.05 6.704 1.0]
	ConcatTransform [-0.899645 -0.044017 0.434398 0.0 0.149485 0.903729 0.401159 0.0 -0.410236 0.425837 -0.806455 0.0 -2.045652 -0.488601 3.106566 1.0]
264
	ConcatTransform [1.1 0.0 0.0 0.0 0.0 1.1 0.0 0.0 0.0 0.0 1.1 0.0 -9.609 0.05 6.704 1.0]
	ConcatTransform [-0.810768 -0.260921 0.524 0.0 0.009632 0.889096 0.457619 0.0 -0.585289 0.37607 -0.718337 0.0 -1.953903 -0.506894 3.102587 1.0]
265
	ConcatTransform [1.1 0.0 0.0 0.0 0.0 1.1 0.0 0.0 0.0 0.0 1.1 0.0 -9.609 0.05 6.704 1.0]
	ConcatTransform [-0.73889 -0.366323 0.565552 0.0 -0.043118 0.863299 0.502847 0.0 -0.672445 0.347163 -0.653678 0.0 -1.891018 -0.502176 3.094869 1.0]
266
	ConcatTransform [1.1 0.0 0.0 0.0 0.0 1.1 0.0 0.0 0.0 0.0 1.1 0.0 -9.609 0.05 6.704 1.0]
	ConcatTransform [-0.630578 -0.462757 0.623079 0.0 -0.100482 0.844726 0.525682 0.0 -0.769594 0.268875 -0.579165 0.0 -1.805799 -0.474271 3.078075 1.0]
267
	ConcatTransform [1.1 0.0 0.0 0.0 0.0 1.1 0.0 0.0 0.0 0.0 1.1 0.0 -9.609 0.05 6.704 1.0]
	ConcatTransform [-0.542041 -0.526051 0.655333 0.0 -0.151627 0.828256 0.539446 0.0 -0.82656 0.193035 -0.528712 0.0 -1.756841 -0.450105 3.065789 1.0]
268
	ConcatTransform [1.1 0.0 0.0 0.0 0.0 1.1 0.0 0.0 0.0 0.0 1.1 0.0 -9.609 0.05 6.704 1.0]
	ConcatTransform [-0.399605 -0.601466 0.691776 0.0 -0.211363 0.794769 0.568919 0.0 -0.891987 0.081127 -0.444721 0.0 -1.696047 -0.411456 3.047564 1.0]
269
	ConcatTransform [1.1 0.0 0.0 0.0 0.0 1.1 0.0 0.0 0.0 0.0 1.1 0.0 -9.609 0.05 6.704 1.0]
	ConcatTransform [-0.311957 -0.628023 0.71293 0.0 -0.240646 0.778138 0.580165 0.0 -0.919115 0.009423 -0.393877 0.0 -1.663254 -0.387476 3.035675 1.0]
270
	ConcatTransform [1.1 0.0 0.0 0.0 0.0 1.1 0.0 0.0 0.0 0.0 1.1 0.0 -9.609 0.05 6.704 1.0]
	ConcatTransform [-0.217165 -0.623331 0.751198 0.0 -0.27219 0.777708 0.566641 0.0 -0.937418 -0.081414 -0.338555 0.0 -1.622977 -0.359177 3.017943 1.0]
271
	ConcatTransform [1.1 0.0 0.0 0.0 0.0 1.1 0.0 0.0 0.0 0.0 1.1 0.0 -9.609 0.05 6.704 1.0]
	ConcatTransform [-0.166523 -0.608021 0.77626 0.0 -0.272057 0.785025 0.556525 0.0 -0.947763 -0.118513 -0.296141 0.0 -1.599369 -0.348774 3.006632 1.0]
272
	ConcatTransform [1.1 0.0 0.0 0.0 0.0 1.1 0.0 0.0 0.0 0.0 1.1 0.0 -9.609 0.05 6.704 1.0]
	ConcatTransform [-0.105382 -0.574072 0.811995 0.0 -0.244515 0.806432 0.538405 0.0 -0.963902 -0.141807 -0.225352 0.0 -1.569495 -0.345999 2.990583 1.0]
273
	ConcatTransform [1.1 0.0 0.0 0.0 0.0 1.1 0.0 0.0 0.0 0.0 1.1 0.0 -9.609 0.05 6.704 1.0]
	ConcatTransform [-0.074373 -0.544702 0.835326 0.0 -0.209032 0.827552 0.521022 0.0 -0.975077 -0.13586 -0.175407 0.0 -1.553559 -0.352479 2.980565 1.0]
274
	ConcatTransform [1.1 0.0 0.0 0.0 0.0 1.1 0.0 0.0 0.0 0.0 1.1 0.0 -9.609 0.05 6.704 1.0]
	ConcatTransform [-0.038009 -0.493062 0.869164 0.0 -0.132058 0.864642 0.484722 0.0 -0.990513 -0.096356 -0.097977 0.0 -1.537532 -0.372723 2.967116 1.0]
275
	ConcatTransform [1.1 0.0 0.0 0.0 0.0 1.1 0.0 0.0 0.0 0.0 1.1 0.0 -9.609 0.05 6.704 1.0]
	ConcatTransform [-0.011712 -0.459125 0.888295 0.0 -0.075816 0.886206 0.457046 0.0 -0.997053 -0.061994 -0.045188 0.0 -1.536703 -0.388469 2.960461 1.0]
276
	ConcatTransform [1.1 0.0 0.0 0.0 0.0 1.1 0.0 0.0 0.0 0.0 1.1 0.0 -9.609 0.05 6.704 1.0]
	ConcatTransform [0.031994 -0.409075 0.91194 0.0 0.002192 0.912433 0.40922 0.0 -0.999486 -0.011093 0.030089 0.0 -1.555697 -0.40818 2.955387 1.0]
277
	ConcatTransform [1.1 0.0 0.0 0.0 0.0 1.1 0.0 0.0 0.0 0.0 1.1 0.0 -9.609 0.05 6.704 1.0]
	ConcatTransform [0.066351 -0.387344 0.919544 0.0 0.082581 0.920545 0.381807 0.0 -0.994373 0.050603 0.093067 0.0 -1.573575 -0.426099 2.953901 1.0]
278
	ConcatTransform [1.1 0.0 0.0 0.0 0.0 1.1 0.0 0.0 0.0 0.0 1.1 0.0 -9.609 0.05 6.704 1.0]
	ConcatTransform [0.109566 -0.34495 0.932204 0.0 0.227449 0.921668 0.314318 0.0 -0.967606 0.17759 0.179442 0.0 -1.608559 -0.457497 2.953975 1.0]
279
	ConcatTransform [1.1 0.0 0.0 0.0 0.0 1.1 0.0 0.0 0.0 0.0 1.1 0.0 -9.609 0.05 6.704 1.0]
	ConcatTransform [0.141496 -0.325034 0.935057 0.0 0.339811 0.903115 0.262509 0.0 -0.929789 0.280599 0.238237 0.0 -1.637974 -0.477244 2.956804 1.0]
280
	ConcatTransform [1.1 0.0 0.0 0.0 0.0 1.1 0.0 0.0 0.0 0.0 1.1 0.0 -9.609 0.05 6.704 1.0]
	ConcatTransform [0.193901 -0.310918 0.930447 0.0 0.50389 0.845339 0.17747 0.0 -0.841723 0.434432 0.320581 0.0 -1.690336 -0.496101 2.966053 1.0]
281
	ConcatTransform [1.1 0.0 0.0 0.0 0.0 1.1 0.0 0.0 0.0 0.0 1.1 0.0 -9.609 0.05 6.704 1.0]
	ConcatTransform [0.231532 -0.291761 0.928045 0.0 0.586038 0.803277 0.10633 0.0 -0.7765 0.519251 0.356967 0.0 -1.72858 -0.501111 2.974543 1.0]
282
	ConcatTransform [1.1 0.0 0.0 0.0 0.0 1.1 0.0 0.0 0.0 0.0 1.1 0.0 -9.609 0.05 6.704 1.0]
	ConcatTransform [0.299785 -0.288648 0.909291 0.0 0.654155 0.75597 0.024309 0.0 -0.694414 0.58753 0.415449 0.0 -1.781774 -0.492169 2.99048 1.0]
283
	ConcatTransform [1.1 0.0 0.0 0.0 0.0 1.1 0.0 0.0 0.0 0.0 1.1 0.0 -9.609 0.05 6.704 1.0]
	ConcatTransform [0.344814 -0.283906 0.894707 0.0 0.688289 0.724575 -0.035342 0.0 -0.638248 0.628003 0.445253 0.0 -1.812434 -0.483743 3.002621 1.0]
284
	ConcatTransform [1.1 0.0 0.0 0.0 0.0 1.1 0.0 0.0 0.0 0.0 1.1 0.0 -9.609 0.05 6.704 1.0]
	ConcatTransform [0.407486 -0.283538 0.868079 0.0 0.71639 0.688763 -0.111313 0.0 -0.566339 0.667242 0.483786 0.0 -1.851227 -0.473008 3.02291 1.0]
285
	ConcatTransform [1.1 0.0 0.0 0.0 0.0 1.1 0.0 0.0 0.0 0.0 1.1 0.0 -9.609 0.05 6.704 1.0]
	ConcatTransform [0.448618 -0.284021 0.847393 0.0 0.728548 0.665398 -0.162679 0.0 -0.517649 0.690346 0.505432 0.0 -1.870764 -0.465915 3.037073 1.0]
286
	ConcatTransform [1.1 0.0 0.0 0.0 0.0 1.1 0.0 0.0 0.0 0.0 1.1 0.0 -9.609 0.05 6.704 1.0]
	ConcatTransform [0.510073 -0.284177 0.811831 0.0 0.733646 0.636426 -0.238173 0.0 -0.448987 0.717082 0.533109 0.0 -1.890667 -0.457243 3.058053 1.0]
287
	ConcatTransform [1.1 0.0 0.0 0.0 0.0 1.1 0.0 0.0 0.0 0.0 1.1 0.0 -9.609 0.05 6.704 1.0]
	ConcatTransform [0.550815 -0.283539 0.784989 0.0 0.725292 0.627992 -0.282095 0.0 -0.412982 0.724729 0.551556 0.0 -1.898606 -0.454564 3.071535 1.0]
288
	ConcatTransform [1.1 0.0 0.0 0.0 0.0 1.1 0.0 0.0 0.0 0.0 1.1 0.0 -9.609 0.05 6.704 1.0]
	ConcatTransform [0.604603 -0.286978 0.743034 0.0 0.702629 0.63155 -0.327806 0.0 -0.37519 0.72027 0.583476 0.0 -1.902661 -0.455531 3.090124 1.0]
289
	ConcatTransform [1.1 0.0 0.0 0.0 0.0 1.1 0.0 0.0 0.0 0.0 1.1 0.0 -9.609 0.05 6.704 1.0]
	ConcatTransform [0.648282 -0.273661 0.710521 0.0 0.67258 0.643224 -0.365923 0.0 -0.356886 0.715103 0.601049 0.0 -1.900538 -0.459651 3.100564 1.0]
290
	ConcatTransform [1.1 0.0 0.0 0.0 0.0 1.1 0.0 0.0 0.0 0.0 1.1 0.0 -9.609 0.05 6.704 1.0]
	ConcatTransform [0.717914 -0.237588 0.654333 0.0 0.609528 0.668585 -0.425993 0.0 -0.336266 0.70466 0.624803 0.0 -1.889263 -0.46877 3.11249 1.0]
291
	ConcatTransform [1.1 0.0 0.0 0.0 0.0 1.1 0.0 0.0 0.0 0.0 1.1 0.0 -9.609 0.05 6.704 1.0]
	ConcatTransform [0.758208 -0.216049 0.615177 0.0 0.56322 0.692366 -0.451013 0.0 -0.328487 0.688441 0.646641 0.0 -1.876608 -0.476391 3.117975 1.0]
292
	ConcatTransform [1.1 0.0 0.0 0.0 0.0 1.1 0.0 0.0 0.0 0.0 1.1 0.0 -9.609 0.05 6.704 1.0]
	ConcatTransform [0.803178 -0.196743 0.562314 0.0 0.497966 0.739833 -0.452412 0.0 -0.32701 0.643381 0.692189 0.0 -1.851569 -0.484303 3.120384 1.0]
293
	ConcatTransform [1.1 0.0 0.0 0.0 0.0 1.1 0.0 0.0 0.0 0.0 1.1 0.0 -9.609 0.05 6.704 1.0]
	ConcatTransform [0.830296 -0.199121 0.520537 0.0 0.46268 0.766966 -0.444624 0.0 -0.310701 0.610012 0.728938 0.0 -1.834111 -0.487569 3.117962 1.0]
294
	ConcatTransform [1.1 0.0 0.0 0.0 0.0 1.1 0.0 0.0 0.0 0.0 1.1 0.0 -9.609 0.05 6.704 1.0]
	ConcatTransform [0.868163 -0.197754 0.455178 0.0 0.410617 0.801341 -0.435025 0.0 -0.278725 0.564576 0.776895 0.0 -1.809368 -0.490816 3.109065 1.0]
295
	ConcatTransform [1.1 0.0 0.0 0.0 0.0 1.1 0.0 0.0 0.0 0.0 1.1 0.0 -9.609 0.05 6.704 1.0]
	ConcatTransform [0.891508 -0.192535 0.410054 0.0 0.374875 0.821749 -0.429183 0.0 -0.254328 0.536339 0.804772 0.0 -1.794833 -0.49114 3.100179 1.0]
296
	ConcatTransform [1.1 0.0 0.0 0.0 0.0 1.1 0.0 0.0 0.0 0.0 1.1 0.0 -9.609 0.05 6.704 1.0]
	ConcatTransform [0.921254 -0.182937 0.343258 0.0 0.32518 0.846458 -0.421624 0.0 -0.213423 0.500043 0.83929 0.0 -1.776398 -0.490547 3.083826 1.0]
297
	ConcatTransform [1.1 0.0 0.0 0.0 0.0 1.1 0.0 0.0 0.0 0.0 1.1 0.0 -9.609 0.05 6.704 1.0]
	ConcatTransform [0.936669 -0.182965 0.298623 0.0 0.299848 0.859531 -0.413881 0.0 -0.18095 0.477211 0.859957 0.0 -1.766286 -0.49044 3.071682 1.0]
298
	ConcatTransform [1.1 0.0 0.0 0.0 0.0 1.1 0.0 0.0 0.0 0.0 1.1 0.0 -9.609 0.05 6.704 1.0]
	ConcatTransform [0.953575 -0.191978 0.232031 0.0 0.273817 0.873451 -0.402627 0.0 -0.125372 0.447469 0.885468 0.0 -1.754665 -0.490815 3.052312 1.0]
299
	ConcatTransform [1.1 0.0 0.0 0.0 0.0 1.1 0.0 0.0 0.0 0.0 1.1 0.0 -9.609 0.05 6.704 1.0]
	ConcatTransform [0.962285 -0.197384 0.18721 0.0 0.257707 0.881852 -0.394871 0.0 -0.08715 0.428224 0.89946 0.0 -1.749708 -0.490795 3.039113 1.0]
300
	ConcatTransform [1.1 0.0 0.0 0.0 0.0 1.1 0.0 0.0 0.0 0.0 1.1 0.0 -9.609 0.05 6.704 1.0]
	ConcatTransform [0.971394 -0.205234 0.119466 0.0 0.235781 0.893479 -0.382234 0.0 -0.028293 0.399467 0.916311 0.0 -1.746411 -0.490404 3.019791 1.0]
301
	ConcatTransform [1.1 0.0 0.0 0.0 0.0 1.1 0.0 0.0 0.0 0.0 1.1 0.0 -9.609 0.05 6.704 1.0]
	ConcatTransform [0.973517 -0.215921 0.075123 0.0 0.228186 0.897579 -0.377205 0.0 0.014018 0.384357 0.923078 0.0 -1.746534 -0.490637 3.00753 1.0]
302
	ConcatTransform [1.1 0.0 0.0 0.0 0.0 1.1 0.0 0.0 0.0 0.0 1.1 0.0 -9.609 0.05 6.704 1.0]
	ConcatTransform [0.978815 -0.204561 0.008692 0.0 0.192891 0.907072 -0.374183 0.0 0.068659 0.367932 0.927314 0.0 -1.749214 -0.488269 2.992783 1.0]
303
	ConcatTransform [1.1 0.0 0.0 0.0 0.0 1.1 0.0 0.0 0.0 0.0 1.1 0.0 -9.609 0.05 6.704 1.0]
	ConcatTransform [0.978529 -0.202845 -0.036527 0.0 0.173768 0.907237 -0.383048 0.0 0.110838 0.368477 0.923006 0.0 -1.750937 -0.488134 2.985381 1.0]
304
	ConcatTransform [1.1 0.0 0.0 0.0 0.0 1.1 0.0 0.0 0.0 0.0 1.1 0.0 -9.609 0.05 6.704 1.0]
	ConcatTransform [0.974222 -0.201017 -0.102393 0.0 0.145542 0.906843 -0.395541 0.0 0.172365 0.370442 0.912723 0.0 -1.753584 -0.488011 2.978796 1.0]
305
	ConcatTransform [1.1 0.0 0.0 0.0 0.0 1.1 0.0 0.0 0.0 0.0 1.1 0.0 -9.609 0.05 6.704 1.0]
	ConcatTransform [0.968163 -0.208107 -0.139112 0.0 0.137186 0.905957 -0.400526 0.0 0.209382 0.368691 0.905664 0.0 -1.756391 -0.488765 2.976583 1.0]
306
	ConcatTransform [1.1 0.0 0.0 0.0 0.0 1.1 0.0 0.0 0.0 0.0 1.1 0.0 -9.609 0.05 6.704 1.0]
	ConcatTransform [0.959656 -0.221904 -0.17268 0.0 0.131332 0.896776 -0.422545 0.0 0.24862 0.382819 0.88974 0.0 -1.763157 -0.490858 2.975677 1.0]
307
	ConcatTransform [1.1 0.0 0.0 0.0 0.0 1.1 0.0 0.0 0.0 0.0 1.1 0.0 -9.609 0.05 6.704 1.0]
	ConcatTransform [0.951137 -0.246652 -0.185744 0.0 0.143497 0.885758 -0.441408 0.0 0.273398 0.393186 0.877871 0.0 -1.768761 -0.493303 2.976666 1.0]
308
	ConcatTransform [1.1 0.0 0.0 0.0 0.0 1.1 0.0 0.0 0.0 0.0 1.1 0.0 -9.609 0.05 6.704 1.0]
	ConcatTransform [0.949136 -0.246254 -0.196213 0.0 0.129133 0.872782 -0.470718 0.0 0.287167 0.421438 0.860189 0.0 -1.77749 -0.494876 2.981943 1.0]
309
	ConcatTransform [1.1 0.0 0.0 0.0 0.0 1.1 0.0 0.0 0.0 0.0 1.1 0.0 -9.609 0.05 6.704 1.0]
	ConcatTransform [0.947235 -0.247687 -0.203463 0.0 0.12058 0.863467 -0.489781 0.0 0.296996 0.439404 0.847772 0.0 -1.782406 -0.497485 2.987267 1.0]
310
	ConcatTransform [1.1 0.0 0.0 0.0 0.0 1.1 0.0 0.0 0.0 0.0 1.1 0.0 -9.609 0.05 6.704 1.0]
	ConcatTransform [0.941795 -0.260502 -0.212509 0.0 0.113108 0.840793 -0.529408 0.0 0.316588 0.474558 0.82132 0.0 -1.788058 -0.499601 2.997587 1.0]
311
	ConcatTransform [1.1 0.0 0.0 0.0 0.0 1.1 0.0 0.0 0.0 0.0 1.1 0.0 -9.609 0.05 6.704 1.0]
	ConcatTransform [0.936603 -0.278457 -0.212689 0.0 0.121449 0.827361 -0.548383 0.0 0.328672 0.487786 0.808727 0.0 -1.791984 -0.499508 3.005494 1.0]
312
	ConcatTransform [1.1 0.0 0.0 0.0 0.0 1.1 0.0 0.0 0.0 0.0 1.1 0.0 -9.609 0.05 6.704 1.0]
	ConcatTransform [0.931837 -0.292115 -0.215288 0.0 0.121471 0.810153 -0.573496 0.0 0.341943 0.508253 0.790414 0.0 -1.798598 -0.498614 3.017402 1.0]
313
	ConcatTransform [1.1 0.0 0.0 0.0 0.0 1.1 0.0 0.0 0.0 0.0 1.1 0.0 -9.609 0.05 6.704 1.0]
	ConcatTransform [0.929806 -0.29345 -0.222146 0.0 0.115466 0.805678 -0.580992 0.0 0.34947 0.514559 0.783007 0.0 -1.802161 -0.498078 3.024062 1.0]
314
	ConcatTransform [1.1 0.0 0.0 0.0 0.0 1.1 0.0 0.0 0.0 0.0 1.1 0.0 -9.609 0.05 6.704 1.0]
	ConcatTransform [0.928904 -0.294548 -0.224454 0.0 0.112663 0.802152 -0.586395 0.0 0.352767 0.519417 0.778307 0.0 -1.805978 -0.497571 3.032073 1.0]
315
	ConcatTransform [1.1 0.0 0.0 0.0 0.0 1.1 0.0 0.0 0.0 0.0 1.1 0.0 -9.609 0.05 6.704 1.0]
	ConcatTransform [0.927525 -0.295325 -0.229086 0.0 0.109152 0.800229 -0.589678 0.0 0.357468 0.521936 0.774467 0.0 -1.808027 -0.49731 3.035766 1.0]
316
	ConcatTransform [1.1 0.0 0.0 0.0 0.0 1.1 0.0 0.0 0.0 0.0 1.1 0.0 -9.609 0.05 6.704 1.0]
	ConcatTransform [0.924506 -0.294236 -0.242307 0.0 0.098687 0.798795 -0.593453 0.0 0.368169 0.524739 0.767529 0.0 -1.81045 -0.497206 3.038684 1.0]
317
	ConcatTransform [1.1 0.0 0.0 0.0 0.0 1.1 0.0 0.0 0.0 0.0 1.1 0.0 -9.609 0.05 6.704 1.0]
	ConcatTransform [0.920857 -0.295605 -0.254245 0.0 0.093153 0.79999 -0.592738 0.0 0.37861 0.522143 0.764213 0.0 -1.811605 -0.497346 3.038844 1.0]
318
	ConcatTransform [1.1 0.0 0.0 0.0 0.0 1.1 0.0 0.0 0.0 0.0 1.1 0.0 -9.609 0.05 6.704 1.0]
	ConcatTransform [0.914998 -0.30091 -0.26876 0.0 0.090087 0.8017 -0.590899 0.0 0.393272 0.516459 0.760662 0.0 -1.81299 -0.497718 3.036921 1.0]
319
	ConcatTransform [1.1 0.0 0.0 0.0 0.0 1.1 0.0 0.0 0.0 0.0 1.1 0.0 -9.609 0.05 6.704 1.0]
	ConcatTransform [0.912845 -0.299068 -0.277979 0.0 0.084309 0.804198 -0.588351 0.0 0.399507 0.513637 0.759323 0.0 -1.813614 -0.497753 3.035418 1.0]
320
	ConcatTransform [1.1 0.0 0.0 0.0 0.0 1.1 0.0 0.0 0.0 0.0 1.1 0.0 -9.609 0.05 6.704 1.0]
	ConcatTransform [0.9124 -0.296312 -0.282356 0.0 0.080988 0.806911 -0.585094 0.0 0.401207 0.510973 0.760224 0.0 -1.813592 -0.497743 3.033247 1.0]
321
	ConcatTransform [1.1 0.0 0.0 0.0 0.0 1.1 0.0 0.0 0.0 0.0 1.1 0.0 -9.609 0.05 6.704 1.0]
	ConcatTransform [0.913001 -0.294766 -0.282033 0.0 0.080772 0.808253 -0.583269 0.0 0.399882 0.509745 0.761745 0.0 -1.813008 -0.497715 3.031897 1.0]
322
	ConcatTransform [1.1 0.0 0.0 0.0 0.0 1.1 0.0 0.0 0.0 0.0 1.1 0.0 -9.609 0.05 6.704 1.0]
	ConcatTransform [0.912943 -0.292202 -0.284873 0.0 0.078561 0.810856 -0.579948 0.0 0.400453 0.50708 0.763221 0.0 -1.812244 -0.497679 3.029947 1.0]
323
	ConcatTransform [1.1 0.0 0.0 0.0 0.0 1.1 0.0 0.0 0.0 0.0 1.1 0.0 -9.609 0.05 6.704 1.0]
	ConcatTransform [0.912904 -0.291325 -0.285895 0.0 0.07815 0.812216 -0.578099 0.0 0.400623 0.505406 0.764242 0.0 -1.811953 -0.497678 3.028675 1.0]
324
	ConcatTransform [1.1 0.0 0.0 0.0 0.0 1.1 0.0 0.0 0.0 0.0 1.1 0.0 -9.609 0.05 6.704 1.0]
	ConcatTransform [0.90921 -0.300743 -0.287906 0.0 0.087444 0.81404 -0.574189 0.0 0.40705 0.496883 0.766432 0.0 -1.812897 -0.498294 3.026441 1.0]
325
	ConcatTransform [1.1 0.0 0.0 0.0 0.0 1.1 0.0 0.0 0.0 0.0 1.1 0.0 -9.609 0.05 6.704 1.0]
	ConcatTransform [0.908822 -0.301505 -0.288335 0.0 0.090093 0.816681 -0.570013 0.0 0.40734 0.492064 0.769381 0.0 -1.81418 -0.498427 3.02448 1.0]
326
	ConcatTransform [1.1 0.0 0.0 0.0 0.0 1.1 0.0 0.0 0.0 0.0 1.1 0.0 -9.609 0.05 6.704 1.0]
	ConcatTransform [0.908222 -0.30324 -0.288407 0.0 0.095386 0.821024 -0.562869 0.0 0.407473 0.4837 0.774597 0.0 -1.816445 -0.498604 3.020771 1.0]
327
	ConcatTransform [1.1 0.0 0.0 0.0 0.0 1.1 0.0 0.0 0.0 0.0 1.1 0.0 -9.609 0.05 6.704 1.0]
	ConcatTransform [0.907933 -0.302974 -0.289593 0.0 0.097548 0.824748 -0.557024 0.0 0.407605 0.477492 0.77837 0.0 -1.817709 -0.498039 3.018129 1.0]
328
	ConcatTransform [1.1 0.0 0.0 0.0 0.0 1.1 0.0 0.0 0.0 0.0 1.1 0.0 -9.609 0.05 6.704 1.0]
	ConcatTransform [0.913085 -0.288675 -0.287998 0.0 0.085439 0.826038 -0.557101 0.0 0.398719 0.484074 0.778907 0.0 -1.817988 -0.497939 3.014961 1.0]
329
	ConcatTransform [1.1 0.0 0.0 0.0 0.0 1.1 0.0 0.0 0.0 0.0 1.1 0.0 -9.609 0.05 6.704 1.0]
	ConcatTransform [0.913125 -0.288689 -0.287857 0.0 0.089362 0.830649 -0.549579 0.0 0.397765 0.47611 0.784284 0.0 -1.817149 -0.498017 3.013615 1.0]
330
	ConcatTransform [1.1 0.0 0.0 0.0 0.0 1.1 0.0 0.0 0.0 0.0 1.1 0.0 -9.609 0.05 6.704 1.0]
	ConcatTransform [0.913322 -0.292586 -0.28326 0.0 0.096681 0.831462 -0.547106 0.0 0.395595 0.472298 0.78768 0.0 -1.816895 -0.498001 3.011874 1.0]
331
	ConcatTransform [1.1 0.0 0.0 0.0 0.0 1.1 0.0 0.0 0.0 0.0 1.1 0.0 -9.609 0.05 6.704 1.0]
	ConcatTransform [0.917049 -0.285839 -0.278059 0.0 0.092883 0.831214 -0.548139 0.0 0.387806 0.476843 0.788814 0.0 -1.816172 -0.497858 3.01138 1.0]
332
	ConcatTransform [1.1 0.0 0.0 0.0 0.0 1.1 0.0 0.0 0.0 0.0 1.1 0.0 -9.609 0.05 6.704 1.0]
	ConcatTransform [0.921224 -0.280925 -0.269125 0.0 0.093081 0.830849 -0.548658 0.0 0.377734 0.480386 0.791547 0.0 -1.814334 -0.49758 3.011626 1.0]
333
	ConcatTransform [1.1 0.0 0.0 0.0 0.0 1.1 0.0 0.0 0.0 0.0 1.1 0.0 -9.609 0.05 6.704 1.0]
	ConcatTransform [0.923585 -0.278883 -0.263088 0.0 0.094266 0.830325 -0.549249 0.0 0.371625 0.482478 0.793165 0.0 -1.813118 -0.497464 3.012329 1.0]
334
	ConcatTransform [1.1 0.0 0.0 0.0 0.0 1.1 0.0 0.0 0.0 0.0 1.1 0.0 -9.609 0.05 6.704 1.0]
	ConcatTransform [0.926269 -0.277915 -0.254538 0.0 0.097055 0.828543 -0.55145 0.0 0.364152 0.486087 0.794426 0.0 -1.811887 -0.497393 3.014002 1.0]
335
	ConcatTransform [1.1 0.0 0.0 0.0 0.0 1.1 0.0 0.0 0.0 0.0 1.1 0.0 -9.609 0.05 6.704 1.0]
	ConcatTransform [0.925999 -0.284906 -0.247699 0.0 0.104546 0.823971 -0.556904 0.0 0.362762 0.489796 0.792782 0.0 -1.81156 -0.49773 3.015323 1.0]
336
	ConcatTransform [1.1 0.0 0.0 0.0 0.0 1.1 0.0 0.0 0.0 0.0 1.1 0.0 -9.609 0.05 6.704 1.0]
	ConcatTransform [0.927261 -0.287236 -0.240172 0.0 0.111284 0.823899 -0.555703 0.0 0.357495 0.488555 0.795934 0.0 -1.812196 -0.49784 3.017983 1.0]
337
	ConcatTransform [1.1 0.0 0.0 0.0 0.0 1.1 0.0 0.0 0.0 0.0 1.1 0.0 -9.609 0.05 6.704 1.0]
	ConcatTransform [0.929265 -0.28724 -0.232294 0.0 0.114275 0.821489 -0.558656 0.0 0.351296 0.492594 0.796205 0.0 -1.812412 -0.497768 3.020147 1.0]
338
	ConcatTransform [1.1 0.0 0.0 0.0 0.0 1.1 0.0 0.0 0.0 0.0 1.1 0.0 -9.609 0.05 6.704 1.0]
	ConcatTransform [0.931667 -0.289192 -0.219919 0.0 0.120498 0.817013 -0.563889 0.0 0.342749 0.498857 0.796031 0.0 -1.812642 -0.497736 3.023885 1.0]
339
	ConcatTransform [1.1 0.0 0.0 0.0 0.0 1.1 0.0 0.0 0.0 0.0 1.1 0.0 -9.609 0.05 6.704 1.0]
	ConcatTransform [0.932721 -0.291019 -0.212929 0.0 0.124158 0.813564 -0.568065 0.0 0.33855 0.50341 0.794961 0.0 -1.812942 -0.497727 3.026576 1.0]
340
	ConcatTransform [1.1 0.0 0.0 0.0 0.0 1.1 0.0 0.0 0.0 0.0 1.1 0.0 -9.609 0.05 6.704 1.0]
	ConcatTransform [0.933641 -0.294204 -0.204348 0.0 0.128856 0.808123 -0.574746 0.0 0.334231 0.510275 0.792407 0.0 -1.813645 -0.497709 3.03077 1.0]
341
	ConcatTransform [1.1 0.0 0.0 0.0 0.0 1.1 0.0 0.0 0.0 0.0 1.1 0.0 -9.609 0.05 6.704 1.0]
	ConcatTransform [0.933883 -0.29679 -0.199443 0.0 0.131905 0.804356 -0.57932 0.0 0.332359 0.51471 0.790323 0.0 -1.814263 -0.497693 3.033581 1.0]
342
	ConcatTransform [1.1 0.0 0.0 0.0 0.0 1.1 0.0 0.0 0.0 0.0 1.1 0.0 -9.609 0.05 6.704 1.0]
	ConcatTransform [0.933471 -0.296851 -0.201275 0.0 0.128893 0.801367 -0.584121 0.0 0.334692 0.519317 0.786315 0.0 -1.814438 -0.497488 3.036504 1.0]
343
	ConcatTransform [1.1 0.0 0.0 0.0 0.0 1.1 0.0 0.0 0.0 0.0 1.1 0.0 -9.609 0.05 6.704 1.0]
	ConcatTransform [0.932596 -0.297079 -0.204963 0.0 0.127222 0.802017 -0.583594 0.0 0.337757 0.518182 0.785753 0.0 -1.814292 -0.497538 3.037364 1.0]
344
	ConcatTransform [1.1 0.0 0.0 0.0 0.0 1.1 0.0 0.0 0.0 0.0 1.1 0.0 -9.609 0.05 6.704 1.0]
	ConcatTransform [0.932484 -0.297432 -0.204956 0.0 0.128415 0.803323 -0.581533 0.0 0.337613 0.515951 0.787281 0.0 -1.814159 -0.497642 3.037072 1.0]
345
	ConcatTransform [1.1 0.0 0.0 0.0 0.0 1.1 0.0 0.0 0.0 0.0 1.1 0.0 -9.609 0.05 6.704 1.0]
	ConcatTransform [0.93171 -0.29802 -0.207609 0.0 0.127595 0.80374 -0.581138 0.0 0.340054 0.514962 0.786878 0.0 -1.814497 -0.497703 3.036202 1.0]
346
	ConcatTransform [1.1 0.0 0.0 0.0 0.0 1.1 0.0 0.0 0.0 0.0 1.1 0.0 -9.609 0.05 6.704 1.0]
	ConcatTransform [0.93081 -0.296792 -0.213323 0.0 0.123843 0.805214 -0.579908 0.0 0.343883 0.513366 0.786257 0.0 -1.814921 -0.497696 3.0349 1.0]
347
	ConcatTransform [1.1 0.0 0.0 0.0 0.0 1.1 0.0 0.0 0.0 0.0 1.1 0.0 -9.609 0.05 6.704 1.0]
	ConcatTransform [0.929926 -0.296044 -0.218162 0.0 0.12073 0.806129 -0.579293 0.0 0.347363 0.512361 0.785382 0.0 -1.81499 -0.497695 3.034063 1.0]
348
	ConcatTransform [1.1 0.0 0.0 0.0 0.0 1.1 0.0 0.0 0.0 0.0 1.1 0.0 -9.609 0.05 6.704 1.0]
	ConcatTransform [0.928371 -0.295066 -0.22597 0.0 0.115955 0.807624 -0.578185 0.0 0.353102 0.510568 0.783989 0.0 -1.814871 -0.497697 3.03287 1.0]
349
	ConcatTransform [1.1 0.0 0.0 0.0 0.0 1.1 0.0 0.0 0.0 0.0 1.1 0.0 -9.609 0.05 6.704 1.0]
	ConcatTransform [0.92738 -0.294209 -0.231099 0.0 0.112635 0.80862 -0.577448 0.0 0.356762 0.509484 0.783037 0.0 -1.814731 -0.497691 3.032117 1.0]
350
	ConcatTransform [1.1 0.0 0.0 0.0 0.0 1.1 0.0 0.0 0.0 0.0 1.1 0.0 -9.609 0.05 6.704 1.0]
	ConcatTransform [0.925998 -0.29282 -0.238294 0.0 0.107772 0.809961 -0.576497 0.0 0.361819 0.508154 0.78158 0.0 -1.814484 -0.497674 3.031072 1.0]
351
	ConcatTransform [1.1 0.0 0.0 0.0 0.0 1.1 0.0 0.0 0.0 0.0 1.1 0.0 -9.609 0.05 6.704 1.0]
	ConcatTransform [0.925103 -0.292073 -0.242647 0.0 0.104932 0.810779 -0.57587 0.0 0.364929 0.507278 0.780702 0.0 -1.814301 -0.497664 3.030456 1.0]
352
	ConcatTransform [1.1 0.0 0.0 0.0 0.0 1.1 0.0 0.0 0.0 0.0 1.1 0.0 -9.609 0.05 6.704 1.0]
	ConcatTransform [0.923789 -0.29126 -0.248557 0.0 0.101261 0.811865 -0.574997 0.0 0.369269 0.506007 0.779486 0.0 -1.814066 -0.497661 3.029668 1.0]
353
	ConcatTransform [1.1 0.0 0.0 0.0 0.0 1.1 0.0 0.0 0.0 0.0 1.1 0.0 -9.609 0.05 6.704 1.0]
	ConcatTransform [0.922331 -0.291469 -0.253677 0.0 0.098975 0.812817 -0.574049 0.0 0.37351 0.504355 0.778534 0.0 -1.814218 -0.497713 3.029193 1.0]
354
	ConcatTransform [1.1 0.0 0.0 0.0 0.0 1.1 0.0 0.0 0.0 0.0 1.1 0.0 -9.609 0.05 6.704 1.0]
	ConcatTransform [0.917367 -0.300867 -0.260609 0.0 0.105292 0.814827 -0.570062 0.0 0.383865 0.495516 0.779174 0.0 -1.815537 -0.498342 3.027967 1.0]
355
	ConcatTransform [1.1 0.0 0.0 0.0 0.0 1.1 0.0 0.0 0.0 0.0 1.1 0.0 -9.609 0.05 6.704 1.0]
	ConcatTransform [0.916421 -0.301797 -0.262853 0.0 0.106494 0.816983 -0.566743 0.0 0.385788 0.491382 0.78084 0.0 -1.81645 -0.498444 3.026358 1.0]
356
	ConcatTransform [1.1 0.0 0.0 0.0 0.0 1.1 0.0 0.0 0.0 0.0 1.1 0.0 -9.609 0.05 6.704 1.0]
	ConcatTransform [0.91495 -0.303 -0.266567 0.0 0.108419 0.820792 -0.560843 0.0 0.388732 0.484242 0.783835 0.0 -1.817901 -0.498599 3.023097 1.0]
357
	ConcatTransform [1.1 0.0 0.0 0.0 0.0 1.1 0.0 0.0 0.0 0.0 1.1 0.0 -9.609 0.05 6.704 1.0]
	ConcatTransform [0.916872 -0.295691 -0.268164 0.0 0.101347 0.822207 -0.560093 0.0 0.386101 0.486356 0.783827 0.0 -1.818254 -0.49819 3.021158 1.0]
358
	ConcatTransform [1.1 0.0 0.0 0.0 0.0 1.1 0.0 0.0 0.0 0.0 1.1 0.0 -9.609 0.05 6.704 1.0]
	ConcatTransform [0.918856 -0.289099 -0.26856 0.0 0.095593 0.823417 -0.559327 0.0 0.382838 0.488269 0.784238 0.0 -1.816878 -0.497882 3.019175 1.0]
359
	ConcatTransform [1.1 0.0 0.0 0.0 0.0 1.1 0.0 0.0 0.0 0.0 1.1 0.0 -9.609 0.05 6.704 1.0]
	ConcatTransform [0.919971 -0.286589 -0.267433 0.0 0.09391 0.823521 -0.559459 0.0 0.380572 0.489571 0.784529 0.0 -1.815517 -0.497751 3.018303 1.0]
360
	ConcatTransform [1.1 0.0 0.0 0.0 0.0 1.1 0.0 0.0 0.0 0.0 1.1 0.0 -9.609 0.05 6.704 1.0]
	ConcatTransform [-0.787452 0.309181 -0.533223 0.0 0.229783 0.949984 0.211495 0.0 0.571943 0.044017 -0.819111 0.0 -4.073516 -155.754654 2.820457 1.0]
