228
	ConcatTransform [1.1 0.0 0.0 0.0 0.0 1.1 0.0 0.0 0.0 0.0 1.1 0.0 -9.609 0.05 6.704 1.0]
	ConcatTransform [0.917303 0.392174 0.068958 0.0 -0.395911 0.916776 0.0527 0.0 -0.042551 -0.075643 0.996227 0.0 0.010094 -0.033126 0.003692 1.0]
229
	ConcatTransform [1.1 0.0 0.0 0.0 0.0 1.1 0.0 0.0 0.0 0.0 1.1 0.0 -9.609 0.05 6.704 1.0]
	ConcatTransform [0.830401 0.556701 0.022754 0.0 -0.556198 0.830673 -0.025021 0.0 -0.03283 0.008122 0.999428 0.0 0.017815 -0.064737 0.031926 1.0]
230
	ConcatTransform [1.1 0.0 0.0 0.0 0.0 1.1 0.0 0.0 0.0 0.0 1.1 0.0 -9.609 0.05 6.704 1.0]
	ConcatTransform [0.666099 0.741291 -0.08246 0.0 -0.744062 0.652738 -0.142493 0.0 -0.051804 0.15627 0.986355 0.0 0.030744 -0.126876 0.084207 1.0]
231
	ConcatTransform [1.1 0.0 0.0 0.0 0.0 1.1 0.0 0.0 0.0 0.0 1.1 0.0 -9.609 0.05 6.704 1.0]
	ConcatTransform [0.526699 0.836684 -0.150157 0.0 -0.848141 0.505414 -0.158788 0.0 -0.056964 0.210988 0.975827 0.0 0.04004 -0.181502 0.122696 1.0]
232
	ConcatTransform [1.1 0.0 0.0 0.0 0.0 1.1 0.0 0.0 0.0 0.0 1.1 0.0 -9.609 0.05 6.704 1.0]
	ConcatTransform [0.311574 0.912115 -0.266398 0.0 -0.948189 0.280109 -0.149922 0.0 -0.062126 0.299307 0.952132 0.0 0.055282 -0.280942 0.180504 1.0]
233
	ConcatTransform [1.1 0.0 0.0 0.0 0.0 1.1 0.0 0.0 0.0 0.0 1.1 0.0 -9.609 0.05 6.704 1.0]
	ConcatTransform [0.246261 0.882397 -0.400913 0.0 -0.966234 0.19116 -0.172773 0.0 -0.075816 0.429923 0.899677 0.0 0.061406 -0.340757 0.23246 1.0]
234
	ConcatTransform [1.1 0.0 0.0 0.0 0.0 1.1 0.0 0.0 0.0 0.0 1.1 0.0 -9.609 0.05 6.704 1.0]
	ConcatTransform [0.351105 0.790374 -0.502031 0.0 -0.928719 0.225712 -0.294168 0.0 -0.119188 0.569529 0.813284 0.0 0.061082 -0.417686 0.330602 1.0]
235
	ConcatTransform [1.1 0.0 0.0 0.0 0.0 1.1 0.0 0.0 0.0 0.0 1.1 0.0 -9.609 0.05 6.704 1.0]
	ConcatTransform [0.447714 0.710971 -0.542285 0.0 -0.882546 0.253854 -0.395817 0.0 -0.143753 0.655804 0.741118 0.0 0.052921 -0.463673 0.406396 1.0]
236
	ConcatTransform [1.1 0.0 0.0 0.0 0.0 1.1 0.0 0.0 0.0 0.0 1.1 0.0 -9.609 0.05 6.704 1.0]
	ConcatTransform [0.579329 0.56888 -0.583741 0.0 -0.807858 0.305525 -0.504004 0.0 -0.10837 0.763564 0.636573 0.0 0.021281 -0.520688 0.515866 1.0]
237
	ConcatTransform [1.1 0.0 0.0 0.0 0.0 1.1 0.0 0.0 0.0 0.0 1.1 0.0 -9.609 0.05 6.704 1.0]
	ConcatTransform [0.674825 0.465366 -0.572753 0.0 -0.736025 0.367995 -0.568196 0.0 -0.053649 0.804994 0.590853 0.0 -0.021747 -0.540893 0.556361 1.0]
238
	ConcatTransform [1.1 0.0 0.0 0.0 0.0 1.1 0.0 0.0 0.0 0.0 1.1 0.0 -9.609 0.05 6.704 1.0]
	ConcatTransform [0.741091 0.350679 -0.572546 0.0 -0.670583 0.428779 -0.605365 0.0 0.033207 0.83257 0.552924 0.0 -0.099937 -0.548109 0.605287 1.0]
239
	ConcatTransform [1.1 0.0 0.0 0.0 0.0 1.1 0.0 0.0 0.0 0.0 1.1 0.0 -9.609 0.05 6.704 1.0]
	ConcatTransform [0.787209 0.255092 -0.561454 0.0 -0.608776 0.46681 -0.641467 0.0 0.098459 0.846768 0.522771 0.0 -0.152351 -0.548748 0.630695 1.0]
240
	ConcatTransform [1.1 0.0 0.0 0.0 0.0 1.1 0.0 0.0 0.0 0.0 1.1 0.0 -9.609 0.05 6.704 1.0]
	ConcatTransform [0.82881 0.093601 -0.551646 0.0 -0.514948 0.513251 -0.686587 0.0 0.218867 0.853119 0.473587 0.0 -0.229268 -0.538593 0.66455 1.0]
241
	ConcatTransform [1.1 0.0 0.0 0.0 0.0 1.1 0.0 0.0 0.0 0.0 1.1 0.0 -9.609 0.05 6.704 1.0]
	ConcatTransform [0.842524 -0.000244 -0.538659 0.0 -0.459987 0.520034 -0.719706 0.0 0.280297 0.854145 0.438029 0.0 -0.278764 -0.526219 0.684714 1.0]
242
	ConcatTransform [1.1 0.0 0.0 0.0 0.0 1.1 0.0 0.0 0.0 0.0 1.1 0.0 -9.609 0.05 6.704 1.0]
	ConcatTransform [0.862536 -0.113528 -0.493096 0.0 -0.369831 0.523641 -0.767479 0.0 0.345336 0.844341 0.409673 0.0 -0.347987 -0.504924 0.712438 1.0]
243
	ConcatTransform [1.1 0.0 0.0 0.0 0.0 1.1 0.0 0.0 0.0 0.0 1.1 0.0 -9.609 0.05 6.704 1.0]
	ConcatTransform [0.872026 -0.181258 -0.45466 0.0 -0.306082 0.522921 -0.795529 0.0 0.381948 0.832886 0.400521 0.0 -0.387945 -0.487334 0.728026 1.0]
244
	ConcatTransform [1.1 0.0 0.0 0.0 0.0 1.1 0.0 0.0 0.0 0.0 1.1 0.0 -9.609 0.05 6.704 1.0]
	ConcatTransform [0.867077 -0.25397 -0.428575 0.0 -0.26 0.503129 -0.824173 0.0 0.424943 0.826051 0.37022 0.0 -0.430573 -0.461683 0.749015 1.0]
245
	ConcatTransform [1.1 0.0 0.0 0.0 0.0 1.1 0.0 0.0 0.0 0.0 1.1 0.0 -9.609 0.05 6.704 1.0]
	ConcatTransform [0.851786 -0.274168 -0.446422 0.0 -0.257371 0.523219 -0.812405 0.0 0.456312 0.806891 0.375108 0.0 -0.446791 -0.448638 0.762775 1.0]
246
	ConcatTransform [1.1 0.0 0.0 0.0 0.0 1.1 0.0 0.0 0.0 0.0 1.1 0.0 -9.609 0.05 6.704 1.0]
	ConcatTransform [0.803722 -0.258969 -0.535693 0.0 -0.312639 0.582212 -0.750523 0.0 0.506249 0.77069 0.386973 0.0 -0.456529 -0.438891 0.781122 1.0]
247
	ConcatTransform [1.1 0.0 0.0 0.0 0.0 1.1 0.0 0.0 0.0 0.0 1.1 0.0 -9.609 0.05 6.704 1.0]
	ConcatTransform [0.774649 -0.231656 -0.588434 0.0 -0.350987 0.616523 -0.704774 0.0 0.526048 0.752486 0.396281 0.0 -0.457124 -0.441927 0.791897 1.0]
248
	ConcatTransform [1.1 0.0 0.0 0.0 0.0 1.1 0.0 0.0 0.0 0.0 1.1 0.0 -9.609 0.05 6.704 1.0]
	ConcatTransform [0.737538 -0.138643 -0.66092 0.0 -0.42799 0.661077 -0.616281 0.0 0.522362 0.737398 0.428232 0.0 -0.455663 -0.461471 0.805984 1.0]
249
	ConcatTransform [1.1 0.0 0.0 0.0 0.0 1.1 0.0 0.0 0.0 0.0 1.1 0.0 -9.609 0.05 6.704 1.0]
	ConcatTransform [0.70915 -0.068625 -0.70171 0.0 -0.481496 0.67989 -0.553093 0.0 0.515041 0.730096 0.449101 0.0 -0.449404 -0.481295 0.813925 1.0]
250
	ConcatTransform [1.1 0.0 0.0 0.0 0.0 1.1 0.0 0.0 0.0 0.0 1.1 0.0 -9.609 0.05 6.704 1.0]
	ConcatTransform [0.657934 0.07028 -0.749789 0.0 -0.579876 0.682526 -0.444862 0.0 0.480486 0.727474 0.489811 0.0 -0.434181 -0.520622 0.82563 1.0]
251
	ConcatTransform [1.1 0.0 0.0 0.0 0.0 1.1 0.0 0.0 0.0 0.0 1.1 0.0 -9.609 0.05 6.704 1.0]
	ConcatTransform [0.598558 0.117105 -0.792474 0.0 -0.633225 0.675093 -0.378517 0.0 0.490667 0.728379 0.478236 0.0 -0.409482 -0.527951 0.827088 1.0]
252
	ConcatTransform [1.1 0.0 0.0 0.0 0.0 1.1 0.0 0.0 0.0 0.0 1.1 0.0 -9.609 0.05 6.704 1.0]
	ConcatTransform [0.535233 0.184946 -0.824209 0.0 -0.686397 0.663921 -0.296761 0.0 0.492325 0.724571 0.482299 0.0 -0.383873 -0.52984 0.825845 1.0]
253
	ConcatTransform [1.1 0.0 0.0 0.0 0.0 1.1 0.0 0.0 0.0 0.0 1.1 0.0 -9.609 0.05 6.704 1.0]
	ConcatTransform [0.513834 0.212618 -0.831125 0.0 -0.711752 0.646513 -0.274643 0.0 0.478939 0.732676 0.483532 0.0 -0.370445 -0.531707 0.822976 1.0]
254
	ConcatTransform [1.1 0.0 0.0 0.0 0.0 1.1 0.0 0.0 0.0 0.0 1.1 0.0 -9.609 0.05 6.704 1.0]
	ConcatTransform [0.499275 0.241013 -0.832248 0.0 -0.732862 0.629871 -0.257246 0.0 0.46221 0.73836 0.491108 0.0 -0.355689 -0.532925 0.818522 1.0]
255
	ConcatTransform [1.1 0.0 0.0 0.0 0.0 1.1 0.0 0.0 0.0 0.0 1.1 0.0 -9.609 0.05 6.704 1.0]
	ConcatTransform [0.49143 0.259866 -0.831244 0.0 -0.740976 0.626308 -0.242265 0.0 0.457658 0.734988 0.500341 0.0 -0.349947 -0.532867 0.815789 1.0]
256
	ConcatTransform [1.1 0.0 0.0 0.0 0.0 1.1 0.0 0.0 0.0 0.0 1.1 0.0 -9.609 0.05 6.704 1.0]
	ConcatTransform [0.486088 0.284923 -0.826158 0.0 -0.746984 0.626125 -0.223568 0.0 0.453579 0.725801 0.517185 0.0 -0.348037 -0.531898 0.812273 1.0]
257
	ConcatTransform [1.1 0.0 0.0 0.0 0.0 1.1 0.0 0.0 0.0 0.0 1.1 0.0 -9.609 0.05 6.704 1.0]
	ConcatTransform [0.483396 0.291679 -0.82538 0.0 -0.744699 0.632642 -0.212576 0.0 0.460166 0.717418 0.523029 0.0 -0.351271 -0.530485 0.810498 1.0]
258
	ConcatTransform [1.1 0.0 0.0 0.0 0.0 1.1 0.0 0.0 0.0 0.0 1.1 0.0 -9.609 0.05 6.704 1.0]
	ConcatTransform [0.482437 0.287193 -0.827511 0.0 -0.732434 0.650405 -0.20128 0.0 0.480411 0.703202 0.524129 0.0 -0.362162 -0.527521 0.809238 1.0]
259
	ConcatTransform [1.1 0.0 0.0 0.0 0.0 1.1 0.0 0.0 0.0 0.0 1.1 0.0 -9.609 0.05 6.704 1.0]
	ConcatTransform [0.480091 0.282292 -0.830556 0.0 -0.723268 0.663141 -0.192685 0.0 0.496383 0.693221 0.522541 0.0 -0.372921 -0.52538 0.809591 1.0]
260
	ConcatTransform [1.1 0.0 0.0 0.0 0.0 1.1 0.0 0.0 0.0 0.0 1.1 0.0 -9.609 0.05 6.704 1.0]
	ConcatTransform [0.484339 0.271009 -0.831847 0.0 -0.705836 0.682832 -0.188509 0.0 0.516924 0.67845 0.52201 0.0 -0.389659 -0.521733 0.812491 1.0]
261
	ConcatTransform [1.1 0.0 0.0 0.0 0.0 1.1 0.0 0.0 0.0 0.0 1.1 0.0 -9.609 0.05 6.704 1.0]
	ConcatTransform [0.491186 0.257155 -0.83223 0.0 -0.695278 0.691286 -0.196752 0.0 0.524713 0.675274 0.518345 0.0 -0.398797 -0.520543 0.816122 1.0]
262
	ConcatTransform [1.1 0.0 0.0 0.0 0.0 1.1 0.0 0.0 0.0 0.0 1.1 0.0 -9.609 0.05 6.704 1.0]
	ConcatTransform [0.498115 0.2358 -0.834434 0.0 -0.68806 0.693111 -0.214872 0.0 0.527689 0.681172 0.507494 0.0 -0.408545 -0.520587 0.823452 1.0]
263
	ConcatTransform [1.1 0.0 0.0 0.0 0.0 1.1 0.0 0.0 0.0 0.0 1.1 0.0 -9.609 0.05 6.704 1.0]
	ConcatTransform [0.503234 0.219777 -0.835735 0.0 -0.684407 0.691811 -0.230183 0.0 0.527582 0.687819 0.49856 0.0 -0.412825 -0.520949 0.82942 1.0]
264
	ConcatTransform [1.1 0.0 0.0 0.0 0.0 1.1 0.0 0.0 0.0 0.0 1.1 0.0 -9.609 0.05 6.704 1.0]
	ConcatTransform [0.513019 0.193909 -0.836188 0.0 -0.679191 0.687385 -0.257296 0.0 0.524892 0.699929 0.484343 0.0 -0.417003 -0.521696 0.839846 1.0]
265
	ConcatTransform [1.1 0.0 0.0 0.0 0.0 1.1 0.0 0.0 0.0 0.0 1.1 0.0 -9.609 0.05 6.704 1.0]
	ConcatTransform [0.52193 0.176758 -0.834473 0.0 -0.676846 0.681182 -0.279053 0.0 0.519103 0.710456 0.475167 0.0 -0.419297 -0.522453 0.847417 1.0]
266
	ConcatTransform [1.1 0.0 0.0 0.0 0.0 1.1 0.0 0.0 0.0 0.0 1.1 0.0 -9.609 0.05 6.704 1.0]
	ConcatTransform [0.538269 0.1496 -0.829389 0.0 -0.674387 0.666666 -0.317425 0.0 0.505438 0.730189 0.459734 0.0 -0.422335 -0.523848 0.859086 1.0]
267
	ConcatTransform [1.1 0.0 0.0 0.0 0.0 1.1 0.0 0.0 0.0 0.0 1.1 0.0 -9.609 0.05 6.704 1.0]
	ConcatTransform [0.550858 0.130476 -0.824337 0.0 -0.669399 0.658971 -0.34302 0.0 0.498458 0.740765 0.45034 0.0 -0.422912 -0.523984 0.867151 1.0]
268
	ConcatTransform [1.1 0.0 0.0 0.0 0.0 1.1 0.0 0.0 0.0 0.0 1.1 0.0 -9.609 0.05 6.704 1.0]
	ConcatTransform [0.573262 0.10127 -0.813089 0.0 -0.65913 0.646484 -0.384195 0.0 0.486742 0.756176 0.437355 0.0 -0.42254 -0.523623 0.878842 1.0]
269
	ConcatTransform [1.1 0.0 0.0 0.0 0.0 1.1 0.0 0.0 0.0 0.0 1.1 0.0 -9.609 0.05 6.704 1.0]
	ConcatTransform [0.588961 0.086166 -0.803555 0.0 -0.652526 0.637315 -0.409925 0.0 0.476796 0.765771 0.43158 0.0 -0.421496 -0.523475 0.886319 1.0]
270
	ConcatTransform [1.1 0.0 0.0 0.0 0.0 1.1 0.0 0.0 0.0 0.0 1.1 0.0 -9.609 0.05 6.704 1.0]
	ConcatTransform [0.6067 0.080204 -0.790874 0.0 -0.650877 0.621292 -0.436298 0.0 0.45637 0.779464 0.429141 0.0 -0.420345 -0.524799 0.897297 1.0]
271
	ConcatTransform [1.1 0.0 0.0 0.0 0.0 1.1 0.0 0.0 0.0 0.0 1.1 0.0 -9.609 0.05 6.704 1.0]
	ConcatTransform [0.615733 0.07605 -0.784276 0.0 -0.649312 0.612847 -0.450347 0.0 0.446393 0.786533 0.42673 0.0 -0.419113 -0.525277 0.903862 1.0]
272
	ConcatTransform [1.1 0.0 0.0 0.0 0.0 1.1 0.0 0.0 0.0 0.0 1.1 0.0 -9.609 0.05 6.704 1.0]
	ConcatTransform [0.634231 0.070697 -0.769905 0.0 -0.644834 0.597761 -0.47631 0.0 0.426545 0.798551 0.424706 0.0 -0.415827 -0.526165 0.911913 1.0]
273
	ConcatTransform [1.1 0.0 0.0 0.0 0.0 1.1 0.0 0.0 0.0 0.0 1.1 0.0 -9.609 0.05 6.704 1.0]
	ConcatTransform [0.650961 0.072008 -0.755688 0.0 -0.641909 0.583615 -0.497339 0.0 0.405218 0.808831 0.426134 0.0 -0.412717 -0.527498 0.916066 1.0]
274
	ConcatTransform [1.1 0.0 0.0 0.0 0.0 1.1 0.0 0.0 0.0 0.0 1.1 0.0 -9.609 0.05 6.704 1.0]
	ConcatTransform [0.679571 0.079033 -0.72934 0.0 -0.635002 0.561217 -0.530856 0.0 0.367363 0.823887 0.431573 0.0 -0.404832 -0.529768 0.920659 1.0]
275
	ConcatTransform [1.1 0.0 0.0 0.0 0.0 1.1 0.0 0.0 0.0 0.0 1.1 0.0 -9.609 0.05 6.704 1.0]
	ConcatTransform [0.697822 0.08978 -0.710623 0.0 -0.631355 0.545656 -0.551044 0.0 0.338283 0.833186 0.437454 0.0 -0.397792 -0.531622 0.922814 1.0]
276
	ConcatTransform [1.1 0.0 0.0 0.0 0.0 1.1 0.0 0.0 0.0 0.0 1.1 0.0 -9.609 0.05 6.704 1.0]
	ConcatTransform [0.724 0.106374 -0.681549 0.0 -0.625177 0.518734 -0.583154 0.0 0.29151 0.848292 0.442066 0.0 -0.384576 -0.534173 0.924028 1.0]
277
	ConcatTransform [1.1 0.0 0.0 0.0 0.0 1.1 0.0 0.0 0.0 0.0 1.1 0.0 -9.609 0.05 6.704 1.0]
	ConcatTransform [0.740985 0.119849 -0.66074 0.0 -0.61881 0.503997 -0.602545 0.0 0.260796 0.85535 0.447618 0.0 -0.374348 -0.535657 0.923863 1.0]
278
	ConcatTransform [1.1 0.0 0.0 0.0 0.0 1.1 0.0 0.0 0.0 0.0 1.1 0.0 -9.609 0.05 6.704 1.0]
	ConcatTransform [0.768702 0.13983 -0.624135 0.0 -0.60222 0.486961 -0.632614 0.0 0.215471 0.862158 0.458536 0.0 -0.358005 -0.537347 0.921718 1.0]
279
	ConcatTransform [1.1 0.0 0.0 0.0 0.0 1.1 0.0 0.0 0.0 0.0 1.1 0.0 -9.609 0.05 6.704 1.0]
	ConcatTransform [0.785859 0.1554 -0.598562 0.0 -0.590247 0.477235 -0.651041 0.0 0.184483 0.864926 0.466763 0.0 -0.347252 -0.538461 0.919185 1.0]
280
	ConcatTransform [1.1 0.0 0.0 0.0 0.0 1.1 0.0 0.0 0.0 0.0 1.1 0.0 -9.609 0.05 6.704 1.0]
	ConcatTransform [0.806066 0.182887 -0.562858 0.0 -0.574902 0.467777 -0.671321 0.0 0.140517 0.864718 0.482202 0.0 -0.331709 -0.539977 0.914223 1.0]
281
	ConcatTransform [1.1 0.0 0.0 0.0 0.0 1.1 0.0 0.0 0.0 0.0 1.1 0.0 -9.609 0.05 6.704 1.0]
	ConcatTransform [0.819036 0.197591 -0.538645 0.0 -0.561751 0.467109 -0.682821 0.0 0.116687 0.861839 0.493576 0.0 -0.321761 -0.540605 0.909936 1.0]
282
	ConcatTransform [1.1 0.0 0.0 0.0 0.0 1.1 0.0 0.0 0.0 0.0 1.1 0.0 -9.609 0.05 6.704 1.0]
	ConcatTransform [0.844777 0.218783 -0.488351 0.0 -0.529856 0.469665 -0.706164 0.0 0.074865 0.855306 0.512685 0.0 -0.308271 -0.541337 0.90172 1.0]
283
	ConcatTransform [1.1 0.0 0.0 0.0 0.0 1.1 0.0 0.0 0.0 0.0 1.1 0.0 -9.609 0.05 6.704 1.0]
	ConcatTransform [0.862948 0.234841 -0.447405 0.0 -0.503615 0.47184 -0.723698 0.0 0.04115 0.849833 0.525443 0.0 -0.300125 -0.541695 0.895431 1.0]
284
	ConcatTransform [1.1 0.0 0.0 0.0 0.0 1.1 0.0 0.0 0.0 0.0 1.1 0.0 -9.609 0.05 6.704 1.0]
	ConcatTransform [0.889615 0.258471 -0.376534 0.0 -0.456515 0.479049 -0.749737 0.0 -0.013407 0.838871 0.544165 0.0 -0.289617 -0.541958 0.885164 1.0]
285
	ConcatTransform [1.1 0.0 0.0 0.0 0.0 1.1 0.0 0.0 0.0 0.0 1.1 0.0 -9.609 0.05 6.704 1.0]
	ConcatTransform [0.907812 0.269547 -0.321281 0.0 -0.416462 0.489268 -0.766274 0.0 -0.049355 0.829434 0.55642 0.0 -0.283632 -0.541826 0.877791 1.0]
286
	ConcatTransform [1.1 0.0 0.0 0.0 0.0 1.1 0.0 0.0 0.0 0.0 1.1 0.0 -9.609 0.05 6.704 1.0]
	ConcatTransform [0.92709 0.281986 -0.246957 0.0 -0.362416 0.506121 -0.782621 0.0 -0.095698 0.815062 0.571416 0.0 -0.275697 -0.541318 0.866758 1.0]
287
	ConcatTransform [1.1 0.0 0.0 0.0 0.0 1.1 0.0 0.0 0.0 0.0 1.1 0.0 -9.609 0.05 6.704 1.0]
	ConcatTransform [0.933689 0.290221 -0.209752 0.0 -0.337809 0.519585 -0.784803 0.0 -0.118782 0.803619 0.58317 0.0 -0.270683 -0.540694 0.86044 1.0]
288
	ConcatTransform [1.1 0.0 0.0 0.0 0.0 1.1 0.0 0.0 0.0 0.0 1.1 0.0 -9.609 0.05 6.704 1.0]
	ConcatTransform [0.93966 0.298188 -0.167698 0.0 -0.30936 0.531328 -0.788661 0.0 -0.146067 0.792953 0.591515 0.0 -0.263229 -0.539925 0.851734 1.0]
289
	ConcatTransform [1.1 0.0 0.0 0.0 0.0 1.1 0.0 0.0 0.0 0.0 1.1 0.0 -9.609 0.05 6.704 1.0]
	ConcatTransform [0.94195 0.300388 -0.149992 0.0 -0.297545 0.539859 -0.787413 0.0 -0.155555 0.786333 0.597899 0.0 -0.258546 -0.539344 0.847247 1.0]
290
	ConcatTransform [1.1 0.0 0.0 0.0 0.0 1.1 0.0 0.0 0.0 0.0 1.1 0.0 -9.609 0.05 6.704 1.0]
	ConcatTransform [0.940581 0.310018 -0.13855 0.0 -0.296471 0.550797 -0.78021 0.0 -0.165567 0.774927 0.60998 0.0 -0.253364 -0.538284 0.841729 1.0]
291
	ConcatTransform [1.1 0.0 0.0 0.0 0.0 1.1 0.0 0.0 0.0 0.0 1.1 0.0 -9.609 0.05 6.704 1.0]
	ConcatTransform [0.940478 0.314276 -0.129354 0.0 -0.29244 0.554441 -0.77915 0.0 -0.173149 0.770601 0.613346 0.0 -0.250957 -0.537829 0.838312 1.0]
292
	ConcatTransform [1.1 0.0 0.0 0.0 0.0 1.1 0.0 0.0 0.0 0.0 1.1 0.0 -9.609 0.05 6.704 1.0]
	ConcatTransform [0.943103 0.315123 -0.106081 0.0 -0.274912 0.559555 -0.781871 0.0 -0.187027 0.766548 0.614349 0.0 -0.248426 -0.537364 0.834416 1.0]
293
	ConcatTransform [1.1 0.0 0.0 0.0 0.0 1.1 0.0 0.0 0.0 0.0 1.1 0.0 -9.609 0.05 6.704 1.0]
	ConcatTransform [0.945999 0.31257 -0.085945 0.0 -0.256939 0.561313 -0.786708 0.0 -0.19766 0.766308 0.611313 0.0 -0.247457 -0.537315 0.832664 1.0]
294
	ConcatTransform [1.1 0.0 0.0 0.0 0.0 1.1 0.0 0.0 0.0 0.0 1.1 0.0 -9.609 0.05 6.704 1.0]
	ConcatTransform [0.950341 0.307069 -0.050593 0.0 -0.22289 0.558132 -0.799255 0.0 -0.217189 0.770841 0.598859 0.0 -0.247102 -0.538351 0.831047 1.0]
295
	ConcatTransform [1.1 0.0 0.0 0.0 0.0 1.1 0.0 0.0 0.0 0.0 1.1 0.0 -9.609 0.05 6.704 1.0]
	ConcatTransform [0.952114 0.305089 -0.020001 0.0 -0.196423 0.560237 -0.804706 0.0 -0.234302 0.770101 0.593336 0.0 -0.247797 -0.539596 0.831232 1.0]
296
	ConcatTransform [1.1 0.0 0.0 0.0 0.0 1.1 0.0 0.0 0.0 0.0 1.1 0.0 -9.609 0.05 6.704 1.0]
	ConcatTransform [0.9556 0.293305 0.02828 0.0 -0.149262 0.564571 -0.811776 0.0 -0.254064 0.771513 0.583283 0.0 -0.249946 -0.539591 0.83353 1.0]
297
	ConcatTransform [1.1 0.0 0.0 0.0 0.0 1.1 0.0 0.0 0.0 0.0 1.1 0.0 -9.609 0.05 6.704 1.0]
	ConcatTransform [0.957119 0.284145 0.056435 0.0 -0.117634 0.559227 -0.820626 0.0 -0.264736 0.778798 0.568672 0.0 -0.252286 -0.540241 0.835336 1.0]
298
	ConcatTransform [1.1 0.0 0.0 0.0 0.0 1.1 0.0 0.0 0.0 0.0 1.1 0.0 -9.609 0.05 6.704 1.0]
	ConcatTransform [0.958145 0.272877 0.086577 0.0 -0.081853 0.550918 -0.830536 0.0 -0.274331 0.788687 0.550195 0.0 -0.256467 -0.540515 0.840006 1.0]
299
	ConcatTransform [1.1 0.0 0.0 0.0 0.0 1.1 0.0 0.0 0.0 0.0 1.1 0.0 -9.609 0.05 6.704 1.0]
	ConcatTransform [0.958772 0.265843 0.100419 0.0 -0.063401 0.544568 -0.836317 0.0 -0.277013 0.795471 0.538971 0.0 -0.259674 -0.541439 0.844222 1.0]
300
	ConcatTransform [1.1 0.0 0.0 0.0 0.0 1.1 0.0 0.0 0.0 0.0 1.1 0.0 -9.609 0.05 6.704 1.0]
	ConcatTransform [0.959095 0.260196 0.111509 0.0 -0.046143 0.532333 -0.845277 0.0 -0.279298 0.805556 0.522564 0.0 -0.265127 -0.541857 0.852031 1.0]
301
	ConcatTransform [1.1 0.0 0.0 0.0 0.0 1.1 0.0 0.0 0.0 0.0 1.1 0.0 -9.609 0.05 6.704 1.0]
	ConcatTransform [0.959696 0.257627 0.112305 0.0 -0.041504 0.525143 -0.850001 0.0 -0.277959 0.811081 0.51467 0.0 -0.268649 -0.542208 0.858005 1.0]
302
	ConcatTransform [1.1 0.0 0.0 0.0 0.0 1.1 0.0 0.0 0.0 0.0 1.1 0.0 -9.609 0.05 6.704 1.0]
	ConcatTransform [0.961193 0.252772 0.110523 0.0 -0.035359 0.510193 -0.859333 0.0 -0.273603 0.822077 0.499331 0.0 -0.274106 -0.542947 0.867658 1.0]
303
	ConcatTransform [1.1 0.0 0.0 0.0 0.0 1.1 0.0 0.0 0.0 0.0 1.1 0.0 -9.609 0.05 6.704 1.0]
	ConcatTransform [0.962713 0.248211 0.107584 0.0 -0.031797 0.498755 -0.86616 0.0 -0.268648 0.830442 0.488051 0.0 -0.277728 -0.542973 0.874608 1.0]
304
	ConcatTransform [1.1 0.0 0.0 0.0 0.0 1.1 0.0 0.0 0.0 0.0 1.1 0.0 -9.609 0.05 6.704 1.0]
	ConcatTransform [0.966153 0.237811 0.099969 0.0 -0.027674 0.480832 -0.876376 0.0 -0.25648 0.843947 0.471139 0.0 -0.282863 -0.542933 0.885449 1.0]
305
	ConcatTransform [1.1 0.0 0.0 0.0 0.0 1.1 0.0 0.0 0.0 0.0 1.1 0.0 -9.609 0.05 6.704 1.0]
	ConcatTransform [0.968254 0.233056 0.090382 0.0 -0.029787 0.466571 -0.883982 0.0 -0.248187 0.853227 0.458702 0.0 -0.28617 -0.543233 0.892666 1.0]
306
	ConcatTransform [1.1 0.0 0.0 0.0 0.0 1.1 0.0 0.0 0.0 0.0 1.1 0.0 -9.609 0.05 6.704 1.0]
	ConcatTransform [0.971232 0.226417 0.073786 0.0 -0.03683 0.448939 -0.892803 0.0 -0.235271 0.864401 0.444362 0.0 -0.290785 -0.542933 0.90349 1.0]
307
	ConcatTransform [1.1 0.0 0.0 0.0 0.0 1.1 0.0 0.0 0.0 0.0 1.1 0.0 -9.609 0.05 6.704 1.0]
	ConcatTransform [0.972336 0.225175 0.062118 0.0 -0.044198 0.438486 -0.897651 0.0 -0.229367 0.870073 0.436308 0.0 -0.293669 -0.542512 0.910387 1.0]
308
	ConcatTransform [1.1 0.0 0.0 0.0 0.0 1.1 0.0 0.0 0.0 0.0 1.1 0.0 -9.609 0.05 6.704 1.0]
	ConcatTransform [0.973177 0.225511 0.045516 0.0 -0.056081 0.424415 -0.903729 0.0 -0.223119 0.876936 0.425678 0.0 -0.29751 -0.542106 0.920085 1.0]
309
	ConcatTransform [1.1 0.0 0.0 0.0 0.0 1.1 0.0 0.0 0.0 0.0 1.1 0.0 -9.609 0.05 6.704 1.0]
	ConcatTransform [0.973621 0.225365 0.035677 0.0 -0.063451 0.417611 -0.906408 0.0 -0.219172 0.880234 0.420894 0.0 -0.299615 -0.542063 0.926059 1.0]
310
	ConcatTransform [1.1 0.0 0.0 0.0 0.0 1.1 0.0 0.0 0.0 0.0 1.1 0.0 -9.609 0.05 6.704 1.0]
	ConcatTransform [0.974337 0.2239 0.023161 0.0 -0.073133 0.412191 -0.908157 0.0 -0.212883 0.883158 0.417988 0.0 -0.301984 -0.541807 0.934175 1.0]
311
	ConcatTransform [1.1 0.0 0.0 0.0 0.0 1.1 0.0 0.0 0.0 0.0 1.1 0.0 -9.609 0.05 6.704 1.0]
	ConcatTransform [0.974434 0.224192 0.014724 0.0 -0.080036 0.407609 -0.909642 0.0 -0.209936 0.885208 0.415131 0.0 -0.303133 -0.541636 0.9387 1.0]
312
	ConcatTransform [1.1 0.0 0.0 0.0 0.0 1.1 0.0 0.0 0.0 0.0 1.1 0.0 -9.609 0.05 6.704 1.0]
	ConcatTransform [0.974127 0.225985 0.00253 0.0 -0.090905 0.402054 -0.911092 0.0 -0.206911 0.88729 0.412195 0.0 -0.304141 -0.541444 0.94425 1.0]
313
	ConcatTransform [1.1 0.0 0.0 0.0 0.0 1.1 0.0 0.0 0.0 0.0 1.1 0.0 -9.609 0.05 6.704 1.0]
	ConcatTransform [0.973909 0.226877 -0.005235 0.0 -0.097913 0.399275 -0.911588 0.0 -0.204728 0.888317 0.411072 0.0 -0.304207 -0.541134 0.947012 1.0]
314
	ConcatTransform [1.1 0.0 0.0 0.0 0.0 1.1 0.0 0.0 0.0 0.0 1.1 0.0 -9.609 0.05 6.704 1.0]
	ConcatTransform [0.973162 0.229551 -0.016184 0.0 -0.109062 0.398146 -0.910816 0.0 -0.202635 0.888137 0.412496 0.0 -0.303648 -0.541374 0.949847 1.0]
315
	ConcatTransform [1.1 0.0 0.0 0.0 0.0 1.1 0.0 0.0 0.0 0.0 1.1 0.0 -9.609 0.05 6.704 1.0]
	ConcatTransform [0.972219 0.232871 -0.023699 0.0 -0.117808 0.399311 -0.909215 0.0 -0.202267 0.886748 0.415652 0.0 -0.30293 -0.541512 0.950805 1.0]
316
	ConcatTransform [1.1 0.0 0.0 0.0 0.0 1.1 0.0 0.0 0.0 0.0 1.1 0.0 -9.609 0.05 6.704 1.0]
	ConcatTransform [0.970307 0.239149 -0.036235 0.0 -0.132965 0.402236 -0.905829 0.0 -0.202053 0.88375 0.42209 0.0 -0.301323 -0.541791 0.950779 1.0]
317
	ConcatTransform [1.1 0.0 0.0 0.0 0.0 1.1 0.0 0.0 0.0 0.0 1.1 0.0 -9.609 0.05 6.704 1.0]
	ConcatTransform [0.969115 0.242556 -0.044519 0.0 -0.143237 0.406689 -0.902268 0.0 -0.200745 0.880778 0.428872 0.0 -0.299866 -0.54205 0.949969 1.0]
318
	ConcatTransform [1.1 0.0 0.0 0.0 0.0 1.1 0.0 0.0 0.0 0.0 1.1 0.0 -9.609 0.05 6.704 1.0]
	ConcatTransform [0.96701 0.248262 -0.057075 0.0 -0.159585 0.415758 -0.895365 0.0 -0.198556 0.874935 0.441661 0.0 -0.29722 -0.542301 0.947533 1.0]
319
	ConcatTransform [1.1 0.0 0.0 0.0 0.0 1.1 0.0 0.0 0.0 0.0 1.1 0.0 -9.609 0.05 6.704 1.0]
	ConcatTransform [0.965266 0.25279 -0.066016 0.0 -0.171399 0.421989 -0.890252 0.0 -0.197189 0.870645 0.450659 0.0 -0.295235 -0.542573 0.945115 1.0]
320
	ConcatTransform [1.1 0.0 0.0 0.0 0.0 1.1 0.0 0.0 0.0 0.0 1.1 0.0 -9.609 0.05 6.704 1.0]
	ConcatTransform [0.962154 0.260613 -0.079629 0.0 -0.189831 0.431352 -0.881986 0.0 -0.195509 0.863722 0.4645 0.0 -0.292039 -0.542648 0.940468 1.0]
321
	ConcatTransform [1.1 0.0 0.0 0.0 0.0 1.1 0.0 0.0 0.0 0.0 1.1 0.0 -9.609 0.05 6.704 1.0]
	ConcatTransform [0.960021 0.265603 -0.0884 0.0 -0.20189 0.438205 -0.875909 0.0 -0.193907 0.858738 0.474308 0.0 -0.289783 -0.542433 0.936875 1.0]
322
	ConcatTransform [1.1 0.0 0.0 0.0 0.0 1.1 0.0 0.0 0.0 0.0 1.1 0.0 -9.609 0.05 6.704 1.0]
	ConcatTransform [0.956706 0.272865 -0.10128 0.0 -0.219726 0.448902 -0.866145 0.0 -0.190876 0.850901 0.489423 0.0 -0.286355 -0.542262 0.930969 1.0]
323
	ConcatTransform [1.1 0.0 0.0 0.0 0.0 1.1 0.0 0.0 0.0 0.0 1.1 0.0 -9.609 0.05 6.704 1.0]
	ConcatTransform [0.954373 0.277637 -0.109955 0.0 -0.231572 0.455621 -0.859525 0.0 -0.188538 0.84577 0.499125 0.0 -0.284117 -0.542174 0.926774 1.0]
324
	ConcatTransform [1.1 0.0 0.0 0.0 0.0 1.1 0.0 0.0 0.0 0.0 1.1 0.0 -9.609 0.05 6.704 1.0]
	ConcatTransform [0.950211 0.286256 -0.123115 0.0 -0.250312 0.465882 -0.848704 0.0 -0.18559 0.837264 0.514339 0.0 -0.281025 -0.542039 0.920571 1.0]
325
	ConcatTransform [1.1 0.0 0.0 0.0 0.0 1.1 0.0 0.0 0.0 0.0 1.1 0.0 -9.609 0.05 6.704 1.0]
	ConcatTransform [0.948032 0.289314 -0.13241 0.0 -0.261477 0.471315 -0.842314 0.0 -0.181286 0.833163 0.522471 0.0 -0.279012 -0.541923 0.916403 1.0]
326
	ConcatTransform [1.1 0.0 0.0 0.0 0.0 1.1 0.0 0.0 0.0 0.0 1.1 0.0 -9.609 0.05 6.704 1.0]
	ConcatTransform [0.944353 0.294421 -0.146677 0.0 -0.27849 0.47834 -0.832847 0.0 -0.175046 0.827349 0.533715 0.0 -0.276404 -0.541727 0.910406 1.0]
327
	ConcatTransform [1.1 0.0 0.0 0.0 0.0 1.1 0.0 0.0 0.0 0.0 1.1 0.0 -9.609 0.05 6.704 1.0]
	ConcatTransform [0.941977 0.297037 -0.15636 0.0 -0.289326 0.482263 -0.826869 0.0 -0.170204 0.824131 0.540221 0.0 -0.274911 -0.541603 0.906646 1.0]
328
	ConcatTransform [1.1 0.0 0.0 0.0 0.0 1.1 0.0 0.0 0.0 0.0 1.1 0.0 -9.609 0.05 6.704 1.0]
	ConcatTransform [0.938675 0.29946 -0.170919 0.0 -0.304592 0.487839 -0.818069 0.0 -0.161598 0.819962 0.549135 0.0 -0.273054 -0.541434 0.901552 1.0]
329
	ConcatTransform [1.1 0.0 0.0 0.0 0.0 1.1 0.0 0.0 0.0 0.0 1.1 0.0 -9.609 0.05 6.704 1.0]
	ConcatTransform [0.936932 0.301131 -0.177423 0.0 -0.311597 0.489719 -0.814299 0.0 -0.158323 0.818227 0.552665 0.0 -0.271989 -0.541377 0.899141 1.0]
330
	ConcatTransform [1.1 0.0 0.0 0.0 0.0 1.1 0.0 0.0 0.0 0.0 1.1 0.0 -9.609 0.05 6.704 1.0]
	ConcatTransform [0.935786 0.302476 -0.181144 0.0 -0.314784 0.485386 -0.815666 0.0 -0.158795 0.82031 0.549432 0.0 -0.270432 -0.541423 0.897872 1.0]
331
	ConcatTransform [1.1 0.0 0.0 0.0 0.0 1.1 0.0 0.0 0.0 0.0 1.1 0.0 -9.609 0.05 6.704 1.0]
	ConcatTransform [0.936118 0.301775 -0.180594 0.0 -0.313201 0.4818 -0.818398 0.0 -0.159962 0.822679 0.545538 0.0 -0.269467 -0.541495 0.898376 1.0]
332
	ConcatTransform [1.1 0.0 0.0 0.0 0.0 1.1 0.0 0.0 0.0 0.0 1.1 0.0 -9.609 0.05 6.704 1.0]
	ConcatTransform [0.937677 0.299226 -0.176706 0.0 -0.307266 0.476384 -0.8238 0.0 -0.162323 0.826754 0.538636 0.0 -0.268323 -0.541615 0.900334 1.0]
333
	ConcatTransform [1.1 0.0 0.0 0.0 0.0 1.1 0.0 0.0 0.0 0.0 1.1 0.0 -9.609 0.05 6.704 1.0]
	ConcatTransform [0.93878 0.298144 -0.172634 0.0 -0.302284 0.472432 -0.827908 0.0 -0.165278 0.829408 0.533634 0.0 -0.267919 -0.541673 0.902084 1.0]
334
	ConcatTransform [1.1 0.0 0.0 0.0 0.0 1.1 0.0 0.0 0.0 0.0 1.1 0.0 -9.609 0.05 6.704 1.0]
	ConcatTransform [0.940728 0.2959 -0.165751 0.0 -0.293804 0.466824 -0.834119 0.0 -0.169439 0.833378 0.526092 0.0 -0.267785 -0.541747 0.905156 1.0]
335
	ConcatTransform [1.1 0.0 0.0 0.0 0.0 1.1 0.0 0.0 0.0 0.0 1.1 0.0 -9.609 0.05 6.704 1.0]
	ConcatTransform [0.942325 0.293502 -0.160873 0.0 -0.28737 0.463076 -0.838439 0.0 -0.171587 0.836312 0.520712 0.0 -0.267973 -0.541795 0.907391 1.0]
336
	ConcatTransform [1.1 0.0 0.0 0.0 0.0 1.1 0.0 0.0 0.0 0.0 1.1 0.0 -9.609 0.05 6.704 1.0]
	ConcatTransform [0.945056 0.289046 -0.152711 0.0 -0.276514 0.457612 -0.845063 0.0 -0.17438 0.840859 0.512395 0.0 -0.268661 -0.54185 0.910836 1.0]
337
	ConcatTransform [1.1 0.0 0.0 0.0 0.0 1.1 0.0 0.0 0.0 0.0 1.1 0.0 -9.609 0.05 6.704 1.0]
	ConcatTransform [0.946767 0.286631 -0.146541 0.0 -0.268938 0.454061 -0.849412 0.0 -0.176929 0.843606 0.506976 0.0 -0.269421 -0.541861 0.91314 1.0]
338
	ConcatTransform [1.1 0.0 0.0 0.0 0.0 1.1 0.0 0.0 0.0 0.0 1.1 0.0 -9.609 0.05 6.704 1.0]
	ConcatTransform [0.949628 0.282264 -0.136136 0.0 -0.256401 0.450061 -0.855397 0.0 -0.180178 0.847215 0.499763 0.0 -0.270862 -0.541867 0.916544 1.0]
339
	ConcatTransform [1.1 0.0 0.0 0.0 0.0 1.1 0.0 0.0 0.0 0.0 1.1 0.0 -9.609 0.05 6.704 1.0]
	ConcatTransform [0.951516 0.279342 -0.12878 0.0 -0.247702 0.447629 -0.859228 0.0 -0.182373 0.849468 0.49512 0.0 -0.27202 -0.54186 0.918682 1.0]
340
	ConcatTransform [1.1 0.0 0.0 0.0 0.0 1.1 0.0 0.0 0.0 0.0 1.1 0.0 -9.609 0.05 6.704 1.0]
	ConcatTransform [0.954291 0.274878 -0.117353 0.0 -0.234305 0.444265 -0.864714 0.0 -0.185555 0.852684 0.488363 0.0 -0.273982 -0.541833 0.921591 1.0]
341
	ConcatTransform [1.1 0.0 0.0 0.0 0.0 1.1 0.0 0.0 0.0 0.0 1.1 0.0 -9.609 0.05 6.704 1.0]
	ConcatTransform [0.956109 0.271816 -0.109416 0.0 -0.225176 0.442671 -0.86795 0.0 -0.187487 0.854493 0.484448 0.0 -0.275392 -0.541813 0.923315 1.0]
342
	ConcatTransform [1.1 0.0 0.0 0.0 0.0 1.1 0.0 0.0 0.0 0.0 1.1 0.0 -9.609 0.05 6.704 1.0]
	ConcatTransform [0.958624 0.267652 -0.096963 0.0 -0.211445 0.441395 -0.872045 0.0 -0.190605 0.856465 0.479725 0.0 -0.277611 -0.541785 0.92553 1.0]
343
	ConcatTransform [1.1 0.0 0.0 0.0 0.0 1.1 0.0 0.0 0.0 0.0 1.1 0.0 -9.609 0.05 6.704 1.0]
	ConcatTransform [0.960213 0.264879 -0.088485 0.0 -0.202203 0.440874 -0.874496 0.0 -0.192625 0.857595 0.476893 0.0 -0.279102 -0.541765 0.926695 1.0]
344
	ConcatTransform [1.1 0.0 0.0 0.0 0.0 1.1 0.0 0.0 0.0 0.0 1.1 0.0 -9.609 0.05 6.704 1.0]
	ConcatTransform [0.962383 0.260966 -0.075605 0.0 -0.188387 0.440419 -0.877805 0.0 -0.19578 0.859027 0.473014 0.0 -0.281289 -0.541735 0.927932 1.0]
345
	ConcatTransform [1.1 0.0 0.0 0.0 0.0 1.1 0.0 0.0 0.0 0.0 1.1 0.0 -9.609 0.05 6.704 1.0]
	ConcatTransform [0.963613 0.258827 -0.066773 0.0 -0.179338 0.440775 -0.87952 0.0 -0.198211 0.859492 0.471154 0.0 -0.282704 -0.543328 0.928488 1.0]
346
	ConcatTransform [1.1 0.0 0.0 0.0 0.0 1.1 0.0 0.0 0.0 0.0 1.1 0.0 -9.609 0.05 6.704 1.0]
	ConcatTransform [0.964887 0.257276 -0.052931 0.0 -0.16647 0.443101 -0.88088 0.0 -0.203175 0.858761 0.470371 0.0 -0.284703 -0.543356 0.928804 1.0]
347
	ConcatTransform [1.1 0.0 0.0 0.0 0.0 1.1 0.0 0.0 0.0 0.0 1.1 0.0 -9.609 0.05 6.704 1.0]
	ConcatTransform [0.965776 0.255671 -0.04369 0.0 -0.157576 0.444549 -0.881786 0.0 -0.206025 0.858492 0.469622 0.0 -0.285846 -0.543364 0.928623 1.0]
348
	ConcatTransform [1.1 0.0 0.0 0.0 0.0 1.1 0.0 0.0 0.0 0.0 1.1 0.0 -9.609 0.05 6.704 1.0]
	ConcatTransform [0.966463 0.254953 -0.030793 0.0 -0.145631 0.44535 -0.883434 0.0 -0.211521 0.85829 0.467543 0.0 -0.287401 -0.543367 0.928062 1.0]
349
	ConcatTransform [1.1 0.0 0.0 0.0 0.0 1.1 0.0 0.0 0.0 0.0 1.1 0.0 -9.609 0.05 6.704 1.0]
	ConcatTransform [0.966876 0.254272 -0.022303 0.0 -0.137755 0.446256 -0.884239 0.0 -0.214884 0.858022 0.466501 0.0 -0.28824 -0.543376 0.927602 1.0]
350
	ConcatTransform [1.1 0.0 0.0 0.0 0.0 1.1 0.0 0.0 0.0 0.0 1.1 0.0 -9.609 0.05 6.704 1.0]
	ConcatTransform [0.967401 0.253109 -0.008444 0.0 -0.124918 0.447912 -0.885308 0.0 -0.220298 0.857503 0.464928 0.0 -0.289168 -0.543387 0.926747 1.0]
351
	ConcatTransform [1.1 0.0 0.0 0.0 0.0 1.1 0.0 0.0 0.0 0.0 1.1 0.0 -9.609 0.05 6.704 1.0]
	ConcatTransform [0.967424 0.253159 0.000901 0.0 -0.116637 0.448872 -0.885951 0.0 -0.224691 0.856986 0.463778 0.0 -0.289616 -0.543402 0.926121 1.0]
352
	ConcatTransform [1.1 0.0 0.0 0.0 0.0 1.1 0.0 0.0 0.0 0.0 1.1 0.0 -9.609 0.05 6.704 1.0]
	ConcatTransform [0.967098 0.254057 0.013305 0.0 -0.105812 0.449247 -0.887119 0.0 -0.231356 0.856523 0.461348 0.0 -0.290027 -0.543435 0.925074 1.0]
353
	ConcatTransform [1.1 0.0 0.0 0.0 0.0 1.1 0.0 0.0 0.0 0.0 1.1 0.0 -9.609 0.05 6.704 1.0]
	ConcatTransform [0.966656 0.255207 0.021112 0.0 -0.099176 0.449107 -0.887957 0.0 -0.236095 0.856255 0.459443 0.0 -0.290137 -0.543464 0.924652 1.0]
354
	ConcatTransform [1.1 0.0 0.0 0.0 0.0 1.1 0.0 0.0 0.0 0.0 1.1 0.0 -9.609 0.05 6.704 1.0]
	ConcatTransform [0.965928 0.256749 0.03262 0.0 -0.089869 0.450927 -0.888025 0.0 -0.242709 0.854836 0.458636 0.0 -0.290025 -0.543467 0.924118 1.0]
355
	ConcatTransform [1.1 0.0 0.0 0.0 0.0 1.1 0.0 0.0 0.0 0.0 1.1 0.0 -9.609 0.05 6.704 1.0]
	ConcatTransform [0.965566 0.257096 0.039805 0.0 -0.08364 0.451649 -0.888267 0.0 -0.246348 0.854351 0.4576 0.0 -0.289805 -0.543475 0.923932 1.0]
356
	ConcatTransform [1.1 0.0 0.0 0.0 0.0 1.1 0.0 0.0 0.0 0.0 1.1 0.0 -9.609 0.05 6.704 1.0]
	ConcatTransform [0.964894 0.258042 0.048924 0.0 -0.075894 0.452273 -0.888645 0.0 -0.251435 0.853735 0.455979 0.0 -0.289371 -0.543486 0.923842 1.0]
357
	ConcatTransform [1.1 0.0 0.0 0.0 0.0 1.1 0.0 0.0 0.0 0.0 1.1 0.0 -9.609 0.05 6.704 1.0]
	ConcatTransform [0.964363 0.258984 0.054146 0.0 -0.071721 0.452861 -0.888692 0.0 -0.254678 0.853138 0.455297 0.0 -0.28901 -0.5435 0.923735 1.0]
358
	ConcatTransform [1.1 0.0 0.0 0.0 0.0 1.1 0.0 0.0 0.0 0.0 1.1 0.0 -9.609 0.05 6.704 1.0]
	ConcatTransform [0.963407 0.260981 0.061118 0.0 -0.066394 0.45326 -0.888902 0.0 -0.259689 0.852317 0.454001 0.0 -0.288312 -0.543527 0.923462 1.0]
359
	ConcatTransform [1.1 0.0 0.0 0.0 0.0 1.1 0.0 0.0 0.0 0.0 1.1 0.0 -9.609 0.05 6.704 1.0]
	ConcatTransform [0.962848 0.262105 0.064994 0.0 -0.063486 0.45364 -0.888921 0.0 -0.262474 0.85177 0.453427 0.0 -0.287765 -0.543537 0.923365 1.0]
360
	ConcatTransform [1.1 0.0 0.0 0.0 0.0 1.1 0.0 0.0 0.0 0.0 1.1 0.0 -9.609 0.05 6.704 1.0]
	ConcatTransform [-0.784234 -0.256007 0.565188 0.0 -0.312794 -0.623563 -0.71647 0.0 0.535852 -0.738667 0.408942 0.0 -9.332441 -116.974762 45.555847 1.0]
