228
	ConcatTransform [1.1 0.0 0.0 0.0 0.0 1.1 0.0 0.0 0.0 0.0 1.1 0.0 -9.609 0.05 6.704 1.0]
	ConcatTransform [0.9217 0.329655 0.204441 0.0 -0.346207 0.936811 0.050255 0.0 -0.174956 -0.117099 0.977588 0.0 -0.016334 -0.003328 -0.006616 1.0]
229
	ConcatTransform [1.1 0.0 0.0 0.0 0.0 1.1 0.0 0.0 0.0 0.0 1.1 0.0 -9.609 0.05 6.704 1.0]
	ConcatTransform [0.661998 0.624439 0.414529 0.0 -0.710967 0.69824 0.083589 0.0 -0.237245 -0.350052 0.906189 0.0 -0.031088 0.00494 0.008597 1.0]
230
	ConcatTransform [1.1 0.0 0.0 0.0 0.0 1.1 0.0 0.0 0.0 0.0 1.1 0.0 -9.609 0.05 6.704 1.0]
	ConcatTransform [0.577261 0.721426 0.382509 0.0 -0.766483 0.640252 -0.050806 0.0 -0.281555 -0.263858 0.922554 0.0 -0.034207 0.038581 0.02069 1.0]
231
	ConcatTransform [1.1 0.0 0.0 0.0 0.0 1.1 0.0 0.0 0.0 0.0 1.1 0.0 -9.609 0.05 6.704 1.0]
	ConcatTransform [0.531737 0.744083 0.404469 0.0 -0.790452 0.607487 -0.078394 0.0 -0.304041 -0.278029 0.911186 0.0 -0.042664 0.054802 0.037265 1.0]
232
	ConcatTransform [1.1 0.0 0.0 0.0 0.0 1.1 0.0 0.0 0.0 0.0 1.1 0.0 -9.609 0.05 6.704 1.0]
	ConcatTransform [0.609399 0.724779 0.321448 0.0 -0.787931 0.598757 0.143719 0.0 -0.088305 -0.340861 0.935957 0.0 -0.112084 0.129014 0.107601 1.0]
233
	ConcatTransform [1.1 0.0 0.0 0.0 0.0 1.1 0.0 0.0 0.0 0.0 1.1 0.0 -9.609 0.05 6.704 1.0]
	ConcatTransform [0.696361 0.677288 0.237406 0.0 -0.713905 0.619757 0.325945 0.0 0.073624 -0.396461 0.915095 0.0 -0.161509 0.170485 0.159581 1.0]
234
	ConcatTransform [1.1 0.0 0.0 0.0 0.0 1.1 0.0 0.0 0.0 0.0 1.1 0.0 -9.609 0.05 6.704 1.0]
	ConcatTransform [0.789969 0.608399 0.076156 0.0 -0.529499 0.614289 0.585047 0.0 0.30916 -0.502493 0.807416 0.0 -0.233695 0.212407 0.237827 1.0]
235
	ConcatTransform [1.1 0.0 0.0 0.0 0.0 1.1 0.0 0.0 0.0 0.0 1.1 0.0 -9.609 0.05 6.704 1.0]
	ConcatTransform [0.820737 0.570106 -0.03702 0.0 -0.37086 0.580946 0.724545 0.0 0.434574 -0.580931 0.688233 0.0 -0.282753 0.226914 0.286999 1.0]
236
	ConcatTransform [1.1 0.0 0.0 0.0 0.0 1.1 0.0 0.0 0.0 0.0 1.1 0.0 -9.609 0.05 6.704 1.0]
	ConcatTransform [0.801272 0.573857 -0.169269 0.0 -0.218354 0.543884 0.810255 0.0 0.557032 -0.612274 0.561102 0.0 -0.364427 0.236684 0.355514 1.0]
237
	ConcatTransform [1.1 0.0 0.0 0.0 0.0 1.1 0.0 0.0 0.0 0.0 1.1 0.0 -9.609 0.05 6.704 1.0]
	ConcatTransform [0.721872 0.597808 -0.348608 0.0 -0.09515 0.584705 0.805647 0.0 0.685455 -0.548404 0.478963 0.0 -0.422513 0.239663 0.388571 1.0]
238
	ConcatTransform [1.1 0.0 0.0 0.0 0.0 1.1 0.0 0.0 0.0 0.0 1.1 0.0 -9.609 0.05 6.704 1.0]
	ConcatTransform [0.582094 0.617343 -0.529202 0.0 0.020432 0.639517 0.768505 0.0 0.812865 -0.458155 0.359646 0.0 -0.510717 0.224939 0.442998 1.0]
239
	ConcatTransform [1.1 0.0 0.0 0.0 0.0 1.1 0.0 0.0 0.0 0.0 1.1 0.0 -9.609 0.05 6.704 1.0]
	ConcatTransform [0.486671 0.623062 -0.612327 0.0 0.06653 0.672466 0.737132 0.0 0.871048 -0.399479 0.285817 0.0 -0.569975 0.202543 0.481244 1.0]
240
	ConcatTransform [1.1 0.0 0.0 0.0 0.0 1.1 0.0 0.0 0.0 0.0 1.1 0.0 -9.609 0.05 6.704 1.0]
	ConcatTransform [0.328112 0.615613 -0.716494 0.0 0.125085 0.723491 0.678907 0.0 0.936321 -0.31238 0.160382 0.0 -0.658862 0.150388 0.538612 1.0]
241
	ConcatTransform [1.1 0.0 0.0 0.0 0.0 1.1 0.0 0.0 0.0 0.0 1.1 0.0 -9.609 0.05 6.704 1.0]
	ConcatTransform [0.214629 0.600078 -0.77061 0.0 0.156135 0.75777 0.633566 0.0 0.964135 -0.256301 0.068947 0.0 -0.71812 0.103244 0.576858 1.0]
242
	ConcatTransform [1.1 0.0 0.0 0.0 0.0 1.1 0.0 0.0 0.0 0.0 1.1 0.0 -9.609 0.05 6.704 1.0]
	ConcatTransform [0.037348 0.561554 -0.826596 0.0 0.189468 0.80819 0.557611 0.0 0.981176 -0.17744 -0.076212 0.0 -0.807006 0.013968 0.634227 1.0]
243
	ConcatTransform [1.1 0.0 0.0 0.0 0.0 1.1 0.0 0.0 0.0 0.0 1.1 0.0 -9.609 0.05 6.704 1.0]
	ConcatTransform [-0.082742 0.526333 -0.846243 0.0 0.202337 0.840341 0.502878 0.0 0.975814 -0.129617 -0.176028 0.0 -0.866264 -0.057923 0.672473 1.0]
244
	ConcatTransform [1.1 0.0 0.0 0.0 0.0 1.1 0.0 0.0 0.0 0.0 1.1 0.0 -9.609 0.05 6.704 1.0]
	ConcatTransform [-0.260856 0.460622 -0.848399 0.0 0.207086 0.885068 0.416858 0.0 0.942905 -0.066951 -0.326263 0.0 -0.955151 -0.184321 0.729841 1.0]
245
	ConcatTransform [1.1 0.0 0.0 0.0 0.0 1.1 0.0 0.0 0.0 0.0 1.1 0.0 -9.609 0.05 6.704 1.0]
	ConcatTransform [-0.375435 0.409268 -0.831594 0.0 0.200474 0.911846 0.358257 0.0 0.904908 -0.032211 -0.424387 0.0 -1.014409 -0.280959 0.768087 1.0]
246
	ConcatTransform [1.1 0.0 0.0 0.0 0.0 1.1 0.0 0.0 0.0 0.0 1.1 0.0 -9.609 0.05 6.704 1.0]
	ConcatTransform [-0.452545 0.472905 -0.756018 0.0 -0.017144 0.843029 0.537594 0.0 0.891577 0.256247 -0.373401 0.0 -1.068197 -0.406278 0.824732 1.0]
247
	ConcatTransform [1.1 0.0 0.0 0.0 0.0 1.1 0.0 0.0 0.0 0.0 1.1 0.0 -9.609 0.05 6.704 1.0]
	ConcatTransform [-0.569032 0.399378 -0.718818 0.0 -0.140606 0.814011 0.563575 0.0 0.810205 0.421762 -0.407044 0.0 -1.071954 -0.463213 0.846398 1.0]
248
	ConcatTransform [1.1 0.0 0.0 0.0 0.0 1.1 0.0 0.0 0.0 0.0 1.1 0.0 -9.609 0.05 6.704 1.0]
	ConcatTransform [-0.684999 0.302314 -0.662859 0.0 -0.173153 0.816214 0.551192 0.0 0.707668 0.492342 -0.50676 0.0 -1.05377 -0.463813 0.851514 1.0]
249
	ConcatTransform [1.1 0.0 0.0 0.0 0.0 1.1 0.0 0.0 0.0 0.0 1.1 0.0 -9.609 0.05 6.704 1.0]
	ConcatTransform [-0.686394 0.366354 -0.62821 0.0 -0.091753 0.81331 0.57455 0.0 0.721419 0.452008 -0.524637 0.0 -1.038588 -0.455143 0.849337 1.0]
250
	ConcatTransform [1.1 0.0 0.0 0.0 0.0 1.1 0.0 0.0 0.0 0.0 1.1 0.0 -9.609 0.05 6.704 1.0]
	ConcatTransform [-0.709903 0.384805 -0.589883 0.0 -0.052409 0.806362 0.589096 0.0 0.702346 0.449116 -0.552272 0.0 -1.021431 -0.458061 0.845695 1.0]
251
	ConcatTransform [1.1 0.0 0.0 0.0 0.0 1.1 0.0 0.0 0.0 0.0 1.1 0.0 -9.609 0.05 6.704 1.0]
	ConcatTransform [-0.72018 0.380364 -0.580228 0.0 -0.076592 0.787619 0.611383 0.0 0.689547 0.484747 -0.538094 0.0 -1.006844 -0.465892 0.845173 1.0]
252
	ConcatTransform [1.1 0.0 0.0 0.0 0.0 1.1 0.0 0.0 0.0 0.0 1.1 0.0 -9.609 0.05 6.704 1.0]
	ConcatTransform [-0.739436 0.355409 -0.571768 0.0 -0.083133 0.794591 0.601426 0.0 0.668074 0.492249 -0.558004 0.0 -0.952277 -0.467034 0.83732 1.0]
253
	ConcatTransform [1.1 0.0 0.0 0.0 0.0 1.1 0.0 0.0 0.0 0.0 1.1 0.0 -9.609 0.05 6.704 1.0]
	ConcatTransform [-0.729269 0.440256 -0.523777 0.0 -0.021079 0.750682 0.660328 0.0 0.683903 0.492597 -0.538168 0.0 -0.915505 -0.470645 0.832588 1.0]
254
	ConcatTransform [1.1 0.0 0.0 0.0 0.0 1.1 0.0 0.0 0.0 0.0 1.1 0.0 -9.609 0.05 6.704 1.0]
	ConcatTransform [-0.79117 0.404881 -0.458389 0.0 -0.013537 0.737721 0.67497 0.0 0.611446 0.540222 -0.578182 0.0 -0.872944 -0.468317 0.834817 1.0]
255
	ConcatTransform [1.1 0.0 0.0 0.0 0.0 1.1 0.0 0.0 0.0 0.0 1.1 0.0 -9.609 0.05 6.704 1.0]
	ConcatTransform [-0.820974 0.356596 -0.445915 0.0 -0.022272 0.760391 0.649084 0.0 0.570531 0.542813 -0.616319 0.0 -0.854755 -0.457719 0.844981 1.0]
256
	ConcatTransform [1.1 0.0 0.0 0.0 0.0 1.1 0.0 0.0 0.0 0.0 1.1 0.0 -9.609 0.05 6.704 1.0]
	ConcatTransform [-0.855309 0.301536 -0.421335 0.0 -0.013182 0.800274 0.599489 0.0 0.517951 0.518302 -0.680507 0.0 -0.840033 -0.449389 0.859177 1.0]
257
	ConcatTransform [1.1 0.0 0.0 0.0 0.0 1.1 0.0 0.0 0.0 0.0 1.1 0.0 -9.609 0.05 6.704 1.0]
	ConcatTransform [-0.872149 0.278935 -0.401934 0.0 0.00443 0.826017 0.563628 0.0 0.48922 0.489788 -0.721646 0.0 -0.83656 -0.447866 0.86873 1.0]
258
	ConcatTransform [1.1 0.0 0.0 0.0 0.0 1.1 0.0 0.0 0.0 0.0 1.1 0.0 -9.609 0.05 6.704 1.0]
	ConcatTransform [-0.894246 0.258291 -0.365526 0.0 0.045148 0.864571 0.500479 0.0 0.445292 0.431049 -0.784801 0.0 -0.840063 -0.4493 0.883086 1.0]
259
	ConcatTransform [1.1 0.0 0.0 0.0 0.0 1.1 0.0 0.0 0.0 0.0 1.1 0.0 -9.609 0.05 6.704 1.0]
	ConcatTransform [-0.900823 0.270279 -0.339805 0.0 0.080281 0.872813 0.481407 0.0 0.426701 0.406383 -0.807948 0.0 -0.844774 -0.448762 0.890857 1.0]
260
	ConcatTransform [1.1 0.0 0.0 0.0 0.0 1.1 0.0 0.0 0.0 0.0 1.1 0.0 -9.609 0.05 6.704 1.0]
	ConcatTransform [-0.898847 0.27705 -0.339583 0.0 0.084163 0.869537 0.486644 0.0 0.430105 0.408838 -0.804898 0.0 -0.850553 -0.449169 0.893765 1.0]
261
	ConcatTransform [1.1 0.0 0.0 0.0 0.0 1.1 0.0 0.0 0.0 0.0 1.1 0.0 -9.609 0.05 6.704 1.0]
	ConcatTransform [-0.895495 0.278634 -0.347062 0.0 0.075626 0.863709 0.498284 0.0 0.438599 0.419964 -0.794519 0.0 -0.852953 -0.451874 0.890246 1.0]
262
	ConcatTransform [1.1 0.0 0.0 0.0 0.0 1.1 0.0 0.0 0.0 0.0 1.1 0.0 -9.609 0.05 6.704 1.0]
	ConcatTransform [-0.890158 0.3022 -0.341019 0.0 0.090708 0.850968 0.517326 0.0 0.446532 0.429569 -0.784908 0.0 -0.85979 -0.455914 0.881316 1.0]
263
	ConcatTransform [1.1 0.0 0.0 0.0 0.0 1.1 0.0 0.0 0.0 0.0 1.1 0.0 -9.609 0.05 6.704 1.0]
	ConcatTransform [-0.884864 0.323945 -0.334775 0.0 0.105924 0.839723 0.532584 0.0 0.453647 0.435804 -0.777354 0.0 -0.867096 -0.459103 0.873727 1.0]
264
	ConcatTransform [1.1 0.0 0.0 0.0 0.0 1.1 0.0 0.0 0.0 0.0 1.1 0.0 -9.609 0.05 6.704 1.0]
	ConcatTransform [-0.873615 0.362455 -0.324689 0.0 0.12939 0.816239 0.563039 0.0 0.4691 0.449868 -0.759976 0.0 -0.879955 -0.463453 0.858977 1.0]
265
	ConcatTransform [1.1 0.0 0.0 0.0 0.0 1.1 0.0 0.0 0.0 0.0 1.1 0.0 -9.609 0.05 6.704 1.0]
	ConcatTransform [-0.866574 0.38773 -0.314189 0.0 0.143407 0.796495 0.587392 0.0 0.478 0.463962 -0.745825 0.0 -0.88831 -0.46526 0.846726 1.0]
266
	ConcatTransform [1.1 0.0 0.0 0.0 0.0 1.1 0.0 0.0 0.0 0.0 1.1 0.0 -9.609 0.05 6.704 1.0]
	ConcatTransform [-0.857458 0.423791 -0.291835 0.0 0.161608 0.760263 0.629192 0.0 0.488517 0.492343 -0.720381 0.0 -0.898694 -0.46571 0.826161 1.0]
267
	ConcatTransform [1.1 0.0 0.0 0.0 0.0 1.1 0.0 0.0 0.0 0.0 1.1 0.0 -9.609 0.05 6.704 1.0]
	ConcatTransform [-0.851374 0.445357 -0.277162 0.0 0.172168 0.736344 0.654336 0.0 0.4955 0.509366 -0.703581 0.0 -0.90476 -0.465196 0.811641 1.0]
268
	ConcatTransform [1.1 0.0 0.0 0.0 0.0 1.1 0.0 0.0 0.0 0.0 1.1 0.0 -9.609 0.05 6.704 1.0]
	ConcatTransform [-0.840316 0.475545 -0.260241 0.0 0.19889 0.717041 0.668054 0.0 0.504293 0.509617 -0.697122 0.0 -0.914094 -0.460068 0.796955 1.0]
269
	ConcatTransform [1.1 0.0 0.0 0.0 0.0 1.1 0.0 0.0 0.0 0.0 1.1 0.0 -9.609 0.05 6.704 1.0]
	ConcatTransform [-0.83518 0.490491 -0.248783 0.0 0.216811 0.709352 0.670681 0.0 0.505437 0.5062 -0.698781 0.0 -0.920246 -0.45849 0.790949 1.0]
270
	ConcatTransform [1.1 0.0 0.0 0.0 0.0 1.1 0.0 0.0 0.0 0.0 1.1 0.0 -9.609 0.05 6.704 1.0]
	ConcatTransform [-0.833635 0.494044 -0.246929 0.0 0.216697 0.703794 0.676547 0.0 0.508031 0.510485 -0.693765 0.0 -0.926967 -0.457002 0.785701 1.0]
271
	ConcatTransform [1.1 0.0 0.0 0.0 0.0 1.1 0.0 0.0 0.0 0.0 1.1 0.0 -9.609 0.05 6.704 1.0]
	ConcatTransform [-0.831315 0.497161 -0.248487 0.0 0.217175 0.702095 0.678158 0.0 0.511615 0.509798 -0.691633 0.0 -0.92839 -0.456142 0.784367 1.0]
272
	ConcatTransform [1.1 0.0 0.0 0.0 0.0 1.1 0.0 0.0 0.0 0.0 1.1 0.0 -9.609 0.05 6.704 1.0]
	ConcatTransform [-0.833042 0.491352 -0.254193 0.0 0.210686 0.706644 0.675475 0.0 0.51152 0.509144 -0.692185 0.0 -0.926626 -0.456756 0.784342 1.0]
273
	ConcatTransform [1.1 0.0 0.0 0.0 0.0 1.1 0.0 0.0 0.0 0.0 1.1 0.0 -9.609 0.05 6.704 1.0]
	ConcatTransform [-0.837675 0.481167 -0.258415 0.0 0.203424 0.713964 0.66998 0.0 0.506872 0.508658 -0.695951 0.0 -0.92298 -0.458202 0.785902 1.0]
274
	ConcatTransform [1.1 0.0 0.0 0.0 0.0 1.1 0.0 0.0 0.0 0.0 1.1 0.0 -9.609 0.05 6.704 1.0]
	ConcatTransform [-0.848065 0.458701 -0.265291 0.0 0.188982 0.729549 0.657301 0.0 0.495047 0.507298 -0.705391 0.0 -0.914305 -0.461194 0.791383 1.0]
275
	ConcatTransform [1.1 0.0 0.0 0.0 0.0 1.1 0.0 0.0 0.0 0.0 1.1 0.0 -9.609 0.05 6.704 1.0]
	ConcatTransform [-0.857329 0.437572 -0.27114 0.0 0.175274 0.743386 0.645489 0.0 0.48401 0.505873 -0.714022 0.0 -0.906698 -0.463745 0.796926 1.0]
276
	ConcatTransform [1.1 0.0 0.0 0.0 0.0 1.1 0.0 0.0 0.0 0.0 1.1 0.0 -9.609 0.05 6.704 1.0]
	ConcatTransform [-0.865345 0.411646 -0.285877 0.0 0.158871 0.766301 0.62253 0.0 0.47533 0.493285 -0.728513 0.0 -0.897396 -0.464119 0.807581 1.0]
277
	ConcatTransform [1.1 0.0 0.0 0.0 0.0 1.1 0.0 0.0 0.0 0.0 1.1 0.0 -9.609 0.05 6.704 1.0]
	ConcatTransform [-0.868894 0.397832 -0.294539 0.0 0.151016 0.779712 0.607654 0.0 0.4714 0.483506 -0.737566 0.0 -0.892907 -0.463839 0.815633 1.0]
278
	ConcatTransform [1.1 0.0 0.0 0.0 0.0 1.1 0.0 0.0 0.0 0.0 1.1 0.0 -9.609 0.05 6.704 1.0]
	ConcatTransform [-0.874584 0.377265 -0.304587 0.0 0.140429 0.798339 0.585606 0.0 0.464092 0.469389 -0.751194 0.0 -0.887134 -0.463047 0.827385 1.0]
279
	ConcatTransform [1.1 0.0 0.0 0.0 0.0 1.1 0.0 0.0 0.0 0.0 1.1 0.0 -9.609 0.05 6.704 1.0]
	ConcatTransform [-0.877894 0.364454 -0.310606 0.0 0.133679 0.80938 0.571869 0.0 0.459818 0.460518 -0.75927 0.0 -0.883566 -0.462327 0.834525 1.0]
280
	ConcatTransform [1.1 0.0 0.0 0.0 0.0 1.1 0.0 0.0 0.0 0.0 1.1 0.0 -9.609 0.05 6.704 1.0]
	ConcatTransform [-0.881635 0.347326 -0.319505 0.0 0.123403 0.823127 0.554286 0.0 0.455512 0.44925 -0.76856 0.0 -0.878724 -0.461132 0.84378 1.0]
281
	ConcatTransform [1.1 0.0 0.0 0.0 0.0 1.1 0.0 0.0 0.0 0.0 1.1 0.0 -9.609 0.05 6.704 1.0]
	ConcatTransform [-0.883412 0.337936 -0.324627 0.0 0.11756 0.830438 0.544566 0.0 0.453611 0.442913 -0.773347 0.0 -0.876151 -0.460371 0.848888 1.0]
282
	ConcatTransform [1.1 0.0 0.0 0.0 0.0 1.1 0.0 0.0 0.0 0.0 1.1 0.0 -9.609 0.05 6.704 1.0]
	ConcatTransform [-0.885261 0.32708 -0.330654 0.0 0.110233 0.838237 0.534049 0.0 0.451843 0.436323 -0.778113 0.0 -0.873195 -0.459364 0.854438 1.0]
283
	ConcatTransform [1.1 0.0 0.0 0.0 0.0 1.1 0.0 0.0 0.0 0.0 1.1 0.0 -9.609 0.05 6.704 1.0]
	ConcatTransform [-0.885228 0.324097 -0.333665 0.0 0.107121 0.840075 0.531789 0.0 0.452655 0.435012 -0.778375 0.0 -0.872407 -0.458904 0.855918 1.0]
284
	ConcatTransform [1.1 0.0 0.0 0.0 0.0 1.1 0.0 0.0 0.0 0.0 1.1 0.0 -9.609 0.05 6.704 1.0]
	ConcatTransform [-0.883893 0.327737 -0.333648 0.0 0.109037 0.838145 0.534438 0.0 0.454801 0.436006 -0.776566 0.0 -0.873718 -0.459389 0.854764 1.0]
285
	ConcatTransform [1.1 0.0 0.0 0.0 0.0 1.1 0.0 0.0 0.0 0.0 1.1 0.0 -9.609 0.05 6.704 1.0]
	ConcatTransform [-0.882591 0.33272 -0.33216 0.0 0.111253 0.834252 0.540043 0.0 0.456788 0.439683 -0.773319 0.0 -0.875185 -0.459846 0.852052 1.0]
286
	ConcatTransform [1.1 0.0 0.0 0.0 0.0 1.1 0.0 0.0 0.0 0.0 1.1 0.0 -9.609 0.05 6.704 1.0]
	ConcatTransform [-0.880247 0.344447 -0.326376 0.0 0.118146 0.825239 0.552288 0.0 0.459573 0.44759 -0.767109 0.0 -0.87823 -0.460831 0.845899 1.0]
287
	ConcatTransform [1.1 0.0 0.0 0.0 0.0 1.1 0.0 0.0 0.0 0.0 1.1 0.0 -9.609 0.05 6.704 1.0]
	ConcatTransform [-0.878162 0.354709 -0.320957 0.0 0.124379 0.81718 0.562803 0.0 0.461911 0.454312 -0.761734 0.0 -0.881124 -0.461577 0.840713 1.0]
288
	ConcatTransform [1.1 0.0 0.0 0.0 0.0 1.1 0.0 0.0 0.0 0.0 1.1 0.0 -9.609 0.05 6.704 1.0]
	ConcatTransform [-0.873994 0.37273 -0.31178 0.0 0.134804 0.802396 0.581368 0.0 0.466865 0.466083 -0.751534 0.0 -0.886082 -0.462657 0.831296 1.0]
289
	ConcatTransform [1.1 0.0 0.0 0.0 0.0 1.1 0.0 0.0 0.0 0.0 1.1 0.0 -9.609 0.05 6.704 1.0]
	ConcatTransform [-0.870286 0.387624 -0.303891 0.0 0.142561 0.788805 0.597882 0.0 0.471464 0.477005 -0.741746 0.0 -0.889398 -0.463613 0.824306 1.0]
290
	ConcatTransform [1.1 0.0 0.0 0.0 0.0 1.1 0.0 0.0 0.0 0.0 1.1 0.0 -9.609 0.05 6.704 1.0]
	ConcatTransform [-0.86414 0.408939 -0.293311 0.0 0.15441 0.77017 0.618867 0.0 0.478978 0.489497 -0.728678 0.0 -0.895577 -0.464087 0.812876 1.0]
291
	ConcatTransform [1.1 0.0 0.0 0.0 0.0 1.1 0.0 0.0 0.0 0.0 1.1 0.0 -9.609 0.05 6.704 1.0]
	ConcatTransform [-0.859859 0.423421 -0.285232 0.0 0.162345 0.75647 0.63356 0.0 0.484032 0.498466 -0.719198 0.0 -0.899896 -0.464123 0.805023 1.0]
292
	ConcatTransform [1.1 0.0 0.0 0.0 0.0 1.1 0.0 0.0 0.0 0.0 1.1 0.0 -9.609 0.05 6.704 1.0]
	ConcatTransform [-0.851587 0.445423 -0.276402 0.0 0.174111 0.737669 0.652327 0.0 0.494454 0.507388 -0.705742 0.0 -0.906057 -0.462988 0.794123 1.0]
293
	ConcatTransform [1.1 0.0 0.0 0.0 0.0 1.1 0.0 0.0 0.0 0.0 1.1 0.0 -9.609 0.05 6.704 1.0]
	ConcatTransform [-0.846094 0.454211 -0.278957 0.0 0.176085 0.73213 0.658012 0.0 0.503109 0.50762 -0.699431 0.0 -0.909427 -0.461808 0.789308 1.0]
294
	ConcatTransform [1.1 0.0 0.0 0.0 0.0 1.1 0.0 0.0 0.0 0.0 1.1 0.0 -9.609 0.05 6.704 1.0]
	ConcatTransform [-0.840811 0.4601 -0.28521 0.0 0.174039 0.728658 0.662395 0.0 0.512589 0.507312 -0.692739 0.0 -0.912024 -0.460967 0.785084 1.0]
295
	ConcatTransform [1.1 0.0 0.0 0.0 0.0 1.1 0.0 0.0 0.0 0.0 1.1 0.0 -9.609 0.05 6.704 1.0]
	ConcatTransform [-0.839883 0.46047 -0.287341 0.0 0.17248 0.728386 0.663102 0.0 0.514633 0.507368 -0.691181 0.0 -0.911789 -0.460865 0.784164 1.0]
296
	ConcatTransform [1.1 0.0 0.0 0.0 0.0 1.1 0.0 0.0 0.0 0.0 1.1 0.0 -9.609 0.05 6.704 1.0]
	ConcatTransform [-0.842539 0.453295 -0.290951 0.0 0.166831 0.733212 0.659217 0.0 0.512149 0.506876 -0.693383 0.0 -0.909123 -0.461741 0.786008 1.0]
297
	ConcatTransform [1.1 0.0 0.0 0.0 0.0 1.1 0.0 0.0 0.0 0.0 1.1 0.0 -9.609 0.05 6.704 1.0]
	ConcatTransform [-0.847052 0.44238 -0.294625 0.0 0.159505 0.740337 0.653038 0.0 0.507013 0.506163 -0.697666 0.0 -0.905543 -0.463038 0.788854 1.0]
298
	ConcatTransform [1.1 0.0 0.0 0.0 0.0 1.1 0.0 0.0 0.0 0.0 1.1 0.0 -9.609 0.05 6.704 1.0]
	ConcatTransform [-0.852506 0.426487 -0.302228 0.0 0.150667 0.754136 0.639201 0.0 0.500532 0.499387 -0.707163 0.0 -0.898795 -0.463942 0.794662 1.0]
299
	ConcatTransform [1.1 0.0 0.0 0.0 0.0 1.1 0.0 0.0 0.0 0.0 1.1 0.0 -9.609 0.05 6.704 1.0]
	ConcatTransform [-0.855169 0.41721 -0.307607 0.0 0.145485 0.76277 0.630092 0.0 0.497514 0.494083 -0.712995 0.0 -0.89549 -0.46394 0.799292 1.0]
300
	ConcatTransform [1.1 0.0 0.0 0.0 0.0 1.1 0.0 0.0 0.0 0.0 1.1 0.0 -9.609 0.05 6.704 1.0]
	ConcatTransform [-0.858676 0.404173 -0.315151 0.0 0.138328 0.774848 0.616827 0.0 0.493499 0.48606 -0.721252 0.0 -0.891165 -0.46374 0.806368 1.0]
301
	ConcatTransform [1.1 0.0 0.0 0.0 0.0 1.1 0.0 0.0 0.0 0.0 1.1 0.0 -9.609 0.05 6.704 1.0]
	ConcatTransform [-0.860855 0.395779 -0.319825 0.0 0.133771 0.782438 0.608191 0.0 0.490952 0.480781 -0.72651 0.0 -0.888774 -0.463526 0.810959 1.0]
302
	ConcatTransform [1.1 0.0 0.0 0.0 0.0 1.1 0.0 0.0 0.0 0.0 1.1 0.0 -9.609 0.05 6.704 1.0]
	ConcatTransform [-0.863886 0.384511 -0.32535 0.0 0.128085 0.792405 0.596396 0.0 0.48713 0.473545 -0.733798 0.0 -0.885632 -0.463131 0.817242 1.0]
303
	ConcatTransform [1.1 0.0 0.0 0.0 0.0 1.1 0.0 0.0 0.0 0.0 1.1 0.0 -9.609 0.05 6.704 1.0]
	ConcatTransform [-0.865452 0.377893 -0.328924 0.0 0.124344 0.798023 0.589659 0.0 0.485316 0.469422 -0.737639 0.0 -0.883827 -0.462855 0.820869 1.0]
304
	ConcatTransform [1.1 0.0 0.0 0.0 0.0 1.1 0.0 0.0 0.0 0.0 1.1 0.0 -9.609 0.05 6.704 1.0]
	ConcatTransform [-0.867237 0.369912 -0.333265 0.0 0.119865 0.804775 0.581351 0.0 0.483252 0.464222 -0.74227 0.0 -0.881692 -0.462453 0.825272 1.0]
305
	ConcatTransform [1.1 0.0 0.0 0.0 0.0 1.1 0.0 0.0 0.0 0.0 1.1 0.0 -9.609 0.05 6.704 1.0]
	ConcatTransform [-0.86813 0.366022 -0.335229 0.0 0.117795 0.808047 0.577221 0.0 0.482157 0.461615 -0.744605 0.0 -0.880676 -0.462235 0.827412 1.0]
306
	ConcatTransform [1.1 0.0 0.0 0.0 0.0 1.1 0.0 0.0 0.0 0.0 1.1 0.0 -9.609 0.05 6.704 1.0]
	ConcatTransform [-0.868709 0.36259 -0.337452 0.0 0.115586 0.810861 0.573711 0.0 0.481648 0.459383 -0.746312 0.0 -0.879716 -0.462035 0.829298 1.0]
307
	ConcatTransform [1.1 0.0 0.0 0.0 0.0 1.1 0.0 0.0 0.0 0.0 1.1 0.0 -9.609 0.05 6.704 1.0]
	ConcatTransform [-0.868964 0.362038 -0.337386 0.0 0.115448 0.811253 0.573184 0.0 0.48122 0.459126 -0.746747 0.0 -0.87951 -0.462011 0.829646 1.0]
308
	ConcatTransform [1.1 0.0 0.0 0.0 0.0 1.1 0.0 0.0 0.0 0.0 1.1 0.0 -9.609 0.05 6.704 1.0]
	ConcatTransform [-0.868658 0.364148 -0.335901 0.0 0.116939 0.809577 0.575248 0.0 0.481413 0.460414 -0.745829 0.0 -0.880105 -0.462099 0.828929 1.0]
309
	ConcatTransform [1.1 0.0 0.0 0.0 0.0 1.1 0.0 0.0 0.0 0.0 1.1 0.0 -9.609 0.05 6.704 1.0]
	ConcatTransform [-0.86791 0.367365 -0.334326 0.0 0.118628 0.806888 0.57867 0.0 0.482347 0.462574 -0.743886 0.0 -0.880915 -0.462267 0.827567 1.0]
310
	ConcatTransform [1.1 0.0 0.0 0.0 0.0 1.1 0.0 0.0 0.0 0.0 1.1 0.0 -9.609 0.05 6.704 1.0]
	ConcatTransform [-0.866636 0.373735 -0.330551 0.0 0.122471 0.801582 0.585207 0.0 0.483676 0.466679 -0.740451 0.0 -0.882715 -0.4626 0.824126 1.0]
311
	ConcatTransform [1.1 0.0 0.0 0.0 0.0 1.1 0.0 0.0 0.0 0.0 1.1 0.0 -9.609 0.05 6.704 1.0]
	ConcatTransform [-0.86508 0.379943 -0.327535 0.0 0.12563 0.796224 0.591815 0.0 0.485647 0.47082 -0.73653 0.0 -0.884469 -0.46291 0.821244 1.0]
312
	ConcatTransform [1.1 0.0 0.0 0.0 0.0 1.1 0.0 0.0 0.0 0.0 1.1 0.0 -9.609 0.05 6.704 1.0]
	ConcatTransform [-0.862128 0.390454 -0.322927 0.0 0.130709 0.787133 0.602774 0.0 0.489542 0.477458 -0.729645 0.0 -0.887482 -0.463327 0.815825 1.0]
313
	ConcatTransform [1.1 0.0 0.0 0.0 0.0 1.1 0.0 0.0 0.0 0.0 1.1 0.0 -9.609 0.05 6.704 1.0]
	ConcatTransform [-0.860169 0.398161 -0.318711 0.0 0.134857 0.780236 0.610774 0.0 0.491856 0.482389 -0.72483 0.0 -0.889627 -0.463563 0.811594 1.0]
314
	ConcatTransform [1.1 0.0 0.0 0.0 0.0 1.1 0.0 0.0 0.0 0.0 1.1 0.0 -9.609 0.05 6.704 1.0]
	ConcatTransform [-0.856752 0.410942 -0.311612 0.0 0.141536 0.768372 0.624157 0.0 0.495927 0.490644 -0.716467 0.0 -0.893052 -0.463831 0.804698 1.0]
315
	ConcatTransform [1.1 0.0 0.0 0.0 0.0 1.1 0.0 0.0 0.0 0.0 1.1 0.0 -9.609 0.05 6.704 1.0]
	ConcatTransform [-0.85428 0.419734 -0.306642 0.0 0.14608 0.759987 0.633309 0.0 0.498866 0.496229 -0.710556 0.0 -0.895491 -0.463911 0.79989 1.0]
316
	ConcatTransform [1.1 0.0 0.0 0.0 0.0 1.1 0.0 0.0 0.0 0.0 1.1 0.0 -9.609 0.05 6.704 1.0]
	ConcatTransform [-0.85054 0.43253 -0.299164 0.0 0.152684 0.747436 0.64655 0.0 0.503258 0.504239 -0.701765 0.0 -0.899164 -0.463883 0.792553 1.0]
317
	ConcatTransform [1.1 0.0 0.0 0.0 0.0 1.1 0.0 0.0 0.0 0.0 1.1 0.0 -9.609 0.05 6.704 1.0]
	ConcatTransform [-0.847736 0.440685 -0.295198 0.0 0.157723 0.740795 0.652952 0.0 0.506427 0.506971 -0.697505 0.0 -0.901739 -0.46335 0.788882 1.0]
318
	ConcatTransform [1.1 0.0 0.0 0.0 0.0 1.1 0.0 0.0 0.0 0.0 1.1 0.0 -9.609 0.05 6.704 1.0]
	ConcatTransform [-0.845771 0.444079 -0.295745 0.0 0.159016 0.738913 0.654768 0.0 0.509299 0.506756 -0.695567 0.0 -0.904208 -0.462878 0.787089 1.0]
319
	ConcatTransform [1.1 0.0 0.0 0.0 0.0 1.1 0.0 0.0 0.0 0.0 1.1 0.0 -9.609 0.05 6.704 1.0]
	ConcatTransform [-0.845905 0.442341 -0.297959 0.0 0.156791 0.740239 0.653807 0.0 0.509766 0.506341 -0.695527 0.0 -0.903722 -0.463055 0.787199 1.0]
320
	ConcatTransform [1.1 0.0 0.0 0.0 0.0 1.1 0.0 0.0 0.0 0.0 1.1 0.0 -9.609 0.05 6.704 1.0]
	ConcatTransform [-0.848835 0.434444 -0.301228 0.0 0.151212 0.745515 0.649109 0.0 0.506572 0.505437 -0.698512 0.0 -0.900748 -0.463891 0.789556 1.0]
321
	ConcatTransform [1.1 0.0 0.0 0.0 0.0 1.1 0.0 0.0 0.0 0.0 1.1 0.0 -9.609 0.05 6.704 1.0]
	ConcatTransform [-0.850463 0.430085 -0.302885 0.0 0.14951 0.749673 0.6447 0.0 0.50434 0.503009 -0.701871 0.0 -0.899469 -0.463908 0.791992 1.0]
322
	ConcatTransform [1.1 0.0 0.0 0.0 0.0 1.1 0.0 0.0 0.0 0.0 1.1 0.0 -9.609 0.05 6.704 1.0]
	ConcatTransform [-0.85234 0.423518 -0.306837 0.0 0.146191 0.756252 0.637739 0.0 0.502139 0.498713 -0.706499 0.0 -0.897629 -0.463906 0.795879 1.0]
323
	ConcatTransform [1.1 0.0 0.0 0.0 0.0 1.1 0.0 0.0 0.0 0.0 1.1 0.0 -9.609 0.05 6.704 1.0]
	ConcatTransform [-0.853602 0.41906 -0.309438 0.0 0.143916 0.760607 0.63306 0.0 0.500651 0.495848 -0.709565 0.0 -0.896373 -0.46389 0.798484 1.0]
324
	ConcatTransform [1.1 0.0 0.0 0.0 0.0 1.1 0.0 0.0 0.0 0.0 1.1 0.0 -9.609 0.05 6.704 1.0]
	ConcatTransform [-0.855433 0.41253 -0.313134 0.0 0.140587 0.766865 0.626222 0.0 0.498466 0.491668 -0.713998 0.0 -0.894558 -0.463836 0.802296 1.0]
325
	ConcatTransform [1.1 0.0 0.0 0.0 0.0 1.1 0.0 0.0 0.0 0.0 1.1 0.0 -9.609 0.05 6.704 1.0]
	ConcatTransform [-0.856582 0.408482 -0.315293 0.0 0.138576 0.770675 0.621978 0.0 0.497055 0.489083 -0.716752 0.0 -0.893449 -0.463785 0.804708 1.0]
326
	ConcatTransform [1.1 0.0 0.0 0.0 0.0 1.1 0.0 0.0 0.0 0.0 1.1 0.0 -9.609 0.05 6.704 1.0]
	ConcatTransform [-0.858265 0.403131 -0.317595 0.0 0.136152 0.775525 0.61646 0.0 0.494817 0.485845 -0.720493 0.0 -0.891971 -0.463672 0.808 1.0]
327
	ConcatTransform [1.1 0.0 0.0 0.0 0.0 1.1 0.0 0.0 0.0 0.0 1.1 0.0 -9.609 0.05 6.704 1.0]
	ConcatTransform [-0.859051 0.400185 -0.319192 0.0 0.134744 0.778346 0.613206 0.0 0.493838 0.483765 -0.722562 0.0 -0.891183 -0.463622 0.809914 1.0]
328
	ConcatTransform [1.1 0.0 0.0 0.0 0.0 1.1 0.0 0.0 0.0 0.0 1.1 0.0 -9.609 0.05 6.704 1.0]
	ConcatTransform [-0.860078 0.396606 -0.320888 0.0 0.13302 0.781574 0.609465 0.0 0.492516 0.481503 -0.724971 0.0 -0.890342 -0.463511 0.812279 1.0]
329
	ConcatTransform [1.1 0.0 0.0 0.0 0.0 1.1 0.0 0.0 0.0 0.0 1.1 0.0 -9.609 0.05 6.704 1.0]
	ConcatTransform [-0.860591 0.39512 -0.321346 0.0 0.132461 0.782895 0.607889 0.0 0.491769 0.480578 -0.72609 0.0 -0.890005 -0.463462 0.813481 1.0]
330
	ConcatTransform [1.1 0.0 0.0 0.0 0.0 1.1 0.0 0.0 0.0 0.0 1.1 0.0 -9.609 0.05 6.704 1.0]
	ConcatTransform [-0.861182 0.394231 -0.320855 0.0 0.132623 0.783642 0.606891 0.0 0.490691 0.480091 -0.727142 0.0 -0.889838 -0.463425 0.814652 1.0]
331
	ConcatTransform [1.1 0.0 0.0 0.0 0.0 1.1 0.0 0.0 0.0 0.0 1.1 0.0 -9.609 0.05 6.704 1.0]
	ConcatTransform [-0.861436 0.394165 -0.320252 0.0 0.133043 0.783707 0.606715 0.0 0.490129 0.480039 -0.727555 0.0 -0.889896 -0.463422 0.814917 1.0]
332
	ConcatTransform [1.1 0.0 0.0 0.0 0.0 1.1 0.0 0.0 0.0 0.0 1.1 0.0 -9.609 0.05 6.704 1.0]
	ConcatTransform [-0.861388 0.394984 -0.319373 0.0 0.133839 0.783023 0.607422 0.0 0.489999 0.480482 -0.727351 0.0 -0.890184 -0.463447 0.814534 1.0]
333
	ConcatTransform [1.1 0.0 0.0 0.0 0.0 1.1 0.0 0.0 0.0 0.0 1.1 0.0 -9.609 0.05 6.704 1.0]
	ConcatTransform [-0.861081 0.396624 -0.318164 0.0 0.134929 0.781536 0.609094 0.0 0.490238 0.481549 -0.726483 0.0 -0.890705 -0.463493 0.813935 1.0]
334
	ConcatTransform [1.1 0.0 0.0 0.0 0.0 1.1 0.0 0.0 0.0 0.0 1.1 0.0 -9.609 0.05 6.704 1.0]
	ConcatTransform [-0.860361 0.400205 -0.315619 0.0 0.137252 0.778286 0.612725 0.0 0.490858 0.483845 -0.724536 0.0 -0.891823 -0.463585 0.81244 1.0]
335
	ConcatTransform [1.1 0.0 0.0 0.0 0.0 1.1 0.0 0.0 0.0 0.0 1.1 0.0 -9.609 0.05 6.704 1.0]
	ConcatTransform [-0.859728 0.403042 -0.313727 0.0 0.138998 0.775691 0.615616 0.0 0.491474 0.485655 -0.722905 0.0 -0.89271 -0.463651 0.811027 1.0]
336
	ConcatTransform [1.1 0.0 0.0 0.0 0.0 1.1 0.0 0.0 0.0 0.0 1.1 0.0 -9.609 0.05 6.704 1.0]
	ConcatTransform [-0.858551 0.407947 -0.310596 0.0 0.141908 0.771168 0.620615 0.0 0.492699 0.488753 -0.719977 0.0 -0.894175 -0.463746 0.808369 1.0]
337
	ConcatTransform [1.1 0.0 0.0 0.0 0.0 1.1 0.0 0.0 0.0 0.0 1.1 0.0 -9.609 0.05 6.704 1.0]
	ConcatTransform [-0.85762 0.411554 -0.308401 0.0 0.143891 0.767742 0.624394 0.0 0.493744 0.491117 -0.71765 0.0 -0.895196 -0.463796 0.8063 1.0]
338
	ConcatTransform [1.1 0.0 0.0 0.0 0.0 1.1 0.0 0.0 0.0 0.0 1.1 0.0 -9.609 0.05 6.704 1.0]
	ConcatTransform [-0.85586 0.417691 -0.305021 0.0 0.14728 0.762151 0.630425 0.0 0.495794 0.494632 -0.713812 0.0 -0.897018 -0.463849 0.802998 1.0]
339
	ConcatTransform [1.1 0.0 0.0 0.0 0.0 1.1 0.0 0.0 0.0 0.0 1.1 0.0 -9.609 0.05 6.704 1.0]
	ConcatTransform [-0.854712 0.421794 -0.302584 0.0 0.149373 0.758086 0.634818 0.0 0.497147 0.497388 -0.71095 0.0 -0.898312 -0.463872 0.800715 1.0]
340
	ConcatTransform [1.1 0.0 0.0 0.0 0.0 1.1 0.0 0.0 0.0 0.0 1.1 0.0 -9.609 0.05 6.704 1.0]
	ConcatTransform [-0.852922 0.427987 -0.298917 0.0 0.152592 0.751982 0.64128 0.0 0.49924 0.501349 -0.706689 0.0 -0.900167 -0.463864 0.797192 1.0]
341
	ConcatTransform [1.1 0.0 0.0 0.0 0.0 1.1 0.0 0.0 0.0 0.0 1.1 0.0 -9.609 0.05 6.704 1.0]
	ConcatTransform [-0.851743 0.431976 -0.296531 0.0 0.154657 0.747999 0.645429 0.0 0.500615 0.503879 -0.703911 0.0 -0.901326 -0.463837 0.79486 1.0]
342
	ConcatTransform [1.1 0.0 0.0 0.0 0.0 1.1 0.0 0.0 0.0 0.0 1.1 0.0 -9.609 0.05 6.704 1.0]
	ConcatTransform [-0.850734 0.435718 -0.293942 0.0 0.156953 0.744339 0.649096 0.0 0.501615 0.506073 -0.701621 0.0 -0.902598 -0.463793 0.791958 1.0]
343
	ConcatTransform [1.1 0.0 0.0 0.0 0.0 1.1 0.0 0.0 0.0 0.0 1.1 0.0 -9.609 0.05 6.704 1.0]
	ConcatTransform [-0.850792 0.435296 -0.294397 0.0 0.156338 0.744518 0.649038 0.0 0.501708 0.506171 -0.701484 0.0 -0.902745 -0.463803 0.791916 1.0]
344
	ConcatTransform [1.1 0.0 0.0 0.0 0.0 1.1 0.0 0.0 0.0 0.0 1.1 0.0 -9.609 0.05 6.704 1.0]
	ConcatTransform [-0.851239 0.433848 -0.295241 0.0 0.155703 0.746071 0.647407 0.0 0.501147 0.505128 -0.702636 0.0 -0.902408 -0.463821 0.792796 1.0]
345
	ConcatTransform [1.1 0.0 0.0 0.0 0.0 1.1 0.0 0.0 0.0 0.0 1.1 0.0 -9.609 0.05 6.704 1.0]
	ConcatTransform [-0.851644 0.432507 -0.296041 0.0 0.155037 0.747442 0.645982 0.0 0.500665 0.50425 -0.70361 0.0 -0.902009 -0.463828 0.793493 1.0]
346
	ConcatTransform [1.1 0.0 0.0 0.0 0.0 1.1 0.0 0.0 0.0 0.0 1.1 0.0 -9.609 0.05 6.704 1.0]
	ConcatTransform [-0.852417 0.43009 -0.297334 0.0 0.153918 0.749877 0.643424 0.0 0.499694 0.5027 -0.705407 0.0 -0.901287 -0.463843 0.794735 1.0]
347
	ConcatTransform [1.1 0.0 0.0 0.0 0.0 1.1 0.0 0.0 0.0 0.0 1.1 0.0 -9.609 0.05 6.704 1.0]
	ConcatTransform [-0.852963 0.428375 -0.298243 0.0 0.153115 0.751585 0.641619 0.0 0.499009 0.501612 -0.706665 0.0 -0.900776 -0.463852 0.795697 1.0]
348
	ConcatTransform [1.1 0.0 0.0 0.0 0.0 1.1 0.0 0.0 0.0 0.0 1.1 0.0 -9.609 0.05 6.704 1.0]
	ConcatTransform [-0.853775 0.425586 -0.299908 0.0 0.151639 0.754327 0.638746 0.0 0.49807 0.499867 -0.708561 0.0 -0.899962 -0.463861 0.79726 1.0]
349
	ConcatTransform [1.1 0.0 0.0 0.0 0.0 1.1 0.0 0.0 0.0 0.0 1.1 0.0 -9.609 0.05 6.704 1.0]
	ConcatTransform [-0.854345 0.423638 -0.301039 0.0 0.150626 0.756231 0.636731 0.0 0.497399 0.498644 -0.709893 0.0 -0.899392 -0.463863 0.798342 1.0]
350
	ConcatTransform [1.1 0.0 0.0 0.0 0.0 1.1 0.0 0.0 0.0 0.0 1.1 0.0 -9.609 0.05 6.704 1.0]
	ConcatTransform [-0.855186 0.420741 -0.30271 0.0 0.149113 0.759039 0.633739 0.0 0.496409 0.496827 -0.711858 0.0 -0.898553 -0.463858 0.799989 1.0]
351
	ConcatTransform [1.1 0.0 0.0 0.0 0.0 1.1 0.0 0.0 0.0 0.0 1.1 0.0 -9.609 0.05 6.704 1.0]
	ConcatTransform [-0.855716 0.418889 -0.30378 0.0 0.148137 0.760821 0.631828 0.0 0.495788 0.495664 -0.7131 0.0 -0.898022 -0.463851 0.801073 1.0]
352
	ConcatTransform [1.1 0.0 0.0 0.0 0.0 1.1 0.0 0.0 0.0 0.0 1.1 0.0 -9.609 0.05 6.704 1.0]
	ConcatTransform [-0.856448 0.416261 -0.305326 0.0 0.146711 0.763324 0.629136 0.0 0.494947 0.494028 -0.714817 0.0 -0.897279 -0.463835 0.802598 1.0]
353
	ConcatTransform [1.1 0.0 0.0 0.0 0.0 1.1 0.0 0.0 0.0 0.0 1.1 0.0 -9.609 0.05 6.704 1.0]
	ConcatTransform [-0.856865 0.414726 -0.306244 0.0 0.145867 0.764781 0.627561 0.0 0.494475 0.493064 -0.715809 0.0 -0.896851 -0.463822 0.803533 1.0]
354
	ConcatTransform [1.1 0.0 0.0 0.0 0.0 1.1 0.0 0.0 0.0 0.0 1.1 0.0 -9.609 0.05 6.704 1.0]
	ConcatTransform [-0.85734 0.412817 -0.307491 0.0 0.144725 0.766575 0.625634 0.0 0.493987 0.491879 -0.71696 0.0 -0.896309 -0.463803 0.804758 1.0]
355
	ConcatTransform [1.1 0.0 0.0 0.0 0.0 1.1 0.0 0.0 0.0 0.0 1.1 0.0 -9.609 0.05 6.704 1.0]
	ConcatTransform [-0.857623 0.411838 -0.308014 0.0 0.144284 0.767552 0.624537 0.0 0.493625 0.491176 -0.717692 0.0 -0.896059 -0.463789 0.805432 1.0]
356
	ConcatTransform [1.1 0.0 0.0 0.0 0.0 1.1 0.0 0.0 0.0 0.0 1.1 0.0 -9.609 0.05 6.704 1.0]
	ConcatTransform [-0.857871 0.410628 -0.308936 0.0 0.143399 0.76862 0.623426 0.0 0.493451 0.490518 -0.718261 0.0 -0.895818 -0.463778 0.806175 1.0]
357
	ConcatTransform [1.1 0.0 0.0 0.0 0.0 1.1 0.0 0.0 0.0 0.0 1.1 0.0 -9.609 0.05 6.704 1.0]
	ConcatTransform [-0.857866 0.410222 -0.309489 0.0 0.142955 0.769007 0.623051 0.0 0.493588 0.490252 -0.718348 0.0 -0.895734 -0.463772 0.806474 1.0]
358
	ConcatTransform [1.1 0.0 0.0 0.0 0.0 1.1 0.0 0.0 0.0 0.0 1.1 0.0 -9.609 0.05 6.704 1.0]
	ConcatTransform [-0.857677 0.410169 -0.310082 0.0 0.142507 0.769045 0.623106 0.0 0.494046 0.490235 -0.718045 0.0 -0.895757 -0.463772 0.806629 1.0]
359
	ConcatTransform [1.1 0.0 0.0 0.0 0.0 1.1 0.0 0.0 0.0 0.0 1.1 0.0 -9.609 0.05 6.704 1.0]
	ConcatTransform [-0.857471 0.41046 -0.310269 0.0 0.142406 0.768774 0.623464 0.0 0.494433 0.490418 -0.717653 0.0 -0.895871 -0.463776 0.806527 1.0]
360
	ConcatTransform [1.1 0.0 0.0 0.0 0.0 1.1 0.0 0.0 0.0 0.0 1.1 0.0 -9.609 0.05 6.704 1.0]
	ConcatTransform [0.270363 -0.718518 -0.640809 0.0 0.386552 0.690605 -0.611263 0.0 0.881749 -0.082443 0.464459 0.0 -35.517952 -60.267574 24.449915 1.0]
