228
	ConcatTransform [1.1 0.0 0.0 0.0 0.0 1.1 0.0 0.0 0.0 0.0 1.1 0.0 -9.609 0.05 6.704 1.0]
	ConcatTransform [0.975691 0.188362 -0.112014 0.0 -0.1481 0.943473 0.296523 0.0 0.161535 -0.272726 0.948434 0.0 -0.029078 0.018191 -0.046255 1.0]
229
	ConcatTransform [1.1 0.0 0.0 0.0 0.0 1.1 0.0 0.0 0.0 0.0 1.1 0.0 -9.609 0.05 6.704 1.0]
	ConcatTransform [0.947519 0.289662 -0.135294 0.0 -0.150564 0.77763 0.610427 0.0 0.282026 -0.558021 0.780432 0.0 -0.054366 0.02584 -0.08479 1.0]
230
	ConcatTransform [1.1 0.0 0.0 0.0 0.0 1.1 0.0 0.0 0.0 0.0 1.1 0.0 -9.609 0.05 6.704 1.0]
	ConcatTransform [0.957919 0.278803 -0.068266 0.0 -0.040697 0.367343 0.929195 0.0 0.28414 -0.887315 0.363231 0.0 -0.090567 0.020198 -0.143014 1.0]
231
	ConcatTransform [1.1 0.0 0.0 0.0 0.0 1.1 0.0 0.0 0.0 0.0 1.1 0.0 -9.609 0.05 6.704 1.0]
	ConcatTransform [0.968911 0.246825 0.01698 0.0 -0.046192 0.11305 0.992515 0.0 0.243058 -0.962443 0.120937 0.0 -0.115167 0.004645 -0.183665 1.0]
232
	ConcatTransform [1.1 0.0 0.0 0.0 0.0 1.1 0.0 0.0 0.0 0.0 1.1 0.0 -9.609 0.05 6.704 1.0]
	ConcatTransform [0.99348 0.013051 0.113254 0.0 -0.109805 -0.1576 0.981379 0.0 0.030657 -0.987417 -0.15514 0.0 -0.151221 -0.035076 -0.246341 1.0]
233
	ConcatTransform [1.1 0.0 0.0 0.0 0.0 1.1 0.0 0.0 0.0 0.0 1.1 0.0 -9.609 0.05 6.704 1.0]
	ConcatTransform [0.981077 -0.130098 0.143396 0.0 -0.179003 -0.327179 0.927853 0.0 -0.073795 -0.935964 -0.344276 0.0 -0.178766 -0.068901 -0.283619 1.0]
234
	ConcatTransform [1.1 0.0 0.0 0.0 0.0 1.1 0.0 0.0 0.0 0.0 1.1 0.0 -9.609 0.05 6.704 1.0]
	ConcatTransform [0.896655 -0.425533 0.122191 0.0 -0.298049 -0.376105 0.877332 0.0 -0.327377 -0.823084 -0.464066 0.0 -0.22768 -0.118793 -0.324381 1.0]
235
	ConcatTransform [1.1 0.0 0.0 0.0 0.0 1.1 0.0 0.0 0.0 0.0 1.1 0.0 -9.609 0.05 6.704 1.0]
	ConcatTransform [0.775868 -0.618273 0.125566 0.0 -0.377846 -0.295989 0.877281 0.0 -0.505233 -0.728099 -0.463261 0.0 -0.262704 -0.154842 -0.342243 1.0]
236
	ConcatTransform [1.1 0.0 0.0 0.0 0.0 1.1 0.0 0.0 0.0 0.0 1.1 0.0 -9.609 0.05 6.704 1.0]
	ConcatTransform [0.542594 -0.81505 0.203187 0.0 -0.521377 -0.137126 0.842237 0.0 -0.658603 -0.562929 -0.499352 0.0 -0.317351 -0.221254 -0.36185 1.0]
237
	ConcatTransform [1.1 0.0 0.0 0.0 0.0 1.1 0.0 0.0 0.0 0.0 1.1 0.0 -9.609 0.05 6.704 1.0]
	ConcatTransform [0.431713 -0.822805 0.369616 0.0 -0.594835 0.048346 0.802393 0.0 -0.678082 -0.566264 -0.468561 0.0 -0.353761 -0.271262 -0.370924 1.0]
238
	ConcatTransform [1.1 0.0 0.0 0.0 0.0 1.1 0.0 0.0 0.0 0.0 1.1 0.0 -9.609 0.05 6.704 1.0]
	ConcatTransform [0.359802 -0.813228 0.457387 0.0 -0.588534 0.182577 0.787587 0.0 -0.723996 -0.552564 -0.41292 0.0 -0.402042 -0.346789 -0.368534 1.0]
239
	ConcatTransform [1.1 0.0 0.0 0.0 0.0 1.1 0.0 0.0 0.0 0.0 1.1 0.0 -9.609 0.05 6.704 1.0]
	ConcatTransform [0.398639 -0.769188 0.499436 0.0 -0.551124 0.23436 0.800836 0.0 -0.733041 -0.594496 -0.330492 0.0 -0.428437 -0.384834 -0.350179 1.0]
240
	ConcatTransform [1.1 0.0 0.0 0.0 0.0 1.1 0.0 0.0 0.0 0.0 1.1 0.0 -9.609 0.05 6.704 1.0]
	ConcatTransform [0.49281 -0.67215 0.552588 0.0 -0.467573 0.331021 0.819634 0.0 -0.733835 -0.662299 -0.151149 0.0 -0.461878 -0.427442 -0.305615 1.0]
241
	ConcatTransform [1.1 0.0 0.0 0.0 0.0 1.1 0.0 0.0 0.0 0.0 1.1 0.0 -9.609 0.05 6.704 1.0]
	ConcatTransform [0.528567 -0.624087 0.575441 0.0 -0.455363 0.363643 0.812655 0.0 -0.716423 -0.691577 -0.091977 0.0 -0.480452 -0.446407 -0.266325 1.0]
242
	ConcatTransform [1.1 0.0 0.0 0.0 0.0 1.1 0.0 0.0 0.0 0.0 1.1 0.0 -9.609 0.05 6.704 1.0]
	ConcatTransform [0.502937 -0.551501 0.665508 0.0 -0.448455 0.491721 0.74639 0.0 -0.738879 -0.673838 -1.8e-05 0.0 -0.503441 -0.474276 -0.203545 1.0]
243
	ConcatTransform [1.1 0.0 0.0 0.0 0.0 1.1 0.0 0.0 0.0 0.0 1.1 0.0 -9.609 0.05 6.704 1.0]
	ConcatTransform [0.459687 -0.486599 0.742906 0.0 -0.483332 0.564708 0.668951 0.0 -0.745035 -0.666578 0.0244 0.0 -0.517017 -0.495834 -0.161323 1.0]
244
	ConcatTransform [1.1 0.0 0.0 0.0 0.0 1.1 0.0 0.0 0.0 0.0 1.1 0.0 -9.609 0.05 6.704 1.0]
	ConcatTransform [0.35902 -0.33013 0.872994 0.0 -0.585006 0.649218 0.486091 0.0 -0.727236 -0.685223 0.039954 0.0 -0.534536 -0.526061 -0.098843 1.0]
245
	ConcatTransform [1.1 0.0 0.0 0.0 0.0 1.1 0.0 0.0 0.0 0.0 1.1 0.0 -9.609 0.05 6.704 1.0]
	ConcatTransform [0.281397 -0.22824 0.932053 0.0 -0.6459 0.673278 0.359875 0.0 -0.709669 -0.70328 0.042038 0.0 -0.541073 -0.522938 -0.059236 1.0]
246
	ConcatTransform [1.1 0.0 0.0 0.0 0.0 1.1 0.0 0.0 0.0 0.0 1.1 0.0 -9.609 0.05 6.704 1.0]
	ConcatTransform [0.200531 -0.088266 0.975703 0.0 -0.733108 0.647134 0.209214 0.0 -0.649877 -0.75725 0.065062 0.0 -0.550094 -0.514465 -0.002102 1.0]
247
	ConcatTransform [1.1 0.0 0.0 0.0 0.0 1.1 0.0 0.0 0.0 0.0 1.1 0.0 -9.609 0.05 6.704 1.0]
	ConcatTransform [0.139378 -0.019925 0.990039 0.0 -0.753008 0.647156 0.119033 0.0 -0.643081 -0.762097 0.075196 0.0 -0.554479 -0.504172 0.031784 1.0]
248
	ConcatTransform [1.1 0.0 0.0 0.0 0.0 1.1 0.0 0.0 0.0 0.0 1.1 0.0 -9.609 0.05 6.704 1.0]
	ConcatTransform [0.077996 0.085022 0.993322 0.0 -0.786445 0.617596 0.008889 0.0 -0.612716 -0.781886 0.115035 0.0 -0.561366 -0.485884 0.074794 1.0]
249
	ConcatTransform [1.1 0.0 0.0 0.0 0.0 1.1 0.0 0.0 0.0 0.0 1.1 0.0 -9.609 0.05 6.704 1.0]
	ConcatTransform [0.041007 0.134077 0.990122 0.0 -0.802359 0.594961 -0.047336 0.0 -0.595431 -0.792493 0.131976 0.0 -0.565374 -0.475596 0.098916 1.0]
250
	ConcatTransform [1.1 0.0 0.0 0.0 0.0 1.1 0.0 0.0 0.0 0.0 1.1 0.0 -9.609 0.05 6.704 1.0]
	ConcatTransform [-0.015384 0.180263 0.983498 0.0 -0.818507 0.562676 -0.115935 0.0 -0.57429 -0.806784 0.138891 0.0 -0.570479 -0.464128 0.127525 1.0]
251
	ConcatTransform [1.1 0.0 0.0 0.0 0.0 1.1 0.0 0.0 0.0 0.0 1.1 0.0 -9.609 0.05 6.704 1.0]
	ConcatTransform [-0.03424 0.200537 0.979088 0.0 -0.831599 0.537648 -0.139203 0.0 -0.554319 -0.818975 0.148357 0.0 -0.573575 -0.458497 0.14057 1.0]
252
	ConcatTransform [1.1 0.0 0.0 0.0 0.0 1.1 0.0 0.0 0.0 0.0 1.1 0.0 -9.609 0.05 6.704 1.0]
	ConcatTransform [-0.074975 0.210706 0.97467 0.0 -0.845481 0.504805 -0.174167 0.0 -0.528716 -0.837123 0.1403 0.0 -0.577778 -0.453923 0.150953 1.0]
253
	ConcatTransform [1.1 0.0 0.0 0.0 0.0 1.1 0.0 0.0 0.0 0.0 1.1 0.0 -9.609 0.05 6.704 1.0]
	ConcatTransform [-0.106697 0.197657 0.974447 0.0 -0.855988 0.480356 -0.191162 0.0 -0.505866 -0.854511 0.11794 0.0 -0.580607 -0.455571 0.153197 1.0]
254
	ConcatTransform [1.1 0.0 0.0 0.0 0.0 1.1 0.0 0.0 0.0 0.0 1.1 0.0 -9.609 0.05 6.704 1.0]
	ConcatTransform [-0.152617 0.158884 0.97543 0.0 -0.860128 0.464721 -0.210273 0.0 -0.486712 -0.871086 0.065737 0.0 -0.584807 -0.46494 0.149686 1.0]
255
	ConcatTransform [1.1 0.0 0.0 0.0 0.0 1.1 0.0 0.0 0.0 0.0 1.1 0.0 -9.609 0.05 6.704 1.0]
	ConcatTransform [-0.177712 0.116768 0.97713 0.0 -0.861135 0.462137 -0.211841 0.0 -0.476304 -0.879088 0.018426 0.0 -0.587885 -0.474968 0.142703 1.0]
256
	ConcatTransform [1.1 0.0 0.0 0.0 0.0 1.1 0.0 0.0 0.0 0.0 1.1 0.0 -9.609 0.05 6.704 1.0]
	ConcatTransform [-0.207496 0.039694 0.97743 0.0 -0.862666 0.463699 -0.201964 0.0 -0.461251 -0.885103 -0.061973 0.0 -0.593045 -0.49172 0.123686 1.0]
257
	ConcatTransform [1.1 0.0 0.0 0.0 0.0 1.1 0.0 0.0 0.0 0.0 1.1 0.0 -9.609 0.05 6.704 1.0]
	ConcatTransform [-0.227178 -0.022182 0.9736 0.0 -0.858764 0.476026 -0.189537 0.0 -0.459255 -0.879152 -0.127192 0.0 -0.596569 -0.50397 0.106148 1.0]
258
	ConcatTransform [1.1 0.0 0.0 0.0 0.0 1.1 0.0 0.0 0.0 0.0 1.1 0.0 -9.609 0.05 6.704 1.0]
	ConcatTransform [-0.257379 -0.123795 0.958348 0.0 -0.846135 0.507867 -0.161638 0.0 -0.466703 -0.852494 -0.235462 0.0 -0.601835 -0.520159 0.072735 1.0]
259
	ConcatTransform [1.1 0.0 0.0 0.0 0.0 1.1 0.0 0.0 0.0 0.0 1.1 0.0 -9.609 0.05 6.704 1.0]
	ConcatTransform [-0.275095 -0.177039 0.944976 0.0 -0.842824 0.517313 -0.14844 0.0 -0.462569 -0.837284 -0.291523 0.0 -0.605489 -0.525766 0.045729 1.0]
260
	ConcatTransform [1.1 0.0 0.0 0.0 0.0 1.1 0.0 0.0 0.0 0.0 1.1 0.0 -9.609 0.05 6.704 1.0]
	ConcatTransform [-0.31117 -0.265732 0.912447 0.0 -0.828765 0.545755 -0.123692 0.0 -0.465104 -0.794693 -0.390052 0.0 -0.610333 -0.531961 0.002351 1.0]
261
	ConcatTransform [1.1 0.0 0.0 0.0 0.0 1.1 0.0 0.0 0.0 0.0 1.1 0.0 -9.609 0.05 6.704 1.0]
	ConcatTransform [-0.338201 -0.3164 0.886291 0.0 -0.823226 0.555794 -0.115721 0.0 -0.455981 -0.768755 -0.448439 0.0 -0.613038 -0.532911 -0.027937 1.0]
262
	ConcatTransform [1.1 0.0 0.0 0.0 0.0 1.1 0.0 0.0 0.0 0.0 1.1 0.0 -9.609 0.05 6.704 1.0]
	ConcatTransform [-0.388638 -0.392852 0.833443 0.0 -0.816677 0.565687 -0.114178 0.0 -0.426613 -0.725028 -0.540681 0.0 -0.615275 -0.531257 -0.073133 1.0]
263
	ConcatTransform [1.1 0.0 0.0 0.0 0.0 1.1 0.0 0.0 0.0 0.0 1.1 0.0 -9.609 0.05 6.704 1.0]
	ConcatTransform [-0.423696 -0.435804 0.794076 0.0 -0.810708 0.573468 -0.11784 0.0 -0.404022 -0.693693 -0.596286 0.0 -0.615388 -0.528111 -0.102221 1.0]
264
	ConcatTransform [1.1 0.0 0.0 0.0 0.0 1.1 0.0 0.0 0.0 0.0 1.1 0.0 -9.609 0.05 6.704 1.0]
	ConcatTransform [-0.479629 -0.485702 0.730787 0.0 -0.79689 0.589738 -0.131056 0.0 -0.367319 -0.645215 -0.669906 0.0 -0.61389 -0.521308 -0.142756 1.0]
265
	ConcatTransform [1.1 0.0 0.0 0.0 0.0 1.1 0.0 0.0 0.0 0.0 1.1 0.0 -9.609 0.05 6.704 1.0]
	ConcatTransform [-0.507023 -0.515321 0.690921 0.0 -0.789421 0.599445 -0.132212 0.0 -0.346038 -0.612462 -0.710738 0.0 -0.61205 -0.515719 -0.166671 1.0]
266
	ConcatTransform [1.1 0.0 0.0 0.0 0.0 1.1 0.0 0.0 0.0 0.0 1.1 0.0 -9.609 0.05 6.704 1.0]
	ConcatTransform [-0.530055 -0.549345 0.645958 0.0 -0.782622 0.610166 -0.123291 0.0 -0.326412 -0.570892 -0.753351 0.0 -0.607804 -0.507504 -0.197082 1.0]
267
	ConcatTransform [1.1 0.0 0.0 0.0 0.0 1.1 0.0 0.0 0.0 0.0 1.1 0.0 -9.609 0.05 6.704 1.0]
	ConcatTransform [-0.535659 -0.572135 0.621072 0.0 -0.782694 0.612455 -0.110857 0.0 -0.316953 -0.545491 -0.775874 0.0 -0.604383 -0.502028 -0.212985 1.0]
268
	ConcatTransform [1.1 0.0 0.0 0.0 0.0 1.1 0.0 0.0 0.0 0.0 1.1 0.0 -9.609 0.05 6.704 1.0]
	ConcatTransform [-0.566043 -0.54953 0.614502 0.0 -0.768653 0.621223 -0.152497 0.0 -0.297941 -0.558658 -0.774037 0.0 -0.599302 -0.498913 -0.233089 1.0]
269
	ConcatTransform [1.1 0.0 0.0 0.0 0.0 1.1 0.0 0.0 0.0 0.0 1.1 0.0 -9.609 0.05 6.704 1.0]
	ConcatTransform [-0.595415 -0.508686 0.621868 0.0 -0.753116 0.622965 -0.211496 0.0 -0.279817 -0.594267 -0.754022 0.0 -0.59608 -0.50743 -0.246555 1.0]
270
	ConcatTransform [1.1 0.0 0.0 0.0 0.0 1.1 0.0 0.0 0.0 0.0 1.1 0.0 -9.609 0.05 6.704 1.0]
	ConcatTransform [-0.623525 -0.496871 0.603602 0.0 -0.751169 0.594757 -0.286373 0.0 -0.216707 -0.631968 -0.74408 0.0 -0.591439 -0.518679 -0.260743 1.0]
271
	ConcatTransform [1.1 0.0 0.0 0.0 0.0 1.1 0.0 0.0 0.0 0.0 1.1 0.0 -9.609 0.05 6.704 1.0]
	ConcatTransform [-0.645632 -0.495774 0.580833 0.0 -0.74155 0.588679 -0.321807 0.0 -0.182381 -0.638486 -0.747712 0.0 -0.588129 -0.519395 -0.264845 1.0]
272
	ConcatTransform [1.1 0.0 0.0 0.0 0.0 1.1 0.0 0.0 0.0 0.0 1.1 0.0 -9.609 0.05 6.704 1.0]
	ConcatTransform [-0.678212 -0.49225 0.545636 0.0 -0.722678 0.581433 -0.373727 0.0 -0.133283 -0.647786 -0.750073 0.0 -0.583708 -0.520483 -0.266545 1.0]
273
	ConcatTransform [1.1 0.0 0.0 0.0 0.0 1.1 0.0 0.0 0.0 0.0 1.1 0.0 -9.609 0.05 6.704 1.0]
	ConcatTransform [-0.700811 -0.482155 0.525729 0.0 -0.705668 0.576433 -0.412017 0.0 -0.104392 -0.659736 -0.744211 0.0 -0.581177 -0.522174 -0.265276 1.0]
274
	ConcatTransform [1.1 0.0 0.0 0.0 0.0 1.1 0.0 0.0 0.0 0.0 1.1 0.0 -9.609 0.05 6.704 1.0]
	ConcatTransform [-0.736479 -0.455808 0.499838 0.0 -0.673067 0.56768 -0.474046 0.0 -0.067674 -0.68555 -0.724874 0.0 -0.578153 -0.525688 -0.260078 1.0]
275
	ConcatTransform [1.1 0.0 0.0 0.0 0.0 1.1 0.0 0.0 0.0 0.0 1.1 0.0 -9.609 0.05 6.704 1.0]
	ConcatTransform [-0.756135 -0.448172 0.476866 0.0 -0.653158 0.561988 -0.507498 0.0 -0.040547 -0.695206 -0.717666 0.0 -0.576963 -0.526633 -0.254139 1.0]
276
	ConcatTransform [1.1 0.0 0.0 0.0 0.0 1.1 0.0 0.0 0.0 0.0 1.1 0.0 -9.609 0.05 6.704 1.0]
	ConcatTransform [-0.782033 -0.433172 0.448092 0.0 -0.623201 0.551285 -0.554712 0.0 -0.006741 -0.713054 -0.701077 0.0 -0.57614 -0.528307 -0.242828 1.0]
277
	ConcatTransform [1.1 0.0 0.0 0.0 0.0 1.1 0.0 0.0 0.0 0.0 1.1 0.0 -9.609 0.05 6.704 1.0]
	ConcatTransform [-0.796869 -0.424547 0.429837 0.0 -0.604009 0.544333 -0.58213 0.0 0.013167 -0.723506 -0.690192 0.0 -0.576331 -0.529083 -0.233847 1.0]
278
	ConcatTransform [1.1 0.0 0.0 0.0 0.0 1.1 0.0 0.0 0.0 0.0 1.1 0.0 -9.609 0.05 6.704 1.0]
	ConcatTransform [-0.82246 -0.398195 0.406202 0.0 -0.568052 0.53781 -0.622959 0.0 0.0296 -0.743103 -0.668523 0.0 -0.577427 -0.530702 -0.218883 1.0]
279
	ConcatTransform [1.1 0.0 0.0 0.0 0.0 1.1 0.0 0.0 0.0 0.0 1.1 0.0 -9.609 0.05 6.704 1.0]
	ConcatTransform [-0.837064 -0.381959 0.391703 0.0 -0.545334 0.524932 -0.653497 0.0 0.043992 -0.760627 -0.647697 0.0 -0.578869 -0.531508 -0.208225 1.0]
280
	ConcatTransform [1.1 0.0 0.0 0.0 0.0 1.1 0.0 0.0 0.0 0.0 1.1 0.0 -9.609 0.05 6.704 1.0]
	ConcatTransform [-0.857996 -0.358332 0.368023 0.0 -0.509717 0.505398 -0.696248 0.0 0.06349 -0.784966 -0.616278 0.0 -0.581765 -0.531958 -0.191673 1.0]
281
	ConcatTransform [1.1 0.0 0.0 0.0 0.0 1.1 0.0 0.0 0.0 0.0 1.1 0.0 -9.609 0.05 6.704 1.0]
	ConcatTransform [-0.871349 -0.344615 0.349272 0.0 -0.484863 0.495619 -0.720604 0.0 0.075225 -0.797246 -0.598949 0.0 -0.584049 -0.531856 -0.18058 1.0]
282
	ConcatTransform [1.1 0.0 0.0 0.0 0.0 1.1 0.0 0.0 0.0 0.0 1.1 0.0 -9.609 0.05 6.704 1.0]
	ConcatTransform [-0.887899 -0.331784 0.318676 0.0 -0.449768 0.480515 -0.75287 0.0 0.096662 -0.811804 -0.575874 0.0 -0.587915 -0.531364 -0.164472 1.0]
283
	ConcatTransform [1.1 0.0 0.0 0.0 0.0 1.1 0.0 0.0 0.0 0.0 1.1 0.0 -9.609 0.05 6.704 1.0]
	ConcatTransform [-0.898218 -0.324956 0.295987 0.0 -0.425459 0.473612 -0.771153 0.0 0.110407 -0.818593 -0.563662 0.0 -0.590608 -0.531017 -0.154299 1.0]
284
	ConcatTransform [1.1 0.0 0.0 0.0 0.0 1.1 0.0 0.0 0.0 0.0 1.1 0.0 -9.609 0.05 6.704 1.0]
	ConcatTransform [-0.913809 -0.31283 0.259017 0.0 -0.385654 0.46834 -0.794939 0.0 0.127372 -0.826314 -0.548618 0.0 -0.594606 -0.53056 -0.140223 1.0]
285
	ConcatTransform [1.1 0.0 0.0 0.0 0.0 1.1 0.0 0.0 0.0 0.0 1.1 0.0 -9.609 0.05 6.704 1.0]
	ConcatTransform [-0.921749 -0.309733 0.233332 0.0 -0.360924 0.465173 -0.808299 0.0 0.141818 -0.829264 -0.540563 0.0 -0.597279 -0.530339 -0.131759 1.0]
286
	ConcatTransform [1.1 0.0 0.0 0.0 0.0 1.1 0.0 0.0 0.0 0.0 1.1 0.0 -9.609 0.05 6.704 1.0]
	ConcatTransform [-0.929462 -0.31392 0.193791 0.0 -0.327608 0.460807 -0.824821 0.0 0.169628 -0.830128 -0.531145 0.0 -0.601223 -0.530226 -0.120567 1.0]
287
	ConcatTransform [1.1 0.0 0.0 0.0 0.0 1.1 0.0 0.0 0.0 0.0 1.1 0.0 -9.609 0.05 6.704 1.0]
	ConcatTransform [-0.93483 -0.313916 0.16598 0.0 -0.302917 0.461076 -0.834057 0.0 0.185295 -0.829979 -0.526118 0.0 -0.603614 -0.530236 -0.114145 1.0]
288
	ConcatTransform [1.1 0.0 0.0 0.0 0.0 1.1 0.0 0.0 0.0 0.0 1.1 0.0 -9.609 0.05 6.704 1.0]
	ConcatTransform [-0.943145 -0.309047 0.122341 0.0 -0.262165 0.465414 -0.845375 0.0 0.204321 -0.829385 -0.519974 0.0 -0.606775 -0.530314 -0.106069 1.0]
289
	ConcatTransform [1.1 0.0 0.0 0.0 0.0 1.1 0.0 0.0 0.0 0.0 1.1 0.0 -9.609 0.05 6.704 1.0]
	ConcatTransform [-0.945855 -0.310807 0.093583 0.0 -0.237836 0.467422 -0.85144 0.0 0.220891 -0.827596 -0.516035 0.0 -0.608723 -0.53043 -0.101692 1.0]
290
	ConcatTransform [1.1 0.0 0.0 0.0 0.0 1.1 0.0 0.0 0.0 0.0 1.1 0.0 -9.609 0.05 6.704 1.0]
	ConcatTransform [-0.95069 -0.305259 0.054816 0.0 -0.199428 0.46633 -0.861838 0.0 0.237522 -0.830273 -0.504213 0.0 -0.611164 -0.530217 -0.096674 1.0]
291
	ConcatTransform [1.1 0.0 0.0 0.0 0.0 1.1 0.0 0.0 0.0 0.0 1.1 0.0 -9.609 0.05 6.704 1.0]
	ConcatTransform [-0.952621 -0.302354 0.033096 0.0 -0.178056 0.466137 -0.86661 0.0 0.246596 -0.831444 -0.497888 0.0 -0.61252 -0.530108 -0.09425 1.0]
292
	ConcatTransform [1.1 0.0 0.0 0.0 0.0 1.1 0.0 0.0 0.0 0.0 1.1 0.0 -9.609 0.05 6.704 1.0]
	ConcatTransform [-0.953764 -0.300535 0.003479 0.0 -0.149183 0.463329 -0.873539 0.0 0.260917 -0.83367 -0.486741 0.0 -0.613918 -0.529921 -0.092137 1.0]
293
	ConcatTransform [1.1 0.0 0.0 0.0 0.0 1.1 0.0 0.0 0.0 0.0 1.1 0.0 -9.609 0.05 6.704 1.0]
	ConcatTransform [-0.953837 -0.299913 -0.015706 0.0 -0.130764 0.461823 -0.87728 0.0 0.270361 -0.834728 -0.479722 0.0 -0.614365 -0.529831 -0.091711 1.0]
294
	ConcatTransform [1.1 0.0 0.0 0.0 0.0 1.1 0.0 0.0 0.0 0.0 1.1 0.0 -9.609 0.05 6.704 1.0]
	ConcatTransform [-0.953162 -0.299401 -0.042901 0.0 -0.105571 0.462252 -0.880442 0.0 0.283436 -0.834675 -0.472209 0.0 -0.614271 -0.529843 -0.092538 1.0]
295
	ConcatTransform [1.1 0.0 0.0 0.0 0.0 1.1 0.0 0.0 0.0 0.0 1.1 0.0 -9.609 0.05 6.704 1.0]
	ConcatTransform [-0.952201 -0.29975 -0.058853 0.0 -0.091724 0.464331 -0.880899 0.0 0.291376 -0.833395 -0.469631 0.0 -0.613695 -0.529952 -0.094062 1.0]
296
	ConcatTransform [1.1 0.0 0.0 0.0 0.0 1.1 0.0 0.0 0.0 0.0 1.1 0.0 -9.609 0.05 6.704 1.0]
	ConcatTransform [-0.950131 -0.301935 -0.078014 0.0 -0.07701 0.469585 -0.879522 0.0 0.302193 -0.829654 -0.469419 0.0 -0.612067 -0.530245 -0.09775 1.0]
297
	ConcatTransform [1.1 0.0 0.0 0.0 0.0 1.1 0.0 0.0 0.0 0.0 1.1 0.0 -9.609 0.05 6.704 1.0]
	ConcatTransform [-0.949064 -0.302643 -0.087665 0.0 -0.07016 0.474226 -0.877603 0.0 0.307173 -0.826751 -0.471304 0.0 -0.610431 -0.53046 -0.101094 1.0]
298
	ConcatTransform [1.1 0.0 0.0 0.0 0.0 1.1 0.0 0.0 0.0 0.0 1.1 0.0 -9.609 0.05 6.704 1.0]
	ConcatTransform [-0.948876 -0.300556 -0.096441 0.0 -0.064342 0.483287 -0.873094 0.0 0.309022 -0.822253 -0.477918 0.0 -0.607236 -0.530726 -0.107208 1.0]
299
	ConcatTransform [1.1 0.0 0.0 0.0 0.0 1.1 0.0 0.0 0.0 0.0 1.1 0.0 -9.609 0.05 6.704 1.0]
	ConcatTransform [-0.948025 -0.302952 -0.097307 0.0 -0.067887 0.491338 -0.868319 0.0 0.31087 -0.816582 -0.486367 0.0 -0.604738 -0.531056 -0.111889 1.0]
300
	ConcatTransform [1.1 0.0 0.0 0.0 0.0 1.1 0.0 0.0 0.0 0.0 1.1 0.0 -9.609 0.05 6.704 1.0]
	ConcatTransform [-0.94698 -0.308146 -0.090969 0.0 -0.081885 0.505256 -0.859076 0.0 0.310683 -0.806078 -0.5037 0.0 -0.600244 -0.531499 -0.119779 1.0]
301
	ConcatTransform [1.1 0.0 0.0 0.0 0.0 1.1 0.0 0.0 0.0 0.0 1.1 0.0 -9.609 0.05 6.704 1.0]
	ConcatTransform [-0.946848 -0.311115 -0.081767 0.0 -0.095149 0.513681 -0.852689 0.0 0.307287 -0.799587 -0.51598 0.0 -0.59675 -0.531676 -0.125504 1.0]
302
	ConcatTransform [1.1 0.0 0.0 0.0 0.0 1.1 0.0 0.0 0.0 0.0 1.1 0.0 -9.609 0.05 6.704 1.0]
	ConcatTransform [-0.947086 -0.314708 -0.063147 0.0 -0.119445 0.52815 -0.840708 0.0 0.297928 -0.78868 -0.537794 0.0 -0.5909 -0.531818 -0.1344 1.0]
303
	ConcatTransform [1.1 0.0 0.0 0.0 0.0 1.1 0.0 0.0 0.0 0.0 1.1 0.0 -9.609 0.05 6.704 1.0]
	ConcatTransform [-0.94644 -0.319456 -0.046887 0.0 -0.139314 0.535039 -0.833262 0.0 0.291277 -0.7821 -0.550887 0.0 -0.586695 -0.531851 -0.14044 1.0]
304
	ConcatTransform [1.1 0.0 0.0 0.0 0.0 1.1 0.0 0.0 0.0 0.0 1.1 0.0 -9.609 0.05 6.704 1.0]
	ConcatTransform [-0.944058 -0.329267 -0.01838 0.0 -0.172881 0.541598 -0.822669 0.0 0.280832 -0.77347 -0.568224 0.0 -0.580051 -0.53185 -0.14941 1.0]
305
	ConcatTransform [1.1 0.0 0.0 0.0 0.0 1.1 0.0 0.0 0.0 0.0 1.1 0.0 -9.609 0.05 6.704 1.0]
	ConcatTransform [-0.942065 -0.335427 0.001702 0.0 -0.196229 0.54699 -0.813816 0.0 0.272044 -0.767001 -0.58112 0.0 -0.575457 -0.531775 -0.155136 1.0]
306
	ConcatTransform [1.1 0.0 0.0 0.0 0.0 1.1 0.0 0.0 0.0 0.0 1.1 0.0 -9.609 0.05 6.704 1.0]
	ConcatTransform [-0.937952 -0.345191 0.033012 0.0 -0.232315 0.554848 -0.798857 0.0 0.257442 -0.756959 -0.600614 0.0 -0.568493 -0.531552 -0.163146 1.0]
307
	ConcatTransform [1.1 0.0 0.0 0.0 0.0 1.1 0.0 0.0 0.0 0.0 1.1 0.0 -9.609 0.05 6.704 1.0]
	ConcatTransform [-0.933496 -0.354299 0.055295 0.0 -0.258149 0.556965 -0.789398 0.0 0.248886 -0.751174 -0.611387 0.0 -0.563937 -0.531381 -0.168047 1.0]
308
	ConcatTransform [1.1 0.0 0.0 0.0 0.0 1.1 0.0 0.0 0.0 0.0 1.1 0.0 -9.609 0.05 6.704 1.0]
	ConcatTransform [-0.926379 -0.365186 0.091986 0.0 -0.296042 0.5552 -0.777246 0.0 0.232769 -0.747256 -0.622436 0.0 -0.557333 -0.531219 -0.174638 1.0]
309
	ConcatTransform [1.1 0.0 0.0 0.0 0.0 1.1 0.0 0.0 0.0 0.0 1.1 0.0 -9.609 0.05 6.704 1.0]
	ConcatTransform [-0.92119 -0.371089 0.117053 0.0 -0.320529 0.553123 -0.768971 0.0 0.220612 -0.745887 -0.628476 0.0 -0.553199 -0.531136 -0.178403 1.0]
310
	ConcatTransform [1.1 0.0 0.0 0.0 0.0 1.1 0.0 0.0 0.0 0.0 1.1 0.0 -9.609 0.05 6.704 1.0]
	ConcatTransform [-0.913067 -0.377736 0.153703 0.0 -0.355377 0.552115 -0.754239 0.0 0.200042 -0.743293 -0.638357 0.0 -0.547527 -0.530973 -0.182993 1.0]
311
	ConcatTransform [1.1 0.0 0.0 0.0 0.0 1.1 0.0 0.0 0.0 0.0 1.1 0.0 -9.609 0.05 6.704 1.0]
	ConcatTransform [-0.907355 -0.380107 0.179513 0.0 -0.377501 0.548932 -0.745766 0.0 0.184931 -0.744441 -0.641567 0.0 -0.544149 -0.53099 -0.185459 1.0]
312
	ConcatTransform [1.1 0.0 0.0 0.0 0.0 1.1 0.0 0.0 0.0 0.0 1.1 0.0 -9.609 0.05 6.704 1.0]
	ConcatTransform [-0.897786 -0.381497 0.220089 0.0 -0.409779 0.540372 -0.734901 0.0 0.161432 -0.749972 -0.641468 0.0 -0.539763 -0.531158 -0.188303 1.0]
313
	ConcatTransform [1.1 0.0 0.0 0.0 0.0 1.1 0.0 0.0 0.0 0.0 1.1 0.0 -9.609 0.05 6.704 1.0]
	ConcatTransform [-0.891136 -0.381146 0.246179 0.0 -0.430116 0.536831 -0.725819 0.0 0.144487 -0.752689 -0.642326 0.0 -0.53729 -0.531236 -0.189566 1.0]
314
	ConcatTransform [1.1 0.0 0.0 0.0 0.0 1.1 0.0 0.0 0.0 0.0 1.1 0.0 -9.609 0.05 6.704 1.0]
	ConcatTransform [-0.880922 -0.378583 0.283991 0.0 -0.458606 0.534693 -0.709778 0.0 0.116862 -0.755499 -0.644643 0.0 -0.534235 -0.531341 -0.190613 1.0]
315
	ConcatTransform [1.1 0.0 0.0 0.0 0.0 1.1 0.0 0.0 0.0 0.0 1.1 0.0 -9.609 0.05 6.704 1.0]
	ConcatTransform [-0.873195 -0.376074 0.309997 0.0 -0.477313 0.531336 -0.699896 0.0 0.0985 -0.759112 -0.643465 0.0 -0.532647 -0.531455 -0.19089 1.0]
316
	ConcatTransform [1.1 0.0 0.0 0.0 0.0 1.1 0.0 0.0 0.0 0.0 1.1 0.0 -9.609 0.05 6.704 1.0]
	ConcatTransform [-0.859966 -0.371935 0.34946 0.0 -0.505301 0.524433 -0.685304 0.0 0.07162 -0.76592 -0.638934 0.0 -0.530902 -0.531618 -0.190754 1.0]
317
	ConcatTransform [1.1 0.0 0.0 0.0 0.0 1.1 0.0 0.0 0.0 0.0 1.1 0.0 -9.609 0.05 6.704 1.0]
	ConcatTransform [-0.85085 -0.368396 0.374619 0.0 -0.522769 0.52219 -0.673818 0.0 0.05261 -0.769157 -0.636891 0.0 -0.530093 -0.531698 -0.190299 1.0]
318
	ConcatTransform [1.1 0.0 0.0 0.0 0.0 1.1 0.0 0.0 0.0 0.0 1.1 0.0 -9.609 0.05 6.704 1.0]
	ConcatTransform [-0.83666 -0.361888 0.411142 0.0 -0.547255 0.521274 -0.654817 0.0 0.022653 -0.772858 -0.634174 0.0 -0.529344 -0.531803 -0.18921 1.0]
319
	ConcatTransform [1.1 0.0 0.0 0.0 0.0 1.1 0.0 0.0 0.0 0.0 1.1 0.0 -9.609 0.05 6.704 1.0]
	ConcatTransform [-0.826003 -0.357941 0.435428 0.0 -0.563656 0.519773 -0.641972 0.0 0.003464 -0.775702 -0.63109 0.0 -0.529149 -0.531854 -0.188312 1.0]
320
	ConcatTransform [1.1 0.0 0.0 0.0 0.0 1.1 0.0 0.0 0.0 0.0 1.1 0.0 -9.609 0.05 6.704 1.0]
	ConcatTransform [-0.808358 -0.353037 0.471087 0.0 -0.58819 0.517393 -0.62156 0.0 -0.024303 -0.779531 -0.625892 0.0 -0.529232 -0.531895 -0.186775 1.0]
321
	ConcatTransform [1.1 0.0 0.0 0.0 0.0 1.1 0.0 0.0 0.0 0.0 1.1 0.0 -9.609 0.05 6.704 1.0]
	ConcatTransform [-0.796163 -0.349375 0.494026 0.0 -0.60352 0.517146 -0.606897 0.0 -0.043449 -0.781343 -0.622587 0.0 -0.529465 -0.531918 -0.185663 1.0]
322
	ConcatTransform [1.1 0.0 0.0 0.0 0.0 1.1 0.0 0.0 0.0 0.0 1.1 0.0 -9.609 0.05 6.704 1.0]
	ConcatTransform [-0.776875 -0.343663 0.5276 0.0 -0.625485 0.517482 -0.583936 0.0 -0.072346 -0.783651 -0.616975 0.0 -0.530027 -0.531939 -0.183959 1.0]
323
	ConcatTransform [1.1 0.0 0.0 0.0 0.0 1.1 0.0 0.0 0.0 0.0 1.1 0.0 -9.609 0.05 6.704 1.0]
	ConcatTransform [-0.762957 -0.340797 0.549322 0.0 -0.640034 0.517645 -0.567803 0.0 -0.090849 -0.784794 -0.613062 0.0 -0.530522 -0.531941 -0.182832 1.0]
324
	ConcatTransform [1.1 0.0 0.0 0.0 0.0 1.1 0.0 0.0 0.0 0.0 1.1 0.0 -9.609 0.05 6.704 1.0]
	ConcatTransform [-0.740827 -0.337522 0.580736 0.0 -0.661244 0.518396 -0.542238 0.0 -0.118034 -0.785712 -0.607227 0.0 -0.531374 -0.53194 -0.181199 1.0]
325
	ConcatTransform [1.1 0.0 0.0 0.0 0.0 1.1 0.0 0.0 0.0 0.0 1.1 0.0 -9.609 0.05 6.704 1.0]
	ConcatTransform [-0.725382 -0.335429 0.601089 0.0 -0.674769 0.519089 -0.524627 0.0 -0.136044 -0.786152 -0.602875 0.0 -0.531978 -0.531937 -0.180184 1.0]
326
	ConcatTransform [1.1 0.0 0.0 0.0 0.0 1.1 0.0 0.0 0.0 0.0 1.1 0.0 -9.609 0.05 6.704 1.0]
	ConcatTransform [-0.700915 -0.332869 0.630806 0.0 -0.69454 0.519749 -0.497468 0.0 -0.162269 -0.786803 -0.595491 0.0 -0.53291 -0.531929 -0.178804 1.0]
327
	ConcatTransform [1.1 0.0 0.0 0.0 0.0 1.1 0.0 0.0 0.0 0.0 1.1 0.0 -9.609 0.05 6.704 1.0]
	ConcatTransform [-0.683909 -0.331726 0.64979 0.0 -0.707146 0.520518 -0.478545 0.0 -0.179482 -0.786777 -0.590565 0.0 -0.533521 -0.531926 -0.177978 1.0]
328
	ConcatTransform [1.1 0.0 0.0 0.0 0.0 1.1 0.0 0.0 0.0 0.0 1.1 0.0 -9.609 0.05 6.704 1.0]
	ConcatTransform [-0.657401 -0.330925 0.676988 0.0 -0.725152 0.522103 -0.448957 0.0 -0.204886 -0.786064 -0.583202 0.0 -0.534395 -0.531926 -0.176891 1.0]
329
	ConcatTransform [1.1 0.0 0.0 0.0 0.0 1.1 0.0 0.0 0.0 0.0 1.1 0.0 -9.609 0.05 6.704 1.0]
	ConcatTransform [-0.638988 -0.330513 0.69459 0.0 -0.73667 0.522827 -0.428917 0.0 -0.221388 -0.785756 -0.577559 0.0 -0.534939 -0.531925 -0.176285 1.0]
330
	ConcatTransform [1.1 0.0 0.0 0.0 0.0 1.1 0.0 0.0 0.0 0.0 1.1 0.0 -9.609 0.05 6.704 1.0]
	ConcatTransform [-0.610231 -0.330144 0.720155 0.0 -0.753279 0.523308 -0.398396 0.0 -0.245334 -0.785591 -0.568029 0.0 -0.535682 -0.531923 -0.175552 1.0]
331
	ConcatTransform [1.1 0.0 0.0 0.0 0.0 1.1 0.0 0.0 0.0 0.0 1.1 0.0 -9.609 0.05 6.704 1.0]
	ConcatTransform [-0.590498 -0.330336 0.736336 0.0 -0.763649 0.523848 -0.377391 0.0 -0.261062 -0.785151 -0.561592 0.0 -0.536116 -0.531924 -0.175161 1.0]
332
	ConcatTransform [1.1 0.0 0.0 0.0 0.0 1.1 0.0 0.0 0.0 0.0 1.1 0.0 -9.609 0.05 6.704 1.0]
	ConcatTransform [-0.560166 -0.331051 0.759355 0.0 -0.778018 0.525002 -0.345052 0.0 -0.284433 -0.784078 -0.551652 0.0 -0.536665 -0.531928 -0.174715 1.0]
333
	ConcatTransform [1.1 0.0 0.0 0.0 0.0 1.1 0.0 0.0 0.0 0.0 1.1 0.0 -9.609 0.05 6.704 1.0]
	ConcatTransform [-0.53927 -0.331582 0.774107 0.0 -0.787088 0.525333 -0.323292 0.0 -0.299466 -0.783632 -0.54428 0.0 -0.536972 -0.531931 -0.174514 1.0]
334
	ConcatTransform [1.1 0.0 0.0 0.0 0.0 1.1 0.0 0.0 0.0 0.0 1.1 0.0 -9.609 0.05 6.704 1.0]
	ConcatTransform [-0.506944 -0.332492 0.795271 0.0 -0.799921 0.525199 -0.29033 0.0 -0.321143 -0.783336 -0.532214 0.0 -0.537345 -0.531934 -0.174339 1.0]
335
	ConcatTransform [1.1 0.0 0.0 0.0 0.0 1.1 0.0 0.0 0.0 0.0 1.1 0.0 -9.609 0.05 6.704 1.0]
	ConcatTransform [-0.484992 -0.333214 0.808549 0.0 -0.807629 0.525294 -0.267959 0.0 -0.335438 -0.782965 -0.523877 0.0 -0.53753 -0.531936 -0.174288 1.0]
336
	ConcatTransform [1.1 0.0 0.0 0.0 0.0 1.1 0.0 0.0 0.0 0.0 1.1 0.0 -9.609 0.05 6.704 1.0]
	ConcatTransform [-0.451505 -0.334297 0.827278 0.0 -0.817895 0.525645 -0.233975 0.0 -0.356638 -0.782268 -0.510751 0.0 -0.537717 -0.531939 -0.174298 1.0]
337
	ConcatTransform [1.1 0.0 0.0 0.0 0.0 1.1 0.0 0.0 0.0 0.0 1.1 0.0 -9.609 0.05 6.704 1.0]
	ConcatTransform [-0.428632 -0.335053 0.839055 0.0 -0.824149 0.525537 -0.211159 0.0 -0.370205 -0.782016 -0.501396 0.0 -0.537798 -0.531941 -0.174356 1.0]
338
	ConcatTransform [1.1 0.0 0.0 0.0 0.0 1.1 0.0 0.0 0.0 0.0 1.1 0.0 -9.609 0.05 6.704 1.0]
	ConcatTransform [-0.393603 -0.336195 0.855599 0.0 -0.832548 0.525014 -0.176703 0.0 -0.389795 -0.781878 -0.486545 0.0 -0.537859 -0.531943 -0.174502 1.0]
339
	ConcatTransform [1.1 0.0 0.0 0.0 0.0 1.1 0.0 0.0 0.0 0.0 1.1 0.0 -9.609 0.05 6.704 1.0]
	ConcatTransform [-0.36997 -0.336839 0.86583 0.0 -0.837242 0.524823 -0.153579 0.0 -0.402676 -0.781729 -0.476184 0.0 -0.537859 -0.531944 -0.174628 1.0]
340
	ConcatTransform [1.1 0.0 0.0 0.0 0.0 1.1 0.0 0.0 0.0 0.0 1.1 0.0 -9.609 0.05 6.704 1.0]
	ConcatTransform [-0.334071 -0.337653 0.879993 0.0 -0.843021 0.524611 -0.118742 0.0 -0.42156 -0.781521 -0.459905 0.0 -0.537811 -0.531945 -0.174846 1.0]
341
	ConcatTransform [1.1 0.0 0.0 0.0 0.0 1.1 0.0 0.0 0.0 0.0 1.1 0.0 -9.609 0.05 6.704 1.0]
	ConcatTransform [-0.309789 -0.338219 0.888616 0.0 -0.846133 0.524365 -0.095397 0.0 -0.433694 -0.78144 -0.448621 0.0 -0.537757 -0.531946 -0.175003 1.0]
342
	ConcatTransform [1.1 0.0 0.0 0.0 0.0 1.1 0.0 0.0 0.0 0.0 1.1 0.0 -9.609 0.05 6.704 1.0]
	ConcatTransform [-0.272984 -0.33884 0.900371 0.0 -0.84955 0.524043 -0.060361 0.0 -0.45138 -0.781388 -0.430916 0.0 -0.537646 -0.531946 -0.175246 1.0]
343
	ConcatTransform [1.1 0.0 0.0 0.0 0.0 1.1 0.0 0.0 0.0 0.0 1.1 0.0 -9.609 0.05 6.704 1.0]
	ConcatTransform [-0.248175 -0.339212 0.907383 0.0 -0.851054 0.523776 -0.036962 0.0 -0.462727 -0.781405 -0.418676 0.0 -0.53756 -0.531946 -0.175408 1.0]
344
	ConcatTransform [1.1 0.0 0.0 0.0 0.0 1.1 0.0 0.0 0.0 0.0 1.1 0.0 -9.609 0.05 6.704 1.0]
	ConcatTransform [-0.210638 -0.339718 0.916637 0.0 -0.852093 0.523388 -0.001832 0.0 -0.479134 -0.781446 -0.399716 0.0 -0.537417 -0.531946 -0.17564 1.0]
345
	ConcatTransform [1.1 0.0 0.0 0.0 0.0 1.1 0.0 0.0 0.0 0.0 1.1 0.0 -9.609 0.05 6.704 1.0]
	ConcatTransform [-0.186545 -0.340499 0.921554 0.0 -0.851427 0.524042 0.021275 0.0 -0.490177 -0.780667 -0.387668 0.0 -0.537305 -0.531945 -0.175775 1.0]
346
	ConcatTransform [1.1 0.0 0.0 0.0 0.0 1.1 0.0 0.0 0.0 0.0 1.1 0.0 -9.609 0.05 6.704 1.0]
	ConcatTransform [-0.152556 -0.343184 0.926796 0.0 -0.849472 0.524811 0.054505 0.0 -0.505098 -0.778972 -0.371589 0.0 -0.537123 -0.53194 -0.175929 1.0]
347
	ConcatTransform [1.1 0.0 0.0 0.0 0.0 1.1 0.0 0.0 0.0 0.0 1.1 0.0 -9.609 0.05 6.704 1.0]
	ConcatTransform [-0.131821 -0.344633 0.929436 0.0 -0.847732 0.525167 0.074498 0.0 -0.513784 -0.778092 -0.361384 0.0 -0.536989 -0.531934 -0.176 1.0]
348
	ConcatTransform [1.1 0.0 0.0 0.0 0.0 1.1 0.0 0.0 0.0 0.0 1.1 0.0 -9.609 0.05 6.704 1.0]
	ConcatTransform [-0.103336 -0.346247 0.932435 0.0 -0.84529 0.524647 0.101143 0.0 -0.52422 -0.777726 -0.346894 0.0 -0.536771 -0.531928 -0.17602 1.0]
349
	ConcatTransform [1.1 0.0 0.0 0.0 0.0 1.1 0.0 0.0 0.0 0.0 1.1 0.0 -9.609 0.05 6.704 1.0]
	ConcatTransform [-0.086463 -0.347492 0.933688 0.0 -0.843466 0.524283 0.117015 0.0 -0.530178 -0.777417 -0.338429 0.0 -0.536598 -0.531923 -0.175942 1.0]
350
	ConcatTransform [1.1 0.0 0.0 0.0 0.0 1.1 0.0 0.0 0.0 0.0 1.1 0.0 -9.609 0.05 6.704 1.0]
	ConcatTransform [-0.063803 -0.349414 0.934794 0.0 -0.841069 0.523006 0.138087 0.0 -0.537152 -0.777416 -0.32725 0.0 -0.536287 -0.531912 -0.175678 1.0]
351
	ConcatTransform [1.1 0.0 0.0 0.0 0.0 1.1 0.0 0.0 0.0 0.0 1.1 0.0 -9.609 0.05 6.704 1.0]
	ConcatTransform [-0.050712 -0.350252 0.935282 0.0 -0.839628 0.522046 0.149974 0.0 -0.540789 -0.777683 -0.320555 0.0 -0.536042 -0.531908 -0.175404 1.0]
352
	ConcatTransform [1.1 0.0 0.0 0.0 0.0 1.1 0.0 0.0 0.0 0.0 1.1 0.0 -9.609 0.05 6.704 1.0]
	ConcatTransform [-0.034384 -0.350363 0.935983 0.0 -0.837624 0.52097 0.164242 0.0 -0.545163 -0.778355 -0.311386 0.0 -0.535618 -0.531904 -0.174841 1.0]
353
	ConcatTransform [1.1 0.0 0.0 0.0 0.0 1.1 0.0 0.0 0.0 0.0 1.1 0.0 -9.609 0.05 6.704 1.0]
	ConcatTransform [-0.026285 -0.349907 0.936416 0.0 -0.836015 0.521277 0.171317 0.0 -0.548077 -0.778354 -0.306229 0.0 -0.535295 -0.531908 -0.174355 1.0]
354
	ConcatTransform [1.1 0.0 0.0 0.0 0.0 1.1 0.0 0.0 0.0 0.0 1.1 0.0 -9.609 0.05 6.704 1.0]
	ConcatTransform [-0.016976 -0.349221 0.936887 0.0 -0.834433 0.521179 0.179148 0.0 -0.550848 -0.778728 -0.300249 0.0 -0.534816 -0.531915 -0.173432 1.0]
355
	ConcatTransform [1.1 0.0 0.0 0.0 0.0 1.1 0.0 0.0 0.0 0.0 1.1 0.0 -9.609 0.05 6.704 1.0]
	ConcatTransform [-0.012226 -0.348365 0.937279 0.0 -0.833894 0.52081 0.182696 0.0 -0.551789 -0.779358 -0.296866 0.0 -0.534495 -0.531919 -0.172706 1.0]
356
	ConcatTransform [1.1 0.0 0.0 0.0 0.0 1.1 0.0 0.0 0.0 0.0 1.1 0.0 -9.609 0.05 6.704 1.0]
	ConcatTransform [-0.007143 -0.34642 0.938052 0.0 -0.833446 0.520414 0.185841 0.0 -0.552554 -0.780489 -0.29244 0.0 -0.534007 -0.531927 -0.171476 1.0]
357
	ConcatTransform [1.1 0.0 0.0 0.0 0.0 1.1 0.0 0.0 0.0 0.0 1.1 0.0 -9.609 0.05 6.704 1.0]
	ConcatTransform [-0.004982 -0.345 0.938589 0.0 -0.833343 0.520235 0.186801 0.0 -0.552734 -0.781236 -0.290095 0.0 -0.533688 -0.531934 -0.170571 1.0]
358
	ConcatTransform [1.1 0.0 0.0 0.0 0.0 1.1 0.0 0.0 0.0 0.0 1.1 0.0 -9.609 0.05 6.704 1.0]
	ConcatTransform [-0.003045 -0.34267 0.939451 0.0 -0.83343 0.52003 0.186983 0.0 -0.552616 -0.782397 -0.287175 0.0 -0.533246 -0.53194 -0.169114 1.0]
359
	ConcatTransform [1.1 0.0 0.0 0.0 0.0 1.1 0.0 0.0 0.0 0.0 1.1 0.0 -9.609 0.05 6.704 1.0]
	ConcatTransform [-0.002489 -0.340897 0.940097 0.0 -0.833434 0.52022 0.186435 0.0 -0.552613 -0.783045 -0.28541 0.0 -0.532975 -0.531943 -0.168103 1.0]
360
	ConcatTransform [1.1 0.0 0.0 0.0 0.0 1.1 0.0 0.0 0.0 0.0 1.1 0.0 -9.609 0.05 6.704 1.0]
	ConcatTransform [0.719135 -0.341285 -0.605284 0.0 0.679774 0.526113 0.510992 0.0 0.144054 -0.778928 0.610343 0.0 -0.45292 -0.532854 0.070074 1.0]
