228
	ConcatTransform [1.1 0.0 0.0 0.0 0.0 1.1 0.0 0.0 0.0 0.0 1.1 0.0 -9.609 0.05 6.704 1.0]
	ConcatTransform [0.93703 -0.255229 0.238395 0.0 0.21456 0.959284 0.183679 0.0 -0.275569 -0.120963 0.95364 0.0 -0.043772 -0.014304 -0.032831 1.0]
229
	ConcatTransform [1.1 0.0 0.0 0.0 0.0 1.1 0.0 0.0 0.0 0.0 1.1 0.0 -9.609 0.05 6.704 1.0]
	ConcatTransform [0.845295 -0.529546 0.071124 0.0 0.441126 0.766785 0.466315 0.0 -0.301472 -0.362798 0.881755 0.0 -0.079927 -0.034212 -0.05959 1.0]
230
	ConcatTransform [1.1 0.0 0.0 0.0 0.0 1.1 0.0 0.0 0.0 0.0 1.1 0.0 -9.609 0.05 6.704 1.0]
	ConcatTransform [0.597028 -0.743103 -0.302249 0.0 0.667744 0.251517 0.700612 0.0 -0.444606 -0.62011 0.646366 0.0 -0.134159 -0.082636 -0.099729 1.0]
231
	ConcatTransform [1.1 0.0 0.0 0.0 0.0 1.1 0.0 0.0 0.0 0.0 1.1 0.0 -9.609 0.05 6.704 1.0]
	ConcatTransform [0.399256 -0.717821 -0.570375 0.0 0.705442 -0.156847 0.691195 0.0 -0.585616 -0.67833 0.443759 0.0 -0.170313 -0.127293 -0.126488 1.0]
232
	ConcatTransform [1.1 0.0 0.0 0.0 0.0 1.1 0.0 0.0 0.0 0.0 1.1 0.0 -9.609 0.05 6.704 1.0]
	ConcatTransform [0.309377 -0.628475 -0.713656 0.0 0.687708 -0.370449 0.62436 0.0 -0.656768 -0.68395 0.317599 0.0 -0.225452 -0.206821 -0.16602 1.0]
233
	ConcatTransform [1.1 0.0 0.0 0.0 0.0 1.1 0.0 0.0 0.0 0.0 1.1 0.0 -9.609 0.05 6.704 1.0]
	ConcatTransform [0.315286 -0.601934 -0.733669 0.0 0.689299 -0.38612 0.613008 0.0 -0.652274 -0.69899 0.293175 0.0 -0.262514 -0.270209 -0.192173 1.0]
234
	ConcatTransform [1.1 0.0 0.0 0.0 0.0 1.1 0.0 0.0 0.0 0.0 1.1 0.0 -9.609 0.05 6.704 1.0]
	ConcatTransform [0.201216 -0.625525 -0.753811 0.0 0.681897 -0.46302 0.566242 0.0 -0.703228 -0.627958 0.333376 0.0 -0.316943 -0.382033 -0.230793 1.0]
235
	ConcatTransform [1.1 0.0 0.0 0.0 0.0 1.1 0.0 0.0 0.0 0.0 1.1 0.0 -9.609 0.05 6.704 1.0]
	ConcatTransform [0.124742 -0.635217 -0.762193 0.0 0.665849 -0.515925 0.53895 0.0 -0.735585 -0.574735 0.358601 0.0 -0.349158 -0.4549 -0.248539 1.0]
236
	ConcatTransform [1.1 0.0 0.0 0.0 0.0 1.1 0.0 0.0 0.0 0.0 1.1 0.0 -9.609 0.05 6.704 1.0]
	ConcatTransform [0.100726 -0.722576 -0.683914 0.0 0.605104 -0.501164 0.618615 0.0 -0.789749 -0.476149 0.386753 0.0 -0.382528 -0.534926 -0.248383 1.0]
237
	ConcatTransform [1.1 0.0 0.0 0.0 0.0 1.1 0.0 0.0 0.0 0.0 1.1 0.0 -9.609 0.05 6.704 1.0]
	ConcatTransform [0.24994 -0.74494 -0.618543 0.0 0.559693 -0.410129 0.720096 0.0 -0.79011 -0.526174 0.31443 0.0 -0.398657 -0.582345 -0.238877 1.0]
238
	ConcatTransform [1.1 0.0 0.0 0.0 0.0 1.1 0.0 0.0 0.0 0.0 1.1 0.0 -9.609 0.05 6.704 1.0]
	ConcatTransform [0.344108 -0.807294 -0.479445 0.0 0.43615 -0.31476 0.84303 0.0 -0.831483 -0.499203 0.243789 0.0 -0.41929 -0.659805 -0.220556 1.0]
239
	ConcatTransform [1.1 0.0 0.0 0.0 0.0 1.1 0.0 0.0 0.0 0.0 1.1 0.0 -9.609 0.05 6.704 1.0]
	ConcatTransform [0.391661 -0.836621 -0.38297 0.0 0.318767 -0.26707 0.909429 0.0 -0.863128 -0.478267 0.162086 0.0 -0.42848 -0.699488 -0.200435 1.0]
240
	ConcatTransform [1.1 0.0 0.0 0.0 0.0 1.1 0.0 0.0 0.0 0.0 1.1 0.0 -9.609 0.05 6.704 1.0]
	ConcatTransform [0.431586 -0.882234 -0.188142 0.0 0.133548 -0.143779 0.980557 0.0 -0.892131 -0.448321 0.055768 0.0 -0.434096 -0.715907 -0.155005 1.0]
241
	ConcatTransform [1.1 0.0 0.0 0.0 0.0 1.1 0.0 0.0 0.0 0.0 1.1 0.0 -9.609 0.05 6.704 1.0]
	ConcatTransform [0.448761 -0.889054 -0.090534 0.0 0.008096 -0.097259 0.995226 0.0 -0.893615 -0.447352 -0.036448 0.0 -0.435619 -0.719069 -0.121253 1.0]
242
	ConcatTransform [1.1 0.0 0.0 0.0 0.0 1.1 0.0 0.0 0.0 0.0 1.1 0.0 -9.609 0.05 6.704 1.0]
	ConcatTransform [0.454062 -0.888401 0.06761 0.0 -0.17634 -0.015226 0.984211 0.0 -0.873345 -0.458815 -0.163575 0.0 -0.436193 -0.726066 -0.068802 1.0]
243
	ConcatTransform [1.1 0.0 0.0 0.0 0.0 1.1 0.0 0.0 0.0 0.0 1.1 0.0 -9.609 0.05 6.704 1.0]
	ConcatTransform [0.43701 -0.883009 0.171226 0.0 -0.286333 0.043889 0.957125 0.0 -0.852664 -0.4673 -0.233654 0.0 -0.435502 -0.731187 -0.033216 1.0]
244
	ConcatTransform [1.1 0.0 0.0 0.0 0.0 1.1 0.0 0.0 0.0 0.0 1.1 0.0 -9.609 0.05 6.704 1.0]
	ConcatTransform [0.426159 -0.844992 0.323075 0.0 -0.433342 0.122813 0.892822 0.0 -0.794105 -0.520486 -0.313833 0.0 -0.433285 -0.740931 0.020076 1.0]
245
	ConcatTransform [1.1 0.0 0.0 0.0 0.0 1.1 0.0 0.0 0.0 0.0 1.1 0.0 -9.609 0.05 6.704 1.0]
	ConcatTransform [0.410193 -0.806739 0.42534 0.0 -0.522587 0.174304 0.834578 0.0 -0.747425 -0.564615 -0.350093 0.0 -0.431208 -0.751057 0.05483 1.0]
246
	ConcatTransform [1.1 0.0 0.0 0.0 0.0 1.1 0.0 0.0 0.0 0.0 1.1 0.0 -9.609 0.05 6.704 1.0]
	ConcatTransform [0.396204 -0.756148 0.520829 0.0 -0.590927 0.224153 0.774958 0.0 -0.702728 -0.614814 -0.358018 0.0 -0.427332 -0.767691 0.103753 1.0]
247
	ConcatTransform [1.1 0.0 0.0 0.0 0.0 1.1 0.0 0.0 0.0 0.0 1.1 0.0 -9.609 0.05 6.704 1.0]
	ConcatTransform [0.366923 -0.731539 0.574646 0.0 -0.65277 0.237634 0.71932 0.0 -0.662766 -0.639047 -0.390333 0.0 -0.423865 -0.763053 0.129296 1.0]
248
	ConcatTransform [1.1 0.0 0.0 0.0 0.0 1.1 0.0 0.0 0.0 0.0 1.1 0.0 -9.609 0.05 6.704 1.0]
	ConcatTransform [0.347252 -0.690822 0.634178 0.0 -0.740048 0.213482 0.637773 0.0 -0.575973 -0.69079 -0.437109 0.0 -0.418785 -0.759102 0.162682 1.0]
249
	ConcatTransform [1.1 0.0 0.0 0.0 0.0 1.1 0.0 0.0 0.0 0.0 1.1 0.0 -9.609 0.05 6.704 1.0]
	ConcatTransform [0.326823 -0.673282 0.663233 0.0 -0.791493 0.188502 0.581383 0.0 -0.516455 -0.714953 -0.471291 0.0 -0.415253 -0.757475 0.18147 1.0]
250
	ConcatTransform [1.1 0.0 0.0 0.0 0.0 1.1 0.0 0.0 0.0 0.0 1.1 0.0 -9.609 0.05 6.704 1.0]
	ConcatTransform [0.28301 -0.650293 0.705 0.0 -0.8607 0.152141 0.485849 0.0 -0.423203 -0.744293 -0.516649 0.0 -0.409902 -0.753611 0.203168 1.0]
251
	ConcatTransform [1.1 0.0 0.0 0.0 0.0 1.1 0.0 0.0 0.0 0.0 1.1 0.0 -9.609 0.05 6.704 1.0]
	ConcatTransform [0.258638 -0.639255 0.724196 0.0 -0.899132 0.114717 0.422376 0.0 -0.353083 -0.76039 -0.545105 0.0 -0.406662 -0.752681 0.21386 1.0]
252
	ConcatTransform [1.1 0.0 0.0 0.0 0.0 1.1 0.0 0.0 0.0 0.0 1.1 0.0 -9.609 0.05 6.704 1.0]
	ConcatTransform [0.236208 -0.636664 0.734074 0.0 -0.945958 0.022081 0.323538 0.0 -0.222194 -0.770825 -0.597041 0.0 -0.402694 -0.753871 0.224543 1.0]
253
	ConcatTransform [1.1 0.0 0.0 0.0 0.0 1.1 0.0 0.0 0.0 0.0 1.1 0.0 -9.609 0.05 6.704 1.0]
	ConcatTransform [0.207149 -0.647651 0.733237 0.0 -0.967309 -0.023514 0.252508 0.0 -0.146295 -0.761574 -0.63135 0.0 -0.400604 -0.757704 0.228646 1.0]
254
	ConcatTransform [1.1 0.0 0.0 0.0 0.0 1.1 0.0 0.0 0.0 0.0 1.1 0.0 -9.609 0.05 6.704 1.0]
	ConcatTransform [0.158133 -0.681481 0.714547 0.0 -0.98629 -0.07443 0.147285 0.0 -0.047188 -0.728041 -0.683907 0.0 -0.399057 -0.765657 0.230008 1.0]
255
	ConcatTransform [1.1 0.0 0.0 0.0 0.0 1.1 0.0 0.0 0.0 0.0 1.1 0.0 -9.609 0.05 6.704 1.0]
	ConcatTransform [0.131827 -0.715604 0.685953 0.0 -0.991113 -0.107576 0.078247 0.0 0.017798 -0.690172 -0.723426 0.0 -0.399379 -0.772533 0.228197 1.0]
256
	ConcatTransform [1.1 0.0 0.0 0.0 0.0 1.1 0.0 0.0 0.0 0.0 1.1 0.0 -9.609 0.05 6.704 1.0]
	ConcatTransform [0.089431 -0.755934 0.64851 0.0 -0.989298 -0.142788 -0.030015 0.0 0.115289 -0.638885 -0.760614 0.0 -0.403088 -0.777676 0.220545 1.0]
257
	ConcatTransform [1.1 0.0 0.0 0.0 0.0 1.1 0.0 0.0 0.0 0.0 1.1 0.0 -9.609 0.05 6.704 1.0]
	ConcatTransform [0.035978 -0.777202 0.628221 0.0 -0.985566 -0.131651 -0.106429 0.0 0.165423 -0.615325 -0.770721 0.0 -0.406995 -0.781666 0.213473 1.0]
258
	ConcatTransform [1.1 0.0 0.0 0.0 0.0 1.1 0.0 0.0 0.0 0.0 1.1 0.0 -9.609 0.05 6.704 1.0]
	ConcatTransform [-0.043565 -0.816527 0.575662 0.0 -0.968543 -0.106789 -0.224768 0.0 0.245003 -0.567345 -0.786189 0.0 -0.415512 -0.786073 0.200961 1.0]
259
	ConcatTransform [1.1 0.0 0.0 0.0 0.0 1.1 0.0 0.0 0.0 0.0 1.1 0.0 -9.609 0.05 6.704 1.0]
	ConcatTransform [-0.090165 -0.82936 0.551392 0.0 -0.949026 -0.096351 -0.30011 0.0 0.302027 -0.550344 -0.778396 0.0 -0.422767 -0.787319 0.191372 1.0]
260
	ConcatTransform [1.1 0.0 0.0 0.0 0.0 1.1 0.0 0.0 0.0 0.0 1.1 0.0 -9.609 0.05 6.704 1.0]
	ConcatTransform [-0.154987 -0.848452 0.506071 0.0 -0.915803 -0.068732 -0.395702 0.0 0.370518 -0.52479 -0.766363 0.0 -0.435056 -0.789162 0.175995 1.0]
261
	ConcatTransform [1.1 0.0 0.0 0.0 0.0 1.1 0.0 0.0 0.0 0.0 1.1 0.0 -9.609 0.05 6.704 1.0]
	ConcatTransform [-0.195953 -0.85798 0.474839 0.0 -0.887315 -0.051007 -0.458335 0.0 0.417462 -0.511144 -0.751304 0.0 -0.444129 -0.790237 0.165355 1.0]
262
	ConcatTransform [1.1 0.0 0.0 0.0 0.0 1.1 0.0 0.0 0.0 0.0 1.1 0.0 -9.609 0.05 6.704 1.0]
	ConcatTransform [-0.255404 -0.867156 0.427563 0.0 -0.84596 -0.013676 -0.533071 0.0 0.468103 -0.49785 -0.730086 0.0 -0.458784 -0.791089 0.14943 1.0]
263
	ConcatTransform [1.1 0.0 0.0 0.0 0.0 1.1 0.0 0.0 0.0 0.0 1.1 0.0 -9.609 0.05 6.704 1.0]
	ConcatTransform [-0.288958 -0.869074 0.401514 0.0 -0.814711 0.002986 -0.579859 0.0 0.502742 -0.494673 -0.708907 0.0 -0.468995 -0.790903 0.139106 1.0]
264
	ConcatTransform [1.1 0.0 0.0 0.0 0.0 1.1 0.0 0.0 0.0 0.0 1.1 0.0 -9.609 0.05 6.704 1.0]
	ConcatTransform [-0.340239 -0.860649 0.378841 0.0 -0.766144 0.020126 -0.642354 0.0 0.545216 -0.508801 -0.666229 0.0 -0.484797 -0.790893 0.124142 1.0]
265
	ConcatTransform [1.1 0.0 0.0 0.0 0.0 1.1 0.0 0.0 0.0 0.0 1.1 0.0 -9.609 0.05 6.704 1.0]
	ConcatTransform [-0.368551 -0.860168 0.352534 0.0 -0.739135 0.041156 -0.672299 0.0 0.563781 -0.508347 -0.650949 0.0 -0.495555 -0.790325 0.114715 1.0]
266
	ConcatTransform [1.1 0.0 0.0 0.0 0.0 1.1 0.0 0.0 0.0 0.0 1.1 0.0 -9.609 0.05 6.704 1.0]
	ConcatTransform [-0.408691 -0.852477 0.325967 0.0 -0.704024 0.067184 -0.706991 0.0 0.580794 -0.51843 -0.627622 0.0 -0.511529 -0.789376 0.101356 1.0]
267
	ConcatTransform [1.1 0.0 0.0 0.0 0.0 1.1 0.0 0.0 0.0 0.0 1.1 0.0 -9.609 0.05 6.704 1.0]
	ConcatTransform [-0.431772 -0.848082 0.307132 0.0 -0.680968 0.083203 -0.727571 0.0 0.591486 -0.523292 -0.613441 0.0 -0.521831 -0.788442 0.093176 1.0]
268
	ConcatTransform [1.1 0.0 0.0 0.0 0.0 1.1 0.0 0.0 0.0 0.0 1.1 0.0 -9.609 0.05 6.704 1.0]
	ConcatTransform [-0.45663 -0.841379 0.289087 0.0 -0.661792 0.104076 -0.742428 0.0 0.594576 -0.53033 -0.604342 0.0 -0.536227 -0.786737 0.082164 1.0]
269
	ConcatTransform [1.1 0.0 0.0 0.0 0.0 1.1 0.0 0.0 0.0 0.0 1.1 0.0 -9.609 0.05 6.704 1.0]
	ConcatTransform [-0.468306 -0.837667 0.281075 0.0 -0.65886 0.119108 -0.742776 0.0 0.588721 -0.533036 -0.607685 0.0 -0.544748 -0.785482 0.07575 1.0]
270
	ConcatTransform [1.1 0.0 0.0 0.0 0.0 1.1 0.0 0.0 0.0 0.0 1.1 0.0 -9.609 0.05 6.704 1.0]
	ConcatTransform [-0.473875 -0.834414 0.281419 0.0 -0.670302 0.13454 -0.72979 0.0 0.571085 -0.534465 -0.623065 0.0 -0.555739 -0.784113 0.06742 1.0]
271
	ConcatTransform [1.1 0.0 0.0 0.0 0.0 1.1 0.0 0.0 0.0 0.0 1.1 0.0 -9.609 0.05 6.704 1.0]
	ConcatTransform [-0.466599 -0.835334 0.290694 0.0 -0.694184 0.142205 -0.70561 0.0 0.548082 -0.531032 -0.646228 0.0 -0.561694 -0.783211 0.062835 1.0]
272
	ConcatTransform [1.1 0.0 0.0 0.0 0.0 1.1 0.0 0.0 0.0 0.0 1.1 0.0 -9.609 0.05 6.704 1.0]
	ConcatTransform [-0.437765 -0.842349 0.314341 0.0 -0.754636 0.154182 -0.637771 0.0 0.48876 -0.516407 -0.703163 0.0 -0.56848 -0.781772 0.05775 1.0]
273
	ConcatTransform [1.1 0.0 0.0 0.0 0.0 1.1 0.0 0.0 0.0 0.0 1.1 0.0 -9.609 0.05 6.704 1.0]
	ConcatTransform [-0.408772 -0.848875 0.335136 0.0 -0.799783 0.156314 -0.57958 0.0 0.439605 -0.504952 -0.742813 0.0 -0.571599 -0.781402 0.055514 1.0]
274
	ConcatTransform [1.1 0.0 0.0 0.0 0.0 1.1 0.0 0.0 0.0 0.0 1.1 0.0 -9.609 0.05 6.704 1.0]
	ConcatTransform [-0.358287 -0.857185 0.369952 0.0 -0.867802 0.159631 -0.470571 0.0 0.344311 -0.489645 -0.80106 0.0 -0.574036 -0.780651 0.054124 1.0]
275
	ConcatTransform [1.1 0.0 0.0 0.0 0.0 1.1 0.0 0.0 0.0 0.0 1.1 0.0 -9.609 0.05 6.704 1.0]
	ConcatTransform [-0.322319 -0.864256 0.386227 0.0 -0.903123 0.158476 -0.399066 0.0 0.283687 -0.477437 -0.83161 0.0 -0.57414 -0.779914 0.05456 1.0]
276
	ConcatTransform [1.1 0.0 0.0 0.0 0.0 1.1 0.0 0.0 0.0 0.0 1.1 0.0 -9.609 0.05 6.704 1.0]
	ConcatTransform [-0.262896 -0.868997 0.419201 0.0 -0.946601 0.148268 -0.286291 0.0 0.186632 -0.472081 -0.861573 0.0 -0.572457 -0.781684 0.05687 1.0]
277
	ConcatTransform [1.1 0.0 0.0 0.0 0.0 1.1 0.0 0.0 0.0 0.0 1.1 0.0 -9.609 0.05 6.704 1.0]
	ConcatTransform [-0.21032 -0.870091 0.445766 0.0 -0.969797 0.128071 -0.207586 0.0 0.123529 -0.475962 -0.870747 0.0 -0.570071 -0.78383 0.059591 1.0]
278
	ConcatTransform [1.1 0.0 0.0 0.0 0.0 1.1 0.0 0.0 0.0 0.0 1.1 0.0 -9.609 0.05 6.704 1.0]
	ConcatTransform [-0.128263 -0.872839 0.470851 0.0 -0.991546 0.103465 -0.078305 0.0 0.019631 -0.476914 -0.87873 0.0 -0.564415 -0.785685 0.065487 1.0]
279
	ConcatTransform [1.1 0.0 0.0 0.0 0.0 1.1 0.0 0.0 0.0 0.0 1.1 0.0 -9.609 0.05 6.704 1.0]
	ConcatTransform [-0.072201 -0.874074 0.480397 0.0 -0.995887 0.08961 0.013369 0.0 -0.054733 -0.477456 -0.876949 0.0 -0.559486 -0.786467 0.070379 1.0]
280
	ConcatTransform [1.1 0.0 0.0 0.0 0.0 1.1 0.0 0.0 0.0 0.0 1.1 0.0 -9.609 0.05 6.704 1.0]
	ConcatTransform [0.018754 -0.873397 0.486647 0.0 -0.985441 0.066116 0.156636 0.0 -0.168981 -0.4825 -0.859441 0.0 -0.550623 -0.787907 0.07881 1.0]
281
	ConcatTransform [1.1 0.0 0.0 0.0 0.0 1.1 0.0 0.0 0.0 0.0 1.1 0.0 -9.609 0.05 6.704 1.0]
	ConcatTransform [0.082194 -0.870006 0.486141 0.0 -0.965345 0.051735 0.2558 0.0 -0.247698 -0.490319 -0.835604 0.0 -0.543855 -0.78886 0.085011 1.0]
282
	ConcatTransform [1.1 0.0 0.0 0.0 0.0 1.1 0.0 0.0 0.0 0.0 1.1 0.0 -9.609 0.05 6.704 1.0]
	ConcatTransform [0.180386 -0.853761 0.488419 0.0 -0.915219 0.03622 0.401327 0.0 -0.360327 -0.519404 -0.774844 0.0 -0.532731 -0.790774 0.09475 1.0]
283
	ConcatTransform [1.1 0.0 0.0 0.0 0.0 1.1 0.0 0.0 0.0 0.0 1.1 0.0 -9.609 0.05 6.704 1.0]
	ConcatTransform [0.240191 -0.848112 0.472244 0.0 -0.869835 0.027919 0.492553 0.0 -0.430925 -0.52908 -0.731011 0.0 -0.524773 -0.790921 0.101463 1.0]
284
	ConcatTransform [1.1 0.0 0.0 0.0 0.0 1.1 0.0 0.0 0.0 0.0 1.1 0.0 -9.609 0.05 6.704 1.0]
	ConcatTransform [0.323909 -0.838861 0.437488 0.0 -0.785755 0.019028 0.618245 0.0 -0.526946 -0.544013 -0.652976 0.0 -0.512477 -0.791148 0.111406 1.0]
285
	ConcatTransform [1.1 0.0 0.0 0.0 0.0 1.1 0.0 0.0 0.0 0.0 1.1 0.0 -9.609 0.05 6.704 1.0]
	ConcatTransform [0.372704 -0.83254 0.409839 0.0 -0.719912 0.019256 0.693798 0.0 -0.585506 -0.55363 -0.592179 0.0 -0.504202 -0.790959 0.117811 1.0]
286
	ConcatTransform [1.1 0.0 0.0 0.0 0.0 1.1 0.0 0.0 0.0 0.0 1.1 0.0 -9.609 0.05 6.704 1.0]
	ConcatTransform [0.433113 -0.826572 0.359433 0.0 -0.609717 0.025013 0.792225 0.0 -0.663821 -0.562275 -0.493141 0.0 -0.491945 -0.790646 0.126915 1.0]
287
	ConcatTransform [1.1 0.0 0.0 0.0 0.0 1.1 0.0 0.0 0.0 0.0 1.1 0.0 -9.609 0.05 6.704 1.0]
	ConcatTransform [0.470809 -0.819652 0.326358 0.0 -0.530942 0.032192 0.846796 0.0 -0.704584 -0.571957 -0.420031 0.0 -0.484051 -0.79002 0.132483 1.0]
288
	ConcatTransform [1.1 0.0 0.0 0.0 0.0 1.1 0.0 0.0 0.0 0.0 1.1 0.0 -9.609 0.05 6.704 1.0]
	ConcatTransform [0.504579 -0.822808 0.261508 0.0 -0.405807 0.041323 0.913024 0.0 -0.76205 -0.566815 -0.31305 0.0 -0.472568 -0.789713 0.140121 1.0]
289
	ConcatTransform [1.1 0.0 0.0 0.0 0.0 1.1 0.0 0.0 0.0 0.0 1.1 0.0 -9.609 0.05 6.704 1.0]
	ConcatTransform [0.52949 -0.822151 0.209064 0.0 -0.319757 0.034842 0.946859 0.0 -0.785745 -0.568202 -0.24444 0.0 -0.465327 -0.789781 0.144705 1.0]
290
	ConcatTransform [1.1 0.0 0.0 0.0 0.0 1.1 0.0 0.0 0.0 0.0 1.1 0.0 -9.609 0.05 6.704 1.0]
	ConcatTransform [0.559078 -0.816855 0.142056 0.0 -0.186312 0.043179 0.981541 0.0 -0.807911 -0.575225 -0.128049 0.0 -0.455101 -0.789967 0.150677 1.0]
291
	ConcatTransform [1.1 0.0 0.0 0.0 0.0 1.1 0.0 0.0 0.0 0.0 1.1 0.0 -9.609 0.05 6.704 1.0]
	ConcatTransform [0.570317 -0.81523 0.100696 0.0 -0.099922 0.052823 0.993592 0.0 -0.815325 -0.576724 -0.051333 0.0 -0.448821 -0.789489 0.154037 1.0]
292
	ConcatTransform [1.1 0.0 0.0 0.0 0.0 1.1 0.0 0.0 0.0 0.0 1.1 0.0 -9.609 0.05 6.704 1.0]
	ConcatTransform [0.581203 -0.812541 0.044498 0.0 0.008029 0.060405 0.998142 0.0 -0.813719 -0.579766 0.041631 0.0 -0.440399 -0.788784 0.158246 1.0]
293
	ConcatTransform [1.1 0.0 0.0 0.0 0.0 1.1 0.0 0.0 0.0 0.0 1.1 0.0 -9.609 0.05 6.704 1.0]
	ConcatTransform [0.583935 -0.811673 0.014389 0.0 0.066873 0.06576 0.995592 0.0 -0.809041 -0.580399 0.092678 0.0 -0.435496 -0.788681 0.160428 1.0]
294
	ConcatTransform [1.1 0.0 0.0 0.0 0.0 1.1 0.0 0.0 0.0 0.0 1.1 0.0 -9.609 0.05 6.704 1.0]
	ConcatTransform [0.584535 -0.811079 -0.021679 0.0 0.140354 0.074764 0.987275 0.0 -0.799137 -0.580139 0.15754 0.0 -0.429401 -0.788078 0.162649 1.0]
295
	ConcatTransform [1.1 0.0 0.0 0.0 0.0 1.1 0.0 0.0 0.0 0.0 1.1 0.0 -9.609 0.05 6.704 1.0]
	ConcatTransform [0.584918 -0.810008 -0.041933 0.0 0.179245 0.078668 0.980654 0.0 -0.791039 -0.581119 0.191204 0.0 -0.426232 -0.787696 0.163448 1.0]
296
	ConcatTransform [1.1 0.0 0.0 0.0 0.0 1.1 0.0 0.0 0.0 0.0 1.1 0.0 -9.609 0.05 6.704 1.0]
	ConcatTransform [0.583703 -0.809374 -0.064844 0.0 0.219149 0.08014 0.972395 0.0 -0.781835 -0.5818 0.224151 0.0 -0.422789 -0.787422 0.16361 1.0]
297
	ConcatTransform [1.1 0.0 0.0 0.0 0.0 1.1 0.0 0.0 0.0 0.0 1.1 0.0 -9.609 0.05 6.704 1.0]
	ConcatTransform [0.585041 -0.807926 -0.070586 0.0 0.228327 0.080571 0.970245 0.0 -0.778199 -0.583749 0.231609 0.0 -0.421452 -0.78764 0.163079 1.0]
298
	ConcatTransform [1.1 0.0 0.0 0.0 0.0 1.1 0.0 0.0 0.0 0.0 1.1 0.0 -9.609 0.05 6.704 1.0]
	ConcatTransform [0.586241 -0.807252 -0.068303 0.0 0.220861 0.078137 0.97217 0.0 -0.779449 -0.585012 0.224098 0.0 -0.420999 -0.787461 0.161245 1.0]
299
	ConcatTransform [1.1 0.0 0.0 0.0 0.0 1.1 0.0 0.0 0.0 0.0 1.1 0.0 -9.609 0.05 6.704 1.0]
	ConcatTransform [0.586966 -0.807058 -0.064243 0.0 0.208768 0.074212 0.975145 0.0 -0.782232 -0.585789 0.212048 0.0 -0.421646 -0.787543 0.159363 1.0]
300
	ConcatTransform [1.1 0.0 0.0 0.0 0.0 1.1 0.0 0.0 0.0 0.0 1.1 0.0 -9.609 0.05 6.704 1.0]
	ConcatTransform [0.58706 -0.807798 -0.053128 0.0 0.179679 0.066028 0.981507 0.0 -0.789352 -0.58575 0.183906 0.0 -0.424099 -0.788142 0.155649 1.0]
301
	ConcatTransform [1.1 0.0 0.0 0.0 0.0 1.1 0.0 0.0 0.0 0.0 1.1 0.0 -9.609 0.05 6.704 1.0]
	ConcatTransform [0.585741 -0.809109 -0.047439 0.0 0.163498 0.060628 0.984679 0.0 -0.793836 -0.584523 0.167801 0.0 -0.426681 -0.788321 0.152564 1.0]
302
	ConcatTransform [1.1 0.0 0.0 0.0 0.0 1.1 0.0 0.0 0.0 0.0 1.1 0.0 -9.609 0.05 6.704 1.0]
	ConcatTransform [0.581058 -0.812849 -0.040595 0.0 0.140434 0.051007 0.988775 0.0 -0.801654 -0.580237 0.14379 0.0 -0.431836 -0.788817 0.147164 1.0]
303
	ConcatTransform [1.1 0.0 0.0 0.0 0.0 1.1 0.0 0.0 0.0 0.0 1.1 0.0 -9.609 0.05 6.704 1.0]
	ConcatTransform [0.577831 -0.81535 -0.036281 0.0 0.124526 0.044143 0.991234 0.0 -0.806601 -0.577284 0.12704 0.0 -0.436034 -0.789667 0.143129 1.0]
304
	ConcatTransform [1.1 0.0 0.0 0.0 0.0 1.1 0.0 0.0 0.0 0.0 1.1 0.0 -9.609 0.05 6.704 1.0]
	ConcatTransform [0.571389 -0.820091 -0.03106 0.0 0.102103 0.033484 0.99421 0.0 -0.814303 -0.571252 0.102867 0.0 -0.443418 -0.790126 0.136503 1.0]
305
	ConcatTransform [1.1 0.0 0.0 0.0 0.0 1.1 0.0 0.0 0.0 0.0 1.1 0.0 -9.609 0.05 6.704 1.0]
	ConcatTransform [0.566268 -0.823752 -0.027812 0.0 0.088284 0.02707 0.995727 0.0 -0.819479 -0.566304 0.088053 0.0 -0.448928 -0.790739 0.1318 1.0]
306
	ConcatTransform [1.1 0.0 0.0 0.0 0.0 1.1 0.0 0.0 0.0 0.0 1.1 0.0 -9.609 0.05 6.704 1.0]
	ConcatTransform [0.557256 -0.829933 -0.026005 0.0 0.068642 0.014833 0.997531 0.0 -0.827498 -0.557666 0.065234 0.0 -0.457976 -0.790997 0.124462 1.0]
307
	ConcatTransform [1.1 0.0 0.0 0.0 0.0 1.1 0.0 0.0 0.0 0.0 1.1 0.0 -9.609 0.05 6.704 1.0]
	ConcatTransform [0.551294 -0.833929 -0.025237 0.0 0.057062 0.00751 0.998342 0.0 -0.832357 -0.551821 0.051726 0.0 -0.464395 -0.79134 0.119478 1.0]
308
	ConcatTransform [1.1 0.0 0.0 0.0 0.0 1.1 0.0 0.0 0.0 0.0 1.1 0.0 -9.609 0.05 6.704 1.0]
	ConcatTransform [0.541464 -0.840357 -0.024835 0.0 0.040759 -0.003266 0.999164 0.0 -0.839735 -0.542023 0.032484 0.0 -0.474429 -0.79108 0.112048 1.0]
309
	ConcatTransform [1.1 0.0 0.0 0.0 0.0 1.1 0.0 0.0 0.0 0.0 1.1 0.0 -9.609 0.05 6.704 1.0]
	ConcatTransform [0.534482 -0.844845 -0.023801 0.0 0.029317 -0.009611 0.999524 0.0 -0.844671 -0.534925 0.019632 0.0 -0.481243 -0.790911 0.107211 1.0]
310
	ConcatTransform [1.1 0.0 0.0 0.0 0.0 1.1 0.0 0.0 0.0 0.0 1.1 0.0 -9.609 0.05 6.704 1.0]
	ConcatTransform [0.525639 -0.85053 -0.017378 0.0 0.011124 -0.013555 0.999846 0.0 -0.850635 -0.525751 0.002336 0.0 -0.491456 -0.790697 0.10025 1.0]
311
	ConcatTransform [1.1 0.0 0.0 0.0 0.0 1.1 0.0 0.0 0.0 0.0 1.1 0.0 -9.609 0.05 6.704 1.0]
	ConcatTransform [0.520418 -0.853867 -0.008769 0.0 -0.000693 -0.010691 0.999943 0.0 -0.853912 -0.520382 -0.006155 0.0 -0.498157 -0.790641 0.095852 1.0]
312
	ConcatTransform [1.1 0.0 0.0 0.0 0.0 1.1 0.0 0.0 0.0 0.0 1.1 0.0 -9.609 0.05 6.704 1.0]
	ConcatTransform [0.515883 -0.856659 -0.000423 0.0 -0.020355 -0.012751 0.999711 0.0 -0.856417 -0.515726 -0.024016 0.0 -0.507916 -0.790491 0.089686 1.0]
313
	ConcatTransform [1.1 0.0 0.0 0.0 0.0 1.1 0.0 0.0 0.0 0.0 1.1 0.0 -9.609 0.05 6.704 1.0]
	ConcatTransform [0.514588 -0.857411 0.006764 0.0 -0.033588 -0.012274 0.99936 0.0 -0.856779 -0.514486 -0.035115 0.0 -0.514184 -0.790457 0.085802 1.0]
314
	ConcatTransform [1.1 0.0 0.0 0.0 0.0 1.1 0.0 0.0 0.0 0.0 1.1 0.0 -9.609 0.05 6.704 1.0]
	ConcatTransform [0.51208 -0.858627 0.023088 0.0 -0.052441 -0.004423 0.998614 0.0 -0.857335 -0.512581 -0.047292 0.0 -0.523172 -0.790502 0.080269 1.0]
315
	ConcatTransform [1.1 0.0 0.0 0.0 0.0 1.1 0.0 0.0 0.0 0.0 1.1 0.0 -9.609 0.05 6.704 1.0]
	ConcatTransform [0.512552 -0.858082 0.031401 0.0 -0.065282 -0.002479 0.997864 0.0 -0.856171 -0.513507 -0.057288 0.0 -0.528889 -0.790538 0.076801 1.0]
316
	ConcatTransform [1.1 0.0 0.0 0.0 0.0 1.1 0.0 0.0 0.0 0.0 1.1 0.0 -9.609 0.05 6.704 1.0]
	ConcatTransform [0.506431 -0.861286 0.04141 0.0 -0.083142 -0.000974 0.996537 0.0 -0.858263 -0.50812 -0.072102 0.0 -0.53696 -0.790409 0.071856 1.0]
317
	ConcatTransform [1.1 0.0 0.0 0.0 0.0 1.1 0.0 0.0 0.0 0.0 1.1 0.0 -9.609 0.05 6.704 1.0]
	ConcatTransform [0.503681 -0.86247 0.049507 0.0 -0.094041 0.002227 0.995566 0.0 -0.858756 -0.506103 -0.079986 0.0 -0.542012 -0.790364 0.068663 1.0]
318
	ConcatTransform [1.1 0.0 0.0 0.0 0.0 1.1 0.0 0.0 0.0 0.0 1.1 0.0 -9.609 0.05 6.704 1.0]
	ConcatTransform [0.496937 -0.865906 0.057102 0.0 -0.109615 0.00264 0.993971 0.0 -0.860836 -0.5002 -0.093605 0.0 -0.549004 -0.790647 0.064024 1.0]
319
	ConcatTransform [1.1 0.0 0.0 0.0 0.0 1.1 0.0 0.0 0.0 0.0 1.1 0.0 -9.609 0.05 6.704 1.0]
	ConcatTransform [0.49133 -0.868921 0.059754 0.0 -0.118816 0.001096 0.992916 0.0 -0.862831 -0.494949 -0.102703 0.0 -0.553209 -0.790724 0.061049 1.0]
320
	ConcatTransform [1.1 0.0 0.0 0.0 0.0 1.1 0.0 0.0 0.0 0.0 1.1 0.0 -9.609 0.05 6.704 1.0]
	ConcatTransform [0.489223 -0.869725 0.065115 0.0 -0.1301 0.00105 0.9915 0.0 -0.862401 -0.493536 -0.112638 0.0 -0.558741 -0.790391 0.056782 1.0]
321
	ConcatTransform [1.1 0.0 0.0 0.0 0.0 1.1 0.0 0.0 0.0 0.0 1.1 0.0 -9.609 0.05 6.704 1.0]
	ConcatTransform [0.487181 -0.870693 0.067436 0.0 -0.1366 0.000292 0.990626 0.0 -0.862551 -0.491826 -0.118795 0.0 -0.561853 -0.790429 0.054086 1.0]
322
	ConcatTransform [1.1 0.0 0.0 0.0 0.0 1.1 0.0 0.0 0.0 0.0 1.1 0.0 -9.609 0.05 6.704 1.0]
	ConcatTransform [0.485184 -0.871418 0.072307 0.0 -0.143984 0.001945 0.989578 0.0 -0.862476 -0.490538 -0.124526 0.0 -0.565643 -0.790538 0.050268 1.0]
323
	ConcatTransform [1.1 0.0 0.0 0.0 0.0 1.1 0.0 0.0 0.0 0.0 1.1 0.0 -9.609 0.05 6.704 1.0]
	ConcatTransform [0.484809 -0.871381 0.075201 0.0 -0.147587 0.003243 0.989044 0.0 -0.862078 -0.490596 -0.127032 0.0 -0.567567 -0.790264 0.047892 1.0]
324
	ConcatTransform [1.1 0.0 0.0 0.0 0.0 1.1 0.0 0.0 0.0 0.0 1.1 0.0 -9.609 0.05 6.704 1.0]
	ConcatTransform [0.489383 -0.868719 0.076369 0.0 -0.152209 0.001141 0.988348 0.0 -0.858683 -0.495305 -0.131669 0.0 -0.569664 -0.790737 0.044566 1.0]
325
	ConcatTransform [1.1 0.0 0.0 0.0 0.0 1.1 0.0 0.0 0.0 0.0 1.1 0.0 -9.609 0.05 6.704 1.0]
	ConcatTransform [0.490512 -0.867999 0.077305 0.0 -0.153911 0.001024 0.988084 0.0 -0.857735 -0.496565 -0.133092 0.0 -0.570485 -0.790788 0.042486 1.0]
326
	ConcatTransform [1.1 0.0 0.0 0.0 0.0 1.1 0.0 0.0 0.0 0.0 1.1 0.0 -9.609 0.05 6.704 1.0]
	ConcatTransform [0.493146 -0.866194 0.080716 0.0 -0.154745 0.003961 0.987947 0.0 -0.856073 -0.499692 -0.132086 0.0 -0.570936 -0.790913 0.039557 1.0]
327
	ConcatTransform [1.1 0.0 0.0 0.0 0.0 1.1 0.0 0.0 0.0 0.0 1.1 0.0 -9.609 0.05 6.704 1.0]
	ConcatTransform [0.496185 -0.864417 0.081141 0.0 -0.154717 0.003928 0.987951 0.0 -0.85432 -0.502761 -0.131791 0.0 -0.570759 -0.790855 0.037735 1.0]
328
	ConcatTransform [1.1 0.0 0.0 0.0 0.0 1.1 0.0 0.0 0.0 0.0 1.1 0.0 -9.609 0.05 6.704 1.0]
	ConcatTransform [0.503216 -0.860429 0.080226 0.0 -0.153774 0.002197 0.988104 0.0 -0.850369 -0.509566 -0.131207 0.0 -0.56989 -0.790743 0.035195 1.0]
329
	ConcatTransform [1.1 0.0 0.0 0.0 0.0 1.1 0.0 0.0 0.0 0.0 1.1 0.0 -9.609 0.05 6.704 1.0]
	ConcatTransform [0.507113 -0.85823 0.079233 0.0 -0.152225 0.001299 0.988345 0.0 -0.84833 -0.513264 -0.129985 0.0 -0.568951 -0.790711 0.033618 1.0]
330
	ConcatTransform [1.1 0.0 0.0 0.0 0.0 1.1 0.0 0.0 0.0 0.0 1.1 0.0 -9.609 0.05 6.704 1.0]
	ConcatTransform [0.511671 -0.85554 0.079025 0.0 -0.148348 0.002624 0.988932 0.0 -0.846278 -0.517731 -0.125575 0.0 -0.567107 -0.790704 0.031415 1.0]
331
	ConcatTransform [1.1 0.0 0.0 0.0 0.0 1.1 0.0 0.0 0.0 0.0 1.1 0.0 -9.609 0.05 6.704 1.0]
	ConcatTransform [0.516841 -0.852387 0.079453 0.0 -0.145566 0.003955 0.989341 0.0 -0.843615 -0.522897 -0.122034 0.0 -0.565689 -0.791309 0.030039 1.0]
332
	ConcatTransform [1.1 0.0 0.0 0.0 0.0 1.1 0.0 0.0 0.0 0.0 1.1 0.0 -9.609 0.05 6.704 1.0]
	ConcatTransform [0.524275 -0.848062 0.07699 0.0 -0.141552 0.002361 0.989928 0.0 -0.839702 -0.529892 -0.118807 0.0 -0.563353 -0.79105 0.028122 1.0]
333
	ConcatTransform [1.1 0.0 0.0 0.0 0.0 1.1 0.0 0.0 0.0 0.0 1.1 0.0 -9.609 0.05 6.704 1.0]
	ConcatTransform [0.527185 -0.846434 0.075001 0.0 -0.138752 0.001332 0.990326 0.0 -0.838346 -0.532492 -0.116742 0.0 -0.561721 -0.791348 0.026904 1.0]
334
	ConcatTransform [1.1 0.0 0.0 0.0 0.0 1.1 0.0 0.0 0.0 0.0 1.1 0.0 -9.609 0.05 6.704 1.0]
	ConcatTransform [0.529858 -0.844828 0.074272 0.0 -0.134166 0.002973 0.990954 0.0 -0.837407 -0.53503 -0.111772 0.0 -0.559254 -0.791045 0.025168 1.0]
335
	ConcatTransform [1.1 0.0 0.0 0.0 0.0 1.1 0.0 0.0 0.0 0.0 1.1 0.0 -9.609 0.05 6.704 1.0]
	ConcatTransform [0.531018 -0.844213 0.072972 0.0 -0.131178 0.003178 0.991354 0.0 -0.837145 -0.535999 -0.109055 0.0 -0.557631 -0.790926 0.024076 1.0]
336
	ConcatTransform [1.1 0.0 0.0 0.0 0.0 1.1 0.0 0.0 0.0 0.0 1.1 0.0 -9.609 0.05 6.704 1.0]
	ConcatTransform [0.531678 -0.844029 0.070232 0.0 -0.126752 0.002694 0.991931 0.0 -0.837408 -0.53629 -0.105549 0.0 -0.555254 -0.790822 0.022522 1.0]
337
	ConcatTransform [1.1 0.0 0.0 0.0 0.0 1.1 0.0 0.0 0.0 0.0 1.1 0.0 -9.609 0.05 6.704 1.0]
	ConcatTransform [0.532158 -0.843842 0.068836 0.0 -0.123755 0.002903 0.992309 0.0 -0.837552 -0.536583 -0.102885 0.0 -0.553724 -0.790783 0.02153 1.0]
338
	ConcatTransform [1.1 0.0 0.0 0.0 0.0 1.1 0.0 0.0 0.0 0.0 1.1 0.0 -9.609 0.05 6.704 1.0]
	ConcatTransform [0.533817 -0.842882 0.067741 0.0 -0.119178 0.004317 0.992864 0.0 -0.83716 -0.538081 -0.098148 0.0 -0.551527 -0.791344 0.020094 1.0]
339
	ConcatTransform [1.1 0.0 0.0 0.0 0.0 1.1 0.0 0.0 0.0 0.0 1.1 0.0 -9.609 0.05 6.704 1.0]
	ConcatTransform [0.533915 -0.842955 0.066044 0.0 -0.116207 0.004213 0.993216 0.0 -0.837515 -0.537968 -0.095707 0.0 -0.550127 -0.791117 0.019182 1.0]
340
	ConcatTransform [1.1 0.0 0.0 0.0 0.0 1.1 0.0 0.0 0.0 0.0 1.1 0.0 -9.609 0.05 6.704 1.0]
	ConcatTransform [0.53326 -0.843594 0.063112 0.0 -0.11177 0.003691 0.993727 0.0 -0.838535 -0.536969 -0.09232 0.0 -0.548121 -0.790923 0.017869 1.0]
341
	ConcatTransform [1.1 0.0 0.0 0.0 0.0 1.1 0.0 0.0 0.0 0.0 1.1 0.0 -9.609 0.05 6.704 1.0]
	ConcatTransform [0.533046 -0.843893 0.060887 0.0 -0.108843 0.00297 0.994055 0.0 -0.839056 -0.536503 -0.090268 0.0 -0.546847 -0.791505 0.017019 1.0]
342
	ConcatTransform [1.1 0.0 0.0 0.0 0.0 1.1 0.0 0.0 0.0 0.0 1.1 0.0 -9.609 0.05 6.704 1.0]
	ConcatTransform [0.533986 -0.84339 0.059595 0.0 -0.104261 0.004263 0.994541 0.0 -0.83904 -0.537285 -0.085657 0.0 -0.545045 -0.791121 0.015789 1.0]
343
	ConcatTransform [1.1 0.0 0.0 0.0 0.0 1.1 0.0 0.0 0.0 0.0 1.1 0.0 -9.609 0.05 6.704 1.0]
	ConcatTransform [0.534083 -0.843433 0.058106 0.0 -0.101263 0.004415 0.99485 0.0 -0.839346 -0.537216 -0.083051 0.0 -0.543897 -0.790975 0.01501 1.0]
344
	ConcatTransform [1.1 0.0 0.0 0.0 0.0 1.1 0.0 0.0 0.0 0.0 1.1 0.0 -9.609 0.05 6.704 1.0]
	ConcatTransform [0.533485 -0.843993 0.055406 0.0 -0.0968 0.004152 0.995295 0.0 -0.840252 -0.536339 -0.079483 0.0 -0.542255 -0.790852 0.013898 1.0]
345
	ConcatTransform [1.1 0.0 0.0 0.0 0.0 1.1 0.0 0.0 0.0 0.0 1.1 0.0 -9.609 0.05 6.704 1.0]
	ConcatTransform [0.533531 -0.844066 0.053827 0.0 -0.093809 0.004193 0.995581 0.0 -0.840562 -0.536223 -0.076944 0.0 -0.541218 -0.790804 0.013186 1.0]
346
	ConcatTransform [1.1 0.0 0.0 0.0 0.0 1.1 0.0 0.0 0.0 0.0 1.1 0.0 -9.609 0.05 6.704 1.0]
	ConcatTransform [0.534272 -0.843714 0.051959 0.0 -0.089279 0.004802 0.995995 0.0 -0.840585 -0.536771 -0.07276 0.0 -0.539748 -0.790762 0.012162 1.0]
347
	ConcatTransform [1.1 0.0 0.0 0.0 0.0 1.1 0.0 0.0 0.0 0.0 1.1 0.0 -9.609 0.05 6.704 1.0]
	ConcatTransform [0.53429 -0.843796 0.050425 0.0 -0.08628 0.004904 0.996259 0.0 -0.840887 -0.536642 -0.070183 0.0 -0.538814 -0.790747 0.011512 1.0]
348
	ConcatTransform [1.1 0.0 0.0 0.0 0.0 1.1 0.0 0.0 0.0 0.0 1.1 0.0 -9.609 0.05 6.704 1.0]
	ConcatTransform [0.533665 -0.844347 0.04774 0.0 -0.081811 0.004643 0.996637 0.0 -0.84173 -0.535776 -0.066599 0.0 -0.537481 -0.790736 0.010583 1.0]
349
	ConcatTransform [1.1 0.0 0.0 0.0 0.0 1.1 0.0 0.0 0.0 0.0 1.1 0.0 -9.609 0.05 6.704 1.0]
	ConcatTransform [0.533757 -0.844372 0.046247 0.0 -0.078808 0.004783 0.996878 0.0 -0.841957 -0.535736 -0.06399 0.0 -0.536641 -0.790731 0.009989 1.0]
350
	ConcatTransform [1.1 0.0 0.0 0.0 0.0 1.1 0.0 0.0 0.0 0.0 1.1 0.0 -9.609 0.05 6.704 1.0]
	ConcatTransform [0.534303 -0.84413 0.044334 0.0 -0.074272 0.005363 0.997224 0.0 -0.842024 -0.536112 -0.05983 0.0 -0.535448 -0.790726 0.009134 1.0]
351
	ConcatTransform [1.1 0.0 0.0 0.0 0.0 1.1 0.0 0.0 0.0 0.0 1.1 0.0 -9.609 0.05 6.704 1.0]
	ConcatTransform [0.534361 -0.844175 0.042743 0.0 -0.071278 0.005384 0.997442 0.0 -0.842246 -0.536041 -0.057294 0.0 -0.53469 -0.790724 0.00859 1.0]
352
	ConcatTransform [1.1 0.0 0.0 0.0 0.0 1.1 0.0 0.0 0.0 0.0 1.1 0.0 -9.609 0.05 6.704 1.0]
	ConcatTransform [0.533919 -0.844583 0.040121 0.0 -0.066801 0.005168 0.997753 0.0 -0.842893 -0.535399 -0.05366 0.0 -0.533608 -0.790724 0.007812 1.0]
353
	ConcatTransform [1.1 0.0 0.0 0.0 0.0 1.1 0.0 0.0 0.0 0.0 1.1 0.0 -9.609 0.05 6.704 1.0]
	ConcatTransform [0.53393 -0.844649 0.038572 0.0 -0.0638 0.005242 0.997949 0.0 -0.843118 -0.535296 -0.05109 0.0 -0.532926 -0.790724 0.007314 1.0]
354
	ConcatTransform [1.1 0.0 0.0 0.0 0.0 1.1 0.0 0.0 0.0 0.0 1.1 0.0 -9.609 0.05 6.704 1.0]
	ConcatTransform [0.534376 -0.844458 0.0365 0.0 -0.059276 0.005637 0.998226 0.0 -0.843166 -0.535591 -0.047044 0.0 -0.531958 -0.790723 0.006598 1.0]
355
	ConcatTransform [1.1 0.0 0.0 0.0 0.0 1.1 0.0 0.0 0.0 0.0 1.1 0.0 -9.609 0.05 6.704 1.0]
	ConcatTransform [0.534436 -0.844486 0.034955 0.0 -0.056273 0.005713 0.998399 0.0 -0.843333 -0.535548 -0.044469 0.0 -0.531343 -0.790723 0.006143 1.0]
356
	ConcatTransform [1.1 0.0 0.0 0.0 0.0 1.1 0.0 0.0 0.0 0.0 1.1 0.0 -9.609 0.05 6.704 1.0]
	ConcatTransform [0.534337 -0.84468 0.031622 0.0 -0.051878 0.004569 0.998643 0.0 -0.843678 -0.535252 -0.041379 0.0 -0.530467 -0.791351 0.005494 1.0]
357
	ConcatTransform [1.1 0.0 0.0 0.0 0.0 1.1 0.0 0.0 0.0 0.0 1.1 0.0 -9.609 0.05 6.704 1.0]
	ConcatTransform [0.53426 -0.844795 0.02978 0.0 -0.048901 0.004283 0.998794 0.0 -0.843904 -0.535073 -0.039023 0.0 -0.529914 -0.79151 0.005073 1.0]
358
	ConcatTransform [1.1 0.0 0.0 0.0 0.0 1.1 0.0 0.0 0.0 0.0 1.1 0.0 -9.609 0.05 6.704 1.0]
	ConcatTransform [0.534076 -0.84496 0.028372 0.0 -0.04428 0.005556 0.999004 0.0 -0.844276 -0.534801 -0.034447 0.0 -0.529126 -0.791127 0.004471 1.0]
359
	ConcatTransform [1.1 0.0 0.0 0.0 0.0 1.1 0.0 0.0 0.0 0.0 1.1 0.0 -9.609 0.05 6.704 1.0]
	ConcatTransform [0.533867 -0.845136 0.027048 0.0 -0.041241 0.005925 0.999132 0.0 -0.844562 -0.534518 -0.031691 0.0 -0.528622 -0.791355 0.00409 1.0]
360
	ConcatTransform [1.1 0.0 0.0 0.0 0.0 1.1 0.0 0.0 0.0 0.0 1.1 0.0 -9.609 0.05 6.704 1.0]
	ConcatTransform [0.478273 -0.846196 -0.23496 0.0 0.459146 0.012869 0.888267 0.0 -0.748625 -0.532716 0.394683 0.0 -0.255067 -0.791033 0.275665 1.0]
