228
	ConcatTransform [1.1 0.0 0.0 0.0 0.0 1.1 0.0 0.0 0.0 0.0 1.1 0.0 -9.609 0.05 6.704 1.0]
	ConcatTransform [0.74599 0.272184 0.607795 0.0 -0.665915 0.294655 0.685373 0.0 0.007458 -0.916021 0.401061 0.0 -0.07362 0.1088 0.093406 1.0]
229
	ConcatTransform [1.1 0.0 0.0 0.0 0.0 1.1 0.0 0.0 0.0 0.0 1.1 0.0 -9.609 0.05 6.704 1.0]
	ConcatTransform [0.788069 0.0519 0.613395 0.0 -0.612274 -0.037162 0.789772 0.0 0.063784 -0.997961 0.002491 0.0 -0.108092 0.181185 0.153538 1.0]
230
	ConcatTransform [1.1 0.0 0.0 0.0 0.0 1.1 0.0 0.0 0.0 0.0 1.1 0.0 -9.609 0.05 6.704 1.0]
	ConcatTransform [0.848028 -0.192608 0.493712 0.0 -0.526141 -0.417514 0.740849 0.0 0.063438 -0.888022 -0.455403 0.0 -0.127687 0.301183 0.238752 1.0]
231
	ConcatTransform [1.1 0.0 0.0 0.0 0.0 1.1 0.0 0.0 0.0 0.0 1.1 0.0 -9.609 0.05 6.704 1.0]
	ConcatTransform [0.959299 -0.265056 0.097423 0.0 -0.187141 -0.338337 0.922229 0.0 -0.21148 -0.902925 -0.374169 0.0 -0.162101 0.356529 0.310836 1.0]
232
	ConcatTransform [1.1 0.0 0.0 0.0 0.0 1.1 0.0 0.0 0.0 0.0 1.1 0.0 -9.609 0.05 6.704 1.0]
	ConcatTransform [0.87062 -0.342179 -0.353461 0.0 0.237994 -0.33586 0.911349 0.0 -0.430557 -0.87756 -0.21097 0.0 -0.231186 0.405177 0.425735 1.0]
233
	ConcatTransform [1.1 0.0 0.0 0.0 0.0 1.1 0.0 0.0 0.0 0.0 1.1 0.0 -9.609 0.05 6.704 1.0]
	ConcatTransform [0.703551 -0.36445 -0.610076 0.0 0.490426 -0.372283 0.787965 0.0 -0.514294 -0.85357 -0.083184 0.0 -0.277117 0.424945 0.501904 1.0]
234
	ConcatTransform [1.1 0.0 0.0 0.0 0.0 1.1 0.0 0.0 0.0 0.0 1.1 0.0 -9.609 0.05 6.704 1.0]
	ConcatTransform [0.326059 -0.370856 -0.869569 0.0 0.76515 -0.436675 0.47314 0.0 -0.555185 -0.819623 0.141379 0.0 -0.346013 0.436038 0.616158 1.0]
235
	ConcatTransform [1.1 0.0 0.0 0.0 0.0 1.1 0.0 0.0 0.0 0.0 1.1 0.0 -9.609 0.05 6.704 1.0]
	ConcatTransform [0.073279 -0.425626 -0.901927 0.0 0.844151 -0.455105 0.283352 0.0 -0.531074 -0.782127 0.325943 0.0 -0.391559 0.430461 0.694881 1.0]
236
	ConcatTransform [1.1 0.0 0.0 0.0 0.0 1.1 0.0 0.0 0.0 0.0 1.1 0.0 -9.609 0.05 6.704 1.0]
	ConcatTransform [-0.23063 -0.582822 -0.779184 0.0 0.877631 -0.470407 0.09209 0.0 -0.420205 -0.662598 0.619993 0.0 -0.4593 0.402638 0.816797 1.0]
237
	ConcatTransform [1.1 0.0 0.0 0.0 0.0 1.1 0.0 0.0 0.0 0.0 1.1 0.0 -9.609 0.05 6.704 1.0]
	ConcatTransform [-0.407318 -0.660137 -0.631119 0.0 0.864684 -0.501174 -0.033841 0.0 -0.293961 -0.559503 0.774947 0.0 -0.504461 0.371715 0.898075 1.0]
238
	ConcatTransform [1.1 0.0 0.0 0.0 0.0 1.1 0.0 0.0 0.0 0.0 1.1 0.0 -9.609 0.05 6.704 1.0]
	ConcatTransform [-0.605651 -0.72271 -0.332982 0.0 0.794401 -0.573332 -0.200544 0.0 -0.045974 -0.385981 0.92136 0.0 -0.572202 0.306771 1.019991 1.0]
239
	ConcatTransform [1.1 0.0 0.0 0.0 0.0 1.1 0.0 0.0 0.0 0.0 1.1 0.0 -9.609 0.05 6.704 1.0]
	ConcatTransform [-0.681199 -0.724974 -0.101883 0.0 0.717964 -0.634332 -0.286621 0.0 0.143165 -0.268395 0.952611 0.0 -0.617363 0.251101 1.101268 1.0]
240
	ConcatTransform [1.1 0.0 0.0 0.0 0.0 1.1 0.0 0.0 0.0 0.0 1.1 0.0 -9.609 0.05 6.704 1.0]
	ConcatTransform [-0.683155 -0.684481 0.254529 0.0 0.592503 -0.723263 -0.354727 0.0 0.426895 -0.091524 0.899658 0.0 -0.684934 0.149295 1.223369 1.0]
241
	ConcatTransform [1.1 0.0 0.0 0.0 0.0 1.1 0.0 0.0 0.0 0.0 1.1 0.0 -9.609 0.05 6.704 1.0]
	ConcatTransform [-0.46376 -0.751716 0.468881 0.0 0.648876 -0.648534 -0.397949 0.0 0.60323 0.119693 0.788535 0.0 -0.72748 0.07119 1.304638 1.0]
242
	ConcatTransform [1.1 0.0 0.0 0.0 0.0 1.1 0.0 0.0 0.0 0.0 1.1 0.0 -9.609 0.05 6.704 1.0]
	ConcatTransform [-0.018946 -0.728363 0.684929 0.0 0.723399 -0.482874 -0.493484 0.0 0.69017 0.486128 0.536046 0.0 -0.788308 -0.064528 1.426528 1.0]
243
	ConcatTransform [1.1 0.0 0.0 0.0 0.0 1.1 0.0 0.0 0.0 0.0 1.1 0.0 -9.609 0.05 6.704 1.0]
	ConcatTransform [0.296569 -0.616265 0.729564 0.0 0.753847 -0.317939 -0.575004 0.0 0.586312 0.720508 0.370279 0.0 -0.827972 -0.166488 1.507834 1.0]
244
	ConcatTransform [1.1 0.0 0.0 0.0 0.0 1.1 0.0 0.0 0.0 0.0 1.1 0.0 -9.609 0.05 6.704 1.0]
	ConcatTransform [0.438201 -0.420952 0.794216 0.0 0.892569 0.099281 -0.439845 0.0 0.106303 0.901633 0.419234 0.0 -0.872868 -0.329563 1.623523 1.0]
245
	ConcatTransform [1.1 0.0 0.0 0.0 0.0 1.1 0.0 0.0 0.0 0.0 1.1 0.0 -9.609 0.05 6.704 1.0]
	ConcatTransform [0.329307 -0.325167 0.886467 0.0 0.9121 0.352346 -0.209585 0.0 -0.244193 0.877564 0.412615 0.0 -0.863506 -0.404134 1.655087 1.0]
246
	ConcatTransform [1.1 0.0 0.0 0.0 0.0 1.1 0.0 0.0 0.0 0.0 1.1 0.0 -9.609 0.05 6.704 1.0]
	ConcatTransform [0.094968 -0.418147 0.903402 0.0 0.80587 0.56507 0.176832 0.0 -0.584427 0.711231 0.390635 0.0 -0.81675 -0.483445 1.66808 1.0]
247
	ConcatTransform [1.1 0.0 0.0 0.0 0.0 1.1 0.0 0.0 0.0 0.0 1.1 0.0 -9.609 0.05 6.704 1.0]
	ConcatTransform [0.068301 -0.471432 0.879254 0.0 0.60115 0.722801 0.340848 0.0 -0.796212 0.505283 0.33277 0.0 -0.775611 -0.520013 1.668042 1.0]
248
	ConcatTransform [1.1 0.0 0.0 0.0 0.0 1.1 0.0 0.0 0.0 0.0 1.1 0.0 -9.609 0.05 6.704 1.0]
	ConcatTransform [-0.05536 -0.485598 0.872428 0.0 0.308734 0.822623 0.477467 0.0 -0.949536 0.295781 0.10438 0.0 -0.706164 -0.508636 1.66336 1.0]
249
	ConcatTransform [1.1 0.0 0.0 0.0 0.0 1.1 0.0 0.0 0.0 0.0 1.1 0.0 -9.609 0.05 6.704 1.0]
	ConcatTransform [-0.172433 -0.541616 0.822751 0.0 0.173729 0.805446 0.566635 0.0 -0.96958 0.240642 -0.044791 0.0 -0.660842 -0.496858 1.660217 1.0]
250
	ConcatTransform [1.1 0.0 0.0 0.0 0.0 1.1 0.0 0.0 0.0 0.0 1.1 0.0 -9.609 0.05 6.704 1.0]
	ConcatTransform [-0.268166 -0.676008 0.686368 0.0 0.015465 0.709351 0.704686 0.0 -0.963248 0.199588 -0.179769 0.0 -0.59483 -0.484121 1.653434 1.0]
251
	ConcatTransform [1.1 0.0 0.0 0.0 0.0 1.1 0.0 0.0 0.0 0.0 1.1 0.0 -9.609 0.05 6.704 1.0]
	ConcatTransform [-0.283311 -0.740477 0.609449 0.0 -0.081199 0.651726 0.754096 0.0 -0.955584 0.164157 -0.244767 0.0 -0.558594 -0.467679 1.652388 1.0]
252
	ConcatTransform [1.1 0.0 0.0 0.0 0.0 1.1 0.0 0.0 0.0 0.0 1.1 0.0 -9.609 0.05 6.704 1.0]
	ConcatTransform [-0.357041 -0.769335 0.52976 0.0 -0.221313 0.620665 0.752194 0.0 -0.907492 0.151321 -0.391866 0.0 -0.511308 -0.446598 1.654174 1.0]
253
	ConcatTransform [1.1 0.0 0.0 0.0 0.0 1.1 0.0 0.0 0.0 0.0 1.1 0.0 -9.609 0.05 6.704 1.0]
	ConcatTransform [-0.396835 -0.796179 0.456751 0.0 -0.31654 0.585789 0.746092 0.0 -0.861582 0.151496 -0.484484 0.0 -0.485722 -0.434265 1.658575 1.0]
254
	ConcatTransform [1.1 0.0 0.0 0.0 0.0 1.1 0.0 0.0 0.0 0.0 1.1 0.0 -9.609 0.05 6.704 1.0]
	ConcatTransform [-0.4257 -0.823889 0.374148 0.0 -0.427002 0.54746 0.719692 0.0 -0.797777 0.146611 -0.584856 0.0 -0.45717 -0.419082 1.669412 1.0]
255
	ConcatTransform [1.1 0.0 0.0 0.0 0.0 1.1 0.0 0.0 0.0 0.0 1.1 0.0 -9.609 0.05 6.704 1.0]
	ConcatTransform [-0.420079 -0.842056 0.338342 0.0 -0.486912 0.523765 0.69899 0.0 -0.7658 0.128888 -0.63003 0.0 -0.446993 -0.407949 1.679806 1.0]
256
	ConcatTransform [1.1 0.0 0.0 0.0 0.0 1.1 0.0 0.0 0.0 0.0 1.1 0.0 -9.609 0.05 6.704 1.0]
	ConcatTransform [-0.431583 -0.854434 0.289274 0.0 -0.556316 0.504539 0.660267 0.0 -0.710104 0.124032 -0.693086 0.0 -0.437245 -0.400626 1.697049 1.0]
257
	ConcatTransform [1.1 0.0 0.0 0.0 0.0 1.1 0.0 0.0 0.0 0.0 1.1 0.0 -9.609 0.05 6.704 1.0]
	ConcatTransform [-0.446823 -0.856552 0.258202 0.0 -0.599238 0.500859 0.624543 0.0 -0.664276 0.124336 -0.737074 0.0 -0.436238 -0.399767 1.709737 1.0]
258
	ConcatTransform [1.1 0.0 0.0 0.0 0.0 1.1 0.0 0.0 0.0 0.0 1.1 0.0 -9.609 0.05 6.704 1.0]
	ConcatTransform [-0.484601 -0.851936 0.198411 0.0 -0.655548 0.503885 0.562456 0.0 -0.579153 0.142499 -0.802668 0.0 -0.443847 -0.403491 1.730068 1.0]
259
	ConcatTransform [1.1 0.0 0.0 0.0 0.0 1.1 0.0 0.0 0.0 0.0 1.1 0.0 -9.609 0.05 6.704 1.0]
	ConcatTransform [-0.518824 -0.842251 0.146406 0.0 -0.68768 0.512923 0.513815 0.0 -0.507857 0.165899 -0.845316 0.0 -0.454331 -0.410349 1.743897 1.0]
260
	ConcatTransform [1.1 0.0 0.0 0.0 0.0 1.1 0.0 0.0 0.0 0.0 1.1 0.0 -9.609 0.05 6.704 1.0]
	ConcatTransform [-0.57323 -0.817019 0.062346 0.0 -0.719636 0.538367 0.438504 0.0 -0.391831 0.206497 -0.896564 0.0 -0.479471 -0.4246 1.764503 1.0]
261
	ConcatTransform [1.1 0.0 0.0 0.0 0.0 1.1 0.0 0.0 0.0 0.0 1.1 0.0 -9.609 0.05 6.704 1.0]
	ConcatTransform [-0.607478 -0.794312 0.006213 0.0 -0.731113 0.562168 0.386575 0.0 -0.310554 0.230294 -0.922237 0.0 -0.502978 -0.435238 1.777672 1.0]
262
	ConcatTransform [1.1 0.0 0.0 0.0 0.0 1.1 0.0 0.0 0.0 0.0 1.1 0.0 -9.609 0.05 6.704 1.0]
	ConcatTransform [-0.655948 -0.750592 -0.079651 0.0 -0.731131 0.605604 0.314151 0.0 -0.187562 0.264302 -0.946026 0.0 -0.547579 -0.452192 1.795798 1.0]
263
	ConcatTransform [1.1 0.0 0.0 0.0 0.0 1.1 0.0 0.0 0.0 0.0 1.1 0.0 -9.609 0.05 6.704 1.0]
	ConcatTransform [-0.687824 -0.713139 -0.13539 0.0 -0.718794 0.643165 0.26396 0.0 -0.101162 0.278875 -0.954984 0.0 -0.583038 -0.463353 1.806163 1.0]
264
	ConcatTransform [1.1 0.0 0.0 0.0 0.0 1.1 0.0 0.0 0.0 0.0 1.1 0.0 -9.609 0.05 6.704 1.0]
	ConcatTransform [-0.73138 -0.641641 -0.23104 0.0 -0.680217 0.710634 0.179734 0.0 0.04886 0.288611 -0.956199 0.0 -0.643377 -0.47851 1.818159 1.0]
265
	ConcatTransform [1.1 0.0 0.0 0.0 0.0 1.1 0.0 0.0 0.0 0.0 1.1 0.0 -9.609 0.05 6.704 1.0]
	ConcatTransform [-0.754528 -0.575152 -0.316051 0.0 -0.632581 0.765617 0.116926 0.0 0.174724 0.288152 -0.941509 0.0 -0.686949 -0.48702 1.823163 1.0]
266
	ConcatTransform [1.1 0.0 0.0 0.0 0.0 1.1 0.0 0.0 0.0 0.0 1.1 0.0 -9.609 0.05 6.704 1.0]
	ConcatTransform [-0.731985 -0.509791 -0.452009 0.0 -0.577557 0.816217 0.01474 0.0 0.361423 0.27185 -0.891892 0.0 -0.754194 -0.486353 1.822756 1.0]
267
	ConcatTransform [1.1 0.0 0.0 0.0 0.0 1.1 0.0 0.0 0.0 0.0 1.1 0.0 -9.609 0.05 6.704 1.0]
	ConcatTransform [-0.686088 -0.490251 -0.537529 0.0 -0.541265 0.837666 -0.073133 0.0 0.486123 0.24077 -0.840068 0.0 -0.796995 -0.481102 1.817783 1.0]
268
	ConcatTransform [1.1 0.0 0.0 0.0 0.0 1.1 0.0 0.0 0.0 0.0 1.1 0.0 -9.609 0.05 6.704 1.0]
	ConcatTransform [-0.590563 -0.463305 -0.660745 0.0 -0.462353 0.865323 -0.193509 0.0 0.661412 0.191219 -0.725238 0.0 -0.856254 -0.471972 1.80604 1.0]
269
	ConcatTransform [1.1 0.0 0.0 0.0 0.0 1.1 0.0 0.0 0.0 0.0 1.1 0.0 -9.609 0.05 6.704 1.0]
	ConcatTransform [-0.517411 -0.461223 -0.720805 0.0 -0.403891 0.87422 -0.269466 0.0 0.754426 0.151702 -0.638615 0.0 -0.89145 -0.46449 1.795288 1.0]
270
	ConcatTransform [1.1 0.0 0.0 0.0 0.0 1.1 0.0 0.0 0.0 0.0 1.1 0.0 -9.609 0.05 6.704 1.0]
	ConcatTransform [-0.386715 -0.473669 -0.791258 0.0 -0.315182 0.87423 -0.369299 0.0 0.866667 0.106576 -0.48737 0.0 -0.938258 -0.455952 1.776484 1.0]
271
	ConcatTransform [1.1 0.0 0.0 0.0 0.0 1.1 0.0 0.0 0.0 0.0 1.1 0.0 -9.609 0.05 6.704 1.0]
	ConcatTransform [-0.280981 -0.478539 -0.831895 0.0 -0.2592 0.872443 -0.414316 0.0 0.924048 0.099212 -0.369177 0.0 -0.965865 -0.454587 1.763134 1.0]
272
	ConcatTransform [1.1 0.0 0.0 0.0 0.0 1.1 0.0 0.0 0.0 0.0 1.1 0.0 -9.609 0.05 6.704 1.0]
	ConcatTransform [-0.104885 -0.469631 -0.87661 0.0 -0.170452 0.876918 -0.449402 0.0 0.979768 0.102284 -0.172025 0.0 -1.000108 -0.456696 1.742627 1.0]
273
	ConcatTransform [1.1 0.0 0.0 0.0 0.0 1.1 0.0 0.0 0.0 0.0 1.1 0.0 -9.609 0.05 6.704 1.0]
	ConcatTransform [0.014044 -0.483523 -0.875219 0.0 -0.132697 0.866662 -0.480924 0.0 0.991057 0.122893 -0.051991 0.0 -1.018967 -0.461687 1.728566 1.0]
274
	ConcatTransform [1.1 0.0 0.0 0.0 0.0 1.1 0.0 0.0 0.0 0.0 1.1 0.0 -9.609 0.05 6.704 1.0]
	ConcatTransform [0.175839 -0.536729 -0.825229 0.0 -0.087145 0.826512 -0.556132 0.0 0.980554 0.169704 0.09856 0.0 -1.040267 -0.472245 1.707505 1.0]
275
	ConcatTransform [1.1 0.0 0.0 0.0 0.0 1.1 0.0 0.0 0.0 0.0 1.1 0.0 -9.609 0.05 6.704 1.0]
	ConcatTransform [0.278593 -0.563466 -0.777748 0.0 -0.05703 0.798674 -0.599055 0.0 0.958715 0.211247 0.19037 0.0 -1.050065 -0.480318 1.69413 1.0]
276
	ConcatTransform [1.1 0.0 0.0 0.0 0.0 1.1 0.0 0.0 0.0 0.0 1.1 0.0 -9.609 0.05 6.704 1.0]
	ConcatTransform [0.426821 -0.568713 -0.703128 0.0 -0.014326 0.773158 -0.634052 0.0 0.904223 0.280699 0.321853 0.0 -1.057603 -0.488301 1.675326 1.0]
277
	ConcatTransform [1.1 0.0 0.0 0.0 0.0 1.1 0.0 0.0 0.0 0.0 1.1 0.0 -9.609 0.05 6.704 1.0]
	ConcatTransform [0.519346 -0.537502 -0.664358 0.0 0.032868 0.789412 -0.612984 0.0 0.853932 0.296515 0.427644 0.0 -1.058363 -0.491291 1.662634 1.0]
278
	ConcatTransform [1.1 0.0 0.0 0.0 0.0 1.1 0.0 0.0 0.0 0.0 1.1 0.0 -9.609 0.05 6.704 1.0]
	ConcatTransform [0.619208 -0.529464 -0.57987 0.0 0.123438 0.794927 -0.594015 0.0 0.775464 0.29624 0.557581 0.0 -1.053313 -0.490178 1.643715 1.0]
279
	ConcatTransform [1.1 0.0 0.0 0.0 0.0 1.1 0.0 0.0 0.0 0.0 1.1 0.0 -9.609 0.05 6.704 1.0]
	ConcatTransform [0.676874 -0.522913 -0.518077 0.0 0.181555 0.800667 -0.570938 0.0 0.713358 0.292393 0.636888 0.0 -1.047294 -0.489415 1.632266 1.0]
280
	ConcatTransform [1.1 0.0 0.0 0.0 0.0 1.1 0.0 0.0 0.0 0.0 1.1 0.0 -9.609 0.05 6.704 1.0]
	ConcatTransform [0.746447 -0.517232 -0.418674 0.0 0.259674 0.80569 -0.532385 0.0 0.612688 0.288678 0.735716 0.0 -1.034814 -0.488346 1.617821 1.0]
281
	ConcatTransform [1.1 0.0 0.0 0.0 0.0 1.1 0.0 0.0 0.0 0.0 1.1 0.0 -9.609 0.05 6.704 1.0]
	ConcatTransform [0.784498 -0.512942 -0.348502 0.0 0.305644 0.808803 -0.502414 0.0 0.539578 0.287625 0.791282 0.0 -1.024651 -0.487943 1.61055 1.0]
282
	ConcatTransform [1.1 0.0 0.0 0.0 0.0 1.1 0.0 0.0 0.0 0.0 1.1 0.0 -9.609 0.05 6.704 1.0]
	ConcatTransform [0.832477 -0.503179 -0.231934 0.0 0.356325 0.806771 -0.471331 0.0 0.424282 0.309728 0.850913 0.0 -1.007739 -0.490527 1.602772 1.0]
283
	ConcatTransform [1.1 0.0 0.0 0.0 0.0 1.1 0.0 0.0 0.0 0.0 1.1 0.0 -9.609 0.05 6.704 1.0]
	ConcatTransform [0.857554 -0.49311 -0.146437 0.0 0.380747 0.799903 -0.463882 0.0 0.34588 0.342048 0.873711 0.0 -0.995476 -0.493714 1.599475 1.0]
284
	ConcatTransform [1.1 0.0 0.0 0.0 0.0 1.1 0.0 0.0 0.0 0.0 1.1 0.0 -9.609 0.05 6.704 1.0]
	ConcatTransform [0.881577 -0.47166 -0.018925 0.0 0.415507 0.794399 -0.443039 0.0 0.223998 0.382709 0.896303 0.0 -0.975369 -0.496895 1.597471 1.0]
285
	ConcatTransform [1.1 0.0 0.0 0.0 0.0 1.1 0.0 0.0 0.0 0.0 1.1 0.0 -9.609 0.05 6.704 1.0]
	ConcatTransform [0.891667 -0.447885 0.065791 0.0 0.43138 0.796601 -0.423484 0.0 0.137263 0.405987 0.903512 0.0 -0.961412 -0.498225 1.597585 1.0]
286
	ConcatTransform [1.1 0.0 0.0 0.0 0.0 1.1 0.0 0.0 0.0 0.0 1.1 0.0 -9.609 0.05 6.704 1.0]
	ConcatTransform [0.887323 -0.421682 0.186658 0.0 0.461055 0.803125 -0.377384 0.0 0.009226 0.420921 0.90705 0.0 -0.941262 -0.497373 1.600297 1.0]
287
	ConcatTransform [1.1 0.0 0.0 0.0 0.0 1.1 0.0 0.0 0.0 0.0 1.1 0.0 -9.609 0.05 6.704 1.0]
	ConcatTransform [0.874843 -0.402417 0.269648 0.0 0.478449 0.804866 -0.35111 0.0 -0.075738 0.436179 0.896667 0.0 -0.92922 -0.496765 1.603351 1.0]
288
	ConcatTransform [1.1 0.0 0.0 0.0 0.0 1.1 0.0 0.0 0.0 0.0 1.1 0.0 -9.609 0.05 6.704 1.0]
	ConcatTransform [0.835582 -0.403132 0.373211 0.0 0.516946 0.806899 -0.285799 0.0 -0.185929 0.431738 0.882628 0.0 -0.913524 -0.496122 1.609846 1.0]
289
	ConcatTransform [1.1 0.0 0.0 0.0 0.0 1.1 0.0 0.0 0.0 0.0 1.1 0.0 -9.609 0.05 6.704 1.0]
	ConcatTransform [0.816106 -0.386391 0.429737 0.0 0.520206 0.815064 -0.255062 0.0 -0.251709 0.431709 0.866181 0.0 -0.90513 -0.494783 1.614114 1.0]
290
	ConcatTransform [1.1 0.0 0.0 0.0 0.0 1.1 0.0 0.0 0.0 0.0 1.1 0.0 -9.609 0.05 6.704 1.0]
	ConcatTransform [0.777651 -0.369737 0.508481 0.0 0.529163 0.821656 -0.211822 0.0 -0.339478 0.433793 0.834613 0.0 -0.895115 -0.493423 1.620243 1.0]
291
	ConcatTransform [1.1 0.0 0.0 0.0 0.0 1.1 0.0 0.0 0.0 0.0 1.1 0.0 -9.609 0.05 6.704 1.0]
	ConcatTransform [0.754851 -0.358173 0.549466 0.0 0.524676 0.832452 -0.178156 0.0 -0.393593 0.422773 0.816301 0.0 -0.89086 -0.4916 1.624148 1.0]
292
	ConcatTransform [1.1 0.0 0.0 0.0 0.0 1.1 0.0 0.0 0.0 0.0 1.1 0.0 -9.609 0.05 6.704 1.0]
	ConcatTransform [0.701077 -0.367779 0.610925 0.0 0.543261 0.83043 -0.123505 0.0 -0.461908 0.418478 0.781995 0.0 -0.887412 -0.492044 1.630197 1.0]
293
	ConcatTransform [1.1 0.0 0.0 0.0 0.0 1.1 0.0 0.0 0.0 0.0 1.1 0.0 -9.609 0.05 6.704 1.0]
	ConcatTransform [0.652325 -0.39184 0.648794 0.0 0.573249 0.815052 -0.084116 0.0 -0.495841 0.426791 0.756301 0.0 -0.886897 -0.494632 1.634155 1.0]
294
	ConcatTransform [1.1 0.0 0.0 0.0 0.0 1.1 0.0 0.0 0.0 0.0 1.1 0.0 -9.609 0.05 6.704 1.0]
	ConcatTransform [0.583994 -0.408229 0.701641 0.0 0.595762 0.802642 -0.028874 0.0 -0.551379 0.434873 0.711945 0.0 -0.889212 -0.496049 1.63869 1.0]
295
	ConcatTransform [1.1 0.0 0.0 0.0 0.0 1.1 0.0 0.0 0.0 0.0 1.1 0.0 -9.609 0.05 6.704 1.0]
	ConcatTransform [0.544045 -0.40865 0.732817 0.0 0.596999 0.802232 0.004146 0.0 -0.589583 0.435235 0.680413 0.0 -0.891876 -0.496044 1.640346 1.0]
296
	ConcatTransform [1.1 0.0 0.0 0.0 0.0 1.1 0.0 0.0 0.0 0.0 1.1 0.0 -9.609 0.05 6.704 1.0]
	ConcatTransform [0.48023 -0.419171 0.770503 0.0 0.597382 0.799508 0.062622 0.0 -0.642273 0.430211 0.634353 0.0 -0.89662 -0.496542 1.640937 1.0]
297
	ConcatTransform [1.1 0.0 0.0 0.0 0.0 1.1 0.0 0.0 0.0 0.0 1.1 0.0 -9.609 0.05 6.704 1.0]
	ConcatTransform [0.438733 -0.424373 0.792099 0.0 0.597177 0.796358 0.095887 0.0 -0.671486 0.430954 0.602815 0.0 -0.900283 -0.496848 1.640027 1.0]
298
	ConcatTransform [1.1 0.0 0.0 0.0 0.0 1.1 0.0 0.0 0.0 0.0 1.1 0.0 -9.609 0.05 6.704 1.0]
	ConcatTransform [0.374236 -0.434944 0.819006 0.0 0.593195 0.791134 0.149088 0.0 -0.712788 0.430036 0.554078 0.0 -0.906253 -0.497366 1.636872 1.0]
299
	ConcatTransform [1.1 0.0 0.0 0.0 0.0 1.1 0.0 0.0 0.0 0.0 1.1 0.0 -9.609 0.05 6.704 1.0]
	ConcatTransform [0.331608 -0.446113 0.831276 0.0 0.584563 0.788762 0.190107 0.0 -0.740487 0.422892 0.522341 0.0 -0.910347 -0.497886 1.63371 1.0]
300
	ConcatTransform [1.1 0.0 0.0 0.0 0.0 1.1 0.0 0.0 0.0 0.0 1.1 0.0 -9.609 0.05 6.704 1.0]
	ConcatTransform [0.264448 -0.464593 0.845116 0.0 0.578431 0.777602 0.24648 0.0 -0.771676 0.42366 0.47437 0.0 -0.91662 -0.49839 1.627681 1.0]
301
	ConcatTransform [1.1 0.0 0.0 0.0 0.0 1.1 0.0 0.0 0.0 0.0 1.1 0.0 -9.609 0.05 6.704 1.0]
	ConcatTransform [0.221003 -0.469387 0.854888 0.0 0.576374 0.769967 0.273758 0.0 -0.786734 0.432234 0.440708 0.0 -0.920592 -0.498198 1.623594 1.0]
302
	ConcatTransform [1.1 0.0 0.0 0.0 0.0 1.1 0.0 0.0 0.0 0.0 1.1 0.0 -9.609 0.05 6.704 1.0]
	ConcatTransform [0.164083 -0.475294 0.864391 0.0 0.564862 0.763652 0.312677 0.0 -0.808708 0.436957 0.393778 0.0 -0.926157 -0.497957 1.618475 1.0]
303
	ConcatTransform [1.1 0.0 0.0 0.0 0.0 1.1 0.0 0.0 0.0 0.0 1.1 0.0 -9.609 0.05 6.704 1.0]
	ConcatTransform [0.123769 -0.478086 0.869549 0.0 0.558749 0.757743 0.337083 0.0 -0.820049 0.444139 0.360915 0.0 -0.929408 -0.497758 1.615937 1.0]
304
	ConcatTransform [1.1 0.0 0.0 0.0 0.0 1.1 0.0 0.0 0.0 0.0 1.1 0.0 -9.609 0.05 6.704 1.0]
	ConcatTransform [0.067799 -0.478631 0.875395 0.0 0.546319 0.75199 0.368846 0.0 -0.834829 0.453237 0.312469 0.0 -0.933429 -0.497547 1.61271 1.0]
305
	ConcatTransform [1.1 0.0 0.0 0.0 0.0 1.1 0.0 0.0 0.0 0.0 1.1 0.0 -9.609 0.05 6.704 1.0]
	ConcatTransform [0.034366 -0.480111 0.876535 0.0 0.537531 0.748271 0.388781 0.0 -0.842543 0.457804 0.28379 0.0 -0.935358 -0.497354 1.610733 1.0]
306
	ConcatTransform [1.1 0.0 0.0 0.0 0.0 1.1 0.0 0.0 0.0 0.0 1.1 0.0 -9.609 0.05 6.704 1.0]
	ConcatTransform [-0.009221 -0.483224 0.875448 0.0 0.523223 0.743741 0.416036 0.0 -0.852146 0.461891 0.245976 0.0 -0.936952 -0.497063 1.608009 1.0]
307
	ConcatTransform [1.1 0.0 0.0 0.0 0.0 1.1 0.0 0.0 0.0 0.0 1.1 0.0 -9.609 0.05 6.704 1.0]
	ConcatTransform [-0.034415 -0.484258 0.874248 0.0 0.512716 0.742324 0.431367 0.0 -0.857868 0.463086 0.22274 0.0 -0.937114 -0.496958 1.606429 1.0]
308
	ConcatTransform [1.1 0.0 0.0 0.0 0.0 1.1 0.0 0.0 0.0 0.0 1.1 0.0 -9.609 0.05 6.704 1.0]
	ConcatTransform [-0.066791 -0.484859 0.872038 0.0 0.49565 0.742403 0.450743 0.0 -0.86595 0.462332 0.190734 0.0 -0.936127 -0.496967 1.604914 1.0]
309
	ConcatTransform [1.1 0.0 0.0 0.0 0.0 1.1 0.0 0.0 0.0 0.0 1.1 0.0 -9.609 0.05 6.704 1.0]
	ConcatTransform [-0.084378 -0.484433 0.87075 0.0 0.484815 0.743496 0.460617 0.0 -0.870537 0.461018 0.172126 0.0 -0.934719 -0.497033 1.60467 1.0]
310
	ConcatTransform [1.1 0.0 0.0 0.0 0.0 1.1 0.0 0.0 0.0 0.0 1.1 0.0 -9.609 0.05 6.704 1.0]
	ConcatTransform [-0.105296 -0.478224 0.871903 0.0 0.461991 0.752892 0.468741 0.0 -0.880612 0.452168 0.141658 0.0 -0.931574 -0.497541 1.605051 1.0]
311
	ConcatTransform [1.1 0.0 0.0 0.0 0.0 1.1 0.0 0.0 0.0 0.0 1.1 0.0 -9.609 0.05 6.704 1.0]
	ConcatTransform [-0.119399 -0.47628 0.871149 0.0 0.448905 0.75672 0.475246 0.0 -0.885567 0.447807 0.123453 0.0 -0.928745 -0.497717 1.605828 1.0]
312
	ConcatTransform [1.1 0.0 0.0 0.0 0.0 1.1 0.0 0.0 0.0 0.0 1.1 0.0 -9.609 0.05 6.704 1.0]
	ConcatTransform [-0.1383 -0.473056 0.87011 0.0 0.427484 0.763985 0.483305 0.0 -0.893382 0.438799 0.096565 0.0 -0.92372 -0.498 1.607711 1.0]
313
	ConcatTransform [1.1 0.0 0.0 0.0 0.0 1.1 0.0 0.0 0.0 0.0 1.1 0.0 -9.609 0.05 6.704 1.0]
	ConcatTransform [-0.149585 -0.468789 0.870552 0.0 0.413569 0.770073 0.485744 0.0 -0.898101 0.432694 0.078685 0.0 -0.919883 -0.498231 1.609251 1.0]
314
	ConcatTransform [1.1 0.0 0.0 0.0 0.0 1.1 0.0 0.0 0.0 0.0 1.1 0.0 -9.609 0.05 6.704 1.0]
	ConcatTransform [-0.156722 -0.466302 0.870632 0.0 0.395957 0.777915 0.48792 0.0 -0.904796 0.421201 0.062719 0.0 -0.91345 -0.498351 1.611651 1.0]
315
	ConcatTransform [1.1 0.0 0.0 0.0 0.0 1.1 0.0 0.0 0.0 0.0 1.1 0.0 -9.609 0.05 6.704 1.0]
	ConcatTransform [-0.15856 -0.464465 0.871281 0.0 0.386195 0.782965 0.487667 0.0 -0.908687 0.413809 0.055228 0.0 -0.909364 -0.498189 1.613447 1.0]
316
	ConcatTransform [1.1 0.0 0.0 0.0 0.0 1.1 0.0 0.0 0.0 0.0 1.1 0.0 -9.609 0.05 6.704 1.0]
	ConcatTransform [-0.162708 -0.461751 0.871958 0.0 0.379349 0.786532 0.4873 0.0 -0.910835 0.410064 0.047189 0.0 -0.904078 -0.497886 1.615751 1.0]
317
	ConcatTransform [1.1 0.0 0.0 0.0 0.0 1.1 0.0 0.0 0.0 0.0 1.1 0.0 -9.609 0.05 6.704 1.0]
	ConcatTransform [-0.166711 -0.461765 0.871195 0.0 0.380444 0.785016 0.488889 0.0 -0.909653 0.412944 0.044805 0.0 -0.901437 -0.497981 1.616904 1.0]
318
	ConcatTransform [1.1 0.0 0.0 0.0 0.0 1.1 0.0 0.0 0.0 0.0 1.1 0.0 -9.609 0.05 6.704 1.0]
	ConcatTransform [-0.167908 -0.462258 0.870703 0.0 0.388477 0.780744 0.489413 0.0 -0.906031 0.420424 0.048483 0.0 -0.898669 -0.498315 1.618199 1.0]
319
	ConcatTransform [1.1 0.0 0.0 0.0 0.0 1.1 0.0 0.0 0.0 0.0 1.1 0.0 -9.609 0.05 6.704 1.0]
	ConcatTransform [-0.165803 -0.46399 0.870185 0.0 0.391622 0.778857 0.489912 0.0 -0.905064 0.422013 0.052572 0.0 -0.8974 -0.498354 1.618674 1.0]
320
	ConcatTransform [1.1 0.0 0.0 0.0 0.0 1.1 0.0 0.0 0.0 0.0 1.1 0.0 -9.609 0.05 6.704 1.0]
	ConcatTransform [-0.16342 -0.465856 0.869639 0.0 0.393842 0.777396 0.490452 0.0 -0.904534 0.42265 0.056432 0.0 -0.895917 -0.49838 1.61896 1.0]
321
	ConcatTransform [1.1 0.0 0.0 0.0 0.0 1.1 0.0 0.0 0.0 0.0 1.1 0.0 -9.609 0.05 6.704 1.0]
	ConcatTransform [-0.163086 -0.466167 0.869535 0.0 0.392692 0.777845 0.490662 0.0 -0.905095 0.421479 0.056204 0.0 -0.895099 -0.498359 1.618963 1.0]
322
	ConcatTransform [1.1 0.0 0.0 0.0 0.0 1.1 0.0 0.0 0.0 0.0 1.1 0.0 -9.609 0.05 6.704 1.0]
	ConcatTransform [-0.163867 -0.466641 0.869134 0.0 0.390365 0.778454 0.491554 0.0 -0.90596 0.419829 0.054597 0.0 -0.893846 -0.498311 1.619011 1.0]
323
	ConcatTransform [1.1 0.0 0.0 0.0 0.0 1.1 0.0 0.0 0.0 0.0 1.1 0.0 -9.609 0.05 6.704 1.0]
	ConcatTransform [-0.164084 -0.465449 0.869732 0.0 0.390827 0.778856 0.490549 0.0 -0.905721 0.420405 0.054112 0.0 -0.89329 -0.498327 1.619194 1.0]
324
	ConcatTransform [1.1 0.0 0.0 0.0 0.0 1.1 0.0 0.0 0.0 0.0 1.1 0.0 -9.609 0.05 6.704 1.0]
	ConcatTransform [-0.162153 -0.465739 0.869939 0.0 0.391459 0.778904 0.489968 0.0 -0.905796 0.419995 0.056016 0.0 -0.892628 -0.49831 1.619407 1.0]
325
	ConcatTransform [1.1 0.0 0.0 0.0 0.0 1.1 0.0 0.0 0.0 0.0 1.1 0.0 -9.609 0.05 6.704 1.0]
	ConcatTransform [-0.160817 -0.465776 0.870167 0.0 0.392207 0.778885 0.489399 0.0 -0.905711 0.419989 0.057423 0.0 -0.892216 -0.498308 1.619423 1.0]
326
	ConcatTransform [1.1 0.0 0.0 0.0 0.0 1.1 0.0 0.0 0.0 0.0 1.1 0.0 -9.609 0.05 6.704 1.0]
	ConcatTransform [-0.15935 -0.465778 0.870436 0.0 0.393305 0.778757 0.488721 0.0 -0.905494 0.420225 0.059098 0.0 -0.891759 -0.498319 1.619401 1.0]
327
	ConcatTransform [1.1 0.0 0.0 0.0 0.0 1.1 0.0 0.0 0.0 0.0 1.1 0.0 -9.609 0.05 6.704 1.0]
	ConcatTransform [-0.158738 -0.465804 0.870534 0.0 0.393487 0.778817 0.488479 0.0 -0.905522 0.420084 0.05966 0.0 -0.89154 -0.498315 1.619346 1.0]
328
	ConcatTransform [1.1 0.0 0.0 0.0 0.0 1.1 0.0 0.0 0.0 0.0 1.1 0.0 -9.609 0.05 6.704 1.0]
	ConcatTransform [-0.157991 -0.466187 0.870464 0.0 0.393476 0.778801 0.488513 0.0 -0.905657 0.419688 0.06039 0.0 -0.891349 -0.4983 1.61918 1.0]
329
	ConcatTransform [1.1 0.0 0.0 0.0 0.0 1.1 0.0 0.0 0.0 0.0 1.1 0.0 -9.609 0.05 6.704 1.0]
	ConcatTransform [-0.157355 -0.466243 0.87055 0.0 0.393813 0.77878 0.488276 0.0 -0.905622 0.419666 0.061068 0.0 -0.891373 -0.498309 1.619088 1.0]
330
	ConcatTransform [1.1 0.0 0.0 0.0 0.0 1.1 0.0 0.0 0.0 0.0 1.1 0.0 -9.609 0.05 6.704 1.0]
	ConcatTransform [-0.157838 -0.465958 0.870615 0.0 0.394434 0.778526 0.48818 0.0 -0.905267 0.420453 0.060909 0.0 -0.891574 -0.498331 1.618941 1.0]
331
	ConcatTransform [1.1 0.0 0.0 0.0 0.0 1.1 0.0 0.0 0.0 0.0 1.1 0.0 -9.609 0.05 6.704 1.0]
	ConcatTransform [-0.158431 -0.465974 0.870498 0.0 0.394309 0.77842 0.48845 0.0 -0.905218 0.420631 0.060412 0.0 -0.891683 -0.498331 1.618863 1.0]
332
	ConcatTransform [1.1 0.0 0.0 0.0 0.0 1.1 0.0 0.0 0.0 0.0 1.1 0.0 -9.609 0.05 6.704 1.0]
	ConcatTransform [-0.159734 -0.466143 0.87017 0.0 0.393606 0.778311 0.489189 0.0 -0.905295 0.420644 0.059154 0.0 -0.891706 -0.498325 1.618768 1.0]
333
	ConcatTransform [1.1 0.0 0.0 0.0 0.0 1.1 0.0 0.0 0.0 0.0 1.1 0.0 -9.609 0.05 6.704 1.0]
	ConcatTransform [-0.160591 -0.46632 0.869917 0.0 0.392888 0.778322 0.489749 0.0 -0.905456 0.420429 0.05822 0.0 -0.8916 -0.498318 1.618728 1.0]
334
	ConcatTransform [1.1 0.0 0.0 0.0 0.0 1.1 0.0 0.0 0.0 0.0 1.1 0.0 -9.609 0.05 6.704 1.0]
	ConcatTransform [-0.161646 -0.466074 0.869854 0.0 0.392067 0.778566 0.490019 0.0 -0.905623 0.420251 0.056881 0.0 -0.891477 -0.49831 1.618924 1.0]
335
	ConcatTransform [1.1 0.0 0.0 0.0 0.0 1.1 0.0 0.0 0.0 0.0 1.1 0.0 -9.609 0.05 6.704 1.0]
	ConcatTransform [-0.162081 -0.465722 0.869962 0.0 0.391887 0.778734 0.489896 0.0 -0.905624 0.420329 0.056292 0.0 -0.891518 -0.498314 1.619089 1.0]
336
	ConcatTransform [1.1 0.0 0.0 0.0 0.0 1.1 0.0 0.0 0.0 0.0 1.1 0.0 -9.609 0.05 6.704 1.0]
	ConcatTransform [-0.16254 -0.465584 0.86995 0.0 0.391628 0.778812 0.489979 0.0 -0.905653 0.420338 0.055748 0.0 -0.891504 -0.498313 1.619212 1.0]
337
	ConcatTransform [1.1 0.0 0.0 0.0 0.0 1.1 0.0 0.0 0.0 0.0 1.1 0.0 -9.609 0.05 6.704 1.0]
	ConcatTransform [-0.162772 -0.465682 0.869854 0.0 0.391636 0.778692 0.490163 0.0 -0.905608 0.420451 0.055629 0.0 -0.891446 -0.498319 1.6192 1.0]
338
	ConcatTransform [1.1 0.0 0.0 0.0 0.0 1.1 0.0 0.0 0.0 0.0 1.1 0.0 -9.609 0.05 6.704 1.0]
	ConcatTransform [-0.163258 -0.465666 0.869771 0.0 0.391402 0.778682 0.490365 0.0 -0.905622 0.420486 0.055137 0.0 -0.891335 -0.498317 1.619204 1.0]
339
	ConcatTransform [1.1 0.0 0.0 0.0 0.0 1.1 0.0 0.0 0.0 0.0 1.1 0.0 -9.609 0.05 6.704 1.0]
	ConcatTransform [-0.163454 -0.465797 0.869664 0.0 0.391054 0.778719 0.490585 0.0 -0.905737 0.420274 0.054867 0.0 -0.891224 -0.498313 1.61916 1.0]
340
	ConcatTransform [1.1 0.0 0.0 0.0 0.0 1.1 0.0 0.0 0.0 0.0 1.1 0.0 -9.609 0.05 6.704 1.0]
	ConcatTransform [-0.16394 -0.465773 0.869586 0.0 0.391039 0.778613 0.490766 0.0 -0.905656 0.420498 0.054489 0.0 -0.891099 -0.498318 1.618995 1.0]
341
	ConcatTransform [1.1 0.0 0.0 0.0 0.0 1.1 0.0 0.0 0.0 0.0 1.1 0.0 -9.609 0.05 6.704 1.0]
	ConcatTransform [-0.164131 -0.465618 0.869632 0.0 0.391056 0.778641 0.490706 0.0 -0.905614 0.420615 0.054284 0.0 -0.891018 -0.498319 1.618922 1.0]
342
	ConcatTransform [1.1 0.0 0.0 0.0 0.0 1.1 0.0 0.0 0.0 0.0 1.1 0.0 -9.609 0.05 6.704 1.0]
	ConcatTransform [-0.164426 -0.465797 0.869481 0.0 0.390848 0.77856 0.491001 0.0 -0.90565 0.420568 0.05404 0.0 -0.890892 -0.498317 1.618817 1.0]
343
	ConcatTransform [1.1 0.0 0.0 0.0 0.0 1.1 0.0 0.0 0.0 0.0 1.1 0.0 -9.609 0.05 6.704 1.0]
	ConcatTransform [-0.164707 -0.465886 0.86938 0.0 0.390597 0.778552 0.491213 0.0 -0.905707 0.420483 0.05374 0.0 -0.89078 -0.498315 1.61872 1.0]
344
	ConcatTransform [1.1 0.0 0.0 0.0 0.0 1.1 0.0 0.0 0.0 0.0 1.1 0.0 -9.609 0.05 6.704 1.0]
	ConcatTransform [-0.164905 -0.465907 0.869331 0.0 0.390145 0.778698 0.491341 0.0 -0.905866 0.42019 0.05336 0.0 -0.890536 -0.498307 1.618616 1.0]
345
	ConcatTransform [1.1 0.0 0.0 0.0 0.0 1.1 0.0 0.0 0.0 0.0 1.1 0.0 -9.609 0.05 6.704 1.0]
	ConcatTransform [-0.164812 -0.465721 0.869449 0.0 0.390562 0.778634 0.491111 0.0 -0.905703 0.420514 0.053565 0.0 -0.890448 -0.49832 1.618616 1.0]
346
	ConcatTransform [1.1 0.0 0.0 0.0 0.0 1.1 0.0 0.0 0.0 0.0 1.1 0.0 -9.609 0.05 6.704 1.0]
	ConcatTransform [-0.165097 -0.465774 0.869366 0.0 0.39043 0.778591 0.491284 0.0 -0.905708 0.420537 0.053309 0.0 -0.890351 -0.498318 1.618614 1.0]
347
	ConcatTransform [1.1 0.0 0.0 0.0 0.0 1.1 0.0 0.0 0.0 0.0 1.1 0.0 -9.609 0.05 6.704 1.0]
	ConcatTransform [-0.165498 -0.465945 0.869198 0.0 0.390919 0.778162 0.491576 0.0 -0.905424 0.421141 0.053362 0.0 -0.890343 -0.498316 1.618666 1.0]
348
	ConcatTransform [1.1 0.0 0.0 0.0 0.0 1.1 0.0 0.0 0.0 0.0 1.1 0.0 -9.609 0.05 6.704 1.0]
	ConcatTransform [-0.164872 -0.465737 0.869429 0.0 0.391216 0.778305 0.491112 0.0 -0.90541 0.421105 0.053884 0.0 -0.890499 -0.498332 1.618595 1.0]
349
	ConcatTransform [1.1 0.0 0.0 0.0 0.0 1.1 0.0 0.0 0.0 0.0 1.1 0.0 -9.609 0.05 6.704 1.0]
	ConcatTransform [-0.164955 -0.465786 0.869387 0.0 0.391002 0.778356 0.491203 0.0 -0.905487 0.420958 0.053729 0.0 -0.890496 -0.498328 1.618538 1.0]
350
	ConcatTransform [1.1 0.0 0.0 0.0 0.0 1.1 0.0 0.0 0.0 0.0 1.1 0.0 -9.609 0.05 6.704 1.0]
	ConcatTransform [-0.165334 -0.465915 0.869246 0.0 0.390499 0.778417 0.491505 0.0 -0.905635 0.420702 0.05324 0.0 -0.89039 -0.498319 1.618467 1.0]
351
	ConcatTransform [1.1 0.0 0.0 0.0 0.0 1.1 0.0 0.0 0.0 0.0 1.1 0.0 -9.609 0.05 6.704 1.0]
	ConcatTransform [-0.165499 -0.465959 0.869191 0.0 0.39013 0.77852 0.491634 0.0 -0.905764 0.420462 0.05294 0.0 -0.890286 -0.49831 1.618441 1.0]
352
	ConcatTransform [1.1 0.0 0.0 0.0 0.0 1.1 0.0 0.0 0.0 0.0 1.1 0.0 -9.609 0.05 6.704 1.0]
	ConcatTransform [-0.16627 -0.466591 0.868704 0.0 0.390167 0.777942 0.49252 0.0 -0.905607 0.420831 0.0527 0.0 -0.890144 -0.498334 1.618368 1.0]
353
	ConcatTransform [1.1 0.0 0.0 0.0 0.0 1.1 0.0 0.0 0.0 0.0 1.1 0.0 -9.609 0.05 6.704 1.0]
	ConcatTransform [-0.166474 -0.466153 0.8689 0.0 0.389758 0.778327 0.492236 0.0 -0.905746 0.420605 0.052116 0.0 -0.890013 -0.498326 1.61835 1.0]
354
	ConcatTransform [1.1 0.0 0.0 0.0 0.0 1.1 0.0 0.0 0.0 0.0 1.1 0.0 -9.609 0.05 6.704 1.0]
	ConcatTransform [-0.166736 -0.466238 0.868805 0.0 0.389245 0.778448 0.49245 0.0 -0.905918 0.420288 0.051685 0.0 -0.889745 -0.498313 1.618297 1.0]
355
	ConcatTransform [1.1 0.0 0.0 0.0 0.0 1.1 0.0 0.0 0.0 0.0 1.1 0.0 -9.609 0.05 6.704 1.0]
	ConcatTransform [-0.166873 -0.465814 0.869005 0.0 0.389425 0.778568 0.492117 0.0 -0.905815 0.420534 0.051478 0.0 -0.889639 -0.498317 1.618282 1.0]
356
	ConcatTransform [1.1 0.0 0.0 0.0 0.0 1.1 0.0 0.0 0.0 0.0 1.1 0.0 -9.609 0.05 6.704 1.0]
	ConcatTransform [-0.16676 -0.46551 0.86919 0.0 0.389548 0.778713 0.491791 0.0 -0.905783 0.420602 0.05148 0.0 -0.889463 -0.498312 1.618297 1.0]
357
	ConcatTransform [1.1 0.0 0.0 0.0 0.0 1.1 0.0 0.0 0.0 0.0 1.1 0.0 -9.609 0.05 6.704 1.0]
	ConcatTransform [-0.166444 -0.465592 0.869207 0.0 0.389689 0.778684 0.491725 0.0 -0.905781 0.420564 0.051829 0.0 -0.889331 -0.498311 1.618276 1.0]
358
	ConcatTransform [1.1 0.0 0.0 0.0 0.0 1.1 0.0 0.0 0.0 0.0 1.1 0.0 -9.609 0.05 6.704 1.0]
	ConcatTransform [-0.166021 -0.465724 0.869217 0.0 0.39005 0.778553 0.491646 0.0 -0.905703 0.420662 0.0524 0.0 -0.889146 -0.49832 1.618212 1.0]
359
	ConcatTransform [1.1 0.0 0.0 0.0 0.0 1.1 0.0 0.0 0.0 0.0 1.1 0.0 -9.609 0.05 6.704 1.0]
	ConcatTransform [-0.165847 -0.465721 0.869252 0.0 0.390143 0.778557 0.491566 0.0 -0.905695 0.420657 0.052576 0.0 -0.889015 -0.498318 1.618161 1.0]
360
	ConcatTransform [1.1 0.0 0.0 0.0 0.0 1.1 0.0 0.0 0.0 0.0 1.1 0.0 -9.609 0.05 6.704 1.0]
	ConcatTransform [-0.612821 -0.465545 -0.638528 0.0 -0.626966 0.778292 0.034278 0.0 0.481003 0.421342 -0.768834 0.0 -0.083065 -0.498327 -0.488833 1.0]
