228
	ConcatTransform [1.1 0.0 0.0 0.0 0.0 1.1 0.0 0.0 0.0 0.0 1.1 0.0 -9.609 0.05 6.704 1.0]
	ConcatTransform [0.991976 0.123014 0.029182 0.0 -0.122862 0.992399 -0.006962 0.0 -0.029817 0.003321 0.99955 0.0 0.03507 9.6e-05 -0.054673 1.0]
229
	ConcatTransform [1.1 0.0 0.0 0.0 0.0 1.1 0.0 0.0 0.0 0.0 1.1 0.0 -9.609 0.05 6.704 1.0]
	ConcatTransform [0.948289 0.29541 0.11611 0.0 -0.297319 0.954778 -0.000914 0.0 -0.111129 -0.033655 0.993236 0.0 0.061848 -0.017169 -0.100116 1.0]
230
	ConcatTransform [1.1 0.0 0.0 0.0 0.0 1.1 0.0 0.0 0.0 0.0 1.1 0.0 -9.609 0.05 6.704 1.0]
	ConcatTransform [0.798705 0.550313 0.243362 0.0 -0.567043 0.823686 -0.001583 0.0 -0.201325 -0.136733 0.969934 0.0 0.100847 -0.061558 -0.167568 1.0]
231
	ConcatTransform [1.1 0.0 0.0 0.0 0.0 1.1 0.0 0.0 0.0 0.0 1.1 0.0 -9.609 0.05 6.704 1.0]
	ConcatTransform [0.650406 0.686287 0.325549 0.0 -0.720894 0.692753 -0.020129 0.0 -0.239339 -0.221595 0.945311 0.0 0.126767 -0.103458 -0.212425 1.0]
232
	ConcatTransform [1.1 0.0 0.0 0.0 0.0 1.1 0.0 0.0 0.0 0.0 1.1 0.0 -9.609 0.05 6.704 1.0]
	ConcatTransform [0.37358 0.820591 0.432513 0.0 -0.891003 0.447122 -0.07871 0.0 -0.257975 -0.355966 0.898185 0.0 0.165609 -0.184884 -0.279711 1.0]
233
	ConcatTransform [1.1 0.0 0.0 0.0 0.0 1.1 0.0 0.0 0.0 0.0 1.1 0.0 -9.609 0.05 6.704 1.0]
	ConcatTransform [0.166232 0.856743 0.488219 0.0 -0.955329 0.262615 -0.13557 0.0 -0.244362 -0.443874 0.862127 0.0 0.191504 -0.251541 -0.324569 1.0]
234
	ConcatTransform [1.1 0.0 0.0 0.0 0.0 1.1 0.0 0.0 0.0 0.0 1.1 0.0 -9.609 0.05 6.704 1.0]
	ConcatTransform [-0.009463 0.69284 0.721029 0.0 -0.975892 0.150834 -0.157744 0.0 -0.218047 -0.705139 0.67471 0.0 0.232104 -0.363078 -0.38744 1.0]
235
	ConcatTransform [1.1 0.0 0.0 0.0 0.0 1.1 0.0 0.0 0.0 0.0 1.1 0.0 -9.609 0.05 6.704 1.0]
	ConcatTransform [-0.059562 0.55024 0.832879 0.0 -0.962657 0.189076 -0.193755 0.0 -0.264089 -0.813318 0.518431 0.0 0.260405 -0.4455 -0.429949 1.0]
236
	ConcatTransform [1.1 0.0 0.0 0.0 0.0 1.1 0.0 0.0 0.0 0.0 1.1 0.0 -9.609 0.05 6.704 1.0]
	ConcatTransform [0.027761 0.558068 0.829331 0.0 -0.953026 0.265106 -0.146492 0.0 -0.301613 -0.786307 0.539213 0.0 0.276916 -0.505794 -0.490378 1.0]
237
	ConcatTransform [1.1 0.0 0.0 0.0 0.0 1.1 0.0 0.0 0.0 0.0 1.1 0.0 -9.609 0.05 6.704 1.0]
	ConcatTransform [0.115857 0.520702 0.845841 0.0 -0.938794 0.335538 -0.07797 0.0 -0.324411 -0.785037 0.527706 0.0 0.269035 -0.510746 -0.522944 1.0]
238
	ConcatTransform [1.1 0.0 0.0 0.0 0.0 1.1 0.0 0.0 0.0 0.0 1.1 0.0 -9.609 0.05 6.704 1.0]
	ConcatTransform [0.235159 0.464861 0.853583 0.0 -0.910237 0.413289 0.025689 0.0 -0.340835 -0.783004 0.520323 0.0 0.246428 -0.51276 -0.565065 1.0]
239
	ConcatTransform [1.1 0.0 0.0 0.0 0.0 1.1 0.0 0.0 0.0 0.0 1.1 0.0 -9.609 0.05 6.704 1.0]
	ConcatTransform [0.274897 0.416939 0.866368 0.0 -0.891816 0.447302 0.067708 0.0 -0.359298 -0.791254 0.494796 0.0 0.226708 -0.510634 -0.588488 1.0]
240
	ConcatTransform [1.1 0.0 0.0 0.0 0.0 1.1 0.0 0.0 0.0 0.0 1.1 0.0 -9.609 0.05 6.704 1.0]
	ConcatTransform [0.248252 0.368872 0.895714 0.0 -0.863701 0.502971 0.032247 0.0 -0.438624 -0.781635 0.443459 0.0 0.194858 -0.507365 -0.615309 1.0]
241
	ConcatTransform [1.1 0.0 0.0 0.0 0.0 1.1 0.0 0.0 0.0 0.0 1.1 0.0 -9.609 0.05 6.704 1.0]
	ConcatTransform [0.215405 0.351815 0.910948 0.0 -0.837919 0.54565 -0.012598 0.0 -0.501491 -0.760587 0.412328 0.0 0.174124 -0.508178 -0.630355 1.0]
242
	ConcatTransform [1.1 0.0 0.0 0.0 0.0 1.1 0.0 0.0 0.0 0.0 1.1 0.0 -9.609 0.05 6.704 1.0]
	ConcatTransform [0.192687 0.334933 0.922329 0.0 -0.796249 0.602685 -0.05251 0.0 -0.573462 -0.724286 0.38282 0.0 0.142725 -0.508537 -0.645819 1.0]
243
	ConcatTransform [1.1 0.0 0.0 0.0 0.0 1.1 0.0 0.0 0.0 0.0 1.1 0.0 -9.609 0.05 6.704 1.0]
	ConcatTransform [0.218884 0.335344 0.916315 0.0 -0.760608 0.646874 -0.055046 0.0 -0.6112 -0.684908 0.396656 0.0 0.123273 -0.508539 -0.652542 1.0]
244
	ConcatTransform [1.1 0.0 0.0 0.0 0.0 1.1 0.0 0.0 0.0 0.0 1.1 0.0 -9.609 0.05 6.704 1.0]
	ConcatTransform [0.243159 0.336202 0.909858 0.0 -0.712643 0.698265 -0.067563 0.0 -0.658037 -0.631976 0.409381 0.0 0.09466 -0.507733 -0.657649 1.0]
245
	ConcatTransform [1.1 0.0 0.0 0.0 0.0 1.1 0.0 0.0 0.0 0.0 1.1 0.0 -9.609 0.05 6.704 1.0]
	ConcatTransform [0.260668 0.342528 0.902622 0.0 -0.682856 0.726331 -0.078427 0.0 -0.682466 -0.595918 0.423229 0.0 0.077169 -0.506255 -0.657809 1.0]
246
	ConcatTransform [1.1 0.0 0.0 0.0 0.0 1.1 0.0 0.0 0.0 0.0 1.1 0.0 -9.609 0.05 6.704 1.0]
	ConcatTransform [0.285404 0.368349 0.884796 0.0 -0.669692 0.737064 -0.090827 0.0 -0.685607 -0.566619 0.457041 0.0 0.052184 -0.506636 -0.654375 1.0]
247
	ConcatTransform [1.1 0.0 0.0 0.0 0.0 1.1 0.0 0.0 0.0 0.0 1.1 0.0 -9.609 0.05 6.704 1.0]
	ConcatTransform [0.312011 0.379652 0.870927 0.0 -0.657803 0.747757 -0.090301 0.0 -0.685525 -0.544723 0.483045 0.0 0.038499 -0.506119 -0.649354 1.0]
248
	ConcatTransform [1.1 0.0 0.0 0.0 0.0 1.1 0.0 0.0 0.0 0.0 1.1 0.0 -9.609 0.05 6.704 1.0]
	ConcatTransform [0.353299 0.393366 0.848789 0.0 -0.645142 0.759492 -0.083449 0.0 -0.677475 -0.518107 0.522105 0.0 0.023457 -0.504442 -0.639792 1.0]
249
	ConcatTransform [1.1 0.0 0.0 0.0 0.0 1.1 0.0 0.0 0.0 0.0 1.1 0.0 -9.609 0.05 6.704 1.0]
	ConcatTransform [0.379525 0.392816 0.837649 0.0 -0.645637 0.760931 -0.064312 0.0 -0.662656 -0.51641 0.542409 0.0 0.018446 -0.504226 -0.634848 1.0]
250
	ConcatTransform [1.1 0.0 0.0 0.0 0.0 1.1 0.0 0.0 0.0 0.0 1.1 0.0 -9.609 0.05 6.704 1.0]
	ConcatTransform [0.42003 0.394022 0.817509 0.0 -0.652076 0.757556 -0.030095 0.0 -0.631167 -0.520437 0.575129 0.0 0.017442 -0.505607 -0.629187 1.0]
251
	ConcatTransform [1.1 0.0 0.0 0.0 0.0 1.1 0.0 0.0 0.0 0.0 1.1 0.0 -9.609 0.05 6.704 1.0]
	ConcatTransform [0.442044 0.400855 0.802441 0.0 -0.661595 0.749794 -0.0101 0.0 -0.605714 -0.526426 0.596645 0.0 0.021657 -0.506645 -0.627124 1.0]
252
	ConcatTransform [1.1 0.0 0.0 0.0 0.0 1.1 0.0 0.0 0.0 0.0 1.1 0.0 -9.609 0.05 6.704 1.0]
	ConcatTransform [0.494258 0.40878 0.767208 0.0 -0.669876 0.741579 0.036429 0.0 -0.554054 -0.531939 0.640363 0.0 0.035802 -0.508816 -0.629385 1.0]
253
	ConcatTransform [1.1 0.0 0.0 0.0 0.0 1.1 0.0 0.0 0.0 0.0 1.1 0.0 -9.609 0.05 6.704 1.0]
	ConcatTransform [0.532429 0.418026 0.736052 0.0 -0.672147 0.737339 0.067446 0.0 -0.514526 -0.530646 0.673556 0.0 0.048325 -0.510183 -0.630907 1.0]
254
	ConcatTransform [1.1 0.0 0.0 0.0 0.0 1.1 0.0 0.0 0.0 0.0 1.1 0.0 -9.609 0.05 6.704 1.0]
	ConcatTransform [0.562734 0.444308 0.69708 0.0 -0.694154 0.711886 0.106627 0.0 -0.448867 -0.543883 0.70902 0.0 0.070398 -0.514393 -0.63209 1.0]
255
	ConcatTransform [1.1 0.0 0.0 0.0 0.0 1.1 0.0 0.0 0.0 0.0 1.1 0.0 -9.609 0.05 6.704 1.0]
	ConcatTransform [0.575377 0.456564 0.678595 0.0 -0.709386 0.691532 0.136216 0.0 -0.407079 -0.559761 0.721772 0.0 0.087523 -0.516829 -0.63234 1.0]
256
	ConcatTransform [1.1 0.0 0.0 0.0 0.0 1.1 0.0 0.0 0.0 0.0 1.1 0.0 -9.609 0.05 6.704 1.0]
	ConcatTransform [0.583578 0.490263 0.647362 0.0 -0.740042 0.649285 0.175407 0.0 -0.334327 -0.581439 0.741724 0.0 0.115883 -0.521229 -0.632323 1.0]
257
	ConcatTransform [1.1 0.0 0.0 0.0 0.0 1.1 0.0 0.0 0.0 0.0 1.1 0.0 -9.609 0.05 6.704 1.0]
	ConcatTransform [0.57906 0.513527 0.63323 0.0 -0.762626 0.615789 0.198003 0.0 -0.288256 -0.597573 0.748208 0.0 0.136233 -0.523493 -0.631993 1.0]
258
	ConcatTransform [1.1 0.0 0.0 0.0 0.0 1.1 0.0 0.0 0.0 0.0 1.1 0.0 -9.609 0.05 6.704 1.0]
	ConcatTransform [0.55791 0.558401 0.613942 0.0 -0.801941 0.553153 0.22564 0.0 -0.213606 -0.618232 0.756414 0.0 0.167709 -0.52508 -0.63143 1.0]
259
	ConcatTransform [1.1 0.0 0.0 0.0 0.0 1.1 0.0 0.0 0.0 0.0 1.1 0.0 -9.609 0.05 6.704 1.0]
	ConcatTransform [0.548475 0.583764 0.598661 0.0 -0.818692 0.520519 0.242494 0.0 -0.170055 -0.623121 0.763414 0.0 0.189093 -0.524468 -0.631074 1.0]
260
	ConcatTransform [1.1 0.0 0.0 0.0 0.0 1.1 0.0 0.0 0.0 0.0 1.1 0.0 -9.609 0.05 6.704 1.0]
	ConcatTransform [0.534674 0.617368 0.577044 0.0 -0.838294 0.473711 0.269928 0.0 -0.106707 -0.628056 0.770817 0.0 0.220107 -0.522118 -0.630363 1.0]
261
	ConcatTransform [1.1 0.0 0.0 0.0 0.0 1.1 0.0 0.0 0.0 0.0 1.1 0.0 -9.609 0.05 6.704 1.0]
	ConcatTransform [0.528267 0.636483 0.561981 0.0 -0.846329 0.447932 0.288243 0.0 -0.068267 -0.627891 0.775302 0.0 0.23961 -0.520056 -0.629882 1.0]
262
	ConcatTransform [1.1 0.0 0.0 0.0 0.0 1.1 0.0 0.0 0.0 0.0 1.1 0.0 -9.609 0.05 6.704 1.0]
	ConcatTransform [0.524343 0.660481 0.537428 0.0 -0.851338 0.41922 0.315403 0.0 -0.016983 -0.622912 0.782108 0.0 0.266384 -0.516941 -0.629225 1.0]
263
	ConcatTransform [1.1 0.0 0.0 0.0 0.0 1.1 0.0 0.0 0.0 0.0 1.1 0.0 -9.609 0.05 6.704 1.0]
	ConcatTransform [0.522461 0.674936 0.521052 0.0 -0.852473 0.400566 0.33591 0.0 0.018002 -0.619683 0.784645 0.0 0.28192 -0.514583 -0.628743 1.0]
264
	ConcatTransform [1.1 0.0 0.0 0.0 0.0 1.1 0.0 0.0 0.0 0.0 1.1 0.0 -9.609 0.05 6.704 1.0]
	ConcatTransform [0.515453 0.682545 0.518113 0.0 -0.855702 0.377789 0.353623 0.0 0.045626 -0.625626 0.778787 0.0 0.301564 -0.512168 -0.627239 1.0]
265
	ConcatTransform [1.1 0.0 0.0 0.0 0.0 1.1 0.0 0.0 0.0 0.0 1.1 0.0 -9.609 0.05 6.704 1.0]
	ConcatTransform [0.512234 0.689116 0.512577 0.0 -0.856788 0.36872 0.360501 0.0 0.05943 -0.623831 0.779297 0.0 0.311893 -0.510742 -0.626321 1.0]
266
	ConcatTransform [1.1 0.0 0.0 0.0 0.0 1.1 0.0 0.0 0.0 0.0 1.1 0.0 -9.609 0.05 6.704 1.0]
	ConcatTransform [0.510925 0.69518 0.505649 0.0 -0.856441 0.361067 0.368972 0.0 0.073929 -0.621576 0.779858 0.0 0.323105 -0.509588 -0.62481 1.0]
267
	ConcatTransform [1.1 0.0 0.0 0.0 0.0 1.1 0.0 0.0 0.0 0.0 1.1 0.0 -9.609 0.05 6.704 1.0]
	ConcatTransform [0.512934 0.694039 0.505182 0.0 -0.854646 0.357697 0.376341 0.0 0.080493 -0.62479 0.776633 0.0 0.327518 -0.50925 -0.62373 1.0]
268
	ConcatTransform [1.1 0.0 0.0 0.0 0.0 1.1 0.0 0.0 0.0 0.0 1.1 0.0 -9.609 0.05 6.704 1.0]
	ConcatTransform [0.515914 0.686646 0.5122 0.0 -0.853113 0.357631 0.379865 0.0 0.077655 -0.632943 0.770294 0.0 0.329511 -0.509637 -0.622062 1.0]
269
	ConcatTransform [1.1 0.0 0.0 0.0 0.0 1.1 0.0 0.0 0.0 0.0 1.1 0.0 -9.609 0.05 6.704 1.0]
	ConcatTransform [0.522898 0.675253 0.520204 0.0 -0.850121 0.368571 0.376097 0.0 0.062228 -0.638897 0.766772 0.0 0.328318 -0.511409 -0.621054 1.0]
270
	ConcatTransform [1.1 0.0 0.0 0.0 0.0 1.1 0.0 0.0 0.0 0.0 1.1 0.0 -9.609 0.05 6.704 1.0]
	ConcatTransform [0.53727 0.653552 0.533114 0.0 -0.84303 0.397158 0.362721 0.0 0.025327 -0.64431 0.764345 0.0 0.322651 -0.515188 -0.619636 1.0]
271
	ConcatTransform [1.1 0.0 0.0 0.0 0.0 1.1 0.0 0.0 0.0 0.0 1.1 0.0 -9.609 0.05 6.704 1.0]
	ConcatTransform [0.54725 0.635481 0.544685 0.0 -0.836965 0.417579 0.353719 0.0 -0.002668 -0.649455 0.760396 0.0 0.316285 -0.517569 -0.618403 1.0]
272
	ConcatTransform [1.1 0.0 0.0 0.0 0.0 1.1 0.0 0.0 0.0 0.0 1.1 0.0 -9.609 0.05 6.704 1.0]
	ConcatTransform [0.562269 0.606847 0.561774 0.0 -0.825787 0.448103 0.34246 0.0 -0.043912 -0.656461 0.753081 0.0 0.303443 -0.520332 -0.615749 1.0]
273
	ConcatTransform [1.1 0.0 0.0 0.0 0.0 1.1 0.0 0.0 0.0 0.0 1.1 0.0 -9.609 0.05 6.704 1.0]
	ConcatTransform [0.574819 0.587747 0.56933 0.0 -0.814927 0.474108 0.33334 0.0 -0.074004 -0.655572 0.751497 0.0 0.293366 -0.522084 -0.613597 1.0]
274
	ConcatTransform [1.1 0.0 0.0 0.0 0.0 1.1 0.0 0.0 0.0 0.0 1.1 0.0 -9.609 0.05 6.704 1.0]
	ConcatTransform [0.594796 0.561145 0.575616 0.0 -0.795266 0.515272 0.319447 0.0 -0.117343 -0.647774 0.752741 0.0 0.276557 -0.523876 -0.609597 1.0]
275
	ConcatTransform [1.1 0.0 0.0 0.0 0.0 1.1 0.0 0.0 0.0 0.0 1.1 0.0 -9.609 0.05 6.704 1.0]
	ConcatTransform [0.606015 0.545989 0.578483 0.0 -0.782785 0.538607 0.311689 0.0 -0.141396 -0.641716 0.753796 0.0 0.264555 -0.524332 -0.606346 1.0]
276
	ConcatTransform [1.1 0.0 0.0 0.0 0.0 1.1 0.0 0.0 0.0 0.0 1.1 0.0 -9.609 0.05 6.704 1.0]
	ConcatTransform [0.620842 0.526727 0.580615 0.0 -0.76459 0.570373 0.300127 0.0 -0.173082 -0.630264 0.756842 0.0 0.246251 -0.524338 -0.60073 1.0]
277
	ConcatTransform [1.1 0.0 0.0 0.0 0.0 1.1 0.0 0.0 0.0 0.0 1.1 0.0 -9.609 0.05 6.704 1.0]
	ConcatTransform [0.630056 0.517844 0.578676 0.0 -0.752398 0.591489 0.289893 0.0 -0.192161 -0.618044 0.762296 0.0 0.234274 -0.524038 -0.596708 1.0]
278
	ConcatTransform [1.1 0.0 0.0 0.0 0.0 1.1 0.0 0.0 0.0 0.0 1.1 0.0 -9.609 0.05 6.704 1.0]
	ConcatTransform [0.639911 0.507841 0.576725 0.0 -0.737099 0.617821 0.273829 0.0 -0.217251 -0.600329 0.769679 0.0 0.217135 -0.523164 -0.590201 1.0]
279
	ConcatTransform [1.1 0.0 0.0 0.0 0.0 1.1 0.0 0.0 0.0 0.0 1.1 0.0 -9.609 0.05 6.704 1.0]
	ConcatTransform [0.644517 0.503257 0.575613 0.0 -0.728247 0.633405 0.261637 0.0 -0.232926 -0.587818 0.774736 0.0 0.206625 -0.522386 -0.585707 1.0]
280
	ConcatTransform [1.1 0.0 0.0 0.0 0.0 1.1 0.0 0.0 0.0 0.0 1.1 0.0 -9.609 0.05 6.704 1.0]
	ConcatTransform [0.649328 0.497979 0.574796 0.0 -0.71676 0.653368 0.24365 0.0 -0.254221 -0.570199 0.781182 0.0 0.19272 -0.52105 -0.578983 1.0]
281
	ConcatTransform [1.1 0.0 0.0 0.0 0.0 1.1 0.0 0.0 0.0 0.0 1.1 0.0 -9.609 0.05 6.704 1.0]
	ConcatTransform [0.648867 0.497235 0.575959 0.0 -0.712703 0.662283 0.23116 0.0 -0.266508 -0.56048 0.784115 0.0 0.184761 -0.520319 -0.574651 1.0]
282
	ConcatTransform [1.1 0.0 0.0 0.0 0.0 1.1 0.0 0.0 0.0 0.0 1.1 0.0 -9.609 0.05 6.704 1.0]
	ConcatTransform [0.641635 0.5015 0.580347 0.0 -0.713988 0.666958 0.213046 0.0 -0.280225 -0.551059 0.786008 0.0 0.174886 -0.519908 -0.568529 1.0]
283
	ConcatTransform [1.1 0.0 0.0 0.0 0.0 1.1 0.0 0.0 0.0 0.0 1.1 0.0 -9.609 0.05 6.704 1.0]
	ConcatTransform [0.635563 0.50127 0.587187 0.0 -0.71436 0.670291 0.200998 0.0 -0.292832 -0.547209 0.784099 0.0 0.170234 -0.519224 -0.565263 1.0]
284
	ConcatTransform [1.1 0.0 0.0 0.0 0.0 1.1 0.0 0.0 0.0 0.0 1.1 0.0 -9.609 0.05 6.704 1.0]
	ConcatTransform [0.621579 0.49814 0.604562 0.0 -0.71714 0.672394 0.183294 0.0 -0.315198 -0.547488 0.775182 0.0 0.166332 -0.519351 -0.563713 1.0]
285
	ConcatTransform [1.1 0.0 0.0 0.0 0.0 1.1 0.0 0.0 0.0 0.0 1.1 0.0 -9.609 0.05 6.704 1.0]
	ConcatTransform [0.609037 0.501734 0.614278 0.0 -0.723952 0.668028 0.17214 0.0 -0.323986 -0.549547 0.770085 0.0 0.165317 -0.519838 -0.563481 1.0]
286
	ConcatTransform [1.1 0.0 0.0 0.0 0.0 1.1 0.0 0.0 0.0 0.0 1.1 0.0 -9.609 0.05 6.704 1.0]
	ConcatTransform [0.588023 0.505005 0.631822 0.0 -0.734146 0.661099 0.154848 0.0 -0.339498 -0.554904 0.759489 0.0 0.166408 -0.520425 -0.563687 1.0]
287
	ConcatTransform [1.1 0.0 0.0 0.0 0.0 1.1 0.0 0.0 0.0 0.0 1.1 0.0 -9.609 0.05 6.704 1.0]
	ConcatTransform [0.573906 0.506798 0.643264 0.0 -0.739236 0.658595 0.140654 0.0 -0.352367 -0.556245 0.752614 0.0 0.168814 -0.520605 -0.564203 1.0]
288
	ConcatTransform [1.1 0.0 0.0 0.0 0.0 1.1 0.0 0.0 0.0 0.0 1.1 0.0 -9.609 0.05 6.704 1.0]
	ConcatTransform [0.560031 0.513016 0.650523 0.0 -0.749345 0.648554 0.133643 0.0 -0.353338 -0.56231 0.747636 0.0 0.174469 -0.521387 -0.5653 1.0]
289
	ConcatTransform [1.1 0.0 0.0 0.0 0.0 1.1 0.0 0.0 0.0 0.0 1.1 0.0 -9.609 0.05 6.704 1.0]
	ConcatTransform [0.552756 0.516346 0.6541 0.0 -0.756614 0.639938 0.13422 0.0 -0.34928 -0.569092 0.744405 0.0 0.179662 -0.522057 -0.566185 1.0]
290
	ConcatTransform [1.1 0.0 0.0 0.0 0.0 1.1 0.0 0.0 0.0 0.0 1.1 0.0 -9.609 0.05 6.704 1.0]
	ConcatTransform [0.540972 0.527986 0.65466 0.0 -0.770816 0.622633 0.134801 0.0 -0.33644 -0.577546 0.743807 0.0 0.188891 -0.52309 -0.567655 1.0]
291
	ConcatTransform [1.1 0.0 0.0 0.0 0.0 1.1 0.0 0.0 0.0 0.0 1.1 0.0 -9.609 0.05 6.704 1.0]
	ConcatTransform [0.533296 0.53565 0.654732 0.0 -0.781525 0.608192 0.138998 0.0 -0.323749 -0.585817 0.742971 0.0 0.195877 -0.523732 -0.568651 1.0]
292
	ConcatTransform [1.1 0.0 0.0 0.0 0.0 1.1 0.0 0.0 0.0 0.0 1.1 0.0 -9.609 0.05 6.704 1.0]
	ConcatTransform [0.525028 0.546177 0.652714 0.0 -0.793827 0.59081 0.14416 0.0 -0.306893 -0.593831 0.743762 0.0 0.207562 -0.524253 -0.570372 1.0]
293
	ConcatTransform [1.1 0.0 0.0 0.0 0.0 1.1 0.0 0.0 0.0 0.0 1.1 0.0 -9.609 0.05 6.704 1.0]
	ConcatTransform [0.517635 0.554471 0.651626 0.0 -0.803911 0.575892 0.148577 0.0 -0.292884 -0.600758 0.743847 0.0 0.215726 -0.524517 -0.571593 1.0]
294
	ConcatTransform [1.1 0.0 0.0 0.0 0.0 1.1 0.0 0.0 0.0 0.0 1.1 0.0 -9.609 0.05 6.704 1.0]
	ConcatTransform [0.507502 0.564923 0.650618 0.0 -0.817568 0.554134 0.156581 0.0 -0.272074 -0.61139 0.743087 0.0 0.228277 -0.524577 -0.573452 1.0]
295
	ConcatTransform [1.1 0.0 0.0 0.0 0.0 1.1 0.0 0.0 0.0 0.0 1.1 0.0 -9.609 0.05 6.704 1.0]
	ConcatTransform [0.501454 0.571334 0.649709 0.0 -0.825713 0.540266 0.162204 0.0 -0.258343 -0.617811 0.742677 0.0 0.236592 -0.52443 -0.57472 1.0]
296
	ConcatTransform [1.1 0.0 0.0 0.0 0.0 1.1 0.0 0.0 0.0 0.0 1.1 0.0 -9.609 0.05 6.704 1.0]
	ConcatTransform [0.494029 0.580561 0.647212 0.0 -0.835821 0.522138 0.169631 0.0 -0.239453 -0.624756 0.743197 0.0 0.248599 -0.524018 -0.57666 1.0]
297
	ConcatTransform [1.1 0.0 0.0 0.0 0.0 1.1 0.0 0.0 0.0 0.0 1.1 0.0 -9.609 0.05 6.704 1.0]
	ConcatTransform [0.490653 0.585148 0.645648 0.0 -0.840855 0.512286 0.174715 0.0 -0.228523 -0.628621 0.743379 0.0 0.256103 -0.523694 -0.577896 1.0]
298
	ConcatTransform [1.1 0.0 0.0 0.0 0.0 1.1 0.0 0.0 0.0 0.0 1.1 0.0 -9.609 0.05 6.704 1.0]
	ConcatTransform [0.488406 0.588252 0.64453 0.0 -0.845776 0.500901 0.18374 0.0 -0.21476 -0.634868 0.742172 0.0 0.266319 -0.523243 -0.579548 1.0]
299
	ConcatTransform [1.1 0.0 0.0 0.0 0.0 1.1 0.0 0.0 0.0 0.0 1.1 0.0 -9.609 0.05 6.704 1.0]
	ConcatTransform [0.488107 0.590508 0.642691 0.0 -0.847872 0.495495 0.188673 0.0 -0.207037 -0.637013 0.74253 0.0 0.272277 -0.522995 -0.580592 1.0]
300
	ConcatTransform [1.1 0.0 0.0 0.0 0.0 1.1 0.0 0.0 0.0 0.0 1.1 0.0 -9.609 0.05 6.704 1.0]
	ConcatTransform [0.48923 0.594982 0.637692 0.0 -0.849476 0.490727 0.193848 0.0 -0.197596 -0.63654 0.745501 0.0 0.279771 -0.522746 -0.582069 1.0]
301
	ConcatTransform [1.1 0.0 0.0 0.0 0.0 1.1 0.0 0.0 0.0 0.0 1.1 0.0 -9.609 0.05 6.704 1.0]
	ConcatTransform [0.49064 0.59721 0.634517 0.0 -0.850019 0.48822 0.197762 0.0 -0.191678 -0.636381 0.74718 0.0 0.28372 -0.522607 -0.582881 1.0]
302
	ConcatTransform [1.1 0.0 0.0 0.0 0.0 1.1 0.0 0.0 0.0 0.0 1.1 0.0 -9.609 0.05 6.704 1.0]
	ConcatTransform [0.492144 0.600551 0.630185 0.0 -0.851347 0.483118 0.204462 0.0 -0.181664 -0.637131 0.749041 0.0 0.287928 -0.522327 -0.583845 1.0]
303
	ConcatTransform [1.1 0.0 0.0 0.0 0.0 1.1 0.0 0.0 0.0 0.0 1.1 0.0 -9.609 0.05 6.704 1.0]
	ConcatTransform [0.495348 0.601774 0.626497 0.0 -0.850436 0.483018 0.208451 0.0 -0.177169 -0.636052 0.751032 0.0 0.289675 -0.522309 -0.584398 1.0]
304
	ConcatTransform [1.1 0.0 0.0 0.0 0.0 1.1 0.0 0.0 0.0 0.0 1.1 0.0 -9.609 0.05 6.704 1.0]
	ConcatTransform [0.503146 0.603441 0.61863 0.0 -0.846623 0.487831 0.212724 0.0 -0.17342 -0.630777 0.756337 0.0 0.290692 -0.522522 -0.585186 1.0]
305
	ConcatTransform [1.1 0.0 0.0 0.0 0.0 1.1 0.0 0.0 0.0 0.0 1.1 0.0 -9.609 0.05 6.704 1.0]
	ConcatTransform [0.509801 0.602478 0.614103 0.0 -0.842961 0.492391 0.216719 0.0 -0.171811 -0.628149 0.758887 0.0 0.290295 -0.522739 -0.585586 1.0]
306
	ConcatTransform [1.1 0.0 0.0 0.0 0.0 1.1 0.0 0.0 0.0 0.0 1.1 0.0 -9.609 0.05 6.704 1.0]
	ConcatTransform [0.521875 0.597413 0.608887 0.0 -0.835728 0.501087 0.224654 0.0 -0.170894 -0.626106 0.76078 0.0 0.288201 -0.523154 -0.586024 1.0]
307
	ConcatTransform [1.1 0.0 0.0 0.0 0.0 1.1 0.0 0.0 0.0 0.0 1.1 0.0 -9.609 0.05 6.704 1.0]
	ConcatTransform [0.530637 0.59402 0.60462 0.0 -0.830132 0.508293 0.229173 0.0 -0.171191 -0.623521 0.762833 0.0 0.285886 -0.523448 -0.586333 1.0]
308
	ConcatTransform [1.1 0.0 0.0 0.0 0.0 1.1 0.0 0.0 0.0 0.0 1.1 0.0 -9.609 0.05 6.704 1.0]
	ConcatTransform [0.544264 0.588669 0.5977 0.0 -0.82102 0.520134 0.235343 0.0 -0.172345 -0.618812 0.7664 0.0 0.281222 -0.52385 -0.586813 1.0]
309
	ConcatTransform [1.1 0.0 0.0 0.0 0.0 1.1 0.0 0.0 0.0 0.0 1.1 0.0 -9.609 0.05 6.704 1.0]
	ConcatTransform [0.554091 0.583177 0.594044 0.0 -0.814112 0.528596 0.240432 0.0 -0.173795 -0.616839 0.767662 0.0 0.277469 -0.524096 -0.587082 1.0]
310
	ConcatTransform [1.1 0.0 0.0 0.0 0.0 1.1 0.0 0.0 0.0 0.0 1.1 0.0 -9.609 0.05 6.704 1.0]
	ConcatTransform [0.568254 0.57426 0.589333 0.0 -0.803854 0.540438 0.248487 0.0 -0.175802 -0.614941 0.768727 0.0 0.271065 -0.524354 -0.587464 1.0]
311
	ConcatTransform [1.1 0.0 0.0 0.0 0.0 1.1 0.0 0.0 0.0 0.0 1.1 0.0 -9.609 0.05 6.704 1.0]
	ConcatTransform [0.577671 0.568049 0.586189 0.0 -0.796738 0.548544 0.253592 0.0 -0.177498 -0.613531 0.769464 0.0 0.26645 -0.524466 -0.587728 1.0]
312
	ConcatTransform [1.1 0.0 0.0 0.0 0.0 1.1 0.0 0.0 0.0 0.0 1.1 0.0 -9.609 0.05 6.704 1.0]
	ConcatTransform [0.591762 0.558739 0.581058 0.0 -0.785718 0.560904 0.260833 0.0 -0.18018 -0.610899 0.770933 0.0 0.259263 -0.52453 -0.588134 1.0]
313
	ConcatTransform [1.1 0.0 0.0 0.0 0.0 1.1 0.0 0.0 0.0 0.0 1.1 0.0 -9.609 0.05 6.704 1.0]
	ConcatTransform [0.60054 0.552662 0.577855 0.0 -0.778732 0.568257 0.265821 0.0 -0.181461 -0.60963 0.771637 0.0 0.254428 -0.524505 -0.588378 1.0]
314
	ConcatTransform [1.1 0.0 0.0 0.0 0.0 1.1 0.0 0.0 0.0 0.0 1.1 0.0 -9.609 0.05 6.704 1.0]
	ConcatTransform [0.612077 0.545363 0.572661 0.0 -0.769553 0.577496 0.272554 0.0 -0.182068 -0.607517 0.773158 0.0 0.247331 -0.524402 -0.588746 1.0]
315
	ConcatTransform [1.1 0.0 0.0 0.0 0.0 1.1 0.0 0.0 0.0 0.0 1.1 0.0 -9.609 0.05 6.704 1.0]
	ConcatTransform [0.619167 0.540819 0.569339 0.0 -0.763889 0.582819 0.277121 0.0 -0.181949 -0.606496 0.773988 0.0 0.242848 -0.524307 -0.588962 1.0]
316
	ConcatTransform [1.1 0.0 0.0 0.0 0.0 1.1 0.0 0.0 0.0 0.0 1.1 0.0 -9.609 0.05 6.704 1.0]
	ConcatTransform [0.629423 0.534274 0.56425 0.0 -0.755632 0.590186 0.284079 0.0 -0.181236 -0.605171 0.775191 0.0 0.236717 -0.52413 -0.589237 1.0]
317
	ConcatTransform [1.1 0.0 0.0 0.0 0.0 1.1 0.0 0.0 0.0 0.0 1.1 0.0 -9.609 0.05 6.704 1.0]
	ConcatTransform [0.634258 0.531561 0.56139 0.0 -0.75212 0.592336 0.288883 0.0 -0.178973 -0.605459 0.775492 0.0 0.233036 -0.524057 -0.589376 1.0]
318
	ConcatTransform [1.1 0.0 0.0 0.0 0.0 1.1 0.0 0.0 0.0 0.0 1.1 0.0 -9.609 0.05 6.704 1.0]
	ConcatTransform [0.639578 0.530658 0.556185 0.0 -0.748746 0.593913 0.294358 0.0 -0.174122 -0.604706 0.777182 0.0 0.228268 -0.524011 -0.589626 1.0]
319
	ConcatTransform [1.1 0.0 0.0 0.0 0.0 1.1 0.0 0.0 0.0 0.0 1.1 0.0 -9.609 0.05 6.704 1.0]
	ConcatTransform [0.642806 0.529721 0.55335 0.0 -0.746719 0.594476 0.298344 0.0 -0.170915 -0.604974 0.777685 0.0 0.225672 -0.523986 -0.589734 1.0]
320
	ConcatTransform [1.1 0.0 0.0 0.0 0.0 1.1 0.0 0.0 0.0 0.0 1.1 0.0 -9.609 0.05 6.704 1.0]
	ConcatTransform [0.647304 0.527852 0.549881 0.0 -0.74391 0.59471 0.304825 0.0 -0.166118 -0.606376 0.777633 0.0 0.22268 -0.523954 -0.589805 1.0]
321
	ConcatTransform [1.1 0.0 0.0 0.0 0.0 1.1 0.0 0.0 0.0 0.0 1.1 0.0 -9.609 0.05 6.704 1.0]
	ConcatTransform [0.649203 0.528533 0.546981 0.0 -0.743201 0.59379 0.308329 0.0 -0.16183 -0.606685 0.778296 0.0 0.221232 -0.523981 -0.589849 1.0]
322
	ConcatTransform [1.1 0.0 0.0 0.0 0.0 1.1 0.0 0.0 0.0 0.0 1.1 0.0 -9.609 0.05 6.704 1.0]
	ConcatTransform [0.650565 0.532082 0.541899 0.0 -0.743695 0.590929 0.312602 0.0 -0.153894 -0.606376 0.780144 0.0 0.219858 -0.52408 -0.589901 1.0]
323
	ConcatTransform [1.1 0.0 0.0 0.0 0.0 1.1 0.0 0.0 0.0 0.0 1.1 0.0 -9.609 0.05 6.704 1.0]
	ConcatTransform [0.651486 0.533954 0.538943 0.0 -0.743945 0.588869 0.31588 0.0 -0.148701 -0.606735 0.780872 0.0 0.219497 -0.524136 -0.589873 1.0]
324
	ConcatTransform [1.1 0.0 0.0 0.0 0.0 1.1 0.0 0.0 0.0 0.0 1.1 0.0 -9.609 0.05 6.704 1.0]
	ConcatTransform [0.652846 0.536253 0.535 0.0 -0.74426 0.585526 0.321304 0.0 -0.140956 -0.607941 0.78137 0.0 0.21971 -0.524211 -0.589753 1.0]
325
	ConcatTransform [1.1 0.0 0.0 0.0 0.0 1.1 0.0 0.0 0.0 0.0 1.1 0.0 -9.609 0.05 6.704 1.0]
	ConcatTransform [0.653015 0.539079 0.531946 0.0 -0.745214 0.582583 0.324427 0.0 -0.135011 -0.608269 0.782164 0.0 0.22026 -0.524278 -0.589669 1.0]
326
	ConcatTransform [1.1 0.0 0.0 0.0 0.0 1.1 0.0 0.0 0.0 0.0 1.1 0.0 -9.609 0.05 6.704 1.0]
	ConcatTransform [0.652547 0.544488 0.526987 0.0 -0.747305 0.577499 0.32868 0.0 -0.125372 -0.608299 0.783743 0.0 0.221616 -0.524378 -0.589533 1.0]
327
	ConcatTransform [1.1 0.0 0.0 0.0 0.0 1.1 0.0 0.0 0.0 0.0 1.1 0.0 -9.609 0.05 6.704 1.0]
	ConcatTransform [0.65246 0.547472 0.523995 0.0 -0.748386 0.574269 0.331865 0.0 -0.119227 -0.608679 0.784407 0.0 0.222845 -0.524423 -0.589408 1.0]
328
	ConcatTransform [1.1 0.0 0.0 0.0 0.0 1.1 0.0 0.0 0.0 0.0 1.1 0.0 -9.609 0.05 6.704 1.0]
	ConcatTransform [0.652523 0.551499 0.519676 0.0 -0.749705 0.569629 0.336845 0.0 -0.110253 -0.609403 0.785158 0.0 0.225046 -0.524469 -0.589198 1.0]
329
	ConcatTransform [1.1 0.0 0.0 0.0 0.0 1.1 0.0 0.0 0.0 0.0 1.1 0.0 -9.609 0.05 6.704 1.0]
	ConcatTransform [0.652387 0.554527 0.516615 0.0 -0.750701 0.566449 0.339975 0.0 -0.10411 -0.609618 0.785828 0.0 0.226667 -0.52449 -0.589064 1.0]
330
	ConcatTransform [1.1 0.0 0.0 0.0 0.0 1.1 0.0 0.0 0.0 0.0 1.1 0.0 -9.609 0.05 6.704 1.0]
	ConcatTransform [0.652341 0.558859 0.511984 0.0 -0.751935 0.561963 0.34466 0.0 -0.0951 -0.609815 0.786817 0.0 0.229237 -0.524502 -0.588866 1.0]
331
	ConcatTransform [1.1 0.0 0.0 0.0 0.0 1.1 0.0 0.0 0.0 0.0 1.1 0.0 -9.609 0.05 6.704 1.0]
	ConcatTransform [0.652603 0.561286 0.508986 0.0 -0.752406 0.559326 0.347908 0.0 -0.089413 -0.61001 0.787333 0.0 0.230989 -0.5245 -0.588735 1.0]
332
	ConcatTransform [1.1 0.0 0.0 0.0 0.0 1.1 0.0 0.0 0.0 0.0 1.1 0.0 -9.609 0.05 6.704 1.0]
	ConcatTransform [0.653202 0.564714 0.504406 0.0 -0.752825 0.555733 0.352726 0.0 -0.081126 -0.610131 0.788136 0.0 0.233567 -0.524486 -0.588556 1.0]
333
	ConcatTransform [1.1 0.0 0.0 0.0 0.0 1.1 0.0 0.0 0.0 0.0 1.1 0.0 -9.609 0.05 6.704 1.0]
	ConcatTransform [0.653901 0.566613 0.501362 0.0 -0.752761 0.55374 0.35598 0.0 -0.075921 -0.610182 0.788615 0.0 0.23521 -0.524473 -0.588447 1.0]
334
	ConcatTransform [1.1 0.0 0.0 0.0 0.0 1.1 0.0 0.0 0.0 0.0 1.1 0.0 -9.609 0.05 6.704 1.0]
	ConcatTransform [0.655634 0.568441 0.49701 0.0 -0.751936 0.551513 0.361146 0.0 -0.068817 -0.610499 0.789022 0.0 0.2375 -0.524454 -0.588293 1.0]
335
	ConcatTransform [1.1 0.0 0.0 0.0 0.0 1.1 0.0 0.0 0.0 0.0 1.1 0.0 -9.609 0.05 6.704 1.0]
	ConcatTransform [0.656974 0.569515 0.494002 0.0 -0.751167 0.55035 0.364503 0.0 -0.064284 -0.610547 0.789366 0.0 0.238864 -0.524442 -0.58821 1.0]
336
	ConcatTransform [1.1 0.0 0.0 0.0 0.0 1.1 0.0 0.0 0.0 0.0 1.1 0.0 -9.609 0.05 6.704 1.0]
	ConcatTransform [0.659156 0.571138 0.489198 0.0 -0.74979 0.549051 0.369268 0.0 -0.057692 -0.610201 0.790143 0.0 0.240616 -0.524425 -0.588125 1.0]
337
	ConcatTransform [1.1 0.0 0.0 0.0 0.0 1.1 0.0 0.0 0.0 0.0 1.1 0.0 -9.609 0.05 6.704 1.0]
	ConcatTransform [0.661073 0.571522 0.486153 0.0 -0.748393 0.548672 0.372648 0.0 -0.053762 -0.610181 0.790436 0.0 0.241589 -0.52442 -0.588075 1.0]
338
	ConcatTransform [1.1 0.0 0.0 0.0 0.0 1.1 0.0 0.0 0.0 0.0 1.1 0.0 -9.609 0.05 6.704 1.0]
	ConcatTransform [0.664645 0.571009 0.481867 0.0 -0.745579 0.548797 0.378067 0.0 -0.048568 -0.61055 0.790487 0.0 0.242743 -0.524423 -0.588006 1.0]
339
	ConcatTransform [1.1 0.0 0.0 0.0 0.0 1.1 0.0 0.0 0.0 0.0 1.1 0.0 -9.609 0.05 6.704 1.0]
	ConcatTransform [0.667081 0.570746 0.478803 0.0 -0.743614 0.5491 0.381481 0.0 -0.045182 -0.610523 0.790708 0.0 0.243286 -0.524427 -0.587985 1.0]
340
	ConcatTransform [1.1 0.0 0.0 0.0 0.0 1.1 0.0 0.0 0.0 0.0 1.1 0.0 -9.609 0.05 6.704 1.0]
	ConcatTransform [0.670523 0.570427 0.474355 0.0 -0.740798 0.549468 0.386399 0.0 -0.040231 -0.61049 0.791001 0.0 0.243764 -0.524431 -0.587975 1.0]
341
	ConcatTransform [1.1 0.0 0.0 0.0 0.0 1.1 0.0 0.0 0.0 0.0 1.1 0.0 -9.609 0.05 6.704 1.0]
	ConcatTransform [0.672814 0.569438 0.472294 0.0 -0.738835 0.549975 0.389422 0.0 -0.037998 -0.610956 0.790752 0.0 0.243887 -0.52444 -0.587892 1.0]
342
	ConcatTransform [1.1 0.0 0.0 0.0 0.0 1.1 0.0 0.0 0.0 0.0 1.1 0.0 -9.609 0.05 6.704 1.0]
	ConcatTransform [0.677054 0.567149 0.468978 0.0 -0.735093 0.551631 0.394135 0.0 -0.03517 -0.611592 0.790391 0.0 0.243827 -0.524462 -0.587681 1.0]
343
	ConcatTransform [1.1 0.0 0.0 0.0 0.0 1.1 0.0 0.0 0.0 0.0 1.1 0.0 -9.609 0.05 6.704 1.0]
	ConcatTransform [0.679626 0.566021 0.466614 0.0 -0.732812 0.552564 0.397064 0.0 -0.033087 -0.611795 0.790324 0.0 0.243607 -0.524472 -0.587482 1.0]
344
	ConcatTransform [1.1 0.0 0.0 0.0 0.0 1.1 0.0 0.0 0.0 0.0 1.1 0.0 -9.609 0.05 6.704 1.0]
	ConcatTransform [0.683186 0.56473 0.462965 0.0 -0.729626 0.553962 0.400963 0.0 -0.030029 -0.611724 0.790501 0.0 0.243056 -0.524483 -0.587092 1.0]
345
	ConcatTransform [1.1 0.0 0.0 0.0 0.0 1.1 0.0 0.0 0.0 0.0 1.1 0.0 -9.609 0.05 6.704 1.0]
	ConcatTransform [0.685616 0.56366 0.460671 0.0 -0.727401 0.555326 0.403113 0.0 -0.028604 -0.611473 0.790748 0.0 0.242582 -0.52449 -0.586774 1.0]
346
	ConcatTransform [1.1 0.0 0.0 0.0 0.0 1.1 0.0 0.0 0.0 0.0 1.1 0.0 -9.609 0.05 6.704 1.0]
	ConcatTransform [0.688908 0.561936 0.457858 0.0 -0.724327 0.557657 0.405425 0.0 -0.027505 -0.610939 0.7912 0.0 0.241737 -0.524496 -0.586218 1.0]
347
	ConcatTransform [1.1 0.0 0.0 0.0 0.0 1.1 0.0 0.0 0.0 0.0 1.1 0.0 -9.609 0.05 6.704 1.0]
	ConcatTransform [0.690587 0.561009 0.456463 0.0 -0.722735 0.559085 0.406298 0.0 -0.027265 -0.610486 0.791558 0.0 0.241099 -0.524499 -0.585806 1.0]
348
	ConcatTransform [1.1 0.0 0.0 0.0 0.0 1.1 0.0 0.0 0.0 0.0 1.1 0.0 -9.609 0.05 6.704 1.0]
	ConcatTransform [0.692478 0.559812 0.455067 0.0 -0.720912 0.56105 0.406826 0.0 -0.027569 -0.609781 0.79209 0.0 0.240078 -0.5245 -0.585156 1.0]
349
	ConcatTransform [1.1 0.0 0.0 0.0 0.0 1.1 0.0 0.0 0.0 0.0 1.1 0.0 -9.609 0.05 6.704 1.0]
	ConcatTransform [0.693498 0.558996 0.454516 0.0 -0.719904 0.562409 0.406736 0.0 -0.02826 -0.609278 0.792453 0.0 0.239386 -0.524499 -0.584718 1.0]
350
	ConcatTransform [1.1 0.0 0.0 0.0 0.0 1.1 0.0 0.0 0.0 0.0 1.1 0.0 -9.609 0.05 6.704 1.0]
	ConcatTransform [0.694524 0.55799 0.454184 0.0 -0.718851 0.564358 0.4059 0.0 -0.029834 -0.608398 0.793071 0.0 0.238365 -0.524495 -0.58408 1.0]
351
	ConcatTransform [1.1 0.0 0.0 0.0 0.0 1.1 0.0 0.0 0.0 0.0 1.1 0.0 -9.609 0.05 6.704 1.0]
	ConcatTransform [0.694826 0.557463 0.45437 0.0 -0.718506 0.565393 0.405067 0.0 -0.031088 -0.607919 0.79339 0.0 0.237712 -0.524491 -0.583675 1.0]
352
	ConcatTransform [1.1 0.0 0.0 0.0 0.0 1.1 0.0 0.0 0.0 0.0 1.1 0.0 -9.609 0.05 6.704 1.0]
	ConcatTransform [0.695002 0.556712 0.45502 0.0 -0.718245 0.566685 0.403722 0.0 -0.033096 -0.607404 0.793703 0.0 0.236814 -0.524486 -0.583109 1.0]
353
	ConcatTransform [1.1 0.0 0.0 0.0 0.0 1.1 0.0 0.0 0.0 0.0 1.1 0.0 -9.609 0.05 6.704 1.0]
	ConcatTransform [0.694846 0.556453 0.455576 0.0 -0.718336 0.56731 0.402682 0.0 -0.034379 -0.607059 0.793913 0.0 0.236281 -0.524483 -0.582773 1.0]
354
	ConcatTransform [1.1 0.0 0.0 0.0 0.0 1.1 0.0 0.0 0.0 0.0 1.1 0.0 -9.609 0.05 6.704 1.0]
	ConcatTransform [0.694265 0.556466 0.456446 0.0 -0.718812 0.567945 0.400933 0.0 -0.036131 -0.606452 0.794299 0.0 0.235596 -0.524479 -0.582352 1.0]
355
	ConcatTransform [1.1 0.0 0.0 0.0 0.0 1.1 0.0 0.0 0.0 0.0 1.1 0.0 -9.609 0.05 6.704 1.0]
	ConcatTransform [0.69375 0.556433 0.457266 0.0 -0.719251 0.568119 0.399898 0.0 -0.037265 -0.606319 0.794348 0.0 0.235228 -0.524478 -0.582118 1.0]
356
	ConcatTransform [1.1 0.0 0.0 0.0 0.0 1.1 0.0 0.0 0.0 0.0 1.1 0.0 -9.609 0.05 6.704 1.0]
	ConcatTransform [0.692811 0.556287 0.458865 0.0 -0.720069 0.56799 0.398607 0.0 -0.038891 -0.606574 0.794075 0.0 0.234811 -0.524479 -0.581838 1.0]
357
	ConcatTransform [1.1 0.0 0.0 0.0 0.0 1.1 0.0 0.0 0.0 0.0 1.1 0.0 -9.609 0.05 6.704 1.0]
	ConcatTransform [0.692038 0.556403 0.459891 0.0 -0.72076 0.567783 0.397654 0.0 -0.039862 -0.606662 0.79396 0.0 0.234621 -0.52448 -0.581715 1.0]
358
	ConcatTransform [1.1 0.0 0.0 0.0 0.0 1.1 0.0 0.0 0.0 0.0 1.1 0.0 -9.609 0.05 6.704 1.0]
	ConcatTransform [0.690693 0.556847 0.461373 0.0 -0.721976 0.567315 0.396112 0.0 -0.04117 -0.606692 0.79387 0.0 0.234464 -0.524482 -0.581623 1.0]
359
	ConcatTransform [1.1 0.0 0.0 0.0 0.0 1.1 0.0 0.0 0.0 0.0 1.1 0.0 -9.609 0.05 6.704 1.0]
	ConcatTransform [0.689749 0.55705 0.462539 0.0 -0.722829 0.566838 0.395239 0.0 -0.042017 -0.606952 0.793627 0.0 0.234443 -0.524484 -0.581606 1.0]
360
	ConcatTransform [1.1 0.0 0.0 0.0 0.0 1.1 0.0 0.0 0.0 0.0 1.1 0.0 -9.609 0.05 6.704 1.0]
	ConcatTransform [0.528979 0.565005 -0.633207 0.0 0.305738 0.569161 0.763269 0.0 0.791648 -0.597349 0.12833 0.0 -0.093061 -0.524429 -0.384674 1.0]
