228
	ConcatTransform [1.1 0.0 0.0 0.0 0.0 1.1 0.0 0.0 0.0 0.0 1.1 0.0 -9.609 0.05 6.704 1.0]
	ConcatTransform [0.99978 0.017685 0.01128 0.0 -0.017254 0.999158 -0.037234 0.0 -0.011929 0.037031 0.999243 0.0 0.06446 -0.009284 0.001167 1.0]
229
	ConcatTransform [1.1 0.0 0.0 0.0 0.0 1.1 0.0 0.0 0.0 0.0 1.1 0.0 -9.609 0.05 6.704 1.0]
	ConcatTransform [0.997843 0.063444 0.016845 0.0 -0.062256 0.996036 -0.063526 0.0 -0.020808 0.06234 0.997838 0.0 0.104133 -0.028347 0.005317 1.0]
230
	ConcatTransform [1.1 0.0 0.0 0.0 0.0 1.1 0.0 0.0 0.0 0.0 1.1 0.0 -9.609 0.05 6.704 1.0]
	ConcatTransform [0.989677 0.14328 0.003063 0.0 -0.142486 0.986034 -0.086229 0.0 -0.015375 0.084902 0.996271 0.0 0.161516 -0.074926 0.011112 1.0]
231
	ConcatTransform [1.1 0.0 0.0 0.0 0.0 1.1 0.0 0.0 0.0 0.0 1.1 0.0 -9.609 0.05 6.704 1.0]
	ConcatTransform [0.978049 0.208122 -0.010288 0.0 -0.208161 0.973606 -0.0936 0.0 -0.009464 0.093687 0.995557 0.0 0.199157 -0.117767 0.015101 1.0]
232
	ConcatTransform [1.1 0.0 0.0 0.0 0.0 1.1 0.0 0.0 0.0 0.0 1.1 0.0 -9.609 0.05 6.704 1.0]
	ConcatTransform [0.943109 0.330816 -0.033255 0.0 -0.332472 0.93915 -0.086369 0.0 0.002659 0.092511 0.995708 0.0 0.254475 -0.199224 0.021508 1.0]
233
	ConcatTransform [1.1 0.0 0.0 0.0 0.0 1.1 0.0 0.0 0.0 0.0 1.1 0.0 -9.609 0.05 6.704 1.0]
	ConcatTransform [0.90396 0.425178 -0.045611 0.0 -0.427467 0.901314 -0.070028 0.0 0.011336 0.0828 0.996502 0.0 0.290872 -0.265041 0.026118 1.0]
234
	ConcatTransform [1.1 0.0 0.0 0.0 0.0 1.1 0.0 0.0 0.0 0.0 1.1 0.0 -9.609 0.05 6.704 1.0]
	ConcatTransform [0.812946 0.580289 -0.048827 0.0 -0.581868 0.812802 -0.027993 0.0 0.023443 0.051168 0.998415 0.0 0.345872 -0.380445 0.033187 1.0]
235
	ConcatTransform [1.1 0.0 0.0 0.0 0.0 1.1 0.0 0.0 0.0 0.0 1.1 0.0 -9.609 0.05 6.704 1.0]
	ConcatTransform [0.724423 0.688574 -0.0328 0.0 -0.688676 0.725002 0.009905 0.0 0.0306 0.015413 0.999413 0.0 0.384806 -0.467053 0.03664 1.0]
236
	ConcatTransform [1.1 0.0 0.0 0.0 0.0 1.1 0.0 0.0 0.0 0.0 1.1 0.0 -9.609 0.05 6.704 1.0]
	ConcatTransform [0.568976 0.818268 0.081877 0.0 -0.822224 0.564291 0.074314 0.0 0.014607 -0.109604 0.993868 0.0 0.472892 -0.56149 0.01531 1.0]
237
	ConcatTransform [1.1 0.0 0.0 0.0 0.0 1.1 0.0 0.0 0.0 0.0 1.1 0.0 -9.609 0.05 6.704 1.0]
	ConcatTransform [0.415784 0.897807 0.145141 0.0 -0.909002 0.405164 0.097766 0.0 0.028969 -0.172583 0.984569 0.0 0.544483 -0.566871 -0.019147 1.0]
238
	ConcatTransform [1.1 0.0 0.0 0.0 0.0 1.1 0.0 0.0 0.0 0.0 1.1 0.0 -9.609 0.05 6.704 1.0]
	ConcatTransform [0.301383 0.918586 0.255671 0.0 -0.948849 0.262469 0.175485 0.0 0.094093 -0.295481 0.950704 0.0 0.640523 -0.555143 -0.057007 1.0]
239
	ConcatTransform [1.1 0.0 0.0 0.0 0.0 1.1 0.0 0.0 0.0 0.0 1.1 0.0 -9.609 0.05 6.704 1.0]
	ConcatTransform [0.242084 0.919501 0.3097 0.0 -0.964514 0.193391 0.179755 0.0 0.105392 -0.342226 0.933688 0.0 0.697553 -0.545107 -0.078707 1.0]
240
	ConcatTransform [1.1 0.0 0.0 0.0 0.0 1.1 0.0 0.0 0.0 0.0 1.1 0.0 -9.609 0.05 6.704 1.0]
	ConcatTransform [0.166862 0.898501 0.406021 0.0 -0.985699 0.142182 0.090451 0.0 0.023542 -0.415308 0.909376 0.0 0.76817 -0.522088 -0.101215 1.0]
241
	ConcatTransform [1.1 0.0 0.0 0.0 0.0 1.1 0.0 0.0 0.0 0.0 1.1 0.0 -9.609 0.05 6.704 1.0]
	ConcatTransform [0.160835 0.862172 0.480409 0.0 -0.982496 0.186208 -0.005254 0.0 -0.093985 -0.471155 0.877029 0.0 0.815475 -0.513539 -0.11496 1.0]
242
	ConcatTransform [1.1 0.0 0.0 0.0 0.0 1.1 0.0 0.0 0.0 0.0 1.1 0.0 -9.609 0.05 6.704 1.0]
	ConcatTransform [0.118965 0.805195 0.580955 0.0 -0.957276 0.248335 -0.148162 0.0 -0.263571 -0.538508 0.800337 0.0 0.885052 -0.517892 -0.135648 1.0]
243
	ConcatTransform [1.1 0.0 0.0 0.0 0.0 1.1 0.0 0.0 0.0 0.0 1.1 0.0 -9.609 0.05 6.704 1.0]
	ConcatTransform [0.018108 0.787816 0.615644 0.0 -0.932785 0.235003 -0.273288 0.0 -0.359979 -0.569315 0.739118 0.0 0.920845 -0.510861 -0.145743 1.0]
244
	ConcatTransform [1.1 0.0 0.0 0.0 0.0 1.1 0.0 0.0 0.0 0.0 1.1 0.0 -9.609 0.05 6.704 1.0]
	ConcatTransform [-0.137421 0.742657 0.65542 0.0 -0.868466 0.227861 -0.44028 0.0 -0.476322 -0.629714 0.613659 0.0 0.966021 -0.496059 -0.152701 1.0]
245
	ConcatTransform [1.1 0.0 0.0 0.0 0.0 1.1 0.0 0.0 0.0 0.0 1.1 0.0 -9.609 0.05 6.704 1.0]
	ConcatTransform [-0.227025 0.699019 0.678109 0.0 -0.811653 0.249 -0.528412 0.0 -0.538219 -0.670352 0.510831 0.0 0.991301 -0.48589 -0.152434 1.0]
246
	ConcatTransform [1.1 0.0 0.0 0.0 0.0 1.1 0.0 0.0 0.0 0.0 1.1 0.0 -9.609 0.05 6.704 1.0]
	ConcatTransform [-0.352443 0.635867 0.686627 0.0 -0.705116 0.30197 -0.64158 0.0 -0.615301 -0.710272 0.341933 0.0 1.02261 -0.473596 -0.148216 1.0]
247
	ConcatTransform [1.1 0.0 0.0 0.0 0.0 1.1 0.0 0.0 0.0 0.0 1.1 0.0 -9.609 0.05 6.704 1.0]
	ConcatTransform [-0.430424 0.59776 0.676327 0.0 -0.622187 0.346351 -0.702085 0.0 -0.653925 -0.722997 0.22284 0.0 1.038678 -0.467914 -0.142722 1.0]
248
	ConcatTransform [1.1 0.0 0.0 0.0 0.0 1.1 0.0 0.0 0.0 0.0 1.1 0.0 -9.609 0.05 6.704 1.0]
	ConcatTransform [-0.486635 0.582865 0.650734 0.0 -0.501103 0.42392 -0.754445 0.0 -0.715599 -0.693224 0.085781 0.0 1.06073 -0.466868 -0.131461 1.0]
249
	ConcatTransform [1.1 0.0 0.0 0.0 0.0 1.1 0.0 0.0 0.0 0.0 1.1 0.0 -9.609 0.05 6.704 1.0]
	ConcatTransform [-0.49642 0.595429 0.631689 0.0 -0.424415 0.468309 -0.774958 0.0 -0.757258 -0.652802 0.020231 0.0 1.074473 -0.474891 -0.121678 1.0]
250
	ConcatTransform [1.1 0.0 0.0 0.0 0.0 1.1 0.0 0.0 0.0 0.0 1.1 0.0 -9.609 0.05 6.704 1.0]
	ConcatTransform [-0.493839 0.628847 0.600562 0.0 -0.302472 0.523296 -0.796663 0.0 -0.815251 -0.575076 -0.068215 0.0 1.091942 -0.500049 -0.102298 1.0]
251
	ConcatTransform [1.1 0.0 0.0 0.0 0.0 1.1 0.0 0.0 0.0 0.0 1.1 0.0 -9.609 0.05 6.704 1.0]
	ConcatTransform [-0.512163 0.66409 0.544678 0.0 -0.218024 0.512871 -0.830319 0.0 -0.830756 -0.544011 -0.117886 0.0 1.094032 -0.515688 -0.085915 1.0]
252
	ConcatTransform [1.1 0.0 0.0 0.0 0.0 1.1 0.0 0.0 0.0 0.0 1.1 0.0 -9.609 0.05 6.704 1.0]
	ConcatTransform [-0.512164 0.672508 0.534248 0.0 -0.143017 0.546563 -0.825115 0.0 -0.846897 -0.499001 -0.18375 0.0 1.096043 -0.521647 -0.080957 1.0]
253
	ConcatTransform [1.1 0.0 0.0 0.0 0.0 1.1 0.0 0.0 0.0 0.0 1.1 0.0 -9.609 0.05 6.704 1.0]
	ConcatTransform [-0.514794 0.662195 0.544505 0.0 -0.125482 0.570089 -0.811944 0.0 -0.848081 -0.486309 -0.210385 0.0 1.095152 -0.520929 -0.086971 1.0]
254
	ConcatTransform [1.1 0.0 0.0 0.0 0.0 1.1 0.0 0.0 0.0 0.0 1.1 0.0 -9.609 0.05 6.704 1.0]
	ConcatTransform [-0.497714 0.648352 0.576125 0.0 -0.114408 0.609363 -0.784594 0.0 -0.859763 -0.456416 -0.229112 0.0 1.090689 -0.518312 -0.098145 1.0]
255
	ConcatTransform [1.1 0.0 0.0 0.0 0.0 1.1 0.0 0.0 0.0 0.0 1.1 0.0 -9.609 0.05 6.704 1.0]
	ConcatTransform [-0.484152 0.649486 0.586314 0.0 -0.104057 0.622592 -0.775598 0.0 -0.868774 -0.436517 -0.233846 0.0 1.08254 -0.519621 -0.103921 1.0]
256
	ConcatTransform [1.1 0.0 0.0 0.0 0.0 1.1 0.0 0.0 0.0 0.0 1.1 0.0 -9.609 0.05 6.704 1.0]
	ConcatTransform [-0.456363 0.656928 0.600149 0.0 -0.088374 0.637682 -0.765213 0.0 -0.885394 -0.402253 -0.23296 0.0 1.067823 -0.521968 -0.114525 1.0]
257
	ConcatTransform [1.1 0.0 0.0 0.0 0.0 1.1 0.0 0.0 0.0 0.0 1.1 0.0 -9.609 0.05 6.704 1.0]
	ConcatTransform [-0.436467 0.657519 0.614138 0.0 -0.079941 0.651547 -0.754384 0.0 -0.896162 -0.378359 -0.231816 0.0 1.056843 -0.52218 -0.12121 1.0]
258
	ConcatTransform [1.1 0.0 0.0 0.0 0.0 1.1 0.0 0.0 0.0 0.0 1.1 0.0 -9.609 0.05 6.704 1.0]
	ConcatTransform [-0.400421 0.665269 0.630143 0.0 -0.069816 0.663532 -0.744883 0.0 -0.913668 -0.342261 -0.219246 0.0 1.038442 -0.524512 -0.129309 1.0]
259
	ConcatTransform [1.1 0.0 0.0 0.0 0.0 1.1 0.0 0.0 0.0 0.0 1.1 0.0 -9.609 0.05 6.704 1.0]
	ConcatTransform [-0.375379 0.670128 0.640327 0.0 -0.068226 0.668997 -0.740128 0.0 -0.924357 -0.321515 -0.205408 0.0 1.025702 -0.524835 -0.134118 1.0]
260
	ConcatTransform [1.1 0.0 0.0 0.0 0.0 1.1 0.0 0.0 0.0 0.0 1.1 0.0 -9.609 0.05 6.704 1.0]
	ConcatTransform [-0.340258 0.67381 0.655899 0.0 -0.072543 0.676631 -0.73274 0.0 -0.93753 -0.296902 -0.181349 0.0 1.008577 -0.524295 -0.142581 1.0]
261
	ConcatTransform [1.1 0.0 0.0 0.0 0.0 1.1 0.0 0.0 0.0 0.0 1.1 0.0 -9.609 0.05 6.704 1.0]
	ConcatTransform [-0.318577 0.67422 0.666286 0.0 -0.082291 0.680583 -0.728035 0.0 -0.944318 -0.286764 -0.161336 0.0 0.998776 -0.523821 -0.148544 1.0]
262
	ConcatTransform [1.1 0.0 0.0 0.0 0.0 1.1 0.0 0.0 0.0 0.0 1.1 0.0 -9.609 0.05 6.704 1.0]
	ConcatTransform [-0.291836 0.672123 0.680502 0.0 -0.100055 0.686117 -0.720578 0.0 -0.951221 -0.278378 -0.132984 0.0 0.986398 -0.522993 -0.157807 1.0]
263
	ConcatTransform [1.1 0.0 0.0 0.0 0.0 1.1 0.0 0.0 0.0 0.0 1.1 0.0 -9.609 0.05 6.704 1.0]
	ConcatTransform [-0.274679 0.671421 0.688292 0.0 -0.110165 0.689136 -0.716209 0.0 -0.955204 -0.272553 -0.115324 0.0 0.979231 -0.522333 -0.162625 1.0]
264
	ConcatTransform [1.1 0.0 0.0 0.0 0.0 1.1 0.0 0.0 0.0 0.0 1.1 0.0 -9.609 0.05 6.704 1.0]
	ConcatTransform [-0.250807 0.672116 0.696675 0.0 -0.124547 0.691292 -0.71176 0.0 -0.959992 -0.265283 -0.089671 0.0 0.970025 -0.521839 -0.167835 1.0]
265
	ConcatTransform [1.1 0.0 0.0 0.0 0.0 1.1 0.0 0.0 0.0 0.0 1.1 0.0 -9.609 0.05 6.704 1.0]
	ConcatTransform [-0.238691 0.672995 0.700074 0.0 -0.133939 0.691206 -0.710137 0.0 -0.961814 -0.26327 -0.074844 0.0 0.96505 -0.521637 -0.170256 1.0]
266
	ConcatTransform [1.1 0.0 0.0 0.0 0.0 1.1 0.0 0.0 0.0 0.0 1.1 0.0 -9.609 0.05 6.704 1.0]
	ConcatTransform [-0.226054 0.673774 0.703511 0.0 -0.149205 0.689734 -0.708523 0.0 -0.96262 -0.265132 -0.055387 0.0 0.959363 -0.522326 -0.172507 1.0]
267
	ConcatTransform [1.1 0.0 0.0 0.0 0.0 1.1 0.0 0.0 0.0 0.0 1.1 0.0 -9.609 0.05 6.704 1.0]
	ConcatTransform [-0.21914 0.672532 0.706879 0.0 -0.162781 0.689134 -0.706114 0.0 -0.962019 -0.269804 -0.041541 0.0 0.956938 -0.522255 -0.173049 1.0]
268
	ConcatTransform [1.1 0.0 0.0 0.0 0.0 1.1 0.0 0.0 0.0 0.0 1.1 0.0 -9.609 0.05 6.704 1.0]
	ConcatTransform [-0.210512 0.67107 0.71088 0.0 -0.185628 0.686506 -0.703031 0.0 -0.959806 -0.279955 -0.019949 0.0 0.955287 -0.522248 -0.172574 1.0]
269
	ConcatTransform [1.1 0.0 0.0 0.0 0.0 1.1 0.0 0.0 0.0 0.0 1.1 0.0 -9.609 0.05 6.704 1.0]
	ConcatTransform [-0.209277 0.669597 0.712631 0.0 -0.203546 0.682976 -0.701507 0.0 -0.956437 -0.291862 -0.006637 0.0 0.955327 -0.522404 -0.171998 1.0]
270
	ConcatTransform [1.1 0.0 0.0 0.0 0.0 1.1 0.0 0.0 0.0 0.0 1.1 0.0 -9.609 0.05 6.704 1.0]
	ConcatTransform [-0.207333 0.667505 0.715158 0.0 -0.226978 0.67827 -0.698878 0.0 -0.951575 -0.307225 0.010881 0.0 0.957723 -0.521916 -0.170684 1.0]
271
	ConcatTransform [1.1 0.0 0.0 0.0 0.0 1.1 0.0 0.0 0.0 0.0 1.1 0.0 -9.609 0.05 6.704 1.0]
	ConcatTransform [-0.204328 0.671321 0.712445 0.0 -0.23997 0.671242 -0.701319 0.0 -0.949033 -0.314265 0.023943 0.0 0.960125 -0.523008 -0.16874 1.0]
272
	ConcatTransform [1.1 0.0 0.0 0.0 0.0 1.1 0.0 0.0 0.0 0.0 1.1 0.0 -9.609 0.05 6.704 1.0]
	ConcatTransform [-0.201831 0.676712 0.708043 0.0 -0.262881 0.658964 -0.70474 0.0 -0.943482 -0.32837 0.044896 0.0 0.964844 -0.525104 -0.165364 1.0]
273
	ConcatTransform [1.1 0.0 0.0 0.0 0.0 1.1 0.0 0.0 0.0 0.0 1.1 0.0 -9.609 0.05 6.704 1.0]
	ConcatTransform [-0.199543 0.678766 0.706724 0.0 -0.285139 0.649797 -0.704599 0.0 -0.937485 -0.342113 0.063881 0.0 0.968173 -0.525662 -0.162777 1.0]
274
	ConcatTransform [1.1 0.0 0.0 0.0 0.0 1.1 0.0 0.0 0.0 0.0 1.1 0.0 -9.609 0.05 6.704 1.0]
	ConcatTransform [-0.195447 0.683884 0.702925 0.0 -0.322883 0.631917 -0.704576 0.0 -0.926038 -0.364669 0.097308 0.0 0.973053 -0.526792 -0.157857 1.0]
275
	ConcatTransform [1.1 0.0 0.0 0.0 0.0 1.1 0.0 0.0 0.0 0.0 1.1 0.0 -9.609 0.05 6.704 1.0]
	ConcatTransform [-0.18996 0.689874 0.698562 0.0 -0.349255 0.617493 -0.704786 0.0 -0.917571 -0.377857 0.123644 0.0 0.976245 -0.528026 -0.153941 1.0]
276
	ConcatTransform [1.1 0.0 0.0 0.0 0.0 1.1 0.0 0.0 0.0 0.0 1.1 0.0 -9.609 0.05 6.704 1.0]
	ConcatTransform [-0.175469 0.699263 0.692994 0.0 -0.389428 0.597202 -0.70121 0.0 -0.904188 -0.392912 0.167522 0.0 0.980965 -0.529749 -0.147627 1.0]
277
	ConcatTransform [1.1 0.0 0.0 0.0 0.0 1.1 0.0 0.0 0.0 0.0 1.1 0.0 -9.609 0.05 6.704 1.0]
	ConcatTransform [-0.170022 0.70696 0.686513 0.0 -0.412535 0.581611 -0.701102 0.0 -0.894934 -0.402414 0.19276 0.0 0.983802 -0.531108 -0.143521 1.0]
278
	ConcatTransform [1.1 0.0 0.0 0.0 0.0 1.1 0.0 0.0 0.0 0.0 1.1 0.0 -9.609 0.05 6.704 1.0]
	ConcatTransform [-0.158167 0.718891 0.676889 0.0 -0.44101 0.561914 -0.699831 0.0 -0.883456 -0.409205 0.228162 0.0 0.988033 -0.532993 -0.137919 1.0]
279
	ConcatTransform [1.1 0.0 0.0 0.0 0.0 1.1 0.0 0.0 0.0 0.0 1.1 0.0 -9.609 0.05 6.704 1.0]
	ConcatTransform [-0.152176 0.726687 0.669901 0.0 -0.456831 0.549332 -0.699672 0.0 -0.876441 -0.412504 0.248378 0.0 0.990229 -0.534167 -0.134359 1.0]
280
	ConcatTransform [1.1 0.0 0.0 0.0 0.0 1.1 0.0 0.0 0.0 0.0 1.1 0.0 -9.609 0.05 6.704 1.0]
	ConcatTransform [-0.145752 0.736823 0.660188 0.0 -0.474164 0.533649 -0.700277 0.0 -0.868289 -0.415104 0.271594 0.0 0.992456 -0.535715 -0.129052 1.0]
281
	ConcatTransform [1.1 0.0 0.0 0.0 0.0 1.1 0.0 0.0 0.0 0.0 1.1 0.0 -9.609 0.05 6.704 1.0]
	ConcatTransform [-0.139409 0.743719 0.653794 0.0 -0.483166 0.525225 -0.700492 0.0 -0.864359 -0.413546 0.286118 0.0 0.99325 -0.536854 -0.125852 1.0]
282
	ConcatTransform [1.1 0.0 0.0 0.0 0.0 1.1 0.0 0.0 0.0 0.0 1.1 0.0 -9.609 0.05 6.704 1.0]
	ConcatTransform [-0.126281 0.753812 0.644841 0.0 -0.497997 0.514023 -0.698412 0.0 -0.857935 -0.409325 0.310485 0.0 0.992984 -0.538285 -0.121788 1.0]
283
	ConcatTransform [1.1 0.0 0.0 0.0 0.0 1.1 0.0 0.0 0.0 0.0 1.1 0.0 -9.609 0.05 6.704 1.0]
	ConcatTransform [-0.116112 0.760731 0.638597 0.0 -0.505514 0.508181 -0.697286 0.0 -0.85497 -0.403783 0.325555 0.0 0.99208 -0.539503 -0.119547 1.0]
284
	ConcatTransform [1.1 0.0 0.0 0.0 0.0 1.1 0.0 0.0 0.0 0.0 1.1 0.0 -9.609 0.05 6.704 1.0]
	ConcatTransform [-0.099307 0.769073 0.631399 0.0 -0.515954 0.502773 -0.69355 0.0 -0.850841 -0.394647 0.346877 0.0 0.98918 -0.540984 -0.116703 1.0]
285
	ConcatTransform [1.1 0.0 0.0 0.0 0.0 1.1 0.0 0.0 0.0 0.0 1.1 0.0 -9.609 0.05 6.704 1.0]
	ConcatTransform [-0.08568 0.774314 0.626975 0.0 -0.522623 0.500834 -0.689949 0.0 -0.848247 -0.386786 0.361763 0.0 0.986279 -0.541964 -0.115295 1.0]
286
	ConcatTransform [1.1 0.0 0.0 0.0 0.0 1.1 0.0 0.0 0.0 0.0 1.1 0.0 -9.609 0.05 6.704 1.0]
	ConcatTransform [-0.062426 0.780069 0.622572 0.0 -0.529247 0.502988 -0.683301 0.0 -0.846168 -0.37215 0.38145 0.0 0.980721 -0.543097 -0.112237 1.0]
287
	ConcatTransform [1.1 0.0 0.0 0.0 0.0 1.1 0.0 0.0 0.0 0.0 1.1 0.0 -9.609 0.05 6.704 1.0]
	ConcatTransform [-0.045745 0.781927 0.621689 0.0 -0.534551 0.506581 -0.676484 0.0 -0.843897 -0.363271 0.394807 0.0 0.976087 -0.543583 -0.109787 1.0]
288
	ConcatTransform [1.1 0.0 0.0 0.0 0.0 1.1 0.0 0.0 0.0 0.0 1.1 0.0 -9.609 0.05 6.704 1.0]
	ConcatTransform [-0.017572 0.78351 0.621131 0.0 -0.541619 0.514725 -0.66461 0.0 -0.84044 -0.348095 0.415319 0.0 0.96839 -0.544154 -0.106358 1.0]
289
	ConcatTransform [1.1 0.0 0.0 0.0 0.0 1.1 0.0 0.0 0.0 0.0 1.1 0.0 -9.609 0.05 6.704 1.0]
	ConcatTransform [0.001044 0.782665 0.622442 0.0 -0.546589 0.52168 -0.65505 0.0 -0.8374 -0.339536 0.428341 0.0 0.96256 -0.544217 -0.104446 1.0]
290
	ConcatTransform [1.1 0.0 0.0 0.0 0.0 1.1 0.0 0.0 0.0 0.0 1.1 0.0 -9.609 0.05 6.704 1.0]
	ConcatTransform [0.027314 0.779263 0.626102 0.0 -0.5535 0.533346 -0.639671 0.0 -0.832401 -0.329076 0.44589 0.0 0.952558 -0.54395 -0.102193 1.0]
291
	ConcatTransform [1.1 0.0 0.0 0.0 0.0 1.1 0.0 0.0 0.0 0.0 1.1 0.0 -9.609 0.05 6.704 1.0]
	ConcatTransform [0.045746 0.776661 0.628256 0.0 -0.556765 0.541997 -0.629485 0.0 -0.829409 -0.320995 0.457212 0.0 0.945462 -0.543652 -0.101037 1.0]
292
	ConcatTransform [1.1 0.0 0.0 0.0 0.0 1.1 0.0 0.0 0.0 0.0 1.1 0.0 -9.609 0.05 6.704 1.0]
	ConcatTransform [0.072907 0.773321 0.629809 0.0 -0.558739 0.554756 -0.616487 0.0 -0.826133 -0.306953 0.47253 0.0 0.934572 -0.543172 -0.099654 1.0]
293
	ConcatTransform [1.1 0.0 0.0 0.0 0.0 1.1 0.0 0.0 0.0 0.0 1.1 0.0 -9.609 0.05 6.704 1.0]
	ConcatTransform [0.088347 0.769935 0.631977 0.0 -0.557525 0.563989 -0.609166 0.0 -0.825446 -0.298524 0.479085 0.0 0.927289 -0.542612 -0.098707 1.0]
294
	ConcatTransform [1.1 0.0 0.0 0.0 0.0 1.1 0.0 0.0 0.0 0.0 1.1 0.0 -9.609 0.05 6.704 1.0]
	ConcatTransform [0.108282 0.768423 0.630714 0.0 -0.553689 0.573547 -0.603716 0.0 -0.825654 -0.283848 0.487572 0.0 0.916672 -0.542102 -0.097768 1.0]
295
	ConcatTransform [1.1 0.0 0.0 0.0 0.0 1.1 0.0 0.0 0.0 0.0 1.1 0.0 -9.609 0.05 6.704 1.0]
	ConcatTransform [0.121673 0.767047 0.629948 0.0 -0.55318 0.579363 -0.598607 0.0 -0.824128 -0.275641 0.494808 0.0 0.909664 -0.541731 -0.097337 1.0]
296
	ConcatTransform [1.1 0.0 0.0 0.0 0.0 1.1 0.0 0.0 0.0 0.0 1.1 0.0 -9.609 0.05 6.704 1.0]
	ConcatTransform [0.139945 0.763852 0.630036 0.0 -0.55505 0.587443 -0.588923 0.0 -0.81996 -0.267285 0.506186 0.0 0.89935 -0.541007 -0.097298 1.0]
297
	ConcatTransform [1.1 0.0 0.0 0.0 0.0 1.1 0.0 0.0 0.0 0.0 1.1 0.0 -9.609 0.05 6.704 1.0]
	ConcatTransform [0.152907 0.76095 0.630535 0.0 -0.556995 0.593401 -0.581062 0.0 -0.816319 -0.262356 0.51458 0.0 0.892977 -0.540382 -0.097489 1.0]
298
	ConcatTransform [1.1 0.0 0.0 0.0 0.0 1.1 0.0 0.0 0.0 0.0 1.1 0.0 -9.609 0.05 6.704 1.0]
	ConcatTransform [0.171265 0.755937 0.631845 0.0 -0.559082 0.60263 -0.569442 0.0 -0.811231 -0.255728 0.52584 0.0 0.884517 -0.539233 -0.09799 1.0]
299
	ConcatTransform [1.1 0.0 0.0 0.0 0.0 1.1 0.0 0.0 0.0 0.0 1.1 0.0 -9.609 0.05 6.704 1.0]
	ConcatTransform [0.181139 0.753032 0.632559 0.0 -0.561241 0.607329 -0.562281 0.0 -0.807587 -0.253167 0.532643 0.0 0.879535 -0.538609 -0.098504 1.0]
300
	ConcatTransform [1.1 0.0 0.0 0.0 0.0 1.1 0.0 0.0 0.0 0.0 1.1 0.0 -9.609 0.05 6.704 1.0]
	ConcatTransform [0.193478 0.749201 0.633454 0.0 -0.567019 0.612293 -0.550987 0.0 -0.800659 -0.252577 0.543277 0.0 0.873336 -0.537862 -0.09843 1.0]
301
	ConcatTransform [1.1 0.0 0.0 0.0 0.0 1.1 0.0 0.0 0.0 0.0 1.1 0.0 -9.609 0.05 6.704 1.0]
	ConcatTransform [0.202036 0.747631 0.632637 0.0 -0.572497 0.614257 -0.54308 0.0 -0.794625 -0.252462 0.552118 0.0 0.87021 -0.537588 -0.097981 1.0]
302
	ConcatTransform [1.1 0.0 0.0 0.0 0.0 1.1 0.0 0.0 0.0 0.0 1.1 0.0 -9.609 0.05 6.704 1.0]
	ConcatTransform [0.214074 0.748698 0.627394 0.0 -0.58415 0.612904 -0.532087 0.0 -0.782905 -0.252586 0.568559 0.0 0.867115 -0.537763 -0.096431 1.0]
303
	ConcatTransform [1.1 0.0 0.0 0.0 0.0 1.1 0.0 0.0 0.0 0.0 1.1 0.0 -9.609 0.05 6.704 1.0]
	ConcatTransform [0.220421 0.750496 0.623033 0.0 -0.594796 0.609661 -0.523957 0.0 -0.773067 -0.255086 0.580774 0.0 0.866004 -0.538181 -0.094682 1.0]
304
	ConcatTransform [1.1 0.0 0.0 0.0 0.0 1.1 0.0 0.0 0.0 0.0 1.1 0.0 -9.609 0.05 6.704 1.0]
	ConcatTransform [0.227167 0.754248 0.61604 0.0 -0.611111 0.602933 -0.51285 0.0 -0.758247 -0.259966 0.597896 0.0 0.865763 -0.539157 -0.0923 1.0]
305
	ConcatTransform [1.1 0.0 0.0 0.0 0.0 1.1 0.0 0.0 0.0 0.0 1.1 0.0 -9.609 0.05 6.704 1.0]
	ConcatTransform [0.231578 0.757691 0.610145 0.0 -0.623411 0.597071 -0.504842 0.0 -0.746814 -0.263461 0.610621 0.0 0.866637 -0.539891 -0.090408 1.0]
306
	ConcatTransform [1.1 0.0 0.0 0.0 0.0 1.1 0.0 0.0 0.0 0.0 1.1 0.0 -9.609 0.05 6.704 1.0]
	ConcatTransform [0.238797 0.764066 0.599315 0.0 -0.645254 0.586067 -0.490074 0.0 -0.725688 -0.269683 0.632968 0.0 0.86934 -0.541149 -0.08663 1.0]
307
	ConcatTransform [1.1 0.0 0.0 0.0 0.0 1.1 0.0 0.0 0.0 0.0 1.1 0.0 -9.609 0.05 6.704 1.0]
	ConcatTransform [0.242739 0.769043 0.591312 0.0 -0.662035 0.576862 -0.478478 0.0 -0.709075 -0.275324 0.64916 0.0 0.871829 -0.542117 -0.083633 1.0]
308
	ConcatTransform [1.1 0.0 0.0 0.0 0.0 1.1 0.0 0.0 0.0 0.0 1.1 0.0 -9.609 0.05 6.704 1.0]
	ConcatTransform [0.247691 0.777438 0.578134 0.0 -0.687463 0.561507 -0.460548 0.0 -0.682674 -0.283372 0.67354 0.0 0.876524 -0.543636 -0.079041 1.0]
309
	ConcatTransform [1.1 0.0 0.0 0.0 0.0 1.1 0.0 0.0 0.0 0.0 1.1 0.0 -9.609 0.05 6.704 1.0]
	ConcatTransform [0.251497 0.784138 0.567343 0.0 -0.703995 0.550471 -0.448746 0.0 -0.664184 -0.286548 0.69047 0.0 0.880273 -0.544631 -0.076008 1.0]
310
	ConcatTransform [1.1 0.0 0.0 0.0 0.0 1.1 0.0 0.0 0.0 0.0 1.1 0.0 -9.609 0.05 6.704 1.0]
	ConcatTransform [0.255553 0.793939 0.551683 0.0 -0.728669 0.533204 -0.429808 0.0 -0.635401 -0.292155 0.714781 0.0 0.886425 -0.545935 -0.071106 1.0]
311
	ConcatTransform [1.1 0.0 0.0 0.0 0.0 1.1 0.0 0.0 0.0 0.0 1.1 0.0 -9.609 0.05 6.704 1.0]
	ConcatTransform [0.258281 0.800914 0.54021 0.0 -0.744712 0.52126 -0.416764 0.0 -0.615382 -0.294659 0.731082 0.0 0.89067 -0.546779 -0.068062 1.0]
312
	ConcatTransform [1.1 0.0 0.0 0.0 0.0 1.1 0.0 0.0 0.0 0.0 1.1 0.0 -9.609 0.05 6.704 1.0]
	ConcatTransform [0.262464 0.812344 0.520779 0.0 -0.77027 0.501452 -0.393993 0.0 -0.581203 -0.297731 0.757337 0.0 0.897066 -0.547979 -0.0633 1.0]
313
	ConcatTransform [1.1 0.0 0.0 0.0 0.0 1.1 0.0 0.0 0.0 0.0 1.1 0.0 -9.609 0.05 6.704 1.0]
	ConcatTransform [0.26659 0.819562 0.507196 0.0 -0.787036 0.48887 -0.376272 0.0 -0.556331 -0.298871 0.775353 0.0 0.901236 -0.548584 -0.060289 1.0]
314
	ConcatTransform [1.1 0.0 0.0 0.0 0.0 1.1 0.0 0.0 0.0 0.0 1.1 0.0 -9.609 0.05 6.704 1.0]
	ConcatTransform [0.275143 0.828413 0.487882 0.0 -0.811225 0.472391 -0.344617 0.0 -0.515956 -0.300963 0.802004 0.0 0.907211 -0.54916 -0.055638 1.0]
315
	ConcatTransform [1.1 0.0 0.0 0.0 0.0 1.1 0.0 0.0 0.0 0.0 1.1 0.0 -9.609 0.05 6.704 1.0]
	ConcatTransform [0.282363 0.833238 0.475379 0.0 -0.826689 0.462751 -0.320072 0.0 -0.486679 -0.302614 0.819493 0.0 0.910813 -0.549391 -0.052528 1.0]
316
	ConcatTransform [1.1 0.0 0.0 0.0 0.0 1.1 0.0 0.0 0.0 0.0 1.1 0.0 -9.609 0.05 6.704 1.0]
	ConcatTransform [0.294587 0.841241 0.453356 0.0 -0.847739 0.449021 -0.282344 0.0 -0.441086 -0.301153 0.845429 0.0 0.915774 -0.549729 -0.048 1.0]
317
	ConcatTransform [1.1 0.0 0.0 0.0 0.0 1.1 0.0 0.0 0.0 0.0 1.1 0.0 -9.609 0.05 6.704 1.0]
	ConcatTransform [0.302016 0.8477 0.436109 0.0 -0.860292 0.43945 -0.25842 0.0 -0.41071 -0.297134 0.861991 0.0 0.91914 -0.549983 -0.044445 1.0]
318
	ConcatTransform [1.1 0.0 0.0 0.0 0.0 1.1 0.0 0.0 0.0 0.0 1.1 0.0 -9.609 0.05 6.704 1.0]
	ConcatTransform [0.314779 0.856316 0.409435 0.0 -0.876019 0.428156 -0.221975 0.0 -0.365383 -0.288799 0.884924 0.0 0.924132 -0.550324 -0.038141 1.0]
319
	ConcatTransform [1.1 0.0 0.0 0.0 0.0 1.1 0.0 0.0 0.0 0.0 1.1 0.0 -9.609 0.05 6.704 1.0]
	ConcatTransform [0.32468 0.861236 0.390968 0.0 -0.884308 0.423055 -0.197544 0.0 -0.335533 -0.281598 0.898955 0.0 0.927397 -0.550522 -0.033405 1.0]
320
	ConcatTransform [1.1 0.0 0.0 0.0 0.0 1.1 0.0 0.0 0.0 0.0 1.1 0.0 -9.609 0.05 6.704 1.0]
	ConcatTransform [0.340492 0.867932 0.361607 0.0 -0.893911 0.418058 -0.161713 0.0 -0.291529 -0.268182 0.918199 0.0 0.932099 -0.55079 -0.025712 1.0]
321
	ConcatTransform [1.1 0.0 0.0 0.0 0.0 1.1 0.0 0.0 0.0 0.0 1.1 0.0 -9.609 0.05 6.704 1.0]
	ConcatTransform [0.349564 0.873895 0.337806 0.0 -0.899245 0.414149 -0.140849 0.0 -0.262989 -0.254535 0.930617 0.0 0.934931 -0.550906 -0.020625 1.0]
322
	ConcatTransform [1.1 0.0 0.0 0.0 0.0 1.1 0.0 0.0 0.0 0.0 1.1 0.0 -9.609 0.05 6.704 1.0]
	ConcatTransform [0.361138 0.881799 0.30333 0.0 -0.906233 0.408553 -0.108749 0.0 -0.219821 -0.235614 0.94666 0.0 0.938781 -0.550858 -0.012618 1.0]
323
	ConcatTransform [1.1 0.0 0.0 0.0 0.0 1.1 0.0 0.0 0.0 0.0 1.1 0.0 -9.609 0.05 6.704 1.0]
	ConcatTransform [0.369107 0.88598 0.280713 0.0 -0.909489 0.4065 -0.087109 0.0 -0.191287 -0.223153 0.955831 0.0 0.941199 -0.550716 -0.007286 1.0]
324
	ConcatTransform [1.1 0.0 0.0 0.0 0.0 1.1 0.0 0.0 0.0 0.0 1.1 0.0 -9.609 0.05 6.704 1.0]
	ConcatTransform [0.383939 0.888951 0.249715 0.0 -0.91131 0.408355 -0.052542 0.0 -0.14868 -0.207395 0.966893 0.0 0.944712 -0.550379 0.000507 1.0]
325
	ConcatTransform [1.1 0.0 0.0 0.0 0.0 1.1 0.0 0.0 0.0 0.0 1.1 0.0 -9.609 0.05 6.704 1.0]
	ConcatTransform [0.39298 0.890181 0.23053 0.0 -0.911694 0.409876 -0.028573 0.0 -0.119924 -0.198944 0.972646 0.0 0.94672 -0.550081 0.005366 1.0]
326
	ConcatTransform [1.1 0.0 0.0 0.0 0.0 1.1 0.0 0.0 0.0 0.0 1.1 0.0 -9.609 0.05 6.704 1.0]
	ConcatTransform [0.404766 0.89213 0.20067 0.0 -0.911147 0.412038 0.00603 0.0 -0.077304 -0.18528 0.97964 0.0 0.949178 -0.54965 0.011664 1.0]
327
	ConcatTransform [1.1 0.0 0.0 0.0 0.0 1.1 0.0 0.0 0.0 0.0 1.1 0.0 -9.609 0.05 6.704 1.0]
	ConcatTransform [0.412861 0.892171 0.183239 0.0 -0.909484 0.414626 0.03041 0.0 -0.048845 -0.179208 0.982598 0.0 0.950489 -0.549462 0.015339 1.0]
328
	ConcatTransform [1.1 0.0 0.0 0.0 0.0 1.1 0.0 0.0 0.0 0.0 1.1 0.0 -9.609 0.05 6.704 1.0]
	ConcatTransform [0.431779 0.88762 0.160306 0.0 -0.901948 0.426365 0.068571 0.0 -0.007484 -0.174195 0.984683 0.0 0.952454 -0.549391 0.019841 1.0]
329
	ConcatTransform [1.1 0.0 0.0 0.0 0.0 1.1 0.0 0.0 0.0 0.0 1.1 0.0 -9.609 0.05 6.704 1.0]
	ConcatTransform [0.441993 0.884896 0.146976 0.0 -0.896774 0.432072 0.095447 0.0 0.020957 -0.173992 0.984524 0.0 0.953399 -0.54936 0.022089 1.0]
330
	ConcatTransform [1.1 0.0 0.0 0.0 0.0 1.1 0.0 0.0 0.0 0.0 1.1 0.0 -9.609 0.05 6.704 1.0]
	ConcatTransform [0.451922 0.882797 0.128203 0.0 -0.889684 0.435563 0.136924 0.0 0.065035 -0.175939 0.98225 0.0 0.954132 -0.549446 0.024087 1.0]
331
	ConcatTransform [1.1 0.0 0.0 0.0 0.0 1.1 0.0 0.0 0.0 0.0 1.1 0.0 -9.609 0.05 6.704 1.0]
	ConcatTransform [0.459459 0.880522 0.116526 0.0 -0.883205 0.439034 0.164919 0.0 0.094056 -0.17869 0.979399 0.0 0.954607 -0.549548 0.02457 1.0]
332
	ConcatTransform [1.1 0.0 0.0 0.0 0.0 1.1 0.0 0.0 0.0 0.0 1.1 0.0 -9.609 0.05 6.704 1.0]
	ConcatTransform [0.471034 0.876343 0.100752 0.0 -0.871427 0.444555 0.207331 0.0 0.136903 -0.185458 0.973069 0.0 0.955244 -0.549739 0.024178 1.0]
333
	ConcatTransform [1.1 0.0 0.0 0.0 0.0 1.1 0.0 0.0 0.0 0.0 1.1 0.0 -9.609 0.05 6.704 1.0]
	ConcatTransform [0.476963 0.874288 0.090152 0.0 -0.863229 0.446678 0.235191 0.0 0.165356 -0.19 0.967759 0.0 0.955451 -0.54986 0.023029 1.0]
334
	ConcatTransform [1.1 0.0 0.0 0.0 0.0 1.1 0.0 0.0 0.0 0.0 1.1 0.0 -9.609 0.05 6.704 1.0]
	ConcatTransform [0.48387 0.871985 0.074239 0.0 -0.8502 0.448279 0.276053 0.0 0.207435 -0.196692 0.958271 0.0 0.955625 -0.550034 0.020169 1.0]
335
	ConcatTransform [1.1 0.0 0.0 0.0 0.0 1.1 0.0 0.0 0.0 0.0 1.1 0.0 -9.609 0.05 6.704 1.0]
	ConcatTransform [0.488241 0.870262 0.065312 0.0 -0.840596 0.448841 0.303217 0.0 0.234563 -0.202944 0.950681 0.0 0.955763 -0.550191 0.017816 1.0]
336
	ConcatTransform [1.1 0.0 0.0 0.0 0.0 1.1 0.0 0.0 0.0 0.0 1.1 0.0 -9.609 0.05 6.704 1.0]
	ConcatTransform [0.495161 0.867191 0.052873 0.0 -0.824625 0.449954 0.342833 0.0 0.273511 -0.213358 0.937907 0.0 0.956085 -0.550358 0.013605 1.0]
337
	ConcatTransform [1.1 0.0 0.0 0.0 0.0 1.1 0.0 0.0 0.0 0.0 1.1 0.0 -9.609 0.05 6.704 1.0]
	ConcatTransform [0.498241 0.865883 0.044756 0.0 -0.813917 0.449301 0.368332 0.0 0.298823 -0.219945 0.928617 0.0 0.956255 -0.550445 0.010325 1.0]
338
	ConcatTransform [1.1 0.0 0.0 0.0 0.0 1.1 0.0 0.0 0.0 0.0 1.1 0.0 -9.609 0.05 6.704 1.0]
	ConcatTransform [0.501456 0.864516 0.033965 0.0 -0.797384 0.44657 0.405899 0.0 0.335738 -0.230623 0.913287 0.0 0.956542 -0.550602 0.004912 1.0]
339
	ConcatTransform [1.1 0.0 0.0 0.0 0.0 1.1 0.0 0.0 0.0 0.0 1.1 0.0 -9.609 0.05 6.704 1.0]
	ConcatTransform [0.503744 0.863398 0.028026 0.0 -0.785737 0.44447 0.430191 0.0 0.358969 -0.238727 0.902303 0.0 0.956859 -0.550679 0.001209 1.0]
340
	ConcatTransform [1.1 0.0 0.0 0.0 0.0 1.1 0.0 0.0 0.0 0.0 1.1 0.0 -9.609 0.05 6.704 1.0]
	ConcatTransform [0.507135 0.861628 0.020295 0.0 -0.769032 0.441753 0.461999 0.0 0.389106 -0.249904 0.886648 0.0 0.957332 -0.550723 -0.004471 1.0]
341
	ConcatTransform [1.1 0.0 0.0 0.0 0.0 1.1 0.0 0.0 0.0 0.0 1.1 0.0 -9.609 0.05 6.704 1.0]
	ConcatTransform [0.507863 0.861296 0.015613 0.0 -0.75953 0.439157 0.479849 0.0 0.406436 -0.255556 0.877212 0.0 0.957543 -0.550717 -0.008334 1.0]
342
	ConcatTransform [1.1 0.0 0.0 0.0 0.0 1.1 0.0 0.0 0.0 0.0 1.1 0.0 -9.609 0.05 6.704 1.0]
	ConcatTransform [0.510139 0.860038 0.009609 0.0 -0.745073 0.43631 0.50448 0.0 0.429679 -0.264515 0.86337 0.0 0.958168 -0.550651 -0.013943 1.0]
343
	ConcatTransform [1.1 0.0 0.0 0.0 0.0 1.1 0.0 0.0 0.0 0.0 1.1 0.0 -9.609 0.05 6.704 1.0]
	ConcatTransform [0.510992 0.859557 0.007037 0.0 -0.736311 0.433471 0.519567 0.0 0.443547 -0.270675 0.854401 0.0 0.958686 -0.550582 -0.017439 1.0]
344
	ConcatTransform [1.1 0.0 0.0 0.0 0.0 1.1 0.0 0.0 0.0 0.0 1.1 0.0 -9.609 0.05 6.704 1.0]
	ConcatTransform [0.510379 0.85994 0.004158 0.0 -0.725296 0.42786 0.539334 0.0 0.462016 -0.278281 0.842081 0.0 0.959518 -0.550466 -0.022425 1.0]
345
	ConcatTransform [1.1 0.0 0.0 0.0 0.0 1.1 0.0 0.0 0.0 0.0 1.1 0.0 -9.609 0.05 6.704 1.0]
	ConcatTransform [0.509173 0.860662 0.00196 0.0 -0.718998 0.424109 0.550611 0.0 0.473059 -0.281766 0.834759 0.0 0.960154 -0.550395 -0.025566 1.0]
346
	ConcatTransform [1.1 0.0 0.0 0.0 0.0 1.1 0.0 0.0 0.0 0.0 1.1 0.0 -9.609 0.05 6.704 1.0]
	ConcatTransform [0.508215 0.861229 -0.001238 0.0 -0.710176 0.419891 0.565103 0.0 0.487203 -0.286315 0.82502 0.0 0.961402 -0.550279 -0.029765 1.0]
347
	ConcatTransform [1.1 0.0 0.0 0.0 0.0 1.1 0.0 0.0 0.0 0.0 1.1 0.0 -9.609 0.05 6.704 1.0]
	ConcatTransform [0.507087 0.86189 -0.002866 0.0 -0.705406 0.416927 0.573214 0.0 0.495242 -0.288648 0.819401 0.0 0.96232 -0.55021 -0.032192 1.0]
348
	ConcatTransform [1.1 0.0 0.0 0.0 0.0 1.1 0.0 0.0 0.0 0.0 1.1 0.0 -9.609 0.05 6.704 1.0]
	ConcatTransform [0.504873 0.863179 -0.004982 0.0 -0.699846 0.412704 0.583002 0.0 0.505291 -0.290856 0.812455 0.0 0.963833 -0.550128 -0.035136 1.0]
349
	ConcatTransform [1.1 0.0 0.0 0.0 0.0 1.1 0.0 0.0 0.0 0.0 1.1 0.0 -9.609 0.05 6.704 1.0]
	ConcatTransform [0.503692 0.863857 -0.006822 0.0 -0.69674 0.410894 0.58798 0.0 0.510733 -0.291407 0.808847 0.0 0.964966 -0.550098 -0.036693 1.0]
350
	ConcatTransform [1.1 0.0 0.0 0.0 0.0 1.1 0.0 0.0 0.0 0.0 1.1 0.0 -9.609 0.05 6.704 1.0]
	ConcatTransform [0.502261 0.864648 -0.010837 0.0 -0.692833 0.409891 0.593272 0.0 0.517414 -0.290469 0.804929 0.0 0.96683 -0.55011 -0.03838 1.0]
351
	ConcatTransform [1.1 0.0 0.0 0.0 0.0 1.1 0.0 0.0 0.0 0.0 1.1 0.0 -9.609 0.05 6.704 1.0]
	ConcatTransform [0.500633 0.865559 -0.013163 0.0 -0.69147 0.408997 0.595475 0.0 0.520802 -0.289013 0.803266 0.0 0.968093 -0.550133 -0.038941 1.0]
352
	ConcatTransform [1.1 0.0 0.0 0.0 0.0 1.1 0.0 0.0 0.0 0.0 1.1 0.0 -9.609 0.05 6.704 1.0]
	ConcatTransform [0.497633 0.867231 -0.016518 0.0 -0.690306 0.407497 0.597849 0.0 0.525204 -0.286107 0.801438 0.0 0.970047 -0.550184 -0.039004 1.0]
353
	ConcatTransform [1.1 0.0 0.0 0.0 0.0 1.1 0.0 0.0 0.0 0.0 1.1 0.0 -9.609 0.05 6.704 1.0]
	ConcatTransform [0.495633 0.868315 -0.019413 0.0 -0.689817 0.40713 0.598663 0.0 0.527731 -0.283326 0.800766 0.0 0.971399 -0.550236 -0.038567 1.0]
354
	ConcatTransform [1.1 0.0 0.0 0.0 0.0 1.1 0.0 0.0 0.0 0.0 1.1 0.0 -9.609 0.05 6.704 1.0]
	ConcatTransform [0.493145 0.869604 -0.024432 0.0 -0.689378 0.407762 0.598739 0.0 0.530628 -0.278422 0.800572 0.0 0.973483 -0.550332 -0.037224 1.0]
355
	ConcatTransform [1.1 0.0 0.0 0.0 0.0 1.1 0.0 0.0 0.0 0.0 1.1 0.0 -9.609 0.05 6.704 1.0]
	ConcatTransform [0.491309 0.870532 -0.028112 0.0 -0.689654 0.408533 0.597895 0.0 0.531971 -0.274363 0.801082 0.0 0.974815 -0.550408 -0.035957 1.0]
356
	ConcatTransform [1.1 0.0 0.0 0.0 0.0 1.1 0.0 0.0 0.0 0.0 1.1 0.0 -9.609 0.05 6.704 1.0]
	ConcatTransform [0.488396 0.871956 -0.034094 0.0 -0.690506 0.410062 0.595862 0.0 0.533546 -0.267475 0.802363 0.0 0.976717 -0.550518 -0.033544 1.0]
357
	ConcatTransform [1.1 0.0 0.0 0.0 0.0 1.1 0.0 0.0 0.0 0.0 1.1 0.0 -9.609 0.05 6.704 1.0]
	ConcatTransform [0.486868 0.872639 -0.038232 0.0 -0.691023 0.411573 0.594218 0.0 0.534273 -0.262886 0.803395 0.0 0.977945 -0.55058 -0.031614 1.0]
358
	ConcatTransform [1.1 0.0 0.0 0.0 0.0 1.1 0.0 0.0 0.0 0.0 1.1 0.0 -9.609 0.05 6.704 1.0]
	ConcatTransform [0.484995 0.873387 -0.044444 0.0 -0.691712 0.414214 0.591576 0.0 0.535084 -0.256169 0.805024 0.0 0.979678 -0.550647 -0.02832 1.0]
359
	ConcatTransform [1.1 0.0 0.0 0.0 0.0 1.1 0.0 0.0 0.0 0.0 1.1 0.0 -9.609 0.05 6.704 1.0]
	ConcatTransform [0.483727 0.873851 -0.048913 0.0 -0.692292 0.416219 0.589486 0.0 0.535481 -0.251288 0.806296 0.0 0.980707 -0.550683 -0.025956 1.0]
360
	ConcatTransform [1.1 0.0 0.0 0.0 0.0 1.1 0.0 0.0 0.0 0.0 1.1 0.0 -9.609 0.05 6.704 1.0]
	ConcatTransform [0.39955 0.868274 -0.294041 0.0 -0.304442 0.428231 0.850842 0.0 0.864682 -0.250436 0.435439 0.0 0.61159 -0.550735 0.060886 1.0]
