228
	ConcatTransform [1.1 0.0 0.0 0.0 0.0 1.1 0.0 0.0 0.0 0.0 1.1 0.0 -9.609 0.05 6.704 1.0]
	ConcatTransform [0.529148 0.296782 0.794936 0.0 -0.814748 0.439416 0.378284 0.0 -0.23704 -0.847841 0.474318 0.0 -0.044788 0.15459 0.105487 1.0]
229
	ConcatTransform [1.1 0.0 0.0 0.0 0.0 1.1 0.0 0.0 0.0 0.0 1.1 0.0 -9.609 0.05 6.704 1.0]
	ConcatTransform [0.453466 0.203696 0.867685 0.0 -0.886999 0.198372 0.41699 0.0 -0.087185 -0.958726 0.270633 0.0 -0.0566 0.257332 0.174314 1.0]
230
	ConcatTransform [1.1 0.0 0.0 0.0 0.0 1.1 0.0 0.0 0.0 0.0 1.1 0.0 -9.609 0.05 6.704 1.0]
	ConcatTransform [0.358154 -0.071155 0.930947 0.0 -0.933071 0.008216 0.359599 0.0 -0.033236 -0.997431 -0.06345 0.0 -0.06622 0.395843 0.273232 1.0]
231
	ConcatTransform [1.1 0.0 0.0 0.0 0.0 1.1 0.0 0.0 0.0 0.0 1.1 0.0 -9.609 0.05 6.704 1.0]
	ConcatTransform [0.582917 -0.027969 0.81205 0.0 -0.808308 0.081806 0.583049 0.0 -0.082738 -0.996256 0.025078 0.0 -0.068483 0.482515 0.347067 1.0]
232
	ConcatTransform [1.1 0.0 0.0 0.0 0.0 1.1 0.0 0.0 0.0 0.0 1.1 0.0 -9.609 0.05 6.704 1.0]
	ConcatTransform [0.508616 -0.234553 0.828429 0.0 -0.818231 0.167787 0.54986 0.0 -0.267971 -0.957514 -0.106579 0.0 -0.069789 0.601528 0.439856 1.0]
233
	ConcatTransform [1.1 0.0 0.0 0.0 0.0 1.1 0.0 0.0 0.0 0.0 1.1 0.0 -9.609 0.05 6.704 1.0]
	ConcatTransform [0.341912 -0.410694 0.845237 0.0 -0.830571 0.288684 0.476249 0.0 -0.4396 -0.864865 -0.242406 0.0 -0.08209 0.66633 0.501373 1.0]
234
	ConcatTransform [1.1 0.0 0.0 0.0 0.0 1.1 0.0 0.0 0.0 0.0 1.1 0.0 -9.609 0.05 6.704 1.0]
	ConcatTransform [0.085427 -0.616827 0.782449 0.0 -0.793916 0.432353 0.427515 0.0 -0.601997 -0.65772 -0.452774 0.0 -0.119557 0.735389 0.598922 1.0]
235
	ConcatTransform [1.1 0.0 0.0 0.0 0.0 1.1 0.0 0.0 0.0 0.0 1.1 0.0 -9.609 0.05 6.704 1.0]
	ConcatTransform [-0.0152 -0.735466 0.677391 0.0 -0.857163 0.358401 0.369893 0.0 -0.514821 -0.575012 -0.635862 0.0 -0.154554 0.765069 0.664175 1.0]
236
	ConcatTransform [1.1 0.0 0.0 0.0 0.0 1.1 0.0 0.0 0.0 0.0 1.1 0.0 -9.609 0.05 6.704 1.0]
	ConcatTransform [-0.026218 -0.888888 0.457374 0.0 -0.936635 0.181724 0.299484 0.0 -0.349323 -0.42054 -0.837328 0.0 -0.206297 0.788807 0.763643 1.0]
237
	ConcatTransform [1.1 0.0 0.0 0.0 0.0 1.1 0.0 0.0 0.0 0.0 1.1 0.0 -9.609 0.05 6.704 1.0]
	ConcatTransform [0.031844 -0.956856 0.288811 0.0 -0.964556 0.04631 0.259782 0.0 -0.261948 -0.286847 -0.921467 0.0 -0.23771 0.791407 0.831474 1.0]
238
	ConcatTransform [1.1 0.0 0.0 0.0 0.0 1.1 0.0 0.0 0.0 0.0 1.1 0.0 -9.609 0.05 6.704 1.0]
	ConcatTransform [0.135041 -0.990395 0.029676 0.0 -0.981225 -0.129508 0.142919 0.0 -0.137703 -0.048419 -0.989289 0.0 -0.280881 0.776687 0.933738 1.0]
239
	ConcatTransform [1.1 0.0 0.0 0.0 0.0 1.1 0.0 0.0 0.0 0.0 1.1 0.0 -9.609 0.05 6.704 1.0]
	ConcatTransform [0.221873 -0.965386 -0.137123 0.0 -0.971833 -0.230396 0.049573 0.0 -0.079449 0.122262 -0.989313 0.0 -0.308605 0.754463 1.002584 1.0]
240
	ConcatTransform [1.1 0.0 0.0 0.0 0.0 1.1 0.0 0.0 0.0 0.0 1.1 0.0 -9.609 0.05 6.704 1.0]
	ConcatTransform [0.359065 -0.859885 -0.362864 0.0 -0.930798 -0.358447 -0.071634 0.0 -0.068471 0.363475 -0.929084 0.0 -0.346853 0.702713 1.108866 1.0]
241
	ConcatTransform [1.1 0.0 0.0 0.0 0.0 1.1 0.0 0.0 0.0 0.0 1.1 0.0 -9.609 0.05 6.704 1.0]
	ConcatTransform [0.427332 -0.752313 -0.50141 0.0 -0.899387 -0.410262 -0.150957 0.0 -0.092143 0.515471 -0.851939 0.0 -0.371472 0.656387 1.180757 1.0]
242
	ConcatTransform [1.1 0.0 0.0 0.0 0.0 1.1 0.0 0.0 0.0 0.0 1.1 0.0 -9.609 0.05 6.704 1.0]
	ConcatTransform [0.496915 -0.543148 -0.676805 0.0 -0.854952 -0.440113 -0.274514 0.0 -0.148769 0.715046 -0.683065 0.0 -0.408361 0.568816 1.288929 1.0]
243
	ConcatTransform [1.1 0.0 0.0 0.0 0.0 1.1 0.0 0.0 0.0 0.0 1.1 0.0 -9.609 0.05 6.704 1.0]
	ConcatTransform [0.519922 -0.377903 -0.766075 0.0 -0.832185 -0.426435 -0.35443 0.0 -0.192741 0.821792 -0.536198 0.0 -0.433119 0.498409 1.361127 1.0]
244
	ConcatTransform [1.1 0.0 0.0 0.0 0.0 1.1 0.0 0.0 0.0 0.0 1.1 0.0 -9.609 0.05 6.704 1.0]
	ConcatTransform [0.534562 -0.104159 -0.838686 0.0 -0.802549 -0.373588 -0.465131 0.0 -0.264876 0.921728 -0.283299 0.0 -0.470312 0.374312 1.469406 1.0]
245
	ConcatTransform [1.1 0.0 0.0 0.0 0.0 1.1 0.0 0.0 0.0 0.0 1.1 0.0 -9.609 0.05 6.704 1.0]
	ConcatTransform [0.531831 0.085228 -0.842551 0.0 -0.786019 -0.320593 -0.528577 0.0 -0.315165 0.943375 -0.10351 0.0 -0.495108 0.279207 1.541592 1.0]
246
	ConcatTransform [1.1 0.0 0.0 0.0 0.0 1.1 0.0 0.0 0.0 0.0 1.1 0.0 -9.609 0.05 6.704 1.0]
	ConcatTransform [0.509267 0.361169 -0.781155 0.0 -0.767679 -0.219623 -0.602025 0.0 -0.388993 0.906268 0.165415 0.0 -0.532301 0.117988 1.649872 1.0]
247
	ConcatTransform [1.1 0.0 0.0 0.0 0.0 1.1 0.0 0.0 0.0 0.0 1.1 0.0 -9.609 0.05 6.704 1.0]
	ConcatTransform [0.482771 0.5292 -0.697768 0.0 -0.760454 -0.141836 -0.633713 0.0 -0.43433 0.836558 0.333958 0.0 -0.557097 -0.001865 1.722058 1.0]
248
	ConcatTransform [1.1 0.0 0.0 0.0 0.0 1.1 0.0 0.0 0.0 0.0 1.1 0.0 -9.609 0.05 6.704 1.0]
	ConcatTransform [0.551386 0.706848 -0.443103 0.0 -0.69617 0.097182 -0.711268 0.0 -0.459697 0.700658 0.545671 0.0 -0.593616 -0.197213 1.82833 1.0]
249
	ConcatTransform [1.1 0.0 0.0 0.0 0.0 1.1 0.0 0.0 0.0 0.0 1.1 0.0 -9.609 0.05 6.704 1.0]
	ConcatTransform [0.798417 0.59677 -0.079966 0.0 -0.426366 0.466596 -0.77492 0.0 -0.425137 0.652804 0.626981 0.0 -0.61851 -0.332509 1.894138 1.0]
250
	ConcatTransform [1.1 0.0 0.0 0.0 0.0 1.1 0.0 0.0 0.0 0.0 1.1 0.0 -9.609 0.05 6.704 1.0]
	ConcatTransform [0.848621 0.259935 0.460734 0.0 0.089886 0.787433 -0.609811 0.0 -0.521309 0.558912 0.644868 0.0 -0.719329 -0.47527 1.955352 1.0]
251
	ConcatTransform [1.1 0.0 0.0 0.0 0.0 1.1 0.0 0.0 0.0 0.0 1.1 0.0 -9.609 0.05 6.704 1.0]
	ConcatTransform [0.632087 0.061357 0.772464 0.0 0.418777 0.8117 -0.407148 0.0 -0.65199 0.580843 0.48737 0.0 -0.823355 -0.50391 1.962184 1.0]
252
	ConcatTransform [1.1 0.0 0.0 0.0 0.0 1.1 0.0 0.0 0.0 0.0 1.1 0.0 -9.609 0.05 6.704 1.0]
	ConcatTransform [0.169783 -0.021695 0.985243 0.0 0.623538 0.776555 -0.090353 0.0 -0.763134 0.629676 0.145374 0.0 -0.987322 -0.49747 1.951773 1.0]
253
	ConcatTransform [1.1 0.0 0.0 0.0 0.0 1.1 0.0 0.0 0.0 0.0 1.1 0.0 -9.609 0.05 6.704 1.0]
	ConcatTransform [-0.117029 -0.039412 0.992346 0.0 0.537926 0.837428 0.096698 0.0 -0.834829 0.545125 -0.076802 0.0 -1.100741 -0.496204 1.943219 1.0]
254
	ConcatTransform [1.1 0.0 0.0 0.0 0.0 1.1 0.0 0.0 0.0 0.0 1.1 0.0 -9.609 0.05 6.704 1.0]
	ConcatTransform [-0.509133 0.014315 0.860569 0.0 0.638526 0.676723 0.36651 0.0 -0.57712 0.736098 -0.353683 0.0 -1.254133 -0.484323 1.926528 1.0]
255
	ConcatTransform [1.1 0.0 0.0 0.0 0.0 1.1 0.0 0.0 0.0 0.0 1.1 0.0 -9.609 0.05 6.704 1.0]
	ConcatTransform [-0.642336 0.155462 0.75049 0.0 0.644302 0.639835 0.418911 0.0 -0.415066 0.752624 -0.511154 0.0 -1.349997 -0.457701 1.910512 1.0]
256
	ConcatTransform [1.1 0.0 0.0 0.0 0.0 1.1 0.0 0.0 0.0 0.0 1.1 0.0 -9.609 0.05 6.704 1.0]
	ConcatTransform [-0.776521 0.346638 0.526172 0.0 0.620526 0.565662 0.543115 0.0 -0.109371 0.748244 -0.654346 0.0 -1.481267 -0.416076 1.888319 1.0]
257
	ConcatTransform [1.1 0.0 0.0 0.0 0.0 1.1 0.0 0.0 0.0 0.0 1.1 0.0 -9.609 0.05 6.704 1.0]
	ConcatTransform [-0.810161 0.461527 0.361431 0.0 0.581322 0.553092 0.596786 0.0 0.075528 0.693601 -0.716389 0.0 -1.55676 -0.384499 1.872381 1.0]
258
	ConcatTransform [1.1 0.0 0.0 0.0 0.0 1.1 0.0 0.0 0.0 0.0 1.1 0.0 -9.609 0.05 6.704 1.0]
	ConcatTransform [-0.795652 0.595443 0.111293 0.0 0.527946 0.591565 0.609363 0.0 0.297004 0.543597 -0.785042 0.0 -1.654331 -0.338482 1.845879 1.0]
259
	ConcatTransform [1.1 0.0 0.0 0.0 0.0 1.1 0.0 0.0 0.0 0.0 1.1 0.0 -9.609 0.05 6.704 1.0]
	ConcatTransform [-0.764766 0.641132 -0.063895 0.0 0.479283 0.63236 0.608612 0.0 0.430605 0.434822 -0.790891 0.0 -1.715986 -0.316721 1.828348 1.0]
260
	ConcatTransform [1.1 0.0 0.0 0.0 0.0 1.1 0.0 0.0 0.0 0.0 1.1 0.0 -9.609 0.05 6.704 1.0]
	ConcatTransform [-0.692954 0.645666 -0.320828 0.0 0.40105 0.714983 0.572677 0.0 0.599144 0.268171 -0.754395 0.0 -1.805459 -0.299623 1.801856 1.0]
261
	ConcatTransform [1.1 0.0 0.0 0.0 0.0 1.1 0.0 0.0 0.0 0.0 1.1 0.0 -9.609 0.05 6.704 1.0]
	ConcatTransform [-0.631497 0.607866 -0.481363 0.0 0.348142 0.776999 0.524471 0.0 0.692827 0.163619 -0.702296 0.0 -1.863653 -0.299143 1.784151 1.0]
262
	ConcatTransform [1.1 0.0 0.0 0.0 0.0 1.1 0.0 0.0 0.0 0.0 1.1 0.0 -9.609 0.05 6.704 1.0]
	ConcatTransform [-0.530772 0.48515 -0.694918 0.0 0.261638 0.873695 0.410124 0.0 0.806118 0.035865 -0.590667 0.0 -1.947852 -0.313884 1.75774 1.0]
263
	ConcatTransform [1.1 0.0 0.0 0.0 0.0 1.1 0.0 0.0 0.0 0.0 1.1 0.0 -9.609 0.05 6.704 1.0]
	ConcatTransform [-0.456202 0.363615 -0.812197 0.0 0.195328 0.931366 0.307253 0.0 0.868174 -0.018475 -0.495915 0.0 -2.001352 -0.333418 1.74053 1.0]
264
	ConcatTransform [1.1 0.0 0.0 0.0 0.0 1.1 0.0 0.0 0.0 0.0 1.1 0.0 -9.609 0.05 6.704 1.0]
	ConcatTransform [-0.255746 0.20829 -0.944039 0.0 0.011706 0.977109 0.212416 0.0 0.966673 0.043274 -0.25233 0.0 -2.070268 -0.369412 1.716639 1.0]
265
	ConcatTransform [1.1 0.0 0.0 0.0 0.0 1.1 0.0 0.0 0.0 0.0 1.1 0.0 -9.609 0.05 6.704 1.0]
	ConcatTransform [-0.113294 0.093949 -0.98911 0.0 -0.100363 0.989345 0.105467 0.0 0.98848 0.111219 -0.102657 0.0 -2.10925 -0.398706 1.699788 1.0]
266
	ConcatTransform [1.1 0.0 0.0 0.0 0.0 1.1 0.0 0.0 0.0 0.0 1.1 0.0 -9.609 0.05 6.704 1.0]
	ConcatTransform [0.119329 -0.064868 -0.990733 0.0 -0.146757 0.98575 -0.082218 0.0 0.981949 0.155208 0.108108 0.0 -2.1267 -0.417933 1.674636 1.0]
267
	ConcatTransform [1.1 0.0 0.0 0.0 0.0 1.1 0.0 0.0 0.0 0.0 1.1 0.0 -9.609 0.05 6.704 1.0]
	ConcatTransform [0.281448 -0.152593 -0.947366 0.0 -0.148576 0.968439 -0.200126 0.0 0.948004 0.197081 0.249894 0.0 -2.123967 -0.425752 1.658591 1.0]
268
	ConcatTransform [1.1 0.0 0.0 0.0 0.0 1.1 0.0 0.0 0.0 0.0 1.1 0.0 -9.609 0.05 6.704 1.0]
	ConcatTransform [0.531632 -0.223234 -0.817027 0.0 -0.150189 0.924508 -0.350327 0.0 0.833553 0.308954 0.457971 0.0 -2.113431 -0.445132 1.63603 1.0]
269
	ConcatTransform [1.1 0.0 0.0 0.0 0.0 1.1 0.0 0.0 0.0 0.0 1.1 0.0 -9.609 0.05 6.704 1.0]
	ConcatTransform [0.673958 -0.255887 -0.693039 0.0 -0.133813 0.880299 -0.455157 0.0 0.72655 0.399494 0.559043 0.0 -2.100089 -0.459806 1.621452 1.0]
270
	ConcatTransform [1.1 0.0 0.0 0.0 0.0 1.1 0.0 0.0 0.0 0.0 1.1 0.0 -9.609 0.05 6.704 1.0]
	ConcatTransform [0.848645 -0.259699 -0.460824 0.0 -0.059334 0.818949 -0.570791 0.0 0.525625 0.511741 0.679588 0.0 -2.06769 -0.475908 1.602547 1.0]
271
	ConcatTransform [1.1 0.0 0.0 0.0 0.0 1.1 0.0 0.0 0.0 0.0 1.1 0.0 -9.609 0.05 6.704 1.0]
	ConcatTransform [0.932142 -0.226948 -0.282145 0.0 0.004701 0.786726 -0.617284 0.0 0.362063 0.57407 0.734407 0.0 -2.04107 -0.485786 1.591648 1.0]
272
	ConcatTransform [1.1 0.0 0.0 0.0 0.0 1.1 0.0 0.0 0.0 0.0 1.1 0.0 -9.609 0.05 6.704 1.0]
	ConcatTransform [0.994006 -0.109326 0.000334 0.0 0.084956 0.770505 -0.631747 0.0 0.068809 0.627989 0.775175 0.0 -1.996857 -0.497977 1.577197 1.0]
273
	ConcatTransform [1.1 0.0 0.0 0.0 0.0 1.1 0.0 0.0 0.0 0.0 1.1 0.0 -9.609 0.05 6.704 1.0]
	ConcatTransform [0.985127 -0.023295 0.17024 0.0 0.122413 0.790423 -0.600205 0.0 -0.12058 0.612118 0.781519 0.0 -1.965138 -0.501599 1.568429 1.0]
274
	ConcatTransform [1.1 0.0 0.0 0.0 0.0 1.1 0.0 0.0 0.0 0.0 1.1 0.0 -9.609 0.05 6.704 1.0]
	ConcatTransform [0.915126 0.048718 0.400214 0.0 0.171853 0.850837 -0.496531 0.0 -0.364707 0.523166 0.770251 0.0 -1.921661 -0.490047 1.552678 1.0]
275
	ConcatTransform [1.1 0.0 0.0 0.0 0.0 1.1 0.0 0.0 0.0 0.0 1.1 0.0 -9.609 0.05 6.704 1.0]
	ConcatTransform [0.837282 0.047795 0.544679 0.0 0.218722 0.883719 -0.413765 0.0 -0.501119 0.465571 0.729468 0.0 -1.894264 -0.483817 1.541984 1.0]
276
	ConcatTransform [1.1 0.0 0.0 0.0 0.0 1.1 0.0 0.0 0.0 0.0 1.1 0.0 -9.609 0.05 6.704 1.0]
	ConcatTransform [0.691289 0.008498 0.722529 0.0 0.293534 0.910405 -0.29155 0.0 -0.660271 0.413632 0.626858 0.0 -1.856671 -0.474947 1.528222 1.0]
277
	ConcatTransform [1.1 0.0 0.0 0.0 0.0 1.1 0.0 0.0 0.0 0.0 1.1 0.0 -9.609 0.05 6.704 1.0]
	ConcatTransform [0.576468 -0.027528 0.816656 0.0 0.339983 0.916895 -0.209084 0.0 -0.743032 0.398179 0.537919 0.0 -1.834372 -0.470446 1.521703 1.0]
278
	ConcatTransform [1.1 0.0 0.0 0.0 0.0 1.1 0.0 0.0 0.0 0.0 1.1 0.0 -9.609 0.05 6.704 1.0]
	ConcatTransform [0.377692 -0.074705 0.922913 0.0 0.388999 0.917314 -0.084941 0.0 -0.840255 0.391093 0.375522 0.0 -1.806019 -0.466829 1.515585 1.0]
279
	ConcatTransform [1.1 0.0 0.0 0.0 0.0 1.1 0.0 0.0 0.0 0.0 1.1 0.0 -9.609 0.05 6.704 1.0]
	ConcatTransform [0.236957 -0.115935 0.964578 0.0 0.417047 0.908859 0.006787 0.0 -0.877452 0.400666 0.263711 0.0 -1.790329 -0.46671 1.514184 1.0]
280
	ConcatTransform [1.1 0.0 0.0 0.0 0.0 1.1 0.0 0.0 0.0 0.0 1.1 0.0 -9.609 0.05 6.704 1.0]
	ConcatTransform [0.020668 -0.184555 0.982605 0.0 0.450462 0.879124 0.155644 0.0 -0.892556 0.439409 0.101304 0.0 -1.772022 -0.469466 1.515976 1.0]
281
	ConcatTransform [1.1 0.0 0.0 0.0 0.0 1.1 0.0 0.0 0.0 0.0 1.1 0.0 -9.609 0.05 6.704 1.0]
	ConcatTransform [-0.128403 -0.213035 0.968571 0.0 0.456842 0.854153 0.248432 0.0 -0.880232 0.474383 -0.012352 0.0 -1.763719 -0.472808 1.519138 1.0]
282
	ConcatTransform [1.1 0.0 0.0 0.0 0.0 1.1 0.0 0.0 0.0 0.0 1.1 0.0 -9.609 0.05 6.704 1.0]
	ConcatTransform [-0.349697 -0.22801 0.908693 0.0 0.441885 0.815122 0.374584 0.0 -0.826105 0.532529 -0.184291 0.0 -1.756996 -0.479317 1.526549 1.0]
283
	ConcatTransform [1.1 0.0 0.0 0.0 0.0 1.1 0.0 0.0 0.0 0.0 1.1 0.0 -9.609 0.05 6.704 1.0]
	ConcatTransform [-0.486786 -0.232943 0.841889 0.0 0.417572 0.78448 0.458502 0.0 -0.76725 0.574742 -0.284604 0.0 -1.756404 -0.483302 1.533718 1.0]
284
	ConcatTransform [1.1 0.0 0.0 0.0 0.0 1.1 0.0 0.0 0.0 0.0 1.1 0.0 -9.609 0.05 6.704 1.0]
	ConcatTransform [-0.670216 -0.196785 0.715602 0.0 0.35976 0.757208 0.545169 0.0 -0.64914 0.622826 -0.436697 0.0 -1.760007 -0.488779 1.546747 1.0]
285
	ConcatTransform [1.1 0.0 0.0 0.0 0.0 1.1 0.0 0.0 0.0 0.0 1.1 0.0 -9.609 0.05 6.704 1.0]
	ConcatTransform [-0.767267 -0.142115 0.625383 0.0 0.315183 0.765694 0.56069 0.0 -0.558534 0.627309 -0.542699 0.0 -1.763218 -0.493882 1.557103 1.0]
286
	ConcatTransform [1.1 0.0 0.0 0.0 0.0 1.1 0.0 0.0 0.0 0.0 1.1 0.0 -9.609 0.05 6.704 1.0]
	ConcatTransform [-0.875819 -0.063584 0.478434 0.0 0.248996 0.789655 0.560755 0.0 -0.413452 0.610248 -0.675763 0.0 -1.767064 -0.49788 1.576339 1.0]
287
	ConcatTransform [1.1 0.0 0.0 0.0 0.0 1.1 0.0 0.0 0.0 0.0 1.1 0.0 -9.609 0.05 6.704 1.0]
	ConcatTransform [-0.926874 -0.051118 0.371876 0.0 0.17499 0.817608 0.548539 0.0 -0.332089 0.573502 -0.748874 0.0 -1.768269 -0.496292 1.588904 1.0]
288
	ConcatTransform [1.1 0.0 0.0 0.0 0.0 1.1 0.0 0.0 0.0 0.0 1.1 0.0 -9.609 0.05 6.704 1.0]
	ConcatTransform [-0.976935 -0.06748 0.202595 0.0 0.056583 0.833037 0.550316 0.0 -0.205904 0.549086 -0.810005 0.0 -1.770006 -0.4939 1.606947 1.0]
289
	ConcatTransform [1.1 0.0 0.0 0.0 0.0 1.1 0.0 0.0 0.0 0.0 1.1 0.0 -9.609 0.05 6.704 1.0]
	ConcatTransform [-0.993567 -0.074214 0.085535 0.0 -0.014554 0.83274 0.553473 0.0 -0.112304 0.548668 -0.828463 0.0 -1.772178 -0.492676 1.617111 1.0]
290
	ConcatTransform [1.1 0.0 0.0 0.0 0.0 1.1 0.0 0.0 0.0 0.0 1.1 0.0 -9.609 0.05 6.704 1.0]
	ConcatTransform [-0.992535 -0.080291 -0.091807 0.0 -0.117564 0.83019 0.544944 0.0 0.032463 0.551669 -0.833431 0.0 -1.776971 -0.491988 1.628715 1.0]
291
	ConcatTransform [1.1 0.0 0.0 0.0 0.0 1.1 0.0 0.0 0.0 0.0 1.1 0.0 -9.609 0.05 6.704 1.0]
	ConcatTransform [-0.974458 -0.086265 -0.207342 0.0 -0.186859 0.823576 0.535543 0.0 0.124563 0.560608 -0.818659 0.0 -1.781089 -0.492469 1.634212 1.0]
292
	ConcatTransform [1.1 0.0 0.0 0.0 0.0 1.1 0.0 0.0 0.0 0.0 1.1 0.0 -9.609 0.05 6.704 1.0]
	ConcatTransform [-0.922348 -0.09638 -0.374145 0.0 -0.292382 0.807146 0.512862 0.0 0.25256 0.582431 -0.77265 0.0 -1.78831 -0.49406 1.63899 1.0]
293
	ConcatTransform [1.1 0.0 0.0 0.0 0.0 1.1 0.0 0.0 0.0 0.0 1.1 0.0 -9.609 0.05 6.704 1.0]
	ConcatTransform [-0.872124 -0.095476 -0.47988 0.0 -0.355733 0.79712 0.487907 0.0 0.335938 0.596225 -0.729151 0.0 -1.793341 -0.495247 1.639745 1.0]
294
	ConcatTransform [1.1 0.0 0.0 0.0 0.0 1.1 0.0 0.0 0.0 0.0 1.1 0.0 -9.609 0.05 6.704 1.0]
	ConcatTransform [-0.776398 -0.083897 -0.624634 0.0 -0.434418 0.789281 0.433955 0.0 0.456604 0.608274 -0.649243 0.0 -1.80058 -0.496235 1.637667 1.0]
295
	ConcatTransform [1.1 0.0 0.0 0.0 0.0 1.1 0.0 0.0 0.0 0.0 1.1 0.0 -9.609 0.05 6.704 1.0]
	ConcatTransform [-0.703258 -0.076552 -0.706802 0.0 -0.469472 0.796591 0.380841 0.0 0.533877 0.599653 -0.596147 0.0 -1.804499 -0.49588 1.635249 1.0]
296
	ConcatTransform [1.1 0.0 0.0 0.0 0.0 1.1 0.0 0.0 0.0 0.0 1.1 0.0 -9.609 0.05 6.704 1.0]
	ConcatTransform [-0.578857 -0.073695 -0.812092 0.0 -0.517371 0.802971 0.295913 0.0 0.630279 0.591445 -0.502933 0.0 -1.809352 -0.495481 1.632528 1.0]
297
	ConcatTransform [1.1 0.0 0.0 0.0 0.0 1.1 0.0 0.0 0.0 0.0 1.1 0.0 -9.609 0.05 6.704 1.0]
	ConcatTransform [-0.491536 -0.077218 -0.867427 0.0 -0.54857 0.801056 0.239543 0.0 0.67636 0.593589 -0.436107 0.0 -1.811994 -0.495528 1.630321 1.0]
298
	ConcatTransform [1.1 0.0 0.0 0.0 0.0 1.1 0.0 0.0 0.0 0.0 1.1 0.0 -9.609 0.05 6.704 1.0]
	ConcatTransform [-0.353771 -0.082207 -0.931712 0.0 -0.587014 0.795038 0.152741 0.0 0.72819 0.600963 -0.329518 0.0 -1.814513 -0.495913 1.625315 1.0]
299
	ConcatTransform [1.1 0.0 0.0 0.0 0.0 1.1 0.0 0.0 0.0 0.0 1.1 0.0 -9.609 0.05 6.704 1.0]
	ConcatTransform [-0.257966 -0.07956 -0.962873 0.0 -0.604186 0.790977 0.096512 0.0 0.753932 0.606651 -0.252114 0.0 -1.815191 -0.496136 1.621538 1.0]
300
	ConcatTransform [1.1 0.0 0.0 0.0 0.0 1.1 0.0 0.0 0.0 0.0 1.1 0.0 -9.609 0.05 6.704 1.0]
	ConcatTransform [-0.138984 -0.083378 -0.986778 0.0 -0.604916 0.796087 0.017934 0.0 0.784066 0.599411 -0.16108 0.0 -1.814574 -0.49598 1.615627 1.0]
301
	ConcatTransform [1.1 0.0 0.0 0.0 0.0 1.1 0.0 0.0 0.0 0.0 1.1 0.0 -9.609 0.05 6.704 1.0]
	ConcatTransform [-0.077775 -0.083597 -0.99346 0.0 -0.60274 0.797688 -0.019937 0.0 0.794138 0.597248 -0.112428 0.0 -1.813487 -0.496046 1.611791 1.0]
302
	ConcatTransform [1.1 0.0 0.0 0.0 0.0 1.1 0.0 0.0 0.0 0.0 1.1 0.0 -9.609 0.05 6.704 1.0]
	ConcatTransform [0.006113 -0.08482 -0.996378 0.0 -0.605676 0.792521 -0.071182 0.0 0.795688 0.603917 -0.046529 0.0 -1.811015 -0.496352 1.606184 1.0]
303
	ConcatTransform [1.1 0.0 0.0 0.0 0.0 1.1 0.0 0.0 0.0 0.0 1.1 0.0 -9.609 0.05 6.704 1.0]
	ConcatTransform [0.050898 -0.080986 -0.995415 0.0 -0.602159 0.792671 -0.095281 0.0 0.796752 0.604247 -0.008421 0.0 -1.808794 -0.495996 1.603196 1.0]
304
	ConcatTransform [1.1 0.0 0.0 0.0 0.0 1.1 0.0 0.0 0.0 0.0 1.1 0.0 -9.609 0.05 6.704 1.0]
	ConcatTransform [0.104182 -0.083004 -0.991088 0.0 -0.595682 0.792791 -0.129014 0.0 0.796435 0.603815 0.033151 0.0 -1.805715 -0.496038 1.600373 1.0]
305
	ConcatTransform [1.1 0.0 0.0 0.0 0.0 1.1 0.0 0.0 0.0 0.0 1.1 0.0 -9.609 0.05 6.704 1.0]
	ConcatTransform [0.134573 -0.083173 -0.987407 0.0 -0.592039 0.79231 -0.147428 0.0 0.794594 0.604423 0.057382 0.0 -1.804095 -0.496023 1.599937 1.0]
306
	ConcatTransform [1.1 0.0 0.0 0.0 0.0 1.1 0.0 0.0 0.0 0.0 1.1 0.0 -9.609 0.05 6.704 1.0]
	ConcatTransform [0.176491 -0.086081 -0.980531 0.0 -0.586763 0.790617 -0.175023 0.0 0.790291 0.60623 0.089027 0.0 -1.802315 -0.49607 1.601191 1.0]
307
	ConcatTransform [1.1 0.0 0.0 0.0 0.0 1.1 0.0 0.0 0.0 0.0 1.1 0.0 -9.609 0.05 6.704 1.0]
	ConcatTransform [0.195884 -0.088578 -0.976618 0.0 -0.584432 0.789173 -0.188799 0.0 0.787444 0.60775 0.102819 0.0 -1.801182 -0.49621 1.602905 1.0]
308
	ConcatTransform [1.1 0.0 0.0 0.0 0.0 1.1 0.0 0.0 0.0 0.0 1.1 0.0 -9.609 0.05 6.704 1.0]
	ConcatTransform [0.221723 -0.098654 -0.970106 0.0 -0.583304 0.783821 -0.213028 0.0 0.781406 0.6131 0.116246 0.0 -1.799144 -0.496447 1.606041 1.0]
309
	ConcatTransform [1.1 0.0 0.0 0.0 0.0 1.1 0.0 0.0 0.0 0.0 1.1 0.0 -9.609 0.05 6.704 1.0]
	ConcatTransform [0.237091 -0.104157 -0.965888 0.0 -0.582996 0.780055 -0.227222 0.0 0.777112 0.616981 0.12422 0.0 -1.797556 -0.496558 1.608567 1.0]
310
	ConcatTransform [1.1 0.0 0.0 0.0 0.0 1.1 0.0 0.0 0.0 0.0 1.1 0.0 -9.609 0.05 6.704 1.0]
	ConcatTransform [0.258052 -0.112334 -0.959578 0.0 -0.582439 0.774349 -0.247281 0.0 0.770827 0.622707 0.134394 0.0 -1.794909 -0.496675 1.612801 1.0]
311
	ConcatTransform [1.1 0.0 0.0 0.0 0.0 1.1 0.0 0.0 0.0 0.0 1.1 0.0 -9.609 0.05 6.704 1.0]
	ConcatTransform [0.271071 -0.11456 -0.955718 0.0 -0.576902 0.775467 -0.256581 0.0 0.770522 0.620908 0.144117 0.0 -1.794373 -0.496512 1.61467 1.0]
312
	ConcatTransform [1.1 0.0 0.0 0.0 0.0 1.1 0.0 0.0 0.0 0.0 1.1 0.0 -9.609 0.05 6.704 1.0]
	ConcatTransform [0.275566 -0.116795 -0.954161 0.0 -0.572782 0.777195 -0.260555 0.0 0.772 0.618326 0.147271 0.0 -1.794618 -0.496593 1.616477 1.0]
313
	ConcatTransform [1.1 0.0 0.0 0.0 0.0 1.1 0.0 0.0 0.0 0.0 1.1 0.0 -9.609 0.05 6.704 1.0]
	ConcatTransform [0.275946 -0.116 -0.954148 0.0 -0.572097 0.777877 -0.260025 0.0 0.772372 0.617618 0.148289 0.0 -1.795081 -0.496598 1.616738 1.0]
314
	ConcatTransform [1.1 0.0 0.0 0.0 0.0 1.1 0.0 0.0 0.0 0.0 1.1 0.0 -9.609 0.05 6.704 1.0]
	ConcatTransform [0.277035 -0.10812 -0.954757 0.0 -0.572884 0.779136 -0.254462 0.0 0.771398 0.61746 0.153907 0.0 -1.794801 -0.496974 1.616123 1.0]
315
	ConcatTransform [1.1 0.0 0.0 0.0 0.0 1.1 0.0 0.0 0.0 0.0 1.1 0.0 -9.609 0.05 6.704 1.0]
	ConcatTransform [0.277689 -0.108321 -0.954545 0.0 -0.572498 0.779252 -0.254975 0.0 0.77145 0.617279 0.154376 0.0 -1.794632 -0.496965 1.615804 1.0]
316
	ConcatTransform [1.1 0.0 0.0 0.0 0.0 1.1 0.0 0.0 0.0 0.0 1.1 0.0 -9.609 0.05 6.704 1.0]
	ConcatTransform [0.277019 -0.108367 -0.954734 0.0 -0.572597 0.779304 -0.254595 0.0 0.771617 0.617205 0.153832 0.0 -1.79458 -0.496959 1.61581 1.0]
317
	ConcatTransform [1.1 0.0 0.0 0.0 0.0 1.1 0.0 0.0 0.0 0.0 1.1 0.0 -9.609 0.05 6.704 1.0]
	ConcatTransform [0.276801 -0.108773 -0.954751 0.0 -0.57265 0.779199 -0.254795 0.0 0.771656 0.617266 0.153394 0.0 -1.794565 -0.496955 1.615982 1.0]
318
	ConcatTransform [1.1 0.0 0.0 0.0 0.0 1.1 0.0 0.0 0.0 0.0 1.1 0.0 -9.609 0.05 6.704 1.0]
	ConcatTransform [0.277626 -0.108665 -0.954524 0.0 -0.572396 0.779255 -0.255195 0.0 0.771548 0.617215 0.154142 0.0 -1.794605 -0.496962 1.615939 1.0]
319
	ConcatTransform [1.1 0.0 0.0 0.0 0.0 1.1 0.0 0.0 0.0 0.0 1.1 0.0 -9.609 0.05 6.704 1.0]
	ConcatTransform [0.277465 -0.108842 -0.95455 0.0 -0.572413 0.779229 -0.255238 0.0 0.771594 0.617216 0.153907 0.0 -1.794614 -0.496959 1.615822 1.0]
320
	ConcatTransform [1.1 0.0 0.0 0.0 0.0 1.1 0.0 0.0 0.0 0.0 1.1 0.0 -9.609 0.05 6.704 1.0]
	ConcatTransform [0.275983 -0.109076 -0.954953 0.0 -0.572323 0.779554 -0.254444 0.0 0.772191 0.616764 0.152717 0.0 -1.795128 -0.496974 1.615769 1.0]
321
	ConcatTransform [1.1 0.0 0.0 0.0 0.0 1.1 0.0 0.0 0.0 0.0 1.1 0.0 -9.609 0.05 6.704 1.0]
	ConcatTransform [0.276619 -0.109112 -0.954765 0.0 -0.57252 0.779252 -0.254927 0.0 0.771818 0.617139 0.153087 0.0 -1.795283 -0.496989 1.6156 1.0]
322
	ConcatTransform [1.1 0.0 0.0 0.0 0.0 1.1 0.0 0.0 0.0 0.0 1.1 0.0 -9.609 0.05 6.704 1.0]
	ConcatTransform [0.277193 -0.108837 -0.95463 0.0 -0.572443 0.779264 -0.255062 0.0 0.771669 0.617173 0.153703 0.0 -1.795402 -0.496973 1.615335 1.0]
323
	ConcatTransform [1.1 0.0 0.0 0.0 0.0 1.1 0.0 0.0 0.0 0.0 1.1 0.0 -9.609 0.05 6.704 1.0]
	ConcatTransform [0.276999 -0.108715 -0.9547 0.0 -0.572609 0.779205 -0.254869 0.0 0.771615 0.617269 0.153588 0.0 -1.795429 -0.496968 1.615214 1.0]
324
	ConcatTransform [1.1 0.0 0.0 0.0 0.0 1.1 0.0 0.0 0.0 0.0 1.1 0.0 -9.609 0.05 6.704 1.0]
	ConcatTransform [0.276688 -0.108552 -0.954809 0.0 -0.57272 0.779227 -0.254555 0.0 0.771645 0.61727 0.153433 0.0 -1.795426 -0.496961 1.615109 1.0]
325
	ConcatTransform [1.1 0.0 0.0 0.0 0.0 1.1 0.0 0.0 0.0 0.0 1.1 0.0 -9.609 0.05 6.704 1.0]
	ConcatTransform [0.276476 -0.108591 -0.954866 0.0 -0.572759 0.77923 -0.254456 0.0 0.771691 0.61726 0.153242 0.0 -1.795422 -0.496958 1.615124 1.0]
326
	ConcatTransform [1.1 0.0 0.0 0.0 0.0 1.1 0.0 0.0 0.0 0.0 1.1 0.0 -9.609 0.05 6.704 1.0]
	ConcatTransform [0.276378 -0.108637 -0.954889 0.0 -0.572889 0.779134 -0.254456 0.0 0.77163 0.617372 0.153098 0.0 -1.795384 -0.496961 1.61518 1.0]
327
	ConcatTransform [1.1 0.0 0.0 0.0 0.0 1.1 0.0 0.0 0.0 0.0 1.1 0.0 -9.609 0.05 6.704 1.0]
	ConcatTransform [0.276236 -0.108599 -0.954935 0.0 -0.572907 0.779161 -0.254335 0.0 0.771668 0.617345 0.153015 0.0 -1.79539 -0.496958 1.61516 1.0]
328
	ConcatTransform [1.1 0.0 0.0 0.0 0.0 1.1 0.0 0.0 0.0 0.0 1.1 0.0 -9.609 0.05 6.704 1.0]
	ConcatTransform [0.276388 -0.108621 -0.954888 0.0 -0.5729 0.779128 -0.254451 0.0 0.771618 0.617383 0.153113 0.0 -1.795426 -0.496961 1.615119 1.0]
329
	ConcatTransform [1.1 0.0 0.0 0.0 0.0 1.1 0.0 0.0 0.0 0.0 1.1 0.0 -9.609 0.05 6.704 1.0]
	ConcatTransform [0.276387 -0.108539 -0.954898 0.0 -0.572914 0.779139 -0.254386 0.0 0.771609 0.617383 0.15316 0.0 -1.795465 -0.49696 1.615073 1.0]
330
	ConcatTransform [1.1 0.0 0.0 0.0 0.0 1.1 0.0 0.0 0.0 0.0 1.1 0.0 -9.609 0.05 6.704 1.0]
	ConcatTransform [0.27647 -0.108622 -0.954864 0.0 -0.572851 0.77915 -0.254495 0.0 0.771626 0.617355 0.153187 0.0 -1.795551 -0.496956 1.614998 1.0]
331
	ConcatTransform [1.1 0.0 0.0 0.0 0.0 1.1 0.0 0.0 0.0 0.0 1.1 0.0 -9.609 0.05 6.704 1.0]
	ConcatTransform [0.276535 -0.108626 -0.954845 0.0 -0.572829 0.779152 -0.254537 0.0 0.771618 0.617352 0.153239 0.0 -1.79562 -0.496955 1.614946 1.0]
332
	ConcatTransform [1.1 0.0 0.0 0.0 0.0 1.1 0.0 0.0 0.0 0.0 1.1 0.0 -9.609 0.05 6.704 1.0]
	ConcatTransform [0.276586 -0.108549 -0.954839 0.0 -0.572867 0.779131 -0.254515 0.0 0.771572 0.617391 0.153313 0.0 -1.795733 -0.496959 1.614867 1.0]
333
	ConcatTransform [1.1 0.0 0.0 0.0 0.0 1.1 0.0 0.0 0.0 0.0 1.1 0.0 -9.609 0.05 6.704 1.0]
	ConcatTransform [0.276648 -0.108552 -0.954821 0.0 -0.572849 0.779132 -0.254554 0.0 0.771564 0.61739 0.153361 0.0 -1.795811 -0.496959 1.614814 1.0]
334
	ConcatTransform [1.1 0.0 0.0 0.0 0.0 1.1 0.0 0.0 0.0 0.0 1.1 0.0 -9.609 0.05 6.704 1.0]
	ConcatTransform [0.276778 -0.10864 -0.954773 0.0 -0.572754 0.779156 -0.254692 0.0 0.771587 0.617343 0.15343 0.0 -1.795927 -0.496955 1.614733 1.0]
335
	ConcatTransform [1.1 0.0 0.0 0.0 0.0 1.1 0.0 0.0 0.0 0.0 1.1 0.0 -9.609 0.05 6.704 1.0]
	ConcatTransform [0.272505 -0.110311 -0.95581 0.0 -0.568547 0.782956 -0.252456 0.0 0.776206 0.612219 0.150642 0.0 -1.795925 -0.497155 1.614999 1.0]
336
	ConcatTransform [1.1 0.0 0.0 0.0 0.0 1.1 0.0 0.0 0.0 0.0 1.1 0.0 -9.609 0.05 6.704 1.0]
	ConcatTransform [0.270989 -0.109742 -0.956306 0.0 -0.571773 0.780869 -0.251633 0.0 0.774365 0.61498 0.148859 0.0 -1.795229 -0.497086 1.615195 1.0]
337
	ConcatTransform [1.1 0.0 0.0 0.0 0.0 1.1 0.0 0.0 0.0 0.0 1.1 0.0 -9.609 0.05 6.704 1.0]
	ConcatTransform [0.271938 -0.110303 -0.955972 0.0 -0.572939 0.779594 -0.252932 0.0 0.773169 0.616496 0.148805 0.0 -1.79439 -0.497054 1.615231 1.0]
338
	ConcatTransform [1.1 0.0 0.0 0.0 0.0 1.1 0.0 0.0 0.0 0.0 1.1 0.0 -9.609 0.05 6.704 1.0]
	ConcatTransform [0.268635 -0.11087 -0.95684 0.0 -0.570228 0.782285 -0.250737 0.0 0.776321 0.612974 0.146928 0.0 -1.793414 -0.497209 1.61537 1.0]
339
	ConcatTransform [1.1 0.0 0.0 0.0 0.0 1.1 0.0 0.0 0.0 0.0 1.1 0.0 -9.609 0.05 6.704 1.0]
	ConcatTransform [0.266977 -0.110876 -0.957303 0.0 -0.572614 0.780739 -0.250119 0.0 0.775136 0.614941 0.144951 0.0 -1.792608 -0.49712 1.615594 1.0]
340
	ConcatTransform [1.1 0.0 0.0 0.0 0.0 1.1 0.0 0.0 0.0 0.0 1.1 0.0 -9.609 0.05 6.704 1.0]
	ConcatTransform [0.265012 -0.114202 -0.957458 0.0 -0.569691 0.782584 -0.251027 0.0 0.77796 0.61198 0.142334 0.0 -1.791447 -0.497405 1.615773 1.0]
341
	ConcatTransform [1.1 0.0 0.0 0.0 0.0 1.1 0.0 0.0 0.0 0.0 1.1 0.0 -9.609 0.05 6.704 1.0]
	ConcatTransform [0.26159 -0.112033 -0.958655 0.0 -0.572473 0.781658 -0.24756 0.0 0.777075 0.613563 0.140338 0.0 -1.790525 -0.497248 1.615953 1.0]
342
	ConcatTransform [1.1 0.0 0.0 0.0 0.0 1.1 0.0 0.0 0.0 0.0 1.1 0.0 -9.609 0.05 6.704 1.0]
	ConcatTransform [0.263228 -0.110888 -0.95834 0.0 -0.574698 0.779855 -0.248088 0.0 0.774876 0.61606 0.141553 0.0 -1.789161 -0.497129 1.615732 1.0]
343
	ConcatTransform [1.1 0.0 0.0 0.0 0.0 1.1 0.0 0.0 0.0 0.0 1.1 0.0 -9.609 0.05 6.704 1.0]
	ConcatTransform [0.262995 -0.109951 -0.958511 0.0 -0.575486 0.779518 -0.24732 0.0 0.774371 0.616654 0.141734 0.0 -1.78872 -0.49707 1.615325 1.0]
344
	ConcatTransform [1.1 0.0 0.0 0.0 0.0 1.1 0.0 0.0 0.0 0.0 1.1 0.0 -9.609 0.05 6.704 1.0]
	ConcatTransform [0.262013 -0.109024 -0.958886 0.0 -0.576189 0.779398 -0.246058 0.0 0.774181 0.61697 0.141394 0.0 -1.788449 -0.497015 1.614946 1.0]
345
	ConcatTransform [1.1 0.0 0.0 0.0 0.0 1.1 0.0 0.0 0.0 0.0 1.1 0.0 -9.609 0.05 6.704 1.0]
	ConcatTransform [0.261518 -0.108694 -0.959059 0.0 -0.576367 0.779442 -0.245502 0.0 0.774216 0.616973 0.141191 0.0 -1.788417 -0.496991 1.614778 1.0]
346
	ConcatTransform [1.1 0.0 0.0 0.0 0.0 1.1 0.0 0.0 0.0 0.0 1.1 0.0 -9.609 0.05 6.704 1.0]
	ConcatTransform [0.26178 -0.108657 -0.958991 0.0 -0.576532 0.779266 -0.245672 0.0 0.774004 0.617202 0.141352 0.0 -1.788288 -0.496973 1.614653 1.0]
347
	ConcatTransform [1.1 0.0 0.0 0.0 0.0 1.1 0.0 0.0 0.0 0.0 1.1 0.0 -9.609 0.05 6.704 1.0]
	ConcatTransform [0.26161 -0.108642 -0.95904 0.0 -0.576657 0.779205 -0.245573 0.0 0.773968 0.617281 0.141199 0.0 -1.788277 -0.496966 1.614614 1.0]
348
	ConcatTransform [1.1 0.0 0.0 0.0 0.0 1.1 0.0 0.0 0.0 0.0 1.1 0.0 -9.609 0.05 6.704 1.0]
	ConcatTransform [0.261685 -0.10861 -0.959023 0.0 -0.576731 0.77914 -0.245609 0.0 0.773888 0.61737 0.14125 0.0 -1.788307 -0.496962 1.614586 1.0]
349
	ConcatTransform [1.1 0.0 0.0 0.0 0.0 1.1 0.0 0.0 0.0 0.0 1.1 0.0 -9.609 0.05 6.704 1.0]
	ConcatTransform [0.261731 -0.108564 -0.959015 0.0 -0.576698 0.779168 -0.245595 0.0 0.773897 0.617342 0.141324 0.0 -1.788378 -0.49696 1.614544 1.0]
350
	ConcatTransform [1.1 0.0 0.0 0.0 0.0 1.1 0.0 0.0 0.0 0.0 1.1 0.0 -9.609 0.05 6.704 1.0]
	ConcatTransform [0.261888 -0.108649 -0.958963 0.0 -0.576621 0.779176 -0.245751 0.0 0.773901 0.617317 0.141407 0.0 -1.788482 -0.496957 1.614461 1.0]
351
	ConcatTransform [1.1 0.0 0.0 0.0 0.0 1.1 0.0 0.0 0.0 0.0 1.1 0.0 -9.609 0.05 6.704 1.0]
	ConcatTransform [0.261916 -0.108647 -0.958956 0.0 -0.57662 0.779171 -0.245768 0.0 0.773893 0.617323 0.141429 0.0 -1.788555 -0.496956 1.614405 1.0]
352
	ConcatTransform [1.1 0.0 0.0 0.0 0.0 1.1 0.0 0.0 0.0 0.0 1.1 0.0 -9.609 0.05 6.704 1.0]
	ConcatTransform [0.260631 -0.110935 -0.959044 0.0 -0.572005 0.782504 -0.245963 0.0 0.777741 0.612684 0.14049 0.0 -1.788657 -0.497226 1.61451 1.0]
353
	ConcatTransform [1.1 0.0 0.0 0.0 0.0 1.1 0.0 0.0 0.0 0.0 1.1 0.0 -9.609 0.05 6.704 1.0]
	ConcatTransform [0.260631 -0.110935 -0.959044 0.0 -0.572005 0.782504 -0.245963 0.0 0.777741 0.612684 0.14049 0.0 -1.788657 -0.497226 1.61451 1.0]
354
	ConcatTransform [1.1 0.0 0.0 0.0 0.0 1.1 0.0 0.0 0.0 0.0 1.1 0.0 -9.609 0.05 6.704 1.0]
	ConcatTransform [0.260631 -0.110935 -0.959044 0.0 -0.572005 0.782504 -0.245963 0.0 0.777741 0.612684 0.14049 0.0 -1.788657 -0.497226 1.61451 1.0]
355
	ConcatTransform [1.1 0.0 0.0 0.0 0.0 1.1 0.0 0.0 0.0 0.0 1.1 0.0 -9.609 0.05 6.704 1.0]
	ConcatTransform [0.260631 -0.110935 -0.959044 0.0 -0.572005 0.782504 -0.245963 0.0 0.777741 0.612684 0.14049 0.0 -1.788657 -0.497226 1.61451 1.0]
356
	ConcatTransform [1.1 0.0 0.0 0.0 0.0 1.1 0.0 0.0 0.0 0.0 1.1 0.0 -9.609 0.05 6.704 1.0]
	ConcatTransform [0.260631 -0.110935 -0.959044 0.0 -0.572005 0.782504 -0.245963 0.0 0.777741 0.612684 0.14049 0.0 -1.788657 -0.497226 1.61451 1.0]
357
	ConcatTransform [1.1 0.0 0.0 0.0 0.0 1.1 0.0 0.0 0.0 0.0 1.1 0.0 -9.609 0.05 6.704 1.0]
	ConcatTransform [0.260631 -0.110935 -0.959044 0.0 -0.572005 0.782504 -0.245963 0.0 0.777741 0.612684 0.14049 0.0 -1.788657 -0.497226 1.61451 1.0]
358
	ConcatTransform [1.1 0.0 0.0 0.0 0.0 1.1 0.0 0.0 0.0 0.0 1.1 0.0 -9.609 0.05 6.704 1.0]
	ConcatTransform [0.260631 -0.110935 -0.959044 0.0 -0.572005 0.782504 -0.245963 0.0 0.777741 0.612684 0.14049 0.0 -1.788657 -0.497226 1.61451 1.0]
359
	ConcatTransform [1.1 0.0 0.0 0.0 0.0 1.1 0.0 0.0 0.0 0.0 1.1 0.0 -9.609 0.05 6.704 1.0]
	ConcatTransform [0.260631 -0.110935 -0.959044 0.0 -0.572005 0.782504 -0.245963 0.0 0.777741 0.612684 0.14049 0.0 -1.788657 -0.497226 1.61451 1.0]
360
	ConcatTransform [1.1 0.0 0.0 0.0 0.0 1.1 0.0 0.0 0.0 0.0 1.1 0.0 -9.609 0.05 6.704 1.0]
	ConcatTransform [-0.457996 -0.148585 0.876449 0.0 0.770684 -0.557741 0.308173 0.0 0.443041 0.816607 0.369955 0.0 -15.038108 -146.979431 25.323423 1.0]
