228
	ConcatTransform [1.1 0.0 0.0 0.0 0.0 1.1 0.0 0.0 0.0 0.0 1.1 0.0 -9.609 0.05 6.704 1.0]
	ConcatTransform [0.973334 0.131994 -0.187613 0.0 -0.127427 0.991185 0.03625 0.0 0.190744 -0.011377 0.981574 0.0 -0.009227 -0.003037 -0.017949 1.0]
229
	ConcatTransform [1.1 0.0 0.0 0.0 0.0 1.1 0.0 0.0 0.0 0.0 1.1 0.0 -9.609 0.05 6.704 1.0]
	ConcatTransform [0.904271 0.201622 -0.376354 0.0 -0.173467 0.978939 0.10765 0.0 0.390132 -0.032059 0.920201 0.0 -0.017758 -0.014558 -0.033684 1.0]
230
	ConcatTransform [1.1 0.0 0.0 0.0 0.0 1.1 0.0 0.0 0.0 0.0 1.1 0.0 -9.609 0.05 6.704 1.0]
	ConcatTransform [0.83487 0.152127 -0.529008 0.0 -0.036549 0.974251 0.222485 0.0 0.549233 -0.166411 0.818933 0.0 -0.029749 -0.048406 -0.058588 1.0]
231
	ConcatTransform [1.1 0.0 0.0 0.0 0.0 1.1 0.0 0.0 0.0 0.0 1.1 0.0 -9.609 0.05 6.704 1.0]
	ConcatTransform [0.745334 0.168369 -0.645081 0.0 -0.013878 0.971294 0.237477 0.0 0.666547 -0.168047 0.726275 0.0 -0.038529 -0.083883 -0.075538 1.0]
232
	ConcatTransform [1.1 0.0 0.0 0.0 0.0 1.1 0.0 0.0 0.0 0.0 1.1 0.0 -9.609 0.05 6.704 1.0]
	ConcatTransform [0.582598 0.189855 -0.790275 0.0 0.027681 0.967135 0.252751 0.0 0.812289 -0.169127 0.558196 0.0 -0.051866 -0.155513 -0.101045 1.0]
233
	ConcatTransform [1.1 0.0 0.0 0.0 0.0 1.1 0.0 0.0 0.0 0.0 1.1 0.0 -9.609 0.05 6.704 1.0]
	ConcatTransform [0.477898 0.167888 -0.862222 0.0 0.121963 0.959376 0.254405 0.0 0.869907 -0.226739 0.438008 0.0 -0.061327 -0.214494 -0.118163 1.0]
234
	ConcatTransform [1.1 0.0 0.0 0.0 0.0 1.1 0.0 0.0 0.0 0.0 1.1 0.0 -9.609 0.05 6.704 1.0]
	ConcatTransform [0.382084 0.038138 -0.92334 0.0 0.324553 0.929965 0.172714 0.0 0.865261 -0.365665 0.342947 0.0 -0.080722 -0.31616 -0.144653 1.0]
235
	ConcatTransform [1.1 0.0 0.0 0.0 0.0 1.1 0.0 0.0 0.0 0.0 1.1 0.0 -9.609 0.05 6.704 1.0]
	ConcatTransform [0.298466 -0.075608 -0.951421 0.0 0.472817 0.87765 0.078579 0.0 0.829073 -0.473301 0.297697 0.0 -0.103503 -0.384694 -0.161039 1.0]
236
	ConcatTransform [1.1 0.0 0.0 0.0 0.0 1.1 0.0 0.0 0.0 0.0 1.1 0.0 -9.609 0.05 6.704 1.0]
	ConcatTransform [0.101568 -0.211664 -0.97205 0.0 0.654986 0.74967 -0.094802 0.0 0.748784 -0.627051 0.21478 0.0 -0.169934 -0.455735 -0.179922 1.0]
237
	ConcatTransform [1.1 0.0 0.0 0.0 0.0 1.1 0.0 0.0 0.0 0.0 1.1 0.0 -9.609 0.05 6.704 1.0]
	ConcatTransform [-0.113931 -0.30786 -0.944586 0.0 0.700822 0.649 -0.296052 0.0 0.704179 -0.695716 0.141814 0.0 -0.218895 -0.500193 -0.191467 1.0]
238
	ConcatTransform [1.1 0.0 0.0 0.0 0.0 1.1 0.0 0.0 0.0 0.0 1.1 0.0 -9.609 0.05 6.704 1.0]
	ConcatTransform [-0.429279 -0.317438 -0.845549 0.0 0.667133 0.519628 -0.533779 0.0 0.608813 -0.793234 -0.011292 0.0 -0.297677 -0.547334 -0.205861 1.0]
239
	ConcatTransform [1.1 0.0 0.0 0.0 0.0 1.1 0.0 0.0 0.0 0.0 1.1 0.0 -9.609 0.05 6.704 1.0]
	ConcatTransform [-0.518193 -0.260081 -0.81476 0.0 0.652536 0.495598 -0.573218 0.0 0.552876 -0.828698 -0.087103 0.0 -0.351713 -0.54846 -0.213687 1.0]
240
	ConcatTransform [1.1 0.0 0.0 0.0 0.0 1.1 0.0 0.0 0.0 0.0 1.1 0.0 -9.609 0.05 6.704 1.0]
	ConcatTransform [-0.552279 -0.221425 -0.803716 0.0 0.701692 0.397082 -0.59157 0.0 0.450129 -0.890672 -0.063928 0.0 -0.429917 -0.544724 -0.226177 1.0]
241
	ConcatTransform [1.1 0.0 0.0 0.0 0.0 1.1 0.0 0.0 0.0 0.0 1.1 0.0 -9.609 0.05 6.704 1.0]
	ConcatTransform [-0.529872 -0.191804 -0.826104 0.0 0.746081 0.357726 -0.561601 0.0 0.403236 -0.913917 -0.046447 0.0 -0.47965 -0.539683 -0.23395 1.0]
242
	ConcatTransform [1.1 0.0 0.0 0.0 0.0 1.1 0.0 0.0 0.0 0.0 1.1 0.0 -9.609 0.05 6.704 1.0]
	ConcatTransform [-0.494713 -0.166563 -0.852945 0.0 0.80723 0.275496 -0.521997 0.0 0.321929 -0.946762 -0.001837 0.0 -0.550015 -0.529454 -0.244766 1.0]
243
	ConcatTransform [1.1 0.0 0.0 0.0 0.0 1.1 0.0 0.0 0.0 0.0 1.1 0.0 -9.609 0.05 6.704 1.0]
	ConcatTransform [-0.393481 -0.123403 -0.911013 0.0 0.836651 0.36265 -0.410486 0.0 0.381034 -0.923719 -0.039451 0.0 -0.593732 -0.520239 -0.250252 1.0]
244
	ConcatTransform [1.1 0.0 0.0 0.0 0.0 1.1 0.0 0.0 0.0 0.0 1.1 0.0 -9.609 0.05 6.704 1.0]
	ConcatTransform [-0.302861 -0.123842 -0.944954 0.0 0.910605 0.254953 -0.325265 0.0 0.2812 -0.95899 0.035556 0.0 -0.656443 -0.517728 -0.258066 1.0]
245
	ConcatTransform [1.1 0.0 0.0 0.0 0.0 1.1 0.0 0.0 0.0 0.0 1.1 0.0 -9.609 0.05 6.704 1.0]
	ConcatTransform [-0.247571 -0.145514 -0.95788 0.0 0.940897 0.199743 -0.273525 0.0 0.231132 -0.968983 0.087462 0.0 -0.694965 -0.517142 -0.261598 1.0]
246
	ConcatTransform [1.1 0.0 0.0 0.0 0.0 1.1 0.0 0.0 0.0 0.0 1.1 0.0 -9.609 0.05 6.704 1.0]
	ConcatTransform [-0.153898 -0.175825 -0.972317 0.0 0.973532 0.141295 -0.179641 0.0 0.168969 -0.974229 0.149427 0.0 -0.744449 -0.510306 -0.263579 1.0]
247
	ConcatTransform [1.1 0.0 0.0 0.0 0.0 1.1 0.0 0.0 0.0 0.0 1.1 0.0 -9.609 0.05 6.704 1.0]
	ConcatTransform [-0.10408 -0.196678 -0.974928 0.0 0.98433 0.119923 -0.129276 0.0 0.142342 -0.973107 0.181114 0.0 -0.77352 -0.507929 -0.263837 1.0]
248
	ConcatTransform [1.1 0.0 0.0 0.0 0.0 1.1 0.0 0.0 0.0 0.0 1.1 0.0 -9.609 0.05 6.704 1.0]
	ConcatTransform [-0.060764 -0.249699 -0.966415 0.0 0.990543 0.104239 -0.089214 0.0 0.123015 -0.962697 0.241004 0.0 -0.811132 -0.508461 -0.263122 1.0]
249
	ConcatTransform [1.1 0.0 0.0 0.0 0.0 1.1 0.0 0.0 0.0 0.0 1.1 0.0 -9.609 0.05 6.704 1.0]
	ConcatTransform [-0.036621 -0.257107 -0.965689 0.0 0.991556 0.110944 -0.06714 0.0 0.124399 -0.959993 0.250873 0.0 -0.831937 -0.510776 -0.261506 1.0]
250
	ConcatTransform [1.1 0.0 0.0 0.0 0.0 1.1 0.0 0.0 0.0 0.0 1.1 0.0 -9.609 0.05 6.704 1.0]
	ConcatTransform [-0.010652 -0.254781 -0.96694 0.0 0.990892 0.127123 -0.044412 0.0 0.134236 -0.958607 0.251106 0.0 -0.855476 -0.513015 -0.257467 1.0]
251
	ConcatTransform [1.1 0.0 0.0 0.0 0.0 1.1 0.0 0.0 0.0 0.0 1.1 0.0 -9.609 0.05 6.704 1.0]
	ConcatTransform [-0.002932 -0.252288 -0.967648 0.0 0.987485 0.151854 -0.042584 0.0 0.157684 -0.955663 0.248686 0.0 -0.867587 -0.517413 -0.254121 1.0]
252
	ConcatTransform [1.1 0.0 0.0 0.0 0.0 1.1 0.0 0.0 0.0 0.0 1.1 0.0 -9.609 0.05 6.704 1.0]
	ConcatTransform [-0.004744 -0.274305 -0.961631 0.0 0.982543 0.177565 -0.055497 0.0 0.185975 -0.945107 0.268674 0.0 -0.878287 -0.521702 -0.247843 1.0]
253
	ConcatTransform [1.1 0.0 0.0 0.0 0.0 1.1 0.0 0.0 0.0 0.0 1.1 0.0 -9.609 0.05 6.704 1.0]
	ConcatTransform [0.002617 -0.286407 -0.958104 0.0 0.980286 0.190027 -0.054128 0.0 0.197568 -0.939074 0.281258 0.0 -0.881135 -0.523636 -0.242685 1.0]
254
	ConcatTransform [1.1 0.0 0.0 0.0 0.0 1.1 0.0 0.0 0.0 0.0 1.1 0.0 -9.609 0.05 6.704 1.0]
	ConcatTransform [0.008238 -0.287029 -0.957886 0.0 0.973687 0.220466 -0.057688 0.0 0.227739 -0.932207 0.281293 0.0 -0.880405 -0.528567 -0.23402 1.0]
255
	ConcatTransform [1.1 0.0 0.0 0.0 0.0 1.1 0.0 0.0 0.0 0.0 1.1 0.0 -9.609 0.05 6.704 1.0]
	ConcatTransform [-0.000975 -0.283573 -0.95895 0.0 0.964148 0.254205 -0.076152 0.0 0.265364 -0.924644 0.273159 0.0 -0.876878 -0.533139 -0.227849 1.0]
256
	ConcatTransform [1.1 0.0 0.0 0.0 0.0 1.1 0.0 0.0 0.0 0.0 1.1 0.0 -9.609 0.05 6.704 1.0]
	ConcatTransform [-0.028429 -0.293196 -0.95563 0.0 0.940969 0.314741 -0.124558 0.0 0.337296 -0.902759 0.26694 0.0 -0.867372 -0.540295 -0.218138 1.0]
257
	ConcatTransform [1.1 0.0 0.0 0.0 0.0 1.1 0.0 0.0 0.0 0.0 1.1 0.0 -9.609 0.05 6.704 1.0]
	ConcatTransform [-0.042567 -0.293407 -0.95504 0.0 0.919403 0.3626 -0.152377 0.0 0.391006 -0.884553 0.254324 0.0 -0.858719 -0.544286 -0.211156 1.0]
258
	ConcatTransform [1.1 0.0 0.0 0.0 0.0 1.1 0.0 0.0 0.0 0.0 1.1 0.0 -9.609 0.05 6.704 1.0]
	ConcatTransform [-0.069914 -0.301453 -0.950915 0.0 0.88813 0.415259 -0.19694 0.0 0.454244 -0.858304 0.238697 0.0 -0.843034 -0.546908 -0.200179 1.0]
259
	ConcatTransform [1.1 0.0 0.0 0.0 0.0 1.1 0.0 0.0 0.0 0.0 1.1 0.0 -9.609 0.05 6.704 1.0]
	ConcatTransform [-0.090923 -0.316074 -0.944368 0.0 0.86815 0.439443 -0.230664 0.0 0.487902 -0.840825 0.234444 0.0 -0.831596 -0.547489 -0.192778 1.0]
260
	ConcatTransform [1.1 0.0 0.0 0.0 0.0 1.1 0.0 0.0 0.0 0.0 1.1 0.0 -9.609 0.05 6.704 1.0]
	ConcatTransform [-0.123204 -0.337814 -0.933114 0.0 0.839231 0.466359 -0.279643 0.0 0.529634 -0.817551 0.226047 0.0 -0.813915 -0.547348 -0.181775 1.0]
261
	ConcatTransform [1.1 0.0 0.0 0.0 0.0 1.1 0.0 0.0 0.0 0.0 1.1 0.0 -9.609 0.05 6.704 1.0]
	ConcatTransform [-0.146769 -0.347263 -0.926211 0.0 0.823567 0.475746 -0.308874 0.0 0.547902 -0.80813 0.216169 0.0 -0.802143 -0.546979 -0.174647 1.0]
262
	ConcatTransform [1.1 0.0 0.0 0.0 0.0 1.1 0.0 0.0 0.0 0.0 1.1 0.0 -9.609 0.05 6.704 1.0]
	ConcatTransform [-0.180414 -0.360607 -0.915103 0.0 0.797299 0.491208 -0.350755 0.0 0.575991 -0.792892 0.198891 0.0 -0.785132 -0.546231 -0.164515 1.0]
263
	ConcatTransform [1.1 0.0 0.0 0.0 0.0 1.1 0.0 0.0 0.0 0.0 1.1 0.0 -9.609 0.05 6.704 1.0]
	ConcatTransform [-0.204604 -0.362703 -0.909166 0.0 0.782702 0.497139 -0.374473 0.0 0.587805 -0.788225 0.182172 0.0 -0.774314 -0.545949 -0.158149 1.0]
264
	ConcatTransform [1.1 0.0 0.0 0.0 0.0 1.1 0.0 0.0 0.0 0.0 1.1 0.0 -9.609 0.05 6.704 1.0]
	ConcatTransform [-0.236113 -0.374947 -0.896474 0.0 0.759186 0.504668 -0.411031 0.0 0.606537 -0.77764 0.165496 0.0 -0.759249 -0.545154 -0.149399 1.0]
265
	ConcatTransform [1.1 0.0 0.0 0.0 0.0 1.1 0.0 0.0 0.0 0.0 1.1 0.0 -9.609 0.05 6.704 1.0]
	ConcatTransform [-0.247113 -0.389562 -0.88723 0.0 0.742293 0.512442 -0.431746 0.0 0.622845 -0.765274 0.162538 0.0 -0.750284 -0.544049 -0.144117 1.0]
266
	ConcatTransform [1.1 0.0 0.0 0.0 0.0 1.1 0.0 0.0 0.0 0.0 1.1 0.0 -9.609 0.05 6.704 1.0]
	ConcatTransform [-0.258097 -0.413905 -0.872965 0.0 0.733269 0.504405 -0.455952 0.0 0.629049 -0.757798 0.173318 0.0 -0.738428 -0.542906 -0.137279 1.0]
267
	ConcatTransform [1.1 0.0 0.0 0.0 0.0 1.1 0.0 0.0 0.0 0.0 1.1 0.0 -9.609 0.05 6.704 1.0]
	ConcatTransform [-0.263247 -0.421469 -0.867793 0.0 0.731902 0.498773 -0.464268 0.0 0.628507 -0.757356 0.177173 0.0 -0.731778 -0.542572 -0.133517 1.0]
268
	ConcatTransform [1.1 0.0 0.0 0.0 0.0 1.1 0.0 0.0 0.0 0.0 1.1 0.0 -9.609 0.05 6.704 1.0]
	ConcatTransform [-0.266473 -0.41815 -0.868414 0.0 0.729937 0.500837 -0.465139 0.0 0.629431 -0.757835 0.171764 0.0 -0.723807 -0.542559 -0.129282 1.0]
269
	ConcatTransform [1.1 0.0 0.0 0.0 0.0 1.1 0.0 0.0 0.0 0.0 1.1 0.0 -9.609 0.05 6.704 1.0]
	ConcatTransform [-0.278977 -0.406887 -0.869836 0.0 0.737588 0.489237 -0.465414 0.0 0.614927 -0.771421 0.163629 0.0 -0.719476 -0.544063 -0.12747 1.0]
270
	ConcatTransform [1.1 0.0 0.0 0.0 0.0 1.1 0.0 0.0 0.0 0.0 1.1 0.0 -9.609 0.05 6.704 1.0]
	ConcatTransform [-0.291316 -0.399951 -0.869008 0.0 0.743355 0.477137 -0.46879 0.0 0.602129 -0.782547 0.158307 0.0 -0.714771 -0.544759 -0.126497 1.0]
271
	ConcatTransform [1.1 0.0 0.0 0.0 0.0 1.1 0.0 0.0 0.0 0.0 1.1 0.0 -9.609 0.05 6.704 1.0]
	ConcatTransform [-0.293424 -0.396699 -0.869788 0.0 0.745652 0.474402 -0.467916 0.0 0.598251 -0.785858 0.156598 0.0 -0.7126 -0.544983 -0.126749 1.0]
272
	ConcatTransform [1.1 0.0 0.0 0.0 0.0 1.1 0.0 0.0 0.0 0.0 1.1 0.0 -9.609 0.05 6.704 1.0]
	ConcatTransform [-0.298377 -0.368878 -0.880284 0.0 0.753067 0.475657 -0.454577 0.0 0.586397 -0.798549 0.135865 0.0 -0.710309 -0.546229 -0.128091 1.0]
273
	ConcatTransform [1.1 0.0 0.0 0.0 0.0 1.1 0.0 0.0 0.0 0.0 1.1 0.0 -9.609 0.05 6.704 1.0]
	ConcatTransform [-0.298246 -0.363357 -0.882622 0.0 0.756414 0.474 -0.450735 0.0 0.58214 -0.802057 0.13348 0.0 -0.709465 -0.54638 -0.129778 1.0]
274
	ConcatTransform [1.1 0.0 0.0 0.0 0.0 1.1 0.0 0.0 0.0 0.0 1.1 0.0 -9.609 0.05 6.704 1.0]
	ConcatTransform [-0.298127 -0.349548 -0.888221 0.0 0.763519 0.471126 -0.441677 0.0 0.572851 -0.80985 0.126431 0.0 -0.708882 -0.546751 -0.132996 1.0]
275
	ConcatTransform [1.1 0.0 0.0 0.0 0.0 1.1 0.0 0.0 0.0 0.0 1.1 0.0 -9.609 0.05 6.704 1.0]
	ConcatTransform [-0.297243 -0.337806 -0.893047 0.0 0.768343 0.470639 -0.433761 0.0 0.56683 -0.815099 0.119657 0.0 -0.708858 -0.546953 -0.135467 1.0]
276
	ConcatTransform [1.1 0.0 0.0 0.0 0.0 1.1 0.0 0.0 0.0 0.0 1.1 0.0 -9.609 0.05 6.704 1.0]
	ConcatTransform [-0.293799 -0.325203 -0.898847 0.0 0.773866 0.471049 -0.423373 0.0 0.561083 -0.819973 0.11327 0.0 -0.709239 -0.547045 -0.139495 1.0]
277
	ConcatTransform [1.1 0.0 0.0 0.0 0.0 1.1 0.0 0.0 0.0 0.0 1.1 0.0 -9.609 0.05 6.704 1.0]
	ConcatTransform [-0.289716 -0.320486 -0.901861 0.0 0.777456 0.470779 -0.417048 0.0 0.558236 -0.821983 0.112772 0.0 -0.709681 -0.547049 -0.142293 1.0]
278
	ConcatTransform [1.1 0.0 0.0 0.0 0.0 1.1 0.0 0.0 0.0 0.0 1.1 0.0 -9.609 0.05 6.704 1.0]
	ConcatTransform [-0.282229 -0.314169 -0.906446 0.0 0.783923 0.469126 -0.406677 0.0 0.553003 -0.82536 0.113884 0.0 -0.710524 -0.547046 -0.146484 1.0]
279
	ConcatTransform [1.1 0.0 0.0 0.0 0.0 1.1 0.0 0.0 0.0 0.0 1.1 0.0 -9.609 0.05 6.704 1.0]
	ConcatTransform [-0.276116 -0.310871 -0.909461 0.0 0.788045 0.46848 -0.399389 0.0 0.550223 -0.826974 0.115625 0.0 -0.711183 -0.547034 -0.149221 1.0]
280
	ConcatTransform [1.1 0.0 0.0 0.0 0.0 1.1 0.0 0.0 0.0 0.0 1.1 0.0 -9.609 0.05 6.704 1.0]
	ConcatTransform [-0.265543 -0.308466 -0.913419 0.0 0.793432 0.468291 -0.388806 0.0 0.547679 -0.827981 0.120396 0.0 -0.712265 -0.547018 -0.15318 1.0]
281
	ConcatTransform [1.1 0.0 0.0 0.0 0.0 1.1 0.0 0.0 0.0 0.0 1.1 0.0 -9.609 0.05 6.704 1.0]
	ConcatTransform [-0.258424 -0.306931 -0.915975 0.0 0.797299 0.46762 -0.381635 0.0 0.545464 -0.82893 0.123871 0.0 -0.713004 -0.547009 -0.155683 1.0]
282
	ConcatTransform [1.1 0.0 0.0 0.0 0.0 1.1 0.0 0.0 0.0 0.0 1.1 0.0 -9.609 0.05 6.704 1.0]
	ConcatTransform [-0.248161 -0.303187 -0.920051 0.0 0.803525 0.466063 -0.370314 0.0 0.541076 -0.831182 0.127959 0.0 -0.714097 -0.546983 -0.159179 1.0]
283
	ConcatTransform [1.1 0.0 0.0 0.0 0.0 1.1 0.0 0.0 0.0 0.0 1.1 0.0 -9.609 0.05 6.704 1.0]
	ConcatTransform [-0.241053 -0.302328 -0.922221 0.0 0.806921 0.465536 -0.36353 0.0 0.539232 -0.83179 0.131736 0.0 -0.714815 -0.546974 -0.161341 1.0]
284
	ConcatTransform [1.1 0.0 0.0 0.0 0.0 1.1 0.0 0.0 0.0 0.0 1.1 0.0 -9.609 0.05 6.704 1.0]
	ConcatTransform [-0.229799 -0.304203 -0.924474 0.0 0.811009 0.465254 -0.354688 0.0 0.538012 -0.831264 0.139797 0.0 -0.715855 -0.54699 -0.164324 1.0]
285
	ConcatTransform [1.1 0.0 0.0 0.0 0.0 1.1 0.0 0.0 0.0 0.0 1.1 0.0 -9.609 0.05 6.704 1.0]
	ConcatTransform [-0.222515 -0.304563 -0.926136 0.0 0.81401 0.464755 -0.348412 0.0 0.53654 -0.831411 0.144502 0.0 -0.716497 -0.546993 -0.166116 1.0]
286
	ConcatTransform [1.1 0.0 0.0 0.0 0.0 1.1 0.0 0.0 0.0 0.0 1.1 0.0 -9.609 0.05 6.704 1.0]
	ConcatTransform [-0.211811 -0.303674 -0.928934 0.0 0.81878 0.463829 -0.338322 0.0 0.533606 -0.832253 0.150398 0.0 -0.717381 -0.546985 -0.168518 1.0]
287
	ConcatTransform [1.1 0.0 0.0 0.0 0.0 1.1 0.0 0.0 0.0 0.0 1.1 0.0 -9.609 0.05 6.704 1.0]
	ConcatTransform [-0.204372 -0.304404 -0.93036 0.0 0.82148 0.463539 -0.332119 0.0 0.532357 -0.832148 0.155327 0.0 -0.717929 -0.54699 -0.169959 1.0]
288
	ConcatTransform [1.1 0.0 0.0 0.0 0.0 1.1 0.0 0.0 0.0 0.0 1.1 0.0 -9.609 0.05 6.704 1.0]
	ConcatTransform [-0.190284 -0.312343 -0.930717 0.0 0.82397 0.4646 -0.324377 0.0 0.533728 -0.828607 0.168956 0.0 -0.718719 -0.547045 -0.171923 1.0]
289
	ConcatTransform [1.1 0.0 0.0 0.0 0.0 1.1 0.0 0.0 0.0 0.0 1.1 0.0 -9.609 0.05 6.704 1.0]
	ConcatTransform [-0.180456 -0.315503 -0.931608 0.0 0.8268 0.464376 -0.317422 0.0 0.532764 -0.827534 0.177059 0.0 -0.719208 -0.547049 -0.173091 1.0]
290
	ConcatTransform [1.1 0.0 0.0 0.0 0.0 1.1 0.0 0.0 0.0 0.0 1.1 0.0 -9.609 0.05 6.704 1.0]
	ConcatTransform [-0.165978 -0.315297 -0.934366 0.0 0.832388 0.463251 -0.304185 0.0 0.528754 -0.828243 0.18556 0.0 -0.719925 -0.547044 -0.174725 1.0]
291
	ConcatTransform [1.1 0.0 0.0 0.0 0.0 1.1 0.0 0.0 0.0 0.0 1.1 0.0 -9.609 0.05 6.704 1.0]
	ConcatTransform [-0.15607 -0.315091 -0.936141 0.0 0.836156 0.462383 -0.295033 0.0 0.525818 -0.828806 0.191301 0.0 -0.720409 -0.547041 -0.175781 1.0]
292
	ConcatTransform [1.1 0.0 0.0 0.0 0.0 1.1 0.0 0.0 0.0 0.0 1.1 0.0 -9.609 0.05 6.704 1.0]
	ConcatTransform [-0.141094 -0.313717 -0.938975 0.0 0.84142 0.461751 -0.280709 0.0 0.521636 -0.829679 0.198817 0.0 -0.72112 -0.547039 -0.177303 1.0]
293
	ConcatTransform [1.1 0.0 0.0 0.0 0.0 1.1 0.0 0.0 0.0 0.0 1.1 0.0 -9.609 0.05 6.704 1.0]
	ConcatTransform [-0.131474 -0.313308 -0.940507 0.0 0.845023 0.460634 -0.271576 0.0 0.518316 -0.830454 0.204192 0.0 -0.721559 -0.547034 -0.178276 1.0]
294
	ConcatTransform [1.1 0.0 0.0 0.0 0.0 1.1 0.0 0.0 0.0 0.0 1.1 0.0 -9.609 0.05 6.704 1.0]
	ConcatTransform [-0.117605 -0.312416 -0.942638 0.0 0.850115 0.458967 -0.258175 0.0 0.513297 -0.831713 0.211613 0.0 -0.722137 -0.547025 -0.179654 1.0]
295
	ConcatTransform [1.1 0.0 0.0 0.0 0.0 1.1 0.0 0.0 0.0 0.0 1.1 0.0 -9.609 0.05 6.704 1.0]
	ConcatTransform [-0.10825 -0.312441 -0.943749 0.0 0.852961 0.458426 -0.249605 0.0 0.510626 -0.832001 0.216876 0.0 -0.722458 -0.547022 -0.180524 1.0]
296
	ConcatTransform [1.1 0.0 0.0 0.0 0.0 1.1 0.0 0.0 0.0 0.0 1.1 0.0 -9.609 0.05 6.704 1.0]
	ConcatTransform [-0.095426 -0.313297 -0.944849 0.0 0.856865 0.457237 -0.238152 0.0 0.506632 -0.832334 0.224821 0.0 -0.722826 -0.547019 -0.181757 1.0]
297
	ConcatTransform [1.1 0.0 0.0 0.0 0.0 1.1 0.0 0.0 0.0 0.0 1.1 0.0 -9.609 0.05 6.704 1.0]
	ConcatTransform [-0.088053 -0.30789 -0.947339 0.0 0.860332 0.455841 -0.228117 0.0 0.502071 -0.835112 0.22475 0.0 -0.722947 -0.546994 -0.182481 1.0]
298
	ConcatTransform [1.1 0.0 0.0 0.0 0.0 1.1 0.0 0.0 0.0 0.0 1.1 0.0 -9.609 0.05 6.704 1.0]
	ConcatTransform [-0.077492 -0.300205 -0.950722 0.0 0.863117 0.457098 -0.214687 0.0 0.499023 -0.837221 0.223691 0.0 -0.722974 -0.54694 -0.183444 1.0]
299
	ConcatTransform [1.1 0.0 0.0 0.0 0.0 1.1 0.0 0.0 0.0 0.0 1.1 0.0 -9.609 0.05 6.704 1.0]
	ConcatTransform [-0.071729 -0.294769 -0.952873 0.0 0.864653 0.457863 -0.206727 0.0 0.497222 -0.838733 0.222031 0.0 -0.722841 -0.546877 -0.183897 1.0]
300
	ConcatTransform [1.1 0.0 0.0 0.0 0.0 1.1 0.0 0.0 0.0 0.0 1.1 0.0 -9.609 0.05 6.704 1.0]
	ConcatTransform [-0.06596 -0.290354 -0.954643 0.0 0.865867 0.458828 -0.199379 0.0 0.495908 -0.839745 0.221144 0.0 -0.722389 -0.546804 -0.184194 1.0]
301
	ConcatTransform [1.1 0.0 0.0 0.0 0.0 1.1 0.0 0.0 0.0 0.0 1.1 0.0 -9.609 0.05 6.704 1.0]
	ConcatTransform [-0.062096 -0.288015 -0.95561 0.0 0.863773 0.464185 -0.196031 0.0 0.50004 -0.837603 0.219955 0.0 -0.721971 -0.546799 -0.184068 1.0]
302
	ConcatTransform [1.1 0.0 0.0 0.0 0.0 1.1 0.0 0.0 0.0 0.0 1.1 0.0 -9.609 0.05 6.704 1.0]
	ConcatTransform [-0.061087 -0.287325 -0.955883 0.0 0.861456 0.468531 -0.195886 0.0 0.504144 -0.835418 0.218897 0.0 -0.721181 -0.546787 -0.183363 1.0]
303
	ConcatTransform [1.1 0.0 0.0 0.0 0.0 1.1 0.0 0.0 0.0 0.0 1.1 0.0 -9.609 0.05 6.704 1.0]
	ConcatTransform [-0.063605 -0.287614 -0.955632 0.0 0.859664 0.470573 -0.198845 0.0 0.506885 -0.83417 0.21732 0.0 -0.720597 -0.546786 -0.182519 1.0]
304
	ConcatTransform [1.1 0.0 0.0 0.0 0.0 1.1 0.0 0.0 0.0 0.0 1.1 0.0 -9.609 0.05 6.704 1.0]
	ConcatTransform [-0.069823 -0.287848 -0.955127 0.0 0.8571 0.472571 -0.205076 0.0 0.510396 -0.832959 0.213719 0.0 -0.719715 -0.546784 -0.180656 1.0]
305
	ConcatTransform [1.1 0.0 0.0 0.0 0.0 1.1 0.0 0.0 0.0 0.0 1.1 0.0 -9.609 0.05 6.704 1.0]
	ConcatTransform [-0.074301 -0.299296 -0.951263 0.0 0.854565 0.472556 -0.215429 0.0 0.514002 -0.828923 0.220657 0.0 -0.719177 -0.546962 -0.179125 1.0]
306
	ConcatTransform [1.1 0.0 0.0 0.0 0.0 1.1 0.0 0.0 0.0 0.0 1.1 0.0 -9.609 0.05 6.704 1.0]
	ConcatTransform [-0.083965 -0.311412 -0.946558 0.0 0.854852 0.465599 -0.22901 0.0 0.512033 -0.828396 0.227117 0.0 -0.718368 -0.547064 -0.176403 1.0]
307
	ConcatTransform [1.1 0.0 0.0 0.0 0.0 1.1 0.0 0.0 0.0 0.0 1.1 0.0 -9.609 0.05 6.704 1.0]
	ConcatTransform [-0.089348 -0.317798 -0.943939 0.0 0.853519 0.464034 -0.237017 0.0 0.513343 -0.826848 0.229786 0.0 -0.717895 -0.547067 -0.174469 1.0]
308
	ConcatTransform [1.1 0.0 0.0 0.0 0.0 1.1 0.0 0.0 0.0 0.0 1.1 0.0 -9.609 0.05 6.704 1.0]
	ConcatTransform [-0.09737 -0.322726 -0.941471 0.0 0.851508 0.462696 -0.246673 0.0 0.515222 -0.825688 0.229751 0.0 -0.717228 -0.547045 -0.171541 1.0]
309
	ConcatTransform [1.1 0.0 0.0 0.0 0.0 1.1 0.0 0.0 0.0 0.0 1.1 0.0 -9.609 0.05 6.704 1.0]
	ConcatTransform [-0.102587 -0.324451 -0.940323 0.0 0.850038 0.462376 -0.252276 0.0 0.516635 -0.825191 0.228362 0.0 -0.716811 -0.547032 -0.169646 1.0]
310
	ConcatTransform [1.1 0.0 0.0 0.0 0.0 1.1 0.0 0.0 0.0 0.0 1.1 0.0 -9.609 0.05 6.704 1.0]
	ConcatTransform [-0.110255 -0.327138 -0.938522 0.0 0.847575 0.462231 -0.260689 0.0 0.519096 -0.82421 0.226311 0.0 -0.716232 -0.547013 -0.166964 1.0]
311
	ConcatTransform [1.1 0.0 0.0 0.0 0.0 1.1 0.0 0.0 0.0 0.0 1.1 0.0 -9.609 0.05 6.704 1.0]
	ConcatTransform [-0.115511 -0.327688 -0.937698 0.0 0.846116 0.462052 -0.265698 0.0 0.520331 -0.824093 0.22389 0.0 -0.715871 -0.547008 -0.165289 1.0]
312
	ConcatTransform [1.1 0.0 0.0 0.0 0.0 1.1 0.0 0.0 0.0 0.0 1.1 0.0 -9.609 0.05 6.704 1.0]
	ConcatTransform [-0.12364 -0.326594 -0.937043 0.0 0.844239 0.461645 -0.272295 0.0 0.521511 -0.824755 0.218646 0.0 -0.715367 -0.547013 -0.16296 1.0]
313
	ConcatTransform [1.1 0.0 0.0 0.0 0.0 1.1 0.0 0.0 0.0 0.0 1.1 0.0 -9.609 0.05 6.704 1.0]
	ConcatTransform [-0.128918 -0.326447 -0.936382 0.0 0.842763 0.461575 -0.276946 0.0 0.522619 -0.824852 0.215612 0.0 -0.715064 -0.547014 -0.161549 1.0]
314
	ConcatTransform [1.1 0.0 0.0 0.0 0.0 1.1 0.0 0.0 0.0 0.0 1.1 0.0 -9.609 0.05 6.704 1.0]
	ConcatTransform [-0.136617 -0.327219 -0.935021 0.0 0.840198 0.461746 -0.284354 0.0 0.524788 -0.82445 0.211847 0.0 -0.71466 -0.547008 -0.159643 1.0]
315
	ConcatTransform [1.1 0.0 0.0 0.0 0.0 1.1 0.0 0.0 0.0 0.0 1.1 0.0 -9.609 0.05 6.704 1.0]
	ConcatTransform [-0.141901 -0.326759 -0.934394 0.0 0.838682 0.461723 -0.288831 0.0 0.52581 -0.824645 0.208528 0.0 -0.714413 -0.547011 -0.158492 1.0]
316
	ConcatTransform [1.1 0.0 0.0 0.0 0.0 1.1 0.0 0.0 0.0 0.0 1.1 0.0 -9.609 0.05 6.704 1.0]
	ConcatTransform [-0.150056 -0.324873 -0.933778 0.0 0.836697 0.46143 -0.294992 0.0 0.526708 -0.825554 0.20258 0.0 -0.714073 -0.54702 -0.156937 1.0]
317
	ConcatTransform [1.1 0.0 0.0 0.0 0.0 1.1 0.0 0.0 0.0 0.0 1.1 0.0 -9.609 0.05 6.704 1.0]
	ConcatTransform [-0.15417 -0.323831 -0.933469 0.0 0.834956 0.46244 -0.298325 0.0 0.528281 -0.825398 0.199091 0.0 -0.713883 -0.547025 -0.156002 1.0]
318
	ConcatTransform [1.1 0.0 0.0 0.0 0.0 1.1 0.0 0.0 0.0 0.0 1.1 0.0 -9.609 0.05 6.704 1.0]
	ConcatTransform [-0.158071 -0.323741 -0.932848 0.0 0.833212 0.463232 -0.30195 0.0 0.529879 -0.824989 0.196521 0.0 -0.713645 -0.547023 -0.154722 1.0]
319
	ConcatTransform [1.1 0.0 0.0 0.0 0.0 1.1 0.0 0.0 0.0 0.0 1.1 0.0 -9.609 0.05 6.704 1.0]
	ConcatTransform [-0.159538 -0.323087 -0.932825 0.0 0.832704 0.463494 -0.302947 0.0 0.530237 -0.825099 0.195091 0.0 -0.713519 -0.547025 -0.153924 1.0]
320
	ConcatTransform [1.1 0.0 0.0 0.0 0.0 1.1 0.0 0.0 0.0 0.0 1.1 0.0 -9.609 0.05 6.704 1.0]
	ConcatTransform [-0.160148 -0.321614 -0.933229 0.0 0.832801 0.463512 -0.302652 0.0 0.5299 -0.825664 0.19361 0.0 -0.713378 -0.54703 -0.152799 1.0]
321
	ConcatTransform [1.1 0.0 0.0 0.0 0.0 1.1 0.0 0.0 0.0 0.0 1.1 0.0 -9.609 0.05 6.704 1.0]
	ConcatTransform [-0.159131 -0.32128 -0.933518 0.0 0.833117 0.463641 -0.301583 0.0 0.52971 -0.825722 0.193884 0.0 -0.713324 -0.54703 -0.152097 1.0]
322
	ConcatTransform [1.1 0.0 0.0 0.0 0.0 1.1 0.0 0.0 0.0 0.0 1.1 0.0 -9.609 0.05 6.704 1.0]
	ConcatTransform [-0.15581 -0.321531 -0.933992 0.0 0.834057 0.46376 -0.29879 0.0 0.529219 -0.825557 0.195917 0.0 -0.713302 -0.547029 -0.151107 1.0]
323
	ConcatTransform [1.1 0.0 0.0 0.0 0.0 1.1 0.0 0.0 0.0 0.0 1.1 0.0 -9.609 0.05 6.704 1.0]
	ConcatTransform [-0.152733 -0.321415 -0.93454 0.0 0.835184 0.463566 -0.295928 0.0 0.528337 -0.825711 0.197639 0.0 -0.713316 -0.547029 -0.150484 1.0]
324
	ConcatTransform [1.1 0.0 0.0 0.0 0.0 1.1 0.0 0.0 0.0 0.0 1.1 0.0 -9.609 0.05 6.704 1.0]
	ConcatTransform [-0.14676 -0.321315 -0.935531 0.0 0.837319 0.463187 -0.290438 0.0 0.526648 -0.825963 0.201065 0.0 -0.71338 -0.54703 -0.149608 1.0]
325
	ConcatTransform [1.1 0.0 0.0 0.0 0.0 1.1 0.0 0.0 0.0 0.0 1.1 0.0 -9.609 0.05 6.704 1.0]
	ConcatTransform [-0.142688 -0.321799 -0.935994 0.0 0.839406 0.461731 -0.286708 0.0 0.52444 -0.826589 0.204237 0.0 -0.713439 -0.547029 -0.149076 1.0]
326
	ConcatTransform [1.1 0.0 0.0 0.0 0.0 1.1 0.0 0.0 0.0 0.0 1.1 0.0 -9.609 0.05 6.704 1.0]
	ConcatTransform [-0.136011 -0.322316 -0.93681 0.0 0.841985 0.460696 -0.28075 0.0 0.522075 -0.826965 0.208725 0.0 -0.71355 -0.547028 -0.148364 1.0]
327
	ConcatTransform [1.1 0.0 0.0 0.0 0.0 1.1 0.0 0.0 0.0 0.0 1.1 0.0 -9.609 0.05 6.704 1.0]
	ConcatTransform [-0.131451 -0.321727 -0.937663 0.0 0.843389 0.460793 -0.27634 0.0 0.520975 -0.827141 0.210769 0.0 -0.713623 -0.547029 -0.147946 1.0]
328
	ConcatTransform [1.1 0.0 0.0 0.0 0.0 1.1 0.0 0.0 0.0 0.0 1.1 0.0 -9.609 0.05 6.704 1.0]
	ConcatTransform [-0.124976 -0.320013 -0.939134 0.0 0.845613 0.46075 -0.269533 0.0 0.51896 -0.827829 0.213025 0.0 -0.713714 -0.547033 -0.147401 1.0]
329
	ConcatTransform [1.1 0.0 0.0 0.0 0.0 1.1 0.0 0.0 0.0 0.0 1.1 0.0 -9.609 0.05 6.704 1.0]
	ConcatTransform [-0.121389 -0.319635 -0.939733 0.0 0.847195 0.459963 -0.265885 0.0 0.517228 -0.828413 0.214959 0.0 -0.713758 -0.547032 -0.147094 1.0]
330
	ConcatTransform [1.1 0.0 0.0 0.0 0.0 1.1 0.0 0.0 0.0 0.0 1.1 0.0 -9.609 0.05 6.704 1.0]
	ConcatTransform [-0.115932 -0.3194 -0.940502 0.0 0.848517 0.460361 -0.260935 0.0 0.516313 -0.828282 0.217646 0.0 -0.713804 -0.547033 -0.146694 1.0]
331
	ConcatTransform [1.1 0.0 0.0 0.0 0.0 1.1 0.0 0.0 0.0 0.0 1.1 0.0 -9.609 0.05 6.704 1.0]
	ConcatTransform [-0.11246 -0.319346 -0.940941 0.0 0.849483 0.460362 -0.257772 0.0 0.515492 -0.828302 0.219507 0.0 -0.713803 -0.547033 -0.146462 1.0]
332
	ConcatTransform [1.1 0.0 0.0 0.0 0.0 1.1 0.0 0.0 0.0 0.0 1.1 0.0 -9.609 0.05 6.704 1.0]
	ConcatTransform [-0.107658 -0.318804 -0.941687 0.0 0.851096 0.460009 -0.253035 0.0 0.513853 -0.828707 0.221809 0.0 -0.713759 -0.547032 -0.146155 1.0]
333
	ConcatTransform [1.1 0.0 0.0 0.0 0.0 1.1 0.0 0.0 0.0 0.0 1.1 0.0 -9.609 0.05 6.704 1.0]
	ConcatTransform [-0.104488 -0.318673 -0.942088 0.0 0.851924 0.460076 -0.250114 0.0 0.513136 -0.828721 0.223413 0.0 -0.713703 -0.547032 -0.145978 1.0]
334
	ConcatTransform [1.1 0.0 0.0 0.0 0.0 1.1 0.0 0.0 0.0 0.0 1.1 0.0 -9.609 0.05 6.704 1.0]
	ConcatTransform [-0.099535 -0.31859 -0.942652 0.0 0.85266 0.461012 -0.245842 0.0 0.512897 -0.828232 0.225762 0.0 -0.713586 -0.547034 -0.145749 1.0]
335
	ConcatTransform [1.1 0.0 0.0 0.0 0.0 1.1 0.0 0.0 0.0 0.0 1.1 0.0 -9.609 0.05 6.704 1.0]
	ConcatTransform [-0.096376 -0.318478 -0.943018 0.0 0.853232 0.46144 -0.243038 0.0 0.512549 -0.828036 0.227264 0.0 -0.713484 -0.547034 -0.145617 1.0]
336
	ConcatTransform [1.1 0.0 0.0 0.0 0.0 1.1 0.0 0.0 0.0 0.0 1.1 0.0 -9.609 0.05 6.704 1.0]
	ConcatTransform [-0.091777 -0.318266 -0.943548 0.0 0.854172 0.461874 -0.238877 0.0 0.511827 -0.827876 0.229465 0.0 -0.713307 -0.547034 -0.145444 1.0]
337
	ConcatTransform [1.1 0.0 0.0 0.0 0.0 1.1 0.0 0.0 0.0 0.0 1.1 0.0 -9.609 0.05 6.704 1.0]
	ConcatTransform [-0.088712 -0.318181 -0.94387 0.0 0.854747 0.462213 -0.236149 0.0 0.511407 -0.82772 0.23096 0.0 -0.713182 -0.547035 -0.145346 1.0]
338
	ConcatTransform [1.1 0.0 0.0 0.0 0.0 1.1 0.0 0.0 0.0 0.0 1.1 0.0 -9.609 0.05 6.704 1.0]
	ConcatTransform [-0.084189 -0.318153 -0.944294 0.0 0.855656 0.462564 -0.232135 0.0 0.510651 -0.827534 0.233287 0.0 -0.71299 -0.547035 -0.14522 1.0]
339
	ConcatTransform [1.1 0.0 0.0 0.0 0.0 1.1 0.0 0.0 0.0 0.0 1.1 0.0 -9.609 0.05 6.704 1.0]
	ConcatTransform [-0.081215 -0.318094 -0.944574 0.0 0.856292 0.462727 -0.229452 0.0 0.510067 -0.827466 0.234801 0.0 -0.712862 -0.547035 -0.145147 1.0]
340
	ConcatTransform [1.1 0.0 0.0 0.0 0.0 1.1 0.0 0.0 0.0 0.0 1.1 0.0 -9.609 0.05 6.704 1.0]
	ConcatTransform [-0.076777 -0.317812 -0.94504 0.0 0.85725 0.462974 -0.22534 0.0 0.509145 -0.827436 0.236898 0.0 -0.712677 -0.547035 -0.145051 1.0]
341
	ConcatTransform [1.1 0.0 0.0 0.0 0.0 1.1 0.0 0.0 0.0 0.0 1.1 0.0 -9.609 0.05 6.704 1.0]
	ConcatTransform [-0.07384 -0.317776 -0.945286 0.0 0.8579 0.463056 -0.22268 0.0 0.508483 -0.827404 0.238428 0.0 -0.712559 -0.547035 -0.144997 1.0]
342
	ConcatTransform [1.1 0.0 0.0 0.0 0.0 1.1 0.0 0.0 0.0 0.0 1.1 0.0 -9.609 0.05 6.704 1.0]
	ConcatTransform [-0.069479 -0.317799 -0.945609 0.0 0.858914 0.463058 -0.218733 0.0 0.507385 -0.827394 0.24079 0.0 -0.712392 -0.547035 -0.144927 1.0]
343
	ConcatTransform [1.1 0.0 0.0 0.0 0.0 1.1 0.0 0.0 0.0 0.0 1.1 0.0 -9.609 0.05 6.704 1.0]
	ConcatTransform [-0.066573 -0.317718 -0.945845 0.0 0.859582 0.463077 -0.216053 0.0 0.506643 -0.827415 0.242276 0.0 -0.712289 -0.547035 -0.144886 1.0]
344
	ConcatTransform [1.1 0.0 0.0 0.0 0.0 1.1 0.0 0.0 0.0 0.0 1.1 0.0 -9.609 0.05 6.704 1.0]
	ConcatTransform [-0.062186 -0.317591 -0.946187 0.0 0.860531 0.463177 -0.212023 0.0 0.505588 -0.827408 0.244494 0.0 -0.712148 -0.547035 -0.144832 1.0]
345
	ConcatTransform [1.1 0.0 0.0 0.0 0.0 1.1 0.0 0.0 0.0 0.0 1.1 0.0 -9.609 0.05 6.704 1.0]
	ConcatTransform [-0.059283 -0.317568 -0.94638 0.0 0.861184 0.46317 -0.209368 0.0 0.504824 -0.82742 0.246027 0.0 -0.712062 -0.547035 -0.144801 1.0]
346
	ConcatTransform [1.1 0.0 0.0 0.0 0.0 1.1 0.0 0.0 0.0 0.0 1.1 0.0 -9.609 0.05 6.704 1.0]
	ConcatTransform [-0.054957 -0.317593 -0.946633 0.0 0.862187 0.463075 -0.205414 0.0 0.5036 -0.827464 0.248375 0.0 -0.711944 -0.547035 -0.144761 1.0]
347
	ConcatTransform [1.1 0.0 0.0 0.0 0.0 1.1 0.0 0.0 0.0 0.0 1.1 0.0 -9.609 0.05 6.704 1.0]
	ConcatTransform [-0.052064 -0.317593 -0.946797 0.0 0.862835 0.463034 -0.202767 0.0 0.502797 -0.827487 0.249923 0.0 -0.711874 -0.547035 -0.144738 1.0]
348
	ConcatTransform [1.1 0.0 0.0 0.0 0.0 1.1 0.0 0.0 0.0 0.0 1.1 0.0 -9.609 0.05 6.704 1.0]
	ConcatTransform [-0.047684 -0.317459 -0.947072 0.0 0.863739 0.463104 -0.198721 0.0 0.501679 -0.827499 0.252119 0.0 -0.711781 -0.547035 -0.144708 1.0]
349
	ConcatTransform [1.1 0.0 0.0 0.0 0.0 1.1 0.0 0.0 0.0 0.0 1.1 0.0 -9.609 0.05 6.704 1.0]
	ConcatTransform [-0.044787 -0.317448 -0.947217 0.0 0.864362 0.463074 -0.196063 0.0 0.500871 -0.82752 0.253651 0.0 -0.711725 -0.547035 -0.144691 1.0]
350
	ConcatTransform [1.1 0.0 0.0 0.0 0.0 1.1 0.0 0.0 0.0 0.0 1.1 0.0 -9.609 0.05 6.704 1.0]
	ConcatTransform [-0.040467 -0.317477 -0.947402 0.0 0.865319 0.46295 -0.192097 0.0 0.499586 -0.827578 0.255984 0.0 -0.711649 -0.547035 -0.14467 1.0]
351
	ConcatTransform [1.1 0.0 0.0 0.0 0.0 1.1 0.0 0.0 0.0 0.0 1.1 0.0 -9.609 0.05 6.704 1.0]
	ConcatTransform [-0.037559 -0.31746 -0.947527 0.0 0.865907 0.462948 -0.18943 0.0 0.498792 -0.827586 0.257504 0.0 -0.711605 -0.547035 -0.144658 1.0]
352
	ConcatTransform [1.1 0.0 0.0 0.0 0.0 1.1 0.0 0.0 0.0 0.0 1.1 0.0 -9.609 0.05 6.704 1.0]
	ConcatTransform [-0.033206 -0.317362 -0.947723 0.0 0.866791 0.462929 -0.185391 0.0 0.497564 -0.827634 0.259715 0.0 -0.711547 -0.547035 -0.144643 1.0]
353
	ConcatTransform [1.1 0.0 0.0 0.0 0.0 1.1 0.0 0.0 0.0 0.0 1.1 0.0 -9.609 0.05 6.704 1.0]
	ConcatTransform [-0.030293 -0.31733 -0.947831 0.0 0.867355 0.462939 -0.182711 0.0 0.496768 -0.827641 0.261214 0.0 -0.711513 -0.547035 -0.144635 1.0]
354
	ConcatTransform [1.1 0.0 0.0 0.0 0.0 1.1 0.0 0.0 0.0 0.0 1.1 0.0 -9.609 0.05 6.704 1.0]
	ConcatTransform [-0.025956 -0.317311 -0.947966 0.0 0.86823 0.462862 -0.178706 0.0 0.495483 -0.827691 0.263485 0.0 -0.711467 -0.547035 -0.144624 1.0]
355
	ConcatTransform [1.1 0.0 0.0 0.0 0.0 1.1 0.0 0.0 0.0 0.0 1.1 0.0 -9.609 0.05 6.704 1.0]
	ConcatTransform [-0.023026 -0.31729 -0.948049 0.0 0.868751 0.46291 -0.176026 0.0 0.494713 -0.827672 0.264987 0.0 -0.711441 -0.547035 -0.144618 1.0]
356
	ConcatTransform [1.1 0.0 0.0 0.0 0.0 1.1 0.0 0.0 0.0 0.0 1.1 0.0 -9.609 0.05 6.704 1.0]
	ConcatTransform [-0.018675 -0.31734 -0.948128 0.0 0.869577 0.462856 -0.172047 0.0 0.493444 -0.827683 0.267308 0.0 -0.711406 -0.547035 -0.144609 1.0]
357
	ConcatTransform [1.1 0.0 0.0 0.0 0.0 1.1 0.0 0.0 0.0 0.0 1.1 0.0 -9.609 0.05 6.704 1.0]
	ConcatTransform [-0.015774 -0.317307 -0.948192 0.0 0.870118 0.46283 -0.169359 0.0 0.492591 -0.82771 0.268794 0.0 -0.711385 -0.547035 -0.144603 1.0]
358
	ConcatTransform [1.1 0.0 0.0 0.0 0.0 1.1 0.0 0.0 0.0 0.0 1.1 0.0 -9.609 0.05 6.704 1.0]
	ConcatTransform [-0.011408 -0.317301 -0.948256 0.0 0.870893 0.462824 -0.165345 0.0 0.49134 -0.827716 0.271056 0.0 -0.71136 -0.547035 -0.144596 1.0]
359
	ConcatTransform [1.1 0.0 0.0 0.0 0.0 1.1 0.0 0.0 0.0 0.0 1.1 0.0 -9.609 0.05 6.704 1.0]
	ConcatTransform [-0.008498 -0.317295 -0.948289 0.0 0.871401 0.462817 -0.162666 0.0 0.490497 -0.827722 0.272559 0.0 -0.711345 -0.547035 -0.144591 1.0]
360
	ConcatTransform [1.1 0.0 0.0 0.0 0.0 1.1 0.0 0.0 0.0 0.0 1.1 0.0 -9.609 0.05 6.704 1.0]
	ConcatTransform [-0.17396 -0.291497 -0.940621 0.0 0.219835 -0.942575 0.251445 0.0 -0.959901 -0.16304 0.228052 0.0 -5.047739 -127.219856 1.598146 1.0]
