228
	ConcatTransform [1.1 0.0 0.0 0.0 0.0 1.1 0.0 0.0 0.0 0.0 1.1 0.0 -9.609 0.05 6.704 1.0]
	ConcatTransform [0.995201 0.061157 -0.076383 0.0 -0.061591 0.998096 -0.003343 0.0 0.076033 0.008031 0.997073 0.0 0.005386 -0.01254 -0.032987 1.0]
229
	ConcatTransform [1.1 0.0 0.0 0.0 0.0 1.1 0.0 0.0 0.0 0.0 1.1 0.0 -9.609 0.05 6.704 1.0]
	ConcatTransform [0.985192 0.124798 -0.117571 0.0 -0.122375 0.992099 0.027636 0.0 0.120091 -0.012839 0.99268 0.0 0.010446 -0.032173 -0.064808 1.0]
230
	ConcatTransform [1.1 0.0 0.0 0.0 0.0 1.1 0.0 0.0 0.0 0.0 1.1 0.0 -9.609 0.05 6.704 1.0]
	ConcatTransform [0.964402 0.219587 -0.147346 0.0 -0.209014 0.974302 0.083954 0.0 0.161995 -0.050168 0.985515 0.0 0.018394 -0.080052 -0.112998 1.0]
231
	ConcatTransform [1.1 0.0 0.0 0.0 0.0 1.1 0.0 0.0 0.0 0.0 1.1 0.0 -9.609 0.05 6.704 1.0]
	ConcatTransform [0.948131 0.286272 -0.138189 0.0 -0.267237 0.953233 0.141178 0.0 0.172141 -0.096926 0.980292 0.0 0.023963 -0.124041 -0.145063 1.0]
232
	ConcatTransform [1.1 0.0 0.0 0.0 0.0 1.1 0.0 0.0 0.0 0.0 1.1 0.0 -9.609 0.05 6.704 1.0]
	ConcatTransform [0.918005 0.384015 -0.098994 0.0 -0.351363 0.903354 0.245959 0.0 0.183879 -0.191009 0.964212 0.0 0.032452 -0.208287 -0.192964 1.0]
233
	ConcatTransform [1.1 0.0 0.0 0.0 0.0 1.1 0.0 0.0 0.0 0.0 1.1 0.0 -9.609 0.05 6.704 1.0]
	ConcatTransform [0.894841 0.443307 -0.05233 0.0 -0.404293 0.854569 0.325972 0.0 0.189225 -0.270537 0.94393 0.0 0.03821 -0.276623 -0.224817 1.0]
234
	ConcatTransform [1.1 0.0 0.0 0.0 0.0 1.1 0.0 0.0 0.0 0.0 1.1 0.0 -9.609 0.05 6.704 1.0]
	ConcatTransform [0.848977 0.526132 0.049229 0.0 -0.482196 0.733221 0.479452 0.0 0.21616 -0.430782 0.876186 0.0 0.046729 -0.39649 -0.273414 1.0]
235
	ConcatTransform [1.1 0.0 0.0 0.0 0.0 1.1 0.0 0.0 0.0 0.0 1.1 0.0 -9.609 0.05 6.704 1.0]
	ConcatTransform [0.814176 0.565583 0.131273 0.0 -0.529266 0.629985 0.568327 0.0 0.238736 -0.532197 0.812263 0.0 0.052441 -0.488431 -0.30629 1.0]
236
	ConcatTransform [1.1 0.0 0.0 0.0 0.0 1.1 0.0 0.0 0.0 0.0 1.1 0.0 -9.609 0.05 6.704 1.0]
	ConcatTransform [0.780986 0.509858 0.360701 0.0 -0.597411 0.441473 0.669478 0.0 0.182099 -0.73834 0.649379 0.0 0.06088 -0.635017 -0.364005 1.0]
237
	ConcatTransform [1.1 0.0 0.0 0.0 0.0 1.1 0.0 0.0 0.0 0.0 1.1 0.0 -9.609 0.05 6.704 1.0]
	ConcatTransform [0.754967 0.392135 0.5256 0.0 -0.632333 0.222995 0.741908 0.0 0.173722 -0.89247 0.416314 0.0 0.0645 -0.730702 -0.410113 1.0]
238
	ConcatTransform [1.1 0.0 0.0 0.0 0.0 1.1 0.0 0.0 0.0 0.0 1.1 0.0 -9.609 0.05 6.704 1.0]
	ConcatTransform [0.753337 0.352256 0.555337 0.0 -0.630844 0.148509 0.761565 0.0 0.185793 -0.924046 0.334096 0.0 0.057094 -0.733835 -0.520404 1.0]
239
	ConcatTransform [1.1 0.0 0.0 0.0 0.0 1.1 0.0 0.0 0.0 0.0 1.1 0.0 -9.609 0.05 6.704 1.0]
	ConcatTransform [0.772057 0.268119 0.576229 0.0 -0.614594 0.084046 0.784354 0.0 0.16187 -0.959713 0.229672 0.0 0.051505 -0.737984 -0.594722 1.0]
240
	ConcatTransform [1.1 0.0 0.0 0.0 0.0 1.1 0.0 0.0 0.0 0.0 1.1 0.0 -9.609 0.05 6.704 1.0]
	ConcatTransform [0.790214 0.162072 0.591011 0.0 -0.595406 -0.025294 0.803027 0.0 0.145097 -0.986455 0.076511 0.0 0.041467 -0.731345 -0.707097 1.0]
241
	ConcatTransform [1.1 0.0 0.0 0.0 0.0 1.1 0.0 0.0 0.0 0.0 1.1 0.0 -9.609 0.05 6.704 1.0]
	ConcatTransform [0.800997 0.105501 0.589299 0.0 -0.58364 -0.081558 0.807906 0.0 0.133297 -0.991069 -0.003754 0.0 0.034238 -0.721288 -0.780719 1.0]
242
	ConcatTransform [1.1 0.0 0.0 0.0 0.0 1.1 0.0 0.0 0.0 0.0 1.1 0.0 -9.609 0.05 6.704 1.0]
	ConcatTransform [0.807896 0.066671 0.585542 0.0 -0.570395 -0.161341 0.805368 0.0 0.148167 -0.984644 -0.092318 0.0 0.02272 -0.704833 -0.887472 1.0]
243
	ConcatTransform [1.1 0.0 0.0 0.0 0.0 1.1 0.0 0.0 0.0 0.0 1.1 0.0 -9.609 0.05 6.704 1.0]
	ConcatTransform [0.81609 0.038965 0.57661 0.0 -0.559543 -0.196365 0.805203 0.0 0.144601 -0.979756 -0.138449 0.0 0.015158 -0.694649 -0.955553 1.0]
244
	ConcatTransform [1.1 0.0 0.0 0.0 0.0 1.1 0.0 0.0 0.0 0.0 1.1 0.0 -9.609 0.05 6.704 1.0]
	ConcatTransform [0.836509 -0.015379 0.547738 0.0 -0.537393 -0.218329 0.81458 0.0 0.10706 -0.975754 -0.190899 0.0 0.004315 -0.68188 -1.052291 1.0]
245
	ConcatTransform [1.1 0.0 0.0 0.0 0.0 1.1 0.0 0.0 0.0 0.0 1.1 0.0 -9.609 0.05 6.704 1.0]
	ConcatTransform [0.844999 -0.029697 0.533942 0.0 -0.525064 -0.235418 0.817855 0.0 0.101411 -0.971441 -0.214521 0.0 -0.002995 -0.675538 -1.112871 1.0]
246
	ConcatTransform [1.1 0.0 0.0 0.0 0.0 1.1 0.0 0.0 0.0 0.0 1.1 0.0 -9.609 0.05 6.704 1.0]
	ConcatTransform [0.849391 -0.015998 0.527522 0.0 -0.51189 -0.268278 0.816085 0.0 0.128467 -0.963209 -0.236062 0.0 -0.014003 -0.66986 -1.197511 1.0]
247
	ConcatTransform [1.1 0.0 0.0 0.0 0.0 1.1 0.0 0.0 0.0 0.0 1.1 0.0 -9.609 0.05 6.704 1.0]
	ConcatTransform [0.85767 -0.017264 0.513911 0.0 -0.498661 -0.271776 0.823089 0.0 0.125459 -0.962206 -0.241703 0.0 -0.020725 -0.668701 -1.249662 1.0]
248
	ConcatTransform [1.1 0.0 0.0 0.0 0.0 1.1 0.0 0.0 0.0 0.0 1.1 0.0 -9.609 0.05 6.704 1.0]
	ConcatTransform [0.87782 -0.037521 0.47752 0.0 -0.471001 -0.248956 0.846274 0.0 0.087128 -0.967788 -0.236211 0.0 -0.029718 -0.670711 -1.321318 1.0]
249
	ConcatTransform [1.1 0.0 0.0 0.0 0.0 1.1 0.0 0.0 0.0 0.0 1.1 0.0 -9.609 0.05 6.704 1.0]
	ConcatTransform [0.885644 -0.02858 0.463484 0.0 -0.4562 -0.239884 0.856935 0.0 0.086691 -0.970381 -0.22549 0.0 -0.035505 -0.674331 -1.364624 1.0]
250
	ConcatTransform [1.1 0.0 0.0 0.0 0.0 1.1 0.0 0.0 0.0 0.0 1.1 0.0 -9.609 0.05 6.704 1.0]
	ConcatTransform [0.88934 0.019203 0.456843 0.0 -0.439892 -0.236716 0.866291 0.0 0.124777 -0.971389 -0.202074 0.0 -0.043776 -0.682385 -1.422839 1.0]
251
	ConcatTransform [1.1 0.0 0.0 0.0 0.0 1.1 0.0 0.0 0.0 0.0 1.1 0.0 -9.609 0.05 6.704 1.0]
	ConcatTransform [0.896562 0.036572 0.441406 0.0 -0.423978 -0.217455 0.879179 0.0 0.12814 -0.975385 -0.179456 0.0 -0.048373 -0.688787 -1.457233 1.0]
252
	ConcatTransform [1.1 0.0 0.0 0.0 0.0 1.1 0.0 0.0 0.0 0.0 1.1 0.0 -9.609 0.05 6.704 1.0]
	ConcatTransform [0.913464 0.039064 0.40504 0.0 -0.393742 -0.166408 0.904033 0.0 0.102717 -0.985283 -0.136626 0.0 -0.053889 -0.698628 -1.502412 1.0]
253
	ConcatTransform [1.1 0.0 0.0 0.0 0.0 1.1 0.0 0.0 0.0 0.0 1.1 0.0 -9.609 0.05 6.704 1.0]
	ConcatTransform [0.919037 0.060471 0.389504 0.0 -0.378132 -0.143751 0.914523 0.0 0.111294 -0.987765 -0.109247 0.0 -0.057225 -0.704613 -1.528395 1.0]
254
	ConcatTransform [1.1 0.0 0.0 0.0 0.0 1.1 0.0 0.0 0.0 0.0 1.1 0.0 -9.609 0.05 6.704 1.0]
	ConcatTransform [0.920495 0.11409 0.373728 0.0 -0.35975 -0.125934 0.924511 0.0 0.152542 -0.985456 -0.074878 0.0 -0.061689 -0.711652 -1.561714 1.0]
255
	ConcatTransform [1.1 0.0 0.0 0.0 0.0 1.1 0.0 0.0 0.0 0.0 1.1 0.0 -9.609 0.05 6.704 1.0]
	ConcatTransform [0.92515 0.130354 0.356518 0.0 -0.344389 -0.10682 0.93273 0.0 0.159669 -0.985696 -0.053932 0.0 -0.063927 -0.714922 -1.580677 1.0]
256
	ConcatTransform [1.1 0.0 0.0 0.0 0.0 1.1 0.0 0.0 0.0 0.0 1.1 0.0 -9.609 0.05 6.704 1.0]
	ConcatTransform [0.93539 0.134933 0.326862 0.0 -0.319257 -0.075216 0.944678 0.0 0.152053 -0.987996 -0.027278 0.0 -0.066531 -0.718292 -1.605051 1.0]
257
	ConcatTransform [1.1 0.0 0.0 0.0 0.0 1.1 0.0 0.0 0.0 0.0 1.1 0.0 -9.609 0.05 6.704 1.0]
	ConcatTransform [0.938629 0.148207 0.311464 0.0 -0.305096 -0.064508 0.950134 0.0 0.160908 -0.98685 -0.015332 0.0 -0.068202 -0.719721 -1.618898 1.0]
258
	ConcatTransform [1.1 0.0 0.0 0.0 0.0 1.1 0.0 0.0 0.0 0.0 1.1 0.0 -9.609 0.05 6.704 1.0]
	ConcatTransform [0.940315 0.175867 0.291339 0.0 -0.285668 -0.057317 0.956613 0.0 0.184935 -0.982744 -0.003656 0.0 -0.070648 -0.721004 -1.636602 1.0]
259
	ConcatTransform [1.1 0.0 0.0 0.0 0.0 1.1 0.0 0.0 0.0 0.0 1.1 0.0 -9.609 0.05 6.704 1.0]
	ConcatTransform [0.943689 0.183371 0.275367 0.0 -0.27112 -0.048347 0.961331 0.0 0.189593 -0.981854 0.004091 0.0 -0.072087 -0.721771 -1.646686 1.0]
260
	ConcatTransform [1.1 0.0 0.0 0.0 0.0 1.1 0.0 0.0 0.0 0.0 1.1 0.0 -9.609 0.05 6.704 1.0]
	ConcatTransform [0.950892 0.183891 0.248976 0.0 -0.247745 -0.030018 0.96836 0.0 0.185547 -0.982488 0.017015 0.0 -0.074126 -0.723011 -1.659559 1.0]
261
	ConcatTransform [1.1 0.0 0.0 0.0 0.0 1.1 0.0 0.0 0.0 0.0 1.1 0.0 -9.609 0.05 6.704 1.0]
	ConcatTransform [0.953929 0.189075 0.23296 0.0 -0.233065 -0.021997 0.972212 0.0 0.188946 -0.981716 0.023083 0.0 -0.075613 -0.72355 -1.6667 1.0]
262
	ConcatTransform [1.1 0.0 0.0 0.0 0.0 1.1 0.0 0.0 0.0 0.0 1.1 0.0 -9.609 0.05 6.704 1.0]
	ConcatTransform [0.956815 0.200525 0.210462 0.0 -0.211823 -0.014895 0.977194 0.0 0.199087 -0.979575 0.028224 0.0 -0.078019 -0.723999 -1.675508 1.0]
263
	ConcatTransform [1.1 0.0 0.0 0.0 0.0 1.1 0.0 0.0 0.0 0.0 1.1 0.0 -9.609 0.05 6.704 1.0]
	ConcatTransform [0.959948 0.202192 0.193955 0.0 -0.196694 -0.006656 0.980442 0.0 0.199528 -0.979323 0.033381 0.0 -0.079621 -0.72443 -1.680333 1.0]
264
	ConcatTransform [1.1 0.0 0.0 0.0 0.0 1.1 0.0 0.0 0.0 0.0 1.1 0.0 -9.609 0.05 6.704 1.0]
	ConcatTransform [0.965571 0.198909 0.167654 0.0 -0.172996 0.009658 0.984875 0.0 0.194282 -0.97997 0.043736 0.0 -0.082048 -0.72516 -1.6862 1.0]
265
	ConcatTransform [1.1 0.0 0.0 0.0 0.0 1.1 0.0 0.0 0.0 0.0 1.1 0.0 -9.609 0.05 6.704 1.0]
	ConcatTransform [0.968145 0.199549 0.151248 0.0 -0.157761 0.017059 0.98733 0.0 0.19444 -0.979739 0.047996 0.0 -0.08376 -0.725431 -1.689242 1.0]
266
	ConcatTransform [1.1 0.0 0.0 0.0 0.0 1.1 0.0 0.0 0.0 0.0 1.1 0.0 -9.609 0.05 6.704 1.0]
	ConcatTransform [0.970768 0.203141 0.127843 0.0 -0.13549 0.024134 0.990485 0.0 0.198123 -0.978852 0.050952 0.0 -0.086396 -0.725652 -1.692718 1.0]
267
	ConcatTransform [1.1 0.0 0.0 0.0 0.0 1.1 0.0 0.0 0.0 0.0 1.1 0.0 -9.609 0.05 6.704 1.0]
	ConcatTransform [0.972892 0.202593 0.111521 0.0 -0.120142 0.030724 0.992281 0.0 0.197603 -0.978781 0.054231 0.0 -0.088108 -0.725829 -1.694468 1.0]
268
	ConcatTransform [1.1 0.0 0.0 0.0 0.0 1.1 0.0 0.0 0.0 0.0 1.1 0.0 -9.609 0.05 6.704 1.0]
	ConcatTransform [0.976104 0.199273 0.086668 0.0 -0.096752 0.041417 0.994446 0.0 0.194577 -0.979068 0.059707 0.0 -0.090595 -0.726047 -1.696385 1.0]
269
	ConcatTransform [1.1 0.0 0.0 0.0 0.0 1.1 0.0 0.0 0.0 0.0 1.1 0.0 -9.609 0.05 6.704 1.0]
	ConcatTransform [0.977422 0.199047 0.070904 0.0 -0.08158 0.045946 0.995607 0.0 0.194915 -0.978912 0.061147 0.0 -0.092223 -0.726115 -1.697239 1.0]
270
	ConcatTransform [1.1 0.0 0.0 0.0 0.0 1.1 0.0 0.0 0.0 0.0 1.1 0.0 -9.609 0.05 6.704 1.0]
	ConcatTransform [0.978498 0.20061 0.047936 0.0 -0.059199 0.050522 0.996967 0.0 0.197579 -0.978368 0.061312 0.0 -0.094575 -0.726174 -1.698031 1.0]
271
	ConcatTransform [1.1 0.0 0.0 0.0 0.0 1.1 0.0 0.0 0.0 0.0 1.1 0.0 -9.609 0.05 6.704 1.0]
	ConcatTransform [0.979194 0.200313 0.032461 0.0 -0.044102 0.053929 0.99757 0.0 0.198076 -0.978247 0.061641 0.0 -0.096036 -0.726206 -1.698313 1.0]
272
	ConcatTransform [1.1 0.0 0.0 0.0 0.0 1.1 0.0 0.0 0.0 0.0 1.1 0.0 -9.609 0.05 6.704 1.0]
	ConcatTransform [0.980009 0.198734 0.009332 0.0 -0.021383 0.05858 0.998054 0.0 0.1978 -0.978301 0.061659 0.0 -0.098064 -0.726231 -1.698446 1.0]
273
	ConcatTransform [1.1 0.0 0.0 0.0 0.0 1.1 0.0 0.0 0.0 0.0 1.1 0.0 -9.609 0.05 6.704 1.0]
	ConcatTransform [0.980013 0.198849 -0.005751 0.0 -0.006449 0.060652 0.998138 0.0 0.198828 -0.978151 0.060723 0.0 -0.099325 -0.726242 -1.698377 1.0]
274
	ConcatTransform [1.1 0.0 0.0 0.0 0.0 1.1 0.0 0.0 0.0 0.0 1.1 0.0 -9.609 0.05 6.704 1.0]
	ConcatTransform [0.979351 0.200195 -0.028156 0.0 0.015776 0.063169 0.997878 0.0 0.201549 -0.977718 0.058707 0.0 -0.101072 -0.726258 -1.698105 1.0]
275
	ConcatTransform [1.1 0.0 0.0 0.0 0.0 1.1 0.0 0.0 0.0 0.0 1.1 0.0 -9.609 0.05 6.704 1.0]
	ConcatTransform [0.97878 0.200344 -0.043041 0.0 0.030635 0.064617 0.99744 0.0 0.202612 -0.977592 0.057108 0.0 -0.102121 -0.726263 -1.697843 1.0]
276
	ConcatTransform [1.1 0.0 0.0 0.0 0.0 1.1 0.0 0.0 0.0 0.0 1.1 0.0 -9.609 0.05 6.704 1.0]
	ConcatTransform [0.977651 0.199874 -0.065186 0.0 0.052915 0.066141 0.996406 0.0 0.203467 -0.977587 0.054087 0.0 -0.103532 -0.726262 -1.697366 1.0]
277
	ConcatTransform [1.1 0.0 0.0 0.0 0.0 1.1 0.0 0.0 0.0 0.0 1.1 0.0 -9.609 0.05 6.704 1.0]
	ConcatTransform [0.97649 0.200228 -0.079853 0.0 0.067669 0.066985 0.995457 0.0 0.204667 -0.977457 0.051861 0.0 -0.104382 -0.726264 -1.697013 1.0]
278
	ConcatTransform [1.1 0.0 0.0 0.0 0.0 1.1 0.0 0.0 0.0 0.0 1.1 0.0 -9.609 0.05 6.704 1.0]
	ConcatTransform [0.974193 0.201487 -0.101741 0.0 0.089685 0.068111 0.993638 0.0 0.207135 -0.97712 0.048283 0.0 -0.105526 -0.726271 -1.696456 1.0]
279
	ConcatTransform [1.1 0.0 0.0 0.0 0.0 1.1 0.0 0.0 0.0 0.0 1.1 0.0 -9.609 0.05 6.704 1.0]
	ConcatTransform [0.972768 0.200508 -0.116268 0.0 0.104478 0.068449 0.992169 0.0 0.206896 -0.977298 0.045636 0.0 -0.10618 -0.726266 -1.696076 1.0]
280
	ConcatTransform [1.1 0.0 0.0 0.0 0.0 1.1 0.0 0.0 0.0 0.0 1.1 0.0 -9.609 0.05 6.704 1.0]
	ConcatTransform [0.969654 0.201802 -0.138014 0.0 0.126393 0.069441 0.989547 0.0 0.209276 -0.976962 0.041828 0.0 -0.107065 -0.726272 -1.695518 1.0]
281
	ConcatTransform [1.1 0.0 0.0 0.0 0.0 1.1 0.0 0.0 0.0 0.0 1.1 0.0 -9.609 0.05 6.704 1.0]
	ConcatTransform [0.967415 0.202213 -0.152374 0.0 0.140978 0.069699 0.987556 0.0 0.210317 -0.976858 0.03892 0.0 -0.107569 -0.726273 -1.695154 1.0]
282
	ConcatTransform [1.1 0.0 0.0 0.0 0.0 1.1 0.0 0.0 0.0 0.0 1.1 0.0 -9.609 0.05 6.704 1.0]
	ConcatTransform [0.963764 0.202449 -0.173702 0.0 0.162787 0.069505 0.98421 0.0 0.211326 -0.976823 0.03403 0.0 -0.108215 -0.726274 -1.694629 1.0]
283
	ConcatTransform [1.1 0.0 0.0 0.0 0.0 1.1 0.0 0.0 0.0 0.0 1.1 0.0 -9.609 0.05 6.704 1.0]
	ConcatTransform [0.961007 0.202846 -0.187933 0.0 0.177279 0.069639 0.981694 0.0 0.21222 -0.976731 0.030964 0.0 -0.108586 -0.726275 -1.694302 1.0]
284
	ConcatTransform [1.1 0.0 0.0 0.0 0.0 1.1 0.0 0.0 0.0 0.0 1.1 0.0 -9.609 0.05 6.704 1.0]
	ConcatTransform [0.956411 0.203687 -0.209259 0.0 0.198939 0.070121 0.9775 0.0 0.213777 -0.976522 0.026544 0.0 -0.109062 -0.726277 -1.693848 1.0]
285
	ConcatTransform [1.1 0.0 0.0 0.0 0.0 1.1 0.0 0.0 0.0 0.0 1.1 0.0 -9.609 0.05 6.704 1.0]
	ConcatTransform [0.953149 0.204035 -0.223332 0.0 0.21332 0.070103 0.974464 0.0 0.214481 -0.97645 0.023294 0.0 -0.109327 -0.726278 -1.693564 1.0]
286
	ConcatTransform [1.1 0.0 0.0 0.0 0.0 1.1 0.0 0.0 0.0 0.0 1.1 0.0 -9.609 0.05 6.704 1.0]
	ConcatTransform [0.94793 0.20431 -0.244307 0.0 0.234813 0.06987 0.969526 0.0 0.215154 -0.97641 0.018257 0.0 -0.109656 -0.726279 -1.693172 1.0]
287
	ConcatTransform [1.1 0.0 0.0 0.0 0.0 1.1 0.0 0.0 0.0 0.0 1.1 0.0 -9.609 0.05 6.704 1.0]
	ConcatTransform [0.944162 0.204597 -0.258259 0.0 0.249079 0.069875 0.965959 0.0 0.215678 -0.976349 0.015013 0.0 -0.109841 -0.726279 -1.692936 1.0]
288
	ConcatTransform [1.1 0.0 0.0 0.0 0.0 1.1 0.0 0.0 0.0 0.0 1.1 0.0 -9.609 0.05 6.704 1.0]
	ConcatTransform [0.938079 0.205162 -0.279134 0.0 0.270378 0.070126 0.960197 0.0 0.21657 -0.976213 0.010313 0.0 -0.110072 -0.72628 -1.692618 1.0]
289
	ConcatTransform [1.1 0.0 0.0 0.0 0.0 1.1 0.0 0.0 0.0 0.0 1.1 0.0 -9.609 0.05 6.704 1.0]
	ConcatTransform [0.933818 0.205384 -0.292918 0.0 0.284504 0.070052 0.956112 0.0 0.21689 -0.976171 0.006984 0.0 -0.110196 -0.72628 -1.692425 1.0]
290
	ConcatTransform [1.1 0.0 0.0 0.0 0.0 1.1 0.0 0.0 0.0 0.0 1.1 0.0 -9.609 0.05 6.704 1.0]
	ConcatTransform [0.927082 0.205617 -0.313434 0.0 0.305574 0.069775 0.949608 0.0 0.217125 -0.976142 0.001856 0.0 -0.110346 -0.726281 -1.692166 1.0]
291
	ConcatTransform [1.1 0.0 0.0 0.0 0.0 1.1 0.0 0.0 0.0 0.0 1.1 0.0 -9.609 0.05 6.704 1.0]
	ConcatTransform [0.922316 0.205828 -0.32706 0.0 0.319542 0.069735 0.945003 0.0 0.217315 -0.9761 -0.001453 0.0 -0.110427 -0.726281 -1.692015 1.0]
292
	ConcatTransform [1.1 0.0 0.0 0.0 0.0 1.1 0.0 0.0 0.0 0.0 1.1 0.0 -9.609 0.05 6.704 1.0]
	ConcatTransform [0.914782 0.206114 -0.347407 0.0 0.340374 0.069834 0.937693 0.0 0.217532 -0.976033 -0.006273 0.0 -0.110524 -0.726282 -1.691816 1.0]
293
	ConcatTransform [1.1 0.0 0.0 0.0 0.0 1.1 0.0 0.0 0.0 0.0 1.1 0.0 -9.609 0.05 6.704 1.0]
	ConcatTransform [0.909531 0.206272 -0.360839 0.0 0.354164 0.069747 0.932579 0.0 0.217532 -0.976006 -0.009618 0.0 -0.110574 -0.726282 -1.691699 1.0]
294
	ConcatTransform [1.1 0.0 0.0 0.0 0.0 1.1 0.0 0.0 0.0 0.0 1.1 0.0 -9.609 0.05 6.704 1.0]
	ConcatTransform [0.901312 0.206456 -0.380804 0.0 0.374702 0.069479 0.924538 0.0 0.217335 -0.975986 -0.014737 0.0 -0.110631 -0.726282 -1.691543 1.0]
295
	ConcatTransform [1.1 0.0 0.0 0.0 0.0 1.1 0.0 0.0 0.0 0.0 1.1 0.0 -9.609 0.05 6.704 1.0]
	ConcatTransform [0.89557 0.206576 -0.394057 0.0 0.388302 0.069472 0.91891 0.0 0.217201 -0.975961 -0.017997 0.0 -0.110659 -0.726282 -1.691454 1.0]
296
	ConcatTransform [1.1 0.0 0.0 0.0 0.0 1.1 0.0 0.0 0.0 0.0 1.1 0.0 -9.609 0.05 6.704 1.0]
	ConcatTransform [0.886586 0.206761 -0.413781 0.0 0.408544 0.069492 0.91009 0.0 0.216925 -0.97592 -0.022861 0.0 -0.110691 -0.726282 -1.691339 1.0]
297
	ConcatTransform [1.1 0.0 0.0 0.0 0.0 1.1 0.0 0.0 0.0 0.0 1.1 0.0 -9.609 0.05 6.704 1.0]
	ConcatTransform [0.88037 0.206858 -0.426801 0.0 0.421926 0.069433 0.903967 0.0 0.216627 -0.975904 -0.026152 0.0 -0.110705 -0.726282 -1.691272 1.0]
298
	ConcatTransform [1.1 0.0 0.0 0.0 0.0 1.1 0.0 0.0 0.0 0.0 1.1 0.0 -9.609 0.05 6.704 1.0]
	ConcatTransform [0.870708 0.2069 -0.446162 0.0 0.441835 0.069327 0.894413 0.0 0.215986 -0.975903 -0.031052 0.0 -0.110718 -0.726282 -1.691185 1.0]
299
	ConcatTransform [1.1 0.0 0.0 0.0 0.0 1.1 0.0 0.0 0.0 0.0 1.1 0.0 -9.609 0.05 6.704 1.0]
	ConcatTransform [0.864017 0.206969 -0.458953 0.0 0.454987 0.069293 0.887798 0.0 0.215549 -0.97589 -0.034298 0.0 -0.110724 -0.726282 -1.691136 1.0]
300
	ConcatTransform [1.1 0.0 0.0 0.0 0.0 1.1 0.0 0.0 0.0 0.0 1.1 0.0 -9.609 0.05 6.704 1.0]
	ConcatTransform [0.85362 0.207076 -0.477967 0.0 0.474529 0.06931 0.877507 0.0 0.214838 -0.975867 -0.039099 0.0 -0.110725 -0.726282 -1.691074 1.0]
301
	ConcatTransform [1.1 0.0 0.0 0.0 0.0 1.1 0.0 0.0 0.0 0.0 1.1 0.0 -9.609 0.05 6.704 1.0]
	ConcatTransform [0.846466 0.207135 -0.490501 0.0 0.487427 0.069265 0.870412 0.0 0.214267 -0.975857 -0.042333 0.0 -0.110724 -0.726282 -1.691039 1.0]
302
	ConcatTransform [1.1 0.0 0.0 0.0 0.0 1.1 0.0 0.0 0.0 0.0 1.1 0.0 -9.609 0.05 6.704 1.0]
	ConcatTransform [0.835394 0.207234 -0.509089 0.0 0.506573 0.06916 0.859419 0.0 0.213309 -0.975844 -0.047203 0.0 -0.110717 -0.726282 -1.690995 1.0]
303
	ConcatTransform [1.1 0.0 0.0 0.0 0.0 1.1 0.0 0.0 0.0 0.0 1.1 0.0 -9.609 0.05 6.704 1.0]
	ConcatTransform [0.82778 0.207283 -0.521358 0.0 0.519203 0.069144 0.851849 0.0 0.212623 -0.975834 -0.050386 0.0 -0.110713 -0.726282 -1.690971 1.0]
304
	ConcatTransform [1.1 0.0 0.0 0.0 0.0 1.1 0.0 0.0 0.0 0.0 1.1 0.0 -9.609 0.05 6.704 1.0]
	ConcatTransform [0.816023 0.207331 -0.539555 0.0 0.537938 0.069139 0.840145 0.0 0.211492 -0.975825 -0.055112 0.0 -0.110704 -0.726282 -1.690941 1.0]
305
	ConcatTransform [1.1 0.0 0.0 0.0 0.0 1.1 0.0 0.0 0.0 0.0 1.1 0.0 -9.609 0.05 6.704 1.0]
	ConcatTransform [0.807969 0.20734 -0.551539 0.0 0.550283 0.069119 0.832113 0.0 0.210652 -0.975824 -0.05825 0.0 -0.110698 -0.726283 -1.690924 1.0]
306
	ConcatTransform [1.1 0.0 0.0 0.0 0.0 1.1 0.0 0.0 0.0 0.0 1.1 0.0 -9.609 0.05 6.704 1.0]
	ConcatTransform [0.795558 0.207385 -0.56928 0.0 0.568572 0.069067 0.819729 0.0 0.209318 -0.975818 -0.062966 0.0 -0.110687 -0.726283 -1.690904 1.0]
307
	ConcatTransform [1.1 0.0 0.0 0.0 0.0 1.1 0.0 0.0 0.0 0.0 1.1 0.0 -9.609 0.05 6.704 1.0]
	ConcatTransform [0.787068 0.207391 -0.580958 0.0 0.580612 0.069046 0.811247 0.0 0.208358 -0.975818 -0.06607 0.0 -0.11068 -0.726282 -1.690892 1.0]
308
	ConcatTransform [1.1 0.0 0.0 0.0 0.0 1.1 0.0 0.0 0.0 0.0 1.1 0.0 -9.609 0.05 6.704 1.0]
	ConcatTransform [0.774001 0.207432 -0.598243 0.0 0.598434 0.069055 0.798191 0.0 0.206882 -0.975809 -0.070685 0.0 -0.110671 -0.726282 -1.690879 1.0]
309
	ConcatTransform [1.1 0.0 0.0 0.0 0.0 1.1 0.0 0.0 0.0 0.0 1.1 0.0 -9.609 0.05 6.704 1.0]
	ConcatTransform [0.765087 0.207446 -0.609596 0.0 0.610152 0.069019 0.789272 0.0 0.205805 -0.975809 -0.073768 0.0 -0.110665 -0.726282 -1.690872 1.0]
310
	ConcatTransform [1.1 0.0 0.0 0.0 0.0 1.1 0.0 0.0 0.0 0.0 1.1 0.0 -9.609 0.05 6.704 1.0]
	ConcatTransform [0.751399 0.207457 -0.626387 0.0 0.627481 0.06901 0.775567 0.0 0.204124 -0.975807 -0.078322 0.0 -0.110657 -0.726282 -1.690864 1.0]
311
	ConcatTransform [1.1 0.0 0.0 0.0 0.0 1.1 0.0 0.0 0.0 0.0 1.1 0.0 -9.609 0.05 6.704 1.0]
	ConcatTransform [0.742071 0.20745 -0.637412 0.0 0.638865 0.069 0.766219 0.0 0.202934 -0.975809 -0.08133 0.0 -0.110652 -0.726282 -1.690859 1.0]
312
	ConcatTransform [1.1 0.0 0.0 0.0 0.0 1.1 0.0 0.0 0.0 0.0 1.1 0.0 -9.609 0.05 6.704 1.0]
	ConcatTransform [0.727781 0.207468 -0.653676 0.0 0.655675 0.068943 0.751889 0.0 0.201059 -0.975809 -0.085856 0.0 -0.110644 -0.726282 -1.690854 1.0]
313
	ConcatTransform [1.1 0.0 0.0 0.0 0.0 1.1 0.0 0.0 0.0 0.0 1.1 0.0 -9.609 0.05 6.704 1.0]
	ConcatTransform [0.718046 0.207486 -0.664349 0.0 0.666705 0.06895 0.742126 0.0 0.199787 -0.975805 -0.088822 0.0 -0.110639 -0.726282 -1.690851 1.0]
314
	ConcatTransform [1.1 0.0 0.0 0.0 0.0 1.1 0.0 0.0 0.0 0.0 1.1 0.0 -9.609 0.05 6.704 1.0]
	ConcatTransform [0.703146 0.207489 -0.680099 0.0 0.682977 0.069 0.727173 0.0 0.197807 -0.975801 -0.093193 0.0 -0.110632 -0.726282 -1.690848 1.0]
315
	ConcatTransform [1.1 0.0 0.0 0.0 0.0 1.1 0.0 0.0 0.0 0.0 1.1 0.0 -9.609 0.05 6.704 1.0]
	ConcatTransform [0.693028 0.207533 -0.690393 0.0 0.693636 0.068968 0.717016 0.0 0.19642 -0.975794 -0.096155 0.0 -0.110629 -0.726282 -1.690845 1.0]
316
	ConcatTransform [1.1 0.0 0.0 0.0 0.0 1.1 0.0 0.0 0.0 0.0 1.1 0.0 -9.609 0.05 6.704 1.0]
	ConcatTransform [0.677573 0.207481 -0.705583 0.0 0.709349 0.06898 0.701474 0.0 0.194213 -0.975804 -0.100437 0.0 -0.110624 -0.726282 -1.690843 1.0]
317
	ConcatTransform [1.1 0.0 0.0 0.0 0.0 1.1 0.0 0.0 0.0 0.0 1.1 0.0 -9.609 0.05 6.704 1.0]
	ConcatTransform [0.667082 0.207454 -0.715517 0.0 0.719631 0.068988 0.690921 0.0 0.192696 -0.975809 -0.103269 0.0 -0.110621 -0.726282 -1.690842 1.0]
318
	ConcatTransform [1.1 0.0 0.0 0.0 0.0 1.1 0.0 0.0 0.0 0.0 1.1 0.0 -9.609 0.05 6.704 1.0]
	ConcatTransform [0.651078 0.20745 -0.730111 0.0 0.734757 0.068963 0.674816 0.0 0.190341 -0.975812 -0.107525 0.0 -0.110618 -0.726282 -1.690842 1.0]
319
	ConcatTransform [1.1 0.0 0.0 0.0 0.0 1.1 0.0 0.0 0.0 0.0 1.1 0.0 -9.609 0.05 6.704 1.0]
	ConcatTransform [0.640229 0.207451 -0.739642 0.0 0.744641 0.068952 0.663895 0.0 0.188725 -0.975812 -0.110331 0.0 -0.110616 -0.726282 -1.690843 1.0]
320
	ConcatTransform [1.1 0.0 0.0 0.0 0.0 1.1 0.0 0.0 0.0 0.0 1.1 0.0 -9.609 0.05 6.704 1.0]
	ConcatTransform [0.623691 0.207462 -0.753637 0.0 0.759161 0.068947 0.647242 0.0 0.186239 -0.97581 -0.114496 0.0 -0.110613 -0.726282 -1.690845 1.0]
321
	ConcatTransform [1.1 0.0 0.0 0.0 0.0 1.1 0.0 0.0 0.0 0.0 1.1 0.0 -9.609 0.05 6.704 1.0]
	ConcatTransform [0.612492 0.207494 -0.762758 0.0 0.768633 0.068947 0.635964 0.0 0.184549 -0.975804 -0.117257 0.0 -0.110612 -0.726282 -1.690846 1.0]
322
	ConcatTransform [1.1 0.0 0.0 0.0 0.0 1.1 0.0 0.0 0.0 0.0 1.1 0.0 -9.609 0.05 6.704 1.0]
	ConcatTransform [0.595453 0.207495 -0.776132 0.0 0.782528 0.068927 0.618788 0.0 0.181892 -0.975805 -0.121328 0.0 -0.110609 -0.726282 -1.690849 1.0]
323
	ConcatTransform [1.1 0.0 0.0 0.0 0.0 1.1 0.0 0.0 0.0 0.0 1.1 0.0 -9.609 0.05 6.704 1.0]
	ConcatTransform [0.583925 0.207493 -0.784843 0.0 0.79158 0.068945 0.607164 0.0 0.180093 -0.975804 -0.123989 0.0 -0.110607 -0.726283 -1.690851 1.0]
324
	ConcatTransform [1.1 0.0 0.0 0.0 0.0 1.1 0.0 0.0 0.0 0.0 1.1 0.0 -9.609 0.05 6.704 1.0]
	ConcatTransform [0.566408 0.207495 -0.797576 0.0 0.804833 0.068907 0.589488 0.0 0.177274 -0.975806 -0.127969 0.0 -0.110605 -0.726282 -1.690854 1.0]
325
	ConcatTransform [1.1 0.0 0.0 0.0 0.0 1.1 0.0 0.0 0.0 0.0 1.1 0.0 -9.609 0.05 6.704 1.0]
	ConcatTransform [0.554571 0.207477 -0.805856 0.0 0.81345 0.068911 0.577538 0.0 0.175359 -0.97581 -0.130556 0.0 -0.110603 -0.726282 -1.690856 1.0]
326
	ConcatTransform [1.1 0.0 0.0 0.0 0.0 1.1 0.0 0.0 0.0 0.0 1.1 0.0 -9.609 0.05 6.704 1.0]
	ConcatTransform [0.536582 0.207481 -0.817943 0.0 0.826041 0.06893 0.559379 0.0 0.172442 -0.975807 -0.134401 0.0 -0.1106 -0.726282 -1.690859 1.0]
327
	ConcatTransform [1.1 0.0 0.0 0.0 0.0 1.1 0.0 0.0 0.0 0.0 1.1 0.0 -9.609 0.05 6.704 1.0]
	ConcatTransform [0.524447 0.207472 -0.825779 0.0 0.834211 0.068933 0.547121 0.0 0.170435 -0.975809 -0.136924 0.0 -0.110599 -0.726282 -1.690862 1.0]
328
	ConcatTransform [1.1 0.0 0.0 0.0 0.0 1.1 0.0 0.0 0.0 0.0 1.1 0.0 -9.609 0.05 6.704 1.0]
	ConcatTransform [0.506031 0.2075 -0.837184 0.0 0.846122 0.068918 0.528515 0.0 0.167364 -0.975804 -0.140696 0.0 -0.110596 -0.726282 -1.690865 1.0]
329
	ConcatTransform [1.1 0.0 0.0 0.0 0.0 1.1 0.0 0.0 0.0 0.0 1.1 0.0 -9.609 0.05 6.704 1.0]
	ConcatTransform [0.49361 0.207498 -0.844567 0.0 0.853833 0.068937 0.515962 0.0 0.165283 -0.975803 -0.143141 0.0 -0.110594 -0.726282 -1.690868 1.0]
330
	ConcatTransform [1.1 0.0 0.0 0.0 0.0 1.1 0.0 0.0 0.0 0.0 1.1 0.0 -9.609 0.05 6.704 1.0]
	ConcatTransform [0.474782 0.207472 -0.8553 0.0 0.865052 0.068953 0.496922 0.0 0.162073 -0.975808 -0.146737 0.0 -0.110592 -0.726282 -1.690872 1.0]
331
	ConcatTransform [1.1 0.0 0.0 0.0 0.0 1.1 0.0 0.0 0.0 0.0 1.1 0.0 -9.609 0.05 6.704 1.0]
	ConcatTransform [0.462103 0.207476 -0.862215 0.0 0.872295 0.068945 0.484096 0.0 0.159884 -0.975808 -0.14912 0.0 -0.11059 -0.726282 -1.690875 1.0]
332
	ConcatTransform [1.1 0.0 0.0 0.0 0.0 1.1 0.0 0.0 0.0 0.0 1.1 0.0 -9.609 0.05 6.704 1.0]
	ConcatTransform [0.442896 0.207513 -0.872228 0.0 0.882801 0.068926 0.464663 0.0 0.156543 -0.975801 -0.152666 0.0 -0.110587 -0.726282 -1.690878 1.0]
333
	ConcatTransform [1.1 0.0 0.0 0.0 0.0 1.1 0.0 0.0 0.0 0.0 1.1 0.0 -9.609 0.05 6.704 1.0]
	ConcatTransform [0.429974 0.207495 -0.878674 0.0 0.889566 0.068915 0.451578 0.0 0.154254 -0.975806 -0.154949 0.0 -0.110587 -0.726282 -1.690881 1.0]
334
	ConcatTransform [1.1 0.0 0.0 0.0 0.0 1.1 0.0 0.0 0.0 0.0 1.1 0.0 -9.609 0.05 6.704 1.0]
	ConcatTransform [0.410411 0.207449 -0.887991 0.0 0.899351 0.068915 0.431762 0.0 0.150765 -0.975815 -0.158286 0.0 -0.110586 -0.726282 -1.690884 1.0]
335
	ConcatTransform [1.1 0.0 0.0 0.0 0.0 1.1 0.0 0.0 0.0 0.0 1.1 0.0 -9.609 0.05 6.704 1.0]
	ConcatTransform [0.397256 0.207444 -0.893955 0.0 0.905628 0.068915 0.418435 0.0 0.148409 -0.975816 -0.16049 0.0 -0.110584 -0.726282 -1.690887 1.0]
336
	ConcatTransform [1.1 0.0 0.0 0.0 0.0 1.1 0.0 0.0 0.0 0.0 1.1 0.0 -9.609 0.05 6.704 1.0]
	ConcatTransform [0.37735 0.207455 -0.902535 0.0 0.914672 0.06895 0.398273 0.0 0.144853 -0.975812 -0.163735 0.0 -0.110582 -0.726282 -1.690891 1.0]
337
	ConcatTransform [1.1 0.0 0.0 0.0 0.0 1.1 0.0 0.0 0.0 0.0 1.1 0.0 -9.609 0.05 6.704 1.0]
	ConcatTransform [0.363984 0.207475 -0.908003 0.0 0.920452 0.06894 0.384727 0.0 0.142418 -0.975808 -0.165878 0.0 -0.11058 -0.726282 -1.690895 1.0]
338
	ConcatTransform [1.1 0.0 0.0 0.0 0.0 1.1 0.0 0.0 0.0 0.0 1.1 0.0 -9.609 0.05 6.704 1.0]
	ConcatTransform [0.343782 0.207458 -0.915847 0.0 0.928747 0.068955 0.364244 0.0 0.138718 -0.975811 -0.168971 0.0 -0.11058 -0.726282 -1.690901 1.0]
339
	ConcatTransform [1.1 0.0 0.0 0.0 0.0 1.1 0.0 0.0 0.0 0.0 1.1 0.0 -9.609 0.05 6.704 1.0]
	ConcatTransform [0.330219 0.207459 -0.920824 0.0 0.934024 0.068967 0.35049 0.0 0.136219 -0.975809 -0.170998 0.0 -0.11058 -0.726282 -1.690905 1.0]
340
	ConcatTransform [1.1 0.0 0.0 0.0 0.0 1.1 0.0 0.0 0.0 0.0 1.1 0.0 -9.609 0.05 6.704 1.0]
	ConcatTransform [0.309748 0.207461 -0.927909 0.0 0.941557 0.068955 0.32972 0.0 0.132388 -0.97581 -0.173978 0.0 -0.11058 -0.726282 -1.690913 1.0]
341
	ConcatTransform [1.1 0.0 0.0 0.0 0.0 1.1 0.0 0.0 0.0 0.0 1.1 0.0 -9.609 0.05 6.704 1.0]
	ConcatTransform [0.296015 0.207477 -0.932378 0.0 0.946323 0.068947 0.315785 0.0 0.129803 -0.975807 -0.175931 0.0 -0.11058 -0.726282 -1.690918 1.0]
342
	ConcatTransform [1.1 0.0 0.0 0.0 0.0 1.1 0.0 0.0 0.0 0.0 1.1 0.0 -9.609 0.05 6.704 1.0]
	ConcatTransform [0.275289 0.20747 -0.938708 0.0 0.953084 0.068962 0.294747 0.0 0.125887 -0.975808 -0.178752 0.0 -0.11058 -0.726282 -1.690926 1.0]
343
	ConcatTransform [1.1 0.0 0.0 0.0 0.0 1.1 0.0 0.0 0.0 0.0 1.1 0.0 -9.609 0.05 6.704 1.0]
	ConcatTransform [0.2614 0.207457 -0.942673 0.0 0.957332 0.068959 0.280641 0.0 0.123227 -0.975811 -0.180579 0.0 -0.11058 -0.726282 -1.690932 1.0]
344
	ConcatTransform [1.1 0.0 0.0 0.0 0.0 1.1 0.0 0.0 0.0 0.0 1.1 0.0 -9.609 0.05 6.704 1.0]
	ConcatTransform [0.240461 0.207457 -0.94823 0.0 0.963313 0.068949 0.259371 0.0 0.119188 -0.975811 -0.183267 0.0 -0.11058 -0.726282 -1.690941 1.0]
345
	ConcatTransform [1.1 0.0 0.0 0.0 0.0 1.1 0.0 0.0 0.0 0.0 1.1 0.0 -9.609 0.05 6.704 1.0]
	ConcatTransform [0.22643 0.207459 -0.951678 0.0 0.967037 0.068962 0.245118 0.0 0.116482 -0.97581 -0.185005 0.0 -0.110581 -0.726282 -1.690948 1.0]
346
	ConcatTransform [1.1 0.0 0.0 0.0 0.0 1.1 0.0 0.0 0.0 0.0 1.1 0.0 -9.609 0.05 6.704 1.0]
	ConcatTransform [0.205303 0.207542 -0.95644 0.0 0.972228 0.068937 0.223651 0.0 0.112351 -0.975794 -0.187625 0.0 -0.110584 -0.726282 -1.690958 1.0]
347
	ConcatTransform [1.1 0.0 0.0 0.0 0.0 1.1 0.0 0.0 0.0 0.0 1.1 0.0 -9.609 0.05 6.704 1.0]
	ConcatTransform [0.191158 0.207517 -0.959372 0.0 0.975425 0.068941 0.209269 0.0 0.109567 -0.975799 -0.189238 0.0 -0.110586 -0.726282 -1.690966 1.0]
348
	ConcatTransform [1.1 0.0 0.0 0.0 0.0 1.1 0.0 0.0 0.0 0.0 1.1 0.0 -9.609 0.05 6.704 1.0]
	ConcatTransform [0.169863 0.20752 -0.96337 0.0 0.97982 0.068944 0.187615 0.0 0.105352 -0.975798 -0.191621 0.0 -0.110588 -0.726282 -1.690975 1.0]
349
	ConcatTransform [1.1 0.0 0.0 0.0 0.0 1.1 0.0 0.0 0.0 0.0 1.1 0.0 -9.609 0.05 6.704 1.0]
	ConcatTransform [0.155622 0.207505 -0.965776 0.0 0.982484 0.068938 0.173126 0.0 0.102503 -0.975802 -0.193142 0.0 -0.11059 -0.726282 -1.690981 1.0]
350
	ConcatTransform [1.1 0.0 0.0 0.0 0.0 1.1 0.0 0.0 0.0 0.0 1.1 0.0 -9.609 0.05 6.704 1.0]
	ConcatTransform [0.134194 0.207473 -0.968993 0.0 0.986078 0.068941 0.151321 0.0 0.098199 -0.975808 -0.195333 0.0 -0.110593 -0.726282 -1.69099 1.0]
351
	ConcatTransform [1.1 0.0 0.0 0.0 0.0 1.1 0.0 0.0 0.0 0.0 1.1 0.0 -9.609 0.05 6.704 1.0]
	ConcatTransform [0.119877 0.207493 -0.970864 0.0 0.988205 0.068926 0.136749 0.0 0.095292 -0.975805 -0.196783 0.0 -0.110595 -0.726282 -1.690996 1.0]
352
	ConcatTransform [1.1 0.0 0.0 0.0 0.0 1.1 0.0 0.0 0.0 0.0 1.1 0.0 -9.609 0.05 6.704 1.0]
	ConcatTransform [0.098347 0.2075 -0.973279 0.0 0.990991 0.068922 0.11483 0.0 0.090908 -0.975804 -0.198852 0.0 -0.1106 -0.726282 -1.691004 1.0]
353
	ConcatTransform [1.1 0.0 0.0 0.0 0.0 1.1 0.0 0.0 0.0 0.0 1.1 0.0 -9.609 0.05 6.704 1.0]
	ConcatTransform [0.08396 0.207529 -0.974619 0.0 0.992577 0.068941 0.100187 0.0 0.087983 -0.975797 -0.2002 0.0 -0.110604 -0.726282 -1.691009 1.0]
354
	ConcatTransform [1.1 0.0 0.0 0.0 0.0 1.1 0.0 0.0 0.0 0.0 1.1 0.0 -9.609 0.05 6.704 1.0]
	ConcatTransform [0.062346 0.207549 -0.976236 0.0 0.99455 0.068974 0.078179 0.0 0.083561 -0.97579 -0.202117 0.0 -0.110609 -0.726282 -1.691016 1.0]
355
	ConcatTransform [1.1 0.0 0.0 0.0 0.0 1.1 0.0 0.0 0.0 0.0 1.1 0.0 -9.609 0.05 6.704 1.0]
	ConcatTransform [0.047932 0.207521 -0.977056 0.0 0.995598 0.068948 0.063485 0.0 0.080541 -0.975798 -0.203302 0.0 -0.110613 -0.726282 -1.691021 1.0]
356
	ConcatTransform [1.1 0.0 0.0 0.0 0.0 1.1 0.0 0.0 0.0 0.0 1.1 0.0 -9.609 0.05 6.704 1.0]
	ConcatTransform [0.026284 0.207539 -0.977874 0.0 0.996761 0.068939 0.041423 0.0 0.076011 -0.975795 -0.205054 0.0 -0.110619 -0.726282 -1.691027 1.0]
357
	ConcatTransform [1.1 0.0 0.0 0.0 0.0 1.1 0.0 0.0 0.0 0.0 1.1 0.0 -9.609 0.05 6.704 1.0]
	ConcatTransform [0.011845 0.207537 -0.978155 0.0 0.997264 0.068932 0.026702 0.0 0.072968 -0.975795 -0.206153 0.0 -0.110624 -0.726282 -1.69103 1.0]
358
	ConcatTransform [1.1 0.0 0.0 0.0 0.0 1.1 0.0 0.0 0.0 0.0 1.1 0.0 -9.609 0.05 6.704 1.0]
	ConcatTransform [-0.009818 0.20755 -0.978175 0.0 0.997611 0.068922 0.004611 0.0 0.068375 -0.975793 -0.207731 0.0 -0.110632 -0.726282 -1.691034 1.0]
359
	ConcatTransform [1.1 0.0 0.0 0.0 0.0 1.1 0.0 0.0 0.0 0.0 1.1 0.0 -9.609 0.05 6.704 1.0]
	ConcatTransform [-0.02426 0.207535 -0.977927 0.0 0.997571 0.068921 -0.01012 0.0 0.065299 -0.975797 -0.208703 0.0 -0.110637 -0.726282 -1.691035 1.0]
360
	ConcatTransform [1.1 0.0 0.0 0.0 0.0 1.1 0.0 0.0 0.0 0.0 1.1 0.0 -9.609 0.05 6.704 1.0]
	ConcatTransform [0.257684 0.494664 0.830004 0.0 -0.962898 0.202739 0.178114 0.0 -0.080167 -0.845106 0.528553 0.0 -0.086271 -122.82637 -8.31187 1.0]
