228
	ConcatTransform [1.1 0.0 0.0 0.0 0.0 1.1 0.0 0.0 0.0 0.0 1.1 0.0 -9.609 0.05 6.704 1.0]
	ConcatTransform [0.998587 0.053021 0.003436 0.0 -0.05289 0.998121 -0.030948 0.0 -0.005071 0.030722 0.999515 0.0 0.008003 0.020333 0.011957 1.0]
229
	ConcatTransform [1.1 0.0 0.0 0.0 0.0 1.1 0.0 0.0 0.0 0.0 1.1 0.0 -9.609 0.05 6.704 1.0]
	ConcatTransform [0.994687 0.091743 -0.046699 0.0 -0.0932 0.995194 -0.030029 0.0 0.043719 0.034222 0.998458 0.0 0.025791 0.03695 0.017789 1.0]
230
	ConcatTransform [1.1 0.0 0.0 0.0 0.0 1.1 0.0 0.0 0.0 0.0 1.1 0.0 -9.609 0.05 6.704 1.0]
	ConcatTransform [0.986451 0.132387 -0.096892 0.0 -0.134781 0.990702 -0.018564 0.0 0.093533 0.031372 0.995122 0.0 0.052676 0.042698 0.027432 1.0]
231
	ConcatTransform [1.1 0.0 0.0 0.0 0.0 1.1 0.0 0.0 0.0 0.0 1.1 0.0 -9.609 0.05 6.704 1.0]
	ConcatTransform [0.977964 0.158414 -0.135985 0.0 -0.162072 0.986646 -0.016189 0.0 0.131604 0.037872 0.990579 0.0 0.070534 0.034084 0.0337 1.0]
232
	ConcatTransform [1.1 0.0 0.0 0.0 0.0 1.1 0.0 0.0 0.0 0.0 1.1 0.0 -9.609 0.05 6.704 1.0]
	ConcatTransform [0.958065 0.204287 -0.200943 0.0 -0.210604 0.977517 -0.01034 0.0 0.194313 0.052226 0.979548 0.0 0.097103 0.002615 0.043038 1.0]
233
	ConcatTransform [1.1 0.0 0.0 0.0 0.0 1.1 0.0 0.0 0.0 0.0 1.1 0.0 -9.609 0.05 6.704 1.0]
	ConcatTransform [0.937372 0.249059 -0.243524 0.0 -0.255178 0.966872 0.006617 0.0 0.237104 0.055939 0.969872 0.0 0.114415 -0.030808 0.049643 1.0]
234
	ConcatTransform [1.1 0.0 0.0 0.0 0.0 1.1 0.0 0.0 0.0 0.0 1.1 0.0 -9.609 0.05 6.704 1.0]
	ConcatTransform [0.889803 0.354463 -0.287412 0.0 -0.347394 0.934547 0.077067 0.0 0.295918 0.031271 0.954701 0.0 0.139544 -0.099553 0.060899 1.0]
235
	ConcatTransform [1.1 0.0 0.0 0.0 0.0 1.1 0.0 0.0 0.0 0.0 1.1 0.0 -9.609 0.05 6.704 1.0]
	ConcatTransform [0.849577 0.43028 -0.305087 0.0 -0.408281 0.902652 0.136113 0.0 0.333954 0.008923 0.942547 0.0 0.156203 -0.157738 0.068714 1.0]
236
	ConcatTransform [1.1 0.0 0.0 0.0 0.0 1.1 0.0 0.0 0.0 0.0 1.1 0.0 -9.609 0.05 6.704 1.0]
	ConcatTransform [0.801407 0.519433 -0.29654 0.0 -0.467371 0.853223 0.231462 0.0 0.373244 -0.046901 0.926547 0.0 0.182578 -0.253922 0.07836 1.0]
237
	ConcatTransform [1.1 0.0 0.0 0.0 0.0 1.1 0.0 0.0 0.0 0.0 1.1 0.0 -9.609 0.05 6.704 1.0]
	ConcatTransform [0.812198 0.532137 -0.239092 0.0 -0.478735 0.84217 0.248117 0.0 0.333388 -0.087058 0.938761 0.0 0.202226 -0.29286 0.076623 1.0]
238
	ConcatTransform [1.1 0.0 0.0 0.0 0.0 1.1 0.0 0.0 0.0 0.0 1.1 0.0 -9.609 0.05 6.704 1.0]
	ConcatTransform [0.807869 0.581291 -0.097201 0.0 -0.527918 0.787056 0.319132 0.0 0.262011 -0.206502 0.942712 0.0 0.232811 -0.334129 0.065571 1.0]
239
	ConcatTransform [1.1 0.0 0.0 0.0 0.0 1.1 0.0 0.0 0.0 0.0 1.1 0.0 -9.609 0.05 6.704 1.0]
	ConcatTransform [0.774503 0.632567 0.002095 0.0 -0.595056 0.727444 0.341663 0.0 0.214601 -0.265866 0.93982 0.0 0.253321 -0.346387 0.04985 1.0]
240
	ConcatTransform [1.1 0.0 0.0 0.0 0.0 1.1 0.0 0.0 0.0 0.0 1.1 0.0 -9.609 0.05 6.704 1.0]
	ConcatTransform [0.787824 0.589989 0.176765 0.0 -0.610448 0.7099 0.351277 0.0 0.081764 -0.38465 0.919434 0.0 0.284728 -0.353192 0.026225 1.0]
241
	ConcatTransform [1.1 0.0 0.0 0.0 0.0 1.1 0.0 0.0 0.0 0.0 1.1 0.0 -9.609 0.05 6.704 1.0]
	ConcatTransform [0.741571 0.61281 0.273016 0.0 -0.670787 0.67072 0.316511 0.0 0.010844 -0.417851 0.908451 0.0 0.305093 -0.348214 0.010948 1.0]
242
	ConcatTransform [1.1 0.0 0.0 0.0 0.0 1.1 0.0 0.0 0.0 0.0 1.1 0.0 -9.609 0.05 6.704 1.0]
	ConcatTransform [0.662293 0.647334 0.377263 0.0 -0.746488 0.61326 0.258201 0.0 -0.064218 -0.452627 0.889385 0.0 0.336109 -0.348364 -0.010725 1.0]
243
	ConcatTransform [1.1 0.0 0.0 0.0 0.0 1.1 0.0 0.0 0.0 0.0 1.1 0.0 -9.609 0.05 6.704 1.0]
	ConcatTransform [0.604382 0.662759 0.442123 0.0 -0.789383 0.573174 0.219875 0.0 -0.107689 -0.481893 0.869587 0.0 0.3572 -0.352911 -0.023691 1.0]
244
	ConcatTransform [1.1 0.0 0.0 0.0 0.0 1.1 0.0 0.0 0.0 0.0 1.1 0.0 -9.609 0.05 6.704 1.0]
	ConcatTransform [0.572623 0.665769 0.478388 0.0 -0.810069 0.549221 0.205293 0.0 -0.126063 -0.505082 0.853815 0.0 0.388035 -0.352728 -0.037804 1.0]
245
	ConcatTransform [1.1 0.0 0.0 0.0 0.0 1.1 0.0 0.0 0.0 0.0 1.1 0.0 -9.609 0.05 6.704 1.0]
	ConcatTransform [0.55632 0.672637 0.487922 0.0 -0.822866 0.527725 0.210709 0.0 -0.115758 -0.518716 0.847074 0.0 0.406599 -0.350169 -0.044203 1.0]
246
	ConcatTransform [1.1 0.0 0.0 0.0 0.0 1.1 0.0 0.0 0.0 0.0 1.1 0.0 -9.609 0.05 6.704 1.0]
	ConcatTransform [0.54802 0.675122 0.493847 0.0 -0.832012 0.500802 0.238651 0.0 -0.086201 -0.541672 0.836159 0.0 0.433141 -0.352325 -0.050788 1.0]
247
	ConcatTransform [1.1 0.0 0.0 0.0 0.0 1.1 0.0 0.0 0.0 0.0 1.1 0.0 -9.609 0.05 6.704 1.0]
	ConcatTransform [0.547506 0.679736 0.488053 0.0 -0.834659 0.485308 0.260422 0.0 -0.059838 -0.549941 0.833057 0.0 0.450014 -0.356508 -0.053147 1.0]
248
	ConcatTransform [1.1 0.0 0.0 0.0 0.0 1.1 0.0 0.0 0.0 0.0 1.1 0.0 -9.609 0.05 6.704 1.0]
	ConcatTransform [0.542601 0.689139 0.480282 0.0 -0.839604 0.462305 0.285202 0.0 -0.025493 -0.557998 0.829451 0.0 0.472752 -0.36032 -0.052225 1.0]
249
	ConcatTransform [1.1 0.0 0.0 0.0 0.0 1.1 0.0 0.0 0.0 0.0 1.1 0.0 -9.609 0.05 6.704 1.0]
	ConcatTransform [0.549704 0.693846 0.465192 0.0 -0.835242 0.44717 0.320015 0.0 0.014021 -0.564461 0.82534 0.0 0.487169 -0.364797 -0.04866 1.0]
250
	ConcatTransform [1.1 0.0 0.0 0.0 0.0 1.1 0.0 0.0 0.0 0.0 1.1 0.0 -9.609 0.05 6.704 1.0]
	ConcatTransform [0.562958 0.708936 0.424839 0.0 -0.824354 0.444757 0.350188 0.0 0.059311 -0.547359 0.834794 0.0 0.507735 -0.37555 -0.039997 1.0]
251
	ConcatTransform [1.1 0.0 0.0 0.0 0.0 1.1 0.0 0.0 0.0 0.0 1.1 0.0 -9.609 0.05 6.704 1.0]
	ConcatTransform [0.554067 0.739917 0.381487 0.0 -0.825989 0.431552 0.362635 0.0 0.103688 -0.516029 0.850272 0.0 0.519932 -0.383327 -0.031515 1.0]
252
	ConcatTransform [1.1 0.0 0.0 0.0 0.0 1.1 0.0 0.0 0.0 0.0 1.1 0.0 -9.609 0.05 6.704 1.0]
	ConcatTransform [0.530916 0.788625 0.310161 0.0 -0.827003 0.402303 0.392706 0.0 0.184919 -0.464998 0.865784 0.0 0.535201 -0.393889 -0.013485 1.0]
253
	ConcatTransform [1.1 0.0 0.0 0.0 0.0 1.1 0.0 0.0 0.0 0.0 1.1 0.0 -9.609 0.05 6.704 1.0]
	ConcatTransform [0.530752 0.808966 0.252736 0.0 -0.819431 0.413664 0.396756 0.0 0.216414 -0.417679 0.882445 0.0 0.542878 -0.401783 0.00081 1.0]
254
	ConcatTransform [1.1 0.0 0.0 0.0 0.0 1.1 0.0 0.0 0.0 0.0 1.1 0.0 -9.609 0.05 6.704 1.0]
	ConcatTransform [0.553678 0.814848 0.171647 0.0 -0.795652 0.456842 0.397786 0.0 0.24572 -0.356817 0.901279 0.0 0.55125 -0.415923 0.024454 1.0]
255
	ConcatTransform [1.1 0.0 0.0 0.0 0.0 1.1 0.0 0.0 0.0 0.0 1.1 0.0 -9.609 0.05 6.704 1.0]
	ConcatTransform [0.555627 0.819683 0.139279 0.0 -0.785015 0.462006 0.412677 0.0 0.273917 -0.33863 0.900166 0.0 0.554643 -0.426825 0.041706 1.0]
256
	ConcatTransform [1.1 0.0 0.0 0.0 0.0 1.1 0.0 0.0 0.0 0.0 1.1 0.0 -9.609 0.05 6.704 1.0]
	ConcatTransform [0.549134 0.832261 0.076106 0.0 -0.772959 0.471149 0.424916 0.0 0.317783 -0.292163 0.902028 0.0 0.553613 -0.437255 0.067198 1.0]
257
	ConcatTransform [1.1 0.0 0.0 0.0 0.0 1.1 0.0 0.0 0.0 0.0 1.1 0.0 -9.609 0.05 6.704 1.0]
	ConcatTransform [0.558548 0.828675 0.036361 0.0 -0.752048 0.487432 0.44366 0.0 0.349927 -0.275151 0.895457 0.0 0.550651 -0.446357 0.084286 1.0]
258
	ConcatTransform [1.1 0.0 0.0 0.0 0.0 1.1 0.0 0.0 0.0 0.0 1.1 0.0 -9.609 0.05 6.704 1.0]
	ConcatTransform [0.572771 0.819533 -0.017299 0.0 -0.721842 0.51427 0.46311 0.0 0.38843 -0.252768 0.886132 0.0 0.54259 -0.462883 0.109156 1.0]
259
	ConcatTransform [1.1 0.0 0.0 0.0 0.0 1.1 0.0 0.0 0.0 0.0 1.1 0.0 -9.609 0.05 6.704 1.0]
	ConcatTransform [0.593052 0.80408 -0.04178 0.0 -0.703716 0.542845 0.458369 0.0 0.391246 -0.242435 0.887779 0.0 0.534991 -0.474172 0.124695 1.0]
260
	ConcatTransform [1.1 0.0 0.0 0.0 0.0 1.1 0.0 0.0 0.0 0.0 1.1 0.0 -9.609 0.05 6.704 1.0]
	ConcatTransform [0.627854 0.777647 -0.032617 0.0 -0.697442 0.580712 0.419938 0.0 0.345505 -0.240911 0.906967 0.0 0.516126 -0.480633 0.142044 1.0]
261
	ConcatTransform [1.1 0.0 0.0 0.0 0.0 1.1 0.0 0.0 0.0 0.0 1.1 0.0 -9.609 0.05 6.704 1.0]
	ConcatTransform [0.655438 0.755247 -0.001404 0.0 -0.700416 0.608546 0.372947 0.0 0.282522 -0.243461 0.927852 0.0 0.501568 -0.484379 0.150864 1.0]
262
	ConcatTransform [1.1 0.0 0.0 0.0 0.0 1.1 0.0 0.0 0.0 0.0 1.1 0.0 -9.609 0.05 6.704 1.0]
	ConcatTransform [0.700324 0.712001 0.050995 0.0 -0.688638 0.655078 0.310888 0.0 0.187947 -0.252839 0.949078 0.0 0.475784 -0.491309 0.161388 1.0]
263
	ConcatTransform [1.1 0.0 0.0 0.0 0.0 1.1 0.0 0.0 0.0 0.0 1.1 0.0 -9.609 0.05 6.704 1.0]
	ConcatTransform [0.732055 0.677192 0.074212 0.0 -0.666535 0.689468 0.283487 0.0 0.140808 -0.256993 0.9561 0.0 0.455934 -0.494678 0.166047 1.0]
264
	ConcatTransform [1.1 0.0 0.0 0.0 0.0 1.1 0.0 0.0 0.0 0.0 1.1 0.0 -9.609 0.05 6.704 1.0]
	ConcatTransform [0.766817 0.634302 0.098246 0.0 -0.63486 0.72696 0.261689 0.0 0.094569 -0.26304 0.960139 0.0 0.424396 -0.497541 0.169747 1.0]
265
	ConcatTransform [1.1 0.0 0.0 0.0 0.0 1.1 0.0 0.0 0.0 0.0 1.1 0.0 -9.609 0.05 6.704 1.0]
	ConcatTransform [0.791058 0.601347 0.112287 0.0 -0.607984 0.752532 0.253084 0.0 0.067692 -0.268473 0.960906 0.0 0.403007 -0.498768 0.170065 1.0]
266
	ConcatTransform [1.1 0.0 0.0 0.0 0.0 1.1 0.0 0.0 0.0 0.0 1.1 0.0 -9.609 0.05 6.704 1.0]
	ConcatTransform [0.817852 0.560035 0.132204 0.0 -0.574167 0.779026 0.251895 0.0 0.03808 -0.28192 0.958682 0.0 0.371014 -0.499645 0.16728 1.0]
267
	ConcatTransform [1.1 0.0 0.0 0.0 0.0 1.1 0.0 0.0 0.0 0.0 1.1 0.0 -9.609 0.05 6.704 1.0]
	ConcatTransform [0.82664 0.544754 0.141098 0.0 -0.562016 0.786586 0.255773 0.0 0.028348 -0.290732 0.956385 0.0 0.350642 -0.499626 0.16352 1.0]
268
	ConcatTransform [1.1 0.0 0.0 0.0 0.0 1.1 0.0 0.0 0.0 0.0 1.1 0.0 -9.609 0.05 6.704 1.0]
	ConcatTransform [0.845468 0.509423 0.160227 0.0 -0.533957 0.801577 0.269007 0.0 0.008604 -0.312991 0.949717 0.0 0.327863 -0.494193 0.157322 1.0]
269
	ConcatTransform [1.1 0.0 0.0 0.0 0.0 1.1 0.0 0.0 0.0 0.0 1.1 0.0 -9.609 0.05 6.704 1.0]
	ConcatTransform [0.853658 0.492466 0.169544 0.0 -0.520832 0.807855 0.275871 0.0 -0.00111 -0.323803 0.946124 0.0 0.316263 -0.49192 0.152839 1.0]
270
	ConcatTransform [1.1 0.0 0.0 0.0 0.0 1.1 0.0 0.0 0.0 0.0 1.1 0.0 -9.609 0.05 6.704 1.0]
	ConcatTransform [0.854906 0.485901 0.181758 0.0 -0.518676 0.807684 0.280396 0.0 -0.010558 -0.333986 0.942519 0.0 0.30442 -0.490782 0.145692 1.0]
271
	ConcatTransform [1.1 0.0 0.0 0.0 0.0 1.1 0.0 0.0 0.0 0.0 1.1 0.0 -9.609 0.05 6.704 1.0]
	ConcatTransform [0.850843 0.489084 0.192001 0.0 -0.525078 0.804687 0.277077 0.0 -0.018987 -0.336564 0.941469 0.0 0.300812 -0.49119 0.140812 1.0]
272
	ConcatTransform [1.1 0.0 0.0 0.0 0.0 1.1 0.0 0.0 0.0 0.0 1.1 0.0 -9.609 0.05 6.704 1.0]
	ConcatTransform [0.835477 0.501578 0.224494 0.0 -0.548402 0.787122 0.282302 0.0 -0.035108 -0.35897 0.932689 0.0 0.301328 -0.493872 0.13448 1.0]
273
	ConcatTransform [1.1 0.0 0.0 0.0 0.0 1.1 0.0 0.0 0.0 0.0 1.1 0.0 -9.609 0.05 6.704 1.0]
	ConcatTransform [0.822837 0.517529 0.23474 0.0 -0.566863 0.776609 0.274854 0.0 -0.040056 -0.359226 0.932391 0.0 0.305308 -0.496369 0.13061 1.0]
274
	ConcatTransform [1.1 0.0 0.0 0.0 0.0 1.1 0.0 0.0 0.0 0.0 1.1 0.0 -9.609 0.05 6.704 1.0]
	ConcatTransform [0.785008 0.568104 0.247021 0.0 -0.617624 0.748619 0.24106 0.0 -0.047977 -0.3418 0.938547 0.0 0.3124 -0.499781 0.127864 1.0]
275
	ConcatTransform [1.1 0.0 0.0 0.0 0.0 1.1 0.0 0.0 0.0 0.0 1.1 0.0 -9.609 0.05 6.704 1.0]
	ConcatTransform [0.774073 0.574254 0.26654 0.0 -0.628982 0.745487 0.220525 0.0 -0.072065 -0.338351 0.938257 0.0 0.317711 -0.49918 0.129499 1.0]
276
	ConcatTransform [1.1 0.0 0.0 0.0 0.0 1.1 0.0 0.0 0.0 0.0 1.1 0.0 -9.609 0.05 6.704 1.0]
	ConcatTransform [0.759857 0.577229 0.299037 0.0 -0.63785 0.750833 0.171457 0.0 -0.125557 -0.321024 0.938711 0.0 0.323871 -0.499944 0.135721 1.0]
277
	ConcatTransform [1.1 0.0 0.0 0.0 0.0 1.1 0.0 0.0 0.0 0.0 1.1 0.0 -9.609 0.05 6.704 1.0]
	ConcatTransform [0.750029 0.576976 0.323349 0.0 -0.638338 0.759454 0.125514 0.0 -0.173151 -0.300545 0.937919 0.0 0.325991 -0.501206 0.142531 1.0]
278
	ConcatTransform [1.1 0.0 0.0 0.0 0.0 1.1 0.0 0.0 0.0 0.0 1.1 0.0 -9.609 0.05 6.704 1.0]
	ConcatTransform [0.733845 0.582539 0.349456 0.0 -0.641275 0.76379 0.073426 0.0 -0.224137 -0.277981 0.934071 0.0 0.326526 -0.500222 0.152998 1.0]
279
	ConcatTransform [1.1 0.0 0.0 0.0 0.0 1.1 0.0 0.0 0.0 0.0 1.1 0.0 -9.609 0.05 6.704 1.0]
	ConcatTransform [0.731079 0.582335 0.355541 0.0 -0.639176 0.766848 0.058292 0.0 -0.2387 -0.269869 0.932841 0.0 0.325902 -0.499132 0.156361 1.0]
280
	ConcatTransform [1.1 0.0 0.0 0.0 0.0 1.1 0.0 0.0 0.0 0.0 1.1 0.0 -9.609 0.05 6.704 1.0]
	ConcatTransform [0.735419 0.577362 0.3547 0.0 -0.635224 0.769652 0.064244 0.0 -0.235904 -0.27256 0.93277 0.0 0.323949 -0.498844 0.156552 1.0]
281
	ConcatTransform [1.1 0.0 0.0 0.0 0.0 1.1 0.0 0.0 0.0 0.0 1.1 0.0 -9.609 0.05 6.704 1.0]
	ConcatTransform [0.744425 0.56814 0.350784 0.0 -0.629884 0.771844 0.086623 0.0 -0.221536 -0.285437 0.932442 0.0 0.32279 -0.499925 0.154397 1.0]
282
	ConcatTransform [1.1 0.0 0.0 0.0 0.0 1.1 0.0 0.0 0.0 0.0 1.1 0.0 -9.609 0.05 6.704 1.0]
	ConcatTransform [0.748037 0.567323 0.344363 0.0 -0.631428 0.768137 0.106136 0.0 -0.204304 -0.296834 0.932818 0.0 0.321403 -0.500764 0.149098 1.0]
283
	ConcatTransform [1.1 0.0 0.0 0.0 0.0 1.1 0.0 0.0 0.0 0.0 1.1 0.0 -9.609 0.05 6.704 1.0]
	ConcatTransform [0.747314 0.568757 0.343565 0.0 -0.632965 0.766662 0.107635 0.0 -0.20218 -0.297902 0.93294 0.0 0.320579 -0.500737 0.146539 1.0]
284
	ConcatTransform [1.1 0.0 0.0 0.0 0.0 1.1 0.0 0.0 0.0 0.0 1.1 0.0 -9.609 0.05 6.704 1.0]
	ConcatTransform [0.744245 0.572265 0.344401 0.0 -0.636466 0.763998 0.105917 0.0 -0.202509 -0.298028 0.932829 0.0 0.319401 -0.500753 0.144417 1.0]
285
	ConcatTransform [1.1 0.0 0.0 0.0 0.0 1.1 0.0 0.0 0.0 0.0 1.1 0.0 -9.609 0.05 6.704 1.0]
	ConcatTransform [0.744072 0.572214 0.344859 0.0 -0.63639 0.764171 0.105117 0.0 -0.203382 -0.29768 0.93275 0.0 0.318742 -0.50074 0.143786 1.0]
286
	ConcatTransform [1.1 0.0 0.0 0.0 0.0 1.1 0.0 0.0 0.0 0.0 1.1 0.0 -9.609 0.05 6.704 1.0]
	ConcatTransform [0.744604 0.572331 0.343514 0.0 -0.636115 0.764373 0.105321 0.0 -0.202294 -0.296937 0.933223 0.0 0.317892 -0.500703 0.14343 1.0]
287
	ConcatTransform [1.1 0.0 0.0 0.0 0.0 1.1 0.0 0.0 0.0 0.0 1.1 0.0 -9.609 0.05 6.704 1.0]
	ConcatTransform [0.745347 0.5718 0.342787 0.0 -0.635463 0.764831 0.105925 0.0 -0.201606 -0.296779 0.933422 0.0 0.317481 -0.500683 0.143307 1.0]
288
	ConcatTransform [1.1 0.0 0.0 0.0 0.0 1.1 0.0 0.0 0.0 0.0 1.1 0.0 -9.609 0.05 6.704 1.0]
	ConcatTransform [0.745881 0.57253 0.340397 0.0 -0.635617 0.764585 0.106778 0.0 -0.199129 -0.296005 0.934199 0.0 0.316852 -0.500666 0.14298 1.0]
289
	ConcatTransform [1.1 0.0 0.0 0.0 0.0 1.1 0.0 0.0 0.0 0.0 1.1 0.0 -9.609 0.05 6.704 1.0]
	ConcatTransform [0.748622 0.571082 0.336794 0.0 -0.633714 0.765658 0.110332 0.0 -0.194861 -0.296029 0.935092 0.0 0.316207 -0.500657 0.142411 1.0]
290
	ConcatTransform [1.1 0.0 0.0 0.0 0.0 1.1 0.0 0.0 0.0 0.0 1.1 0.0 -9.609 0.05 6.704 1.0]
	ConcatTransform [0.750479 0.569282 0.335707 0.0 -0.631761 0.767105 0.111481 0.0 -0.194059 -0.295751 0.935346 0.0 0.315129 -0.500639 0.142401 1.0]
291
	ConcatTransform [1.1 0.0 0.0 0.0 0.0 1.1 0.0 0.0 0.0 0.0 1.1 0.0 -9.609 0.05 6.704 1.0]
	ConcatTransform [0.750131 0.56937 0.336336 0.0 -0.631988 0.766964 0.111164 0.0 -0.194664 -0.295948 0.935158 0.0 0.314639 -0.50065 0.142312 1.0]
292
	ConcatTransform [1.1 0.0 0.0 0.0 0.0 1.1 0.0 0.0 0.0 0.0 1.1 0.0 -9.609 0.05 6.704 1.0]
	ConcatTransform [0.750035 0.568666 0.337738 0.0 -0.631609 0.767356 0.110615 0.0 -0.196262 -0.296283 0.934718 0.0 0.314335 -0.50063 0.142063 1.0]
293
	ConcatTransform [1.1 0.0 0.0 0.0 0.0 1.1 0.0 0.0 0.0 0.0 1.1 0.0 -9.609 0.05 6.704 1.0]
	ConcatTransform [0.749746 0.568841 0.338084 0.0 -0.631806 0.767257 0.11017 0.0 -0.196728 -0.296203 0.934645 0.0 0.314364 -0.500657 0.14211 1.0]
294
	ConcatTransform [1.1 0.0 0.0 0.0 0.0 1.1 0.0 0.0 0.0 0.0 1.1 0.0 -9.609 0.05 6.704 1.0]
	ConcatTransform [0.749306 0.569655 0.337689 0.0 -0.632494 0.766702 0.110088 0.0 -0.196194 -0.296076 0.934798 0.0 0.314733 -0.50064 0.142359 1.0]
295
	ConcatTransform [1.1 0.0 0.0 0.0 0.0 1.1 0.0 0.0 0.0 0.0 1.1 0.0 -9.609 0.05 6.704 1.0]
	ConcatTransform [0.748044 0.570424 0.339187 0.0 -0.633439 0.766143 0.108535 0.0 -0.197955 -0.296043 0.934437 0.0 0.315181 -0.500637 0.142527 1.0]
296
	ConcatTransform [1.1 0.0 0.0 0.0 0.0 1.1 0.0 0.0 0.0 0.0 1.1 0.0 -9.609 0.05 6.704 1.0]
	ConcatTransform [0.745591 0.573018 0.340213 0.0 -0.636266 0.763906 0.107765 0.0 -0.198139 -0.296814 0.934153 0.0 0.316293 -0.50072 0.142131 1.0]
297
	ConcatTransform [1.1 0.0 0.0 0.0 0.0 1.1 0.0 0.0 0.0 0.0 1.1 0.0 -9.609 0.05 6.704 1.0]
	ConcatTransform [0.743522 0.575601 0.34038 0.0 -0.638803 0.761895 0.106987 0.0 -0.197752 -0.296984 0.934181 0.0 0.317258 -0.50073 0.141784 1.0]
298
	ConcatTransform [1.1 0.0 0.0 0.0 0.0 1.1 0.0 0.0 0.0 0.0 1.1 0.0 -9.609 0.05 6.704 1.0]
	ConcatTransform [0.740836 0.578787 0.340833 0.0 -0.641835 0.759595 0.105184 0.0 -0.198016 -0.296682 0.934221 0.0 0.318787 -0.50074 0.142074 1.0]
299
	ConcatTransform [1.1 0.0 0.0 0.0 0.0 1.1 0.0 0.0 0.0 0.0 1.1 0.0 -9.609 0.05 6.704 1.0]
	ConcatTransform [0.74033 0.581265 0.337701 0.0 -0.643524 0.758053 0.105982 0.0 -0.194392 -0.29578 0.935268 0.0 0.319814 -0.500735 0.14285 1.0]
300
	ConcatTransform [1.1 0.0 0.0 0.0 0.0 1.1 0.0 0.0 0.0 0.0 1.1 0.0 -9.609 0.05 6.704 1.0]
	ConcatTransform [0.737622 0.585676 0.336002 0.0 -0.647158 0.755177 0.104371 0.0 -0.192613 -0.294432 0.936061 0.0 0.321437 -0.500729 0.144068 1.0]
301
	ConcatTransform [1.1 0.0 0.0 0.0 0.0 1.1 0.0 0.0 0.0 0.0 1.1 0.0 -9.609 0.05 6.704 1.0]
	ConcatTransform [0.736193 0.587448 0.336043 0.0 -0.648862 0.753797 0.103771 0.0 -0.192348 -0.294441 0.936113 0.0 0.322584 -0.500757 0.144777 1.0]
302
	ConcatTransform [1.1 0.0 0.0 0.0 0.0 1.1 0.0 0.0 0.0 0.0 1.1 0.0 -9.609 0.05 6.704 1.0]
	ConcatTransform [0.733215 0.592042 0.334487 0.0 -0.653081 0.750133 0.103857 0.0 -0.189422 -0.294597 0.93666 0.0 0.324138 -0.500742 0.146229 1.0]
303
	ConcatTransform [1.1 0.0 0.0 0.0 0.0 1.1 0.0 0.0 0.0 0.0 1.1 0.0 -9.609 0.05 6.704 1.0]
	ConcatTransform [0.731921 0.593983 0.33388 0.0 -0.655015 0.748344 0.104577 0.0 -0.18774 -0.295239 0.936797 0.0 0.325158 -0.500741 0.14695 1.0]
304
	ConcatTransform [1.1 0.0 0.0 0.0 0.0 1.1 0.0 0.0 0.0 0.0 1.1 0.0 -9.609 0.05 6.704 1.0]
	ConcatTransform [0.731458 0.595539 0.332117 0.0 -0.655943 0.747599 0.104091 0.0 -0.1863 -0.293989 0.937477 0.0 0.325592 -0.500741 0.147609 1.0]
305
	ConcatTransform [1.1 0.0 0.0 0.0 0.0 1.1 0.0 0.0 0.0 0.0 1.1 0.0 -9.609 0.05 6.704 1.0]
	ConcatTransform [0.732985 0.594834 0.330009 0.0 -0.655006 0.748092 0.106419 0.0 -0.183576 -0.294162 0.93796 0.0 0.325113 -0.500702 0.147862 1.0]
306
	ConcatTransform [1.1 0.0 0.0 0.0 0.0 1.1 0.0 0.0 0.0 0.0 1.1 0.0 -9.609 0.05 6.704 1.0]
	ConcatTransform [0.736309 0.591603 0.328411 0.0 -0.651886 0.750305 0.109944 0.0 -0.181365 -0.295039 0.938114 0.0 0.32365 -0.500714 0.148003 1.0]
307
	ConcatTransform [1.1 0.0 0.0 0.0 0.0 1.1 0.0 0.0 0.0 0.0 1.1 0.0 -9.609 0.05 6.704 1.0]
	ConcatTransform [0.73841 0.589095 0.328204 0.0 -0.649504 0.752184 0.111189 0.0 -0.181369 -0.295274 0.93804 0.0 0.322421 -0.500722 0.147862 1.0]
308
	ConcatTransform [1.1 0.0 0.0 0.0 0.0 1.1 0.0 0.0 0.0 0.0 1.1 0.0 -9.609 0.05 6.704 1.0]
	ConcatTransform [0.742515 0.584731 0.326744 0.0 -0.644847 0.755986 0.112505 0.0 -0.181229 -0.294237 0.938393 0.0 0.320214 -0.500736 0.147592 1.0]
309
	ConcatTransform [1.1 0.0 0.0 0.0 0.0 1.1 0.0 0.0 0.0 0.0 1.1 0.0 -9.609 0.05 6.704 1.0]
	ConcatTransform [0.745427 0.582263 0.324513 0.0 -0.642329 0.757571 0.116185 0.0 -0.178191 -0.295051 0.938719 0.0 0.318858 -0.500745 0.147176 1.0]
310
	ConcatTransform [1.1 0.0 0.0 0.0 0.0 1.1 0.0 0.0 0.0 0.0 1.1 0.0 -9.609 0.05 6.704 1.0]
	ConcatTransform [0.751564 0.577955 0.317993 0.0 -0.637478 0.760292 0.124816 0.0 -0.16963 -0.296521 0.939841 0.0 0.316949 -0.500733 0.146386 1.0]
311
	ConcatTransform [1.1 0.0 0.0 0.0 0.0 1.1 0.0 0.0 0.0 0.0 1.1 0.0 -9.609 0.05 6.704 1.0]
	ConcatTransform [0.754595 0.575652 0.314978 0.0 -0.634877 0.761823 0.128676 0.0 -0.165885 -0.297071 0.940336 0.0 0.315734 -0.50072 0.145992 1.0]
312
	ConcatTransform [1.1 0.0 0.0 0.0 0.0 1.1 0.0 0.0 0.0 0.0 1.1 0.0 -9.609 0.05 6.704 1.0]
	ConcatTransform [0.757944 0.572803 0.312118 0.0 -0.631697 0.763871 0.132139 0.0 -0.162728 -0.297318 0.940809 0.0 0.314117 -0.500727 0.145617 1.0]
313
	ConcatTransform [1.1 0.0 0.0 0.0 0.0 1.1 0.0 0.0 0.0 0.0 1.1 0.0 -9.609 0.05 6.704 1.0]
	ConcatTransform [0.759498 0.571208 0.311264 0.0 -0.629965 0.765151 0.132995 0.0 -0.162196 -0.297095 0.940971 0.0 0.313182 -0.500699 0.145577 1.0]
314
	ConcatTransform [1.1 0.0 0.0 0.0 0.0 1.1 0.0 0.0 0.0 0.0 1.1 0.0 -9.609 0.05 6.704 1.0]
	ConcatTransform [0.761309 0.569307 0.310319 0.0 -0.62788 0.766732 0.133749 0.0 -0.161787 -0.296668 0.941177 0.0 0.312059 -0.500651 0.145608 1.0]
315
	ConcatTransform [1.1 0.0 0.0 0.0 0.0 1.1 0.0 0.0 0.0 0.0 1.1 0.0 -9.609 0.05 6.704 1.0]
	ConcatTransform [0.761088 0.569634 0.310262 0.0 -0.628218 0.766427 0.133907 0.0 -0.161515 -0.296827 0.941173 0.0 0.311504 -0.500657 0.14567 1.0]
316
	ConcatTransform [1.1 0.0 0.0 0.0 0.0 1.1 0.0 0.0 0.0 0.0 1.1 0.0 -9.609 0.05 6.704 1.0]
	ConcatTransform [0.761096 0.569798 0.309941 0.0 -0.62828 0.766379 0.133894 0.0 -0.16124 -0.296636 0.94128 0.0 0.311022 -0.500648 0.145832 1.0]
317
	ConcatTransform [1.1 0.0 0.0 0.0 0.0 1.1 0.0 0.0 0.0 0.0 1.1 0.0 -9.609 0.05 6.704 1.0]
	ConcatTransform [0.761319 0.569628 0.309704 0.0 -0.62806 0.766533 0.134048 0.0 -0.161041 -0.296566 0.941337 0.0 0.310974 -0.500648 0.145833 1.0]
318
	ConcatTransform [1.1 0.0 0.0 0.0 0.0 1.1 0.0 0.0 0.0 0.0 1.1 0.0 -9.609 0.05 6.704 1.0]
	ConcatTransform [0.761018 0.570162 0.309461 0.0 -0.628503 0.766187 0.133948 0.0 -0.160733 -0.296434 0.941431 0.0 0.311208 -0.500641 0.145936 1.0]
319
	ConcatTransform [1.1 0.0 0.0 0.0 0.0 1.1 0.0 0.0 0.0 0.0 1.1 0.0 -9.609 0.05 6.704 1.0]
	ConcatTransform [0.760423 0.570812 0.309726 0.0 -0.629195 0.765666 0.133676 0.0 -0.160843 -0.296528 0.941382 0.0 0.311616 -0.500647 0.14593 1.0]
320
	ConcatTransform [1.1 0.0 0.0 0.0 0.0 1.1 0.0 0.0 0.0 0.0 1.1 0.0 -9.609 0.05 6.704 1.0]
	ConcatTransform [0.759557 0.573252 0.307335 0.0 -0.631171 0.763748 0.135323 0.0 -0.157153 -0.296767 0.94193 0.0 0.312605 -0.500699 0.145376 1.0]
321
	ConcatTransform [1.1 0.0 0.0 0.0 0.0 1.1 0.0 0.0 0.0 0.0 1.1 0.0 -9.609 0.05 6.704 1.0]
	ConcatTransform [0.759012 0.574538 0.306278 0.0 -0.632136 0.762941 0.135368 0.0 -0.155898 -0.296356 0.942268 0.0 0.313368 -0.500693 0.145509 1.0]
322
	ConcatTransform [1.1 0.0 0.0 0.0 0.0 1.1 0.0 0.0 0.0 0.0 1.1 0.0 -9.609 0.05 6.704 1.0]
	ConcatTransform [0.756037 0.577163 0.308692 0.0 -0.635249 0.76066 0.13362 0.0 -0.15769 -0.297118 0.94173 0.0 0.314681 -0.500728 0.145384 1.0]
323
	ConcatTransform [1.1 0.0 0.0 0.0 0.0 1.1 0.0 0.0 0.0 0.0 1.1 0.0 -9.609 0.05 6.704 1.0]
	ConcatTransform [0.754451 0.578038 0.310926 0.0 -0.63659 0.759799 0.132132 0.0 -0.159864 -0.297619 0.941205 0.0 0.315496 -0.500767 0.145008 1.0]
324
	ConcatTransform [1.1 0.0 0.0 0.0 0.0 1.1 0.0 0.0 0.0 0.0 1.1 0.0 -9.609 0.05 6.704 1.0]
	ConcatTransform [0.754312 0.578944 0.309575 0.0 -0.636984 0.759559 0.131608 0.0 -0.158947 -0.296468 0.941723 0.0 0.316429 -0.500728 0.144834 1.0]
325
	ConcatTransform [1.1 0.0 0.0 0.0 0.0 1.1 0.0 0.0 0.0 0.0 1.1 0.0 -9.609 0.05 6.704 1.0]
	ConcatTransform [0.754061 0.580146 0.307934 0.0 -0.637736 0.758865 0.131974 0.0 -0.157116 -0.295897 0.94221 0.0 0.316884 -0.50072 0.144669 1.0]
326
	ConcatTransform [1.1 0.0 0.0 0.0 0.0 1.1 0.0 0.0 0.0 0.0 1.1 0.0 -9.609 0.05 6.704 1.0]
	ConcatTransform [0.754743 0.579593 0.307303 0.0 -0.637041 0.759386 0.132336 0.0 -0.156661 -0.295644 0.942365 0.0 0.317071 -0.500707 0.14454 1.0]
327
	ConcatTransform [1.1 0.0 0.0 0.0 0.0 1.1 0.0 0.0 0.0 0.0 1.1 0.0 -9.609 0.05 6.704 1.0]
	ConcatTransform [0.755622 0.579345 0.305606 0.0 -0.636545 0.759495 0.134085 0.0 -0.154424 -0.29585 0.94267 0.0 0.316926 -0.500702 0.144395 1.0]
328
	ConcatTransform [1.1 0.0 0.0 0.0 0.0 1.1 0.0 0.0 0.0 0.0 1.1 0.0 -9.609 0.05 6.704 1.0]
	ConcatTransform [0.754701 0.580198 0.306263 0.0 -0.637434 0.758935 0.133023 0.0 -0.155254 -0.295615 0.942607 0.0 0.316647 -0.500743 0.14471 1.0]
329
	ConcatTransform [1.1 0.0 0.0 0.0 0.0 1.1 0.0 0.0 0.0 0.0 1.1 0.0 -9.609 0.05 6.704 1.0]
	ConcatTransform [0.755012 0.579885 0.306089 0.0 -0.637069 0.759239 0.133043 0.0 -0.155245 -0.295448 0.942661 0.0 0.316523 -0.500737 0.144826 1.0]
330
	ConcatTransform [1.1 0.0 0.0 0.0 0.0 1.1 0.0 0.0 0.0 0.0 1.1 0.0 -9.609 0.05 6.704 1.0]
	ConcatTransform [0.756422 0.579078 0.304129 0.0 -0.635934 0.759872 0.134842 0.0 -0.153015 -0.295403 0.943039 0.0 0.316217 -0.500728 0.144729 1.0]
331
	ConcatTransform [1.1 0.0 0.0 0.0 0.0 1.1 0.0 0.0 0.0 0.0 1.1 0.0 -9.609 0.05 6.704 1.0]
	ConcatTransform [0.757802 0.57837 0.302032 0.0 -0.634893 0.760376 0.136889 0.0 -0.150486 -0.295493 0.943418 0.0 0.315873 -0.500713 0.144501 1.0]
332
	ConcatTransform [1.1 0.0 0.0 0.0 0.0 1.1 0.0 0.0 0.0 0.0 1.1 0.0 -9.609 0.05 6.704 1.0]
	ConcatTransform [0.760429 0.576965 0.298092 0.0 -0.632731 0.76162 0.139953 0.0 -0.146285 -0.295036 0.944221 0.0 0.315159 -0.500704 0.144536 1.0]
333
	ConcatTransform [1.1 0.0 0.0 0.0 0.0 1.1 0.0 0.0 0.0 0.0 1.1 0.0 -9.609 0.05 6.704 1.0]
	ConcatTransform [0.762864 0.575947 0.293808 0.0 -0.630898 0.762499 0.143397 0.0 -0.141439 -0.294755 0.945047 0.0 0.314613 -0.500703 0.144542 1.0]
334
	ConcatTransform [1.1 0.0 0.0 0.0 0.0 1.1 0.0 0.0 0.0 0.0 1.1 0.0 -9.609 0.05 6.704 1.0]
	ConcatTransform [0.765416 0.57426 0.290454 0.0 -0.628727 0.76357 0.147183 0.0 -0.137261 -0.295273 0.945502 0.0 0.313721 -0.500724 0.144168 1.0]
335
	ConcatTransform [1.1 0.0 0.0 0.0 0.0 1.1 0.0 0.0 0.0 0.0 1.1 0.0 -9.609 0.05 6.704 1.0]
	ConcatTransform [0.766886 0.573341 0.288386 0.0 -0.627497 0.764135 0.149484 0.0 -0.134661 -0.295598 0.945774 0.0 0.313304 -0.500714 0.143818 1.0]
336
	ConcatTransform [1.1 0.0 0.0 0.0 0.0 1.1 0.0 0.0 0.0 0.0 1.1 0.0 -9.609 0.05 6.704 1.0]
	ConcatTransform [0.767926 0.572006 0.288268 0.0 -0.626208 0.765085 0.150028 0.0 -0.134732 -0.295726 0.945724 0.0 0.312692 -0.500681 0.143585 1.0]
337
	ConcatTransform [1.1 0.0 0.0 0.0 0.0 1.1 0.0 0.0 0.0 0.0 1.1 0.0 -9.609 0.05 6.704 1.0]
	ConcatTransform [0.768186 0.571014 0.28954 0.0 -0.625542 0.76573 0.149515 0.0 -0.136334 -0.295975 0.945416 0.0 0.312163 -0.50067 0.143373 1.0]
338
	ConcatTransform [1.1 0.0 0.0 0.0 0.0 1.1 0.0 0.0 0.0 0.0 1.1 0.0 -9.609 0.05 6.704 1.0]
	ConcatTransform [0.769618 0.5688 0.290093 0.0 -0.623549 0.7673 0.149792 0.0 -0.137387 -0.29617 0.945203 0.0 0.31101 -0.500629 0.14319 1.0]
339
	ConcatTransform [1.1 0.0 0.0 0.0 0.0 1.1 0.0 0.0 0.0 0.0 1.1 0.0 -9.609 0.05 6.704 1.0]
	ConcatTransform [0.77079 0.567696 0.289145 0.0 -0.622353 0.767997 0.151186 0.0 -0.136235 -0.296483 0.945271 0.0 0.31029 -0.50063 0.142882 1.0]
340
	ConcatTransform [1.1 0.0 0.0 0.0 0.0 1.1 0.0 0.0 0.0 0.0 1.1 0.0 -9.609 0.05 6.704 1.0]
	ConcatTransform [0.773085 0.565884 0.286557 0.0 -0.620016 0.769506 0.153106 0.0 -0.133867 -0.296034 0.94575 0.0 0.309374 -0.500635 0.142749 1.0]
341
	ConcatTransform [1.1 0.0 0.0 0.0 0.0 1.1 0.0 0.0 0.0 0.0 1.1 0.0 -9.609 0.05 6.704 1.0]
	ConcatTransform [0.774608 0.564758 0.28466 0.0 -0.618581 0.770266 0.155074 0.0 -0.131684 -0.296207 0.946003 0.0 0.308955 -0.500604 0.142477 1.0]
342
	ConcatTransform [1.1 0.0 0.0 0.0 0.0 1.1 0.0 0.0 0.0 0.0 1.1 0.0 -9.609 0.05 6.704 1.0]
	ConcatTransform [0.775092 0.564186 0.284475 0.0 -0.617957 0.770764 0.155089 0.0 -0.131764 -0.296002 0.946056 0.0 0.308456 -0.500566 0.142576 1.0]
343
	ConcatTransform [1.1 0.0 0.0 0.0 0.0 1.1 0.0 0.0 0.0 0.0 1.1 0.0 -9.609 0.05 6.704 1.0]
	ConcatTransform [0.774581 0.565154 0.283946 0.0 -0.61881 0.769998 0.155488 0.0 -0.130763 -0.296147 0.946149 0.0 0.308288 -0.500587 0.142681 1.0]
344
	ConcatTransform [1.1 0.0 0.0 0.0 0.0 1.1 0.0 0.0 0.0 0.0 1.1 0.0 -9.609 0.05 6.704 1.0]
	ConcatTransform [0.774556 0.565475 0.283375 0.0 -0.618967 0.769849 0.155605 0.0 -0.130165 -0.295924 0.946301 0.0 0.308285 -0.500581 0.142772 1.0]
345
	ConcatTransform [1.1 0.0 0.0 0.0 0.0 1.1 0.0 0.0 0.0 0.0 1.1 0.0 -9.609 0.05 6.704 1.0]
	ConcatTransform [0.77448 0.565871 0.28279 0.0 -0.619313 0.769372 0.156583 0.0 -0.128966 -0.296406 0.946315 0.0 0.308379 -0.500584 0.142729 1.0]
346
	ConcatTransform [1.1 0.0 0.0 0.0 0.0 1.1 0.0 0.0 0.0 0.0 1.1 0.0 -9.609 0.05 6.704 1.0]
	ConcatTransform [0.774089 0.566978 0.281642 0.0 -0.620164 0.768522 0.157388 0.0 -0.127212 -0.296497 0.946524 0.0 0.308943 -0.500597 0.142733 1.0]
347
	ConcatTransform [1.1 0.0 0.0 0.0 0.0 1.1 0.0 0.0 0.0 0.0 1.1 0.0 -9.609 0.05 6.704 1.0]
	ConcatTransform [0.773509 0.568039 0.281096 0.0 -0.621092 0.767703 0.157722 0.0 -0.126206 -0.296586 0.94663 0.0 0.309583 -0.50061 0.142772 1.0]
348
	ConcatTransform [1.1 0.0 0.0 0.0 0.0 1.1 0.0 0.0 0.0 0.0 1.1 0.0 -9.609 0.05 6.704 1.0]
	ConcatTransform [0.771958 0.570553 0.280269 0.0 -0.623323 0.765904 0.157669 0.0 -0.124701 -0.296412 0.946884 0.0 0.310634 -0.500639 0.14275 1.0]
349
	ConcatTransform [1.1 0.0 0.0 0.0 0.0 1.1 0.0 0.0 0.0 0.0 1.1 0.0 -9.609 0.05 6.704 1.0]
	ConcatTransform [0.771356 0.571602 0.279788 0.0 -0.624249 0.765094 0.157937 0.0 -0.123787 -0.296483 0.946982 0.0 0.311309 -0.500647 0.142853 1.0]
350
	ConcatTransform [1.1 0.0 0.0 0.0 0.0 1.1 0.0 0.0 0.0 0.0 1.1 0.0 -9.609 0.05 6.704 1.0]
	ConcatTransform [0.770824 0.572935 0.278524 0.0 -0.625245 0.764176 0.158444 0.0 -0.122063 -0.296278 0.94727 0.0 0.31216 -0.500691 0.142831 1.0]
351
	ConcatTransform [1.1 0.0 0.0 0.0 0.0 1.1 0.0 0.0 0.0 0.0 1.1 0.0 -9.609 0.05 6.704 1.0]
	ConcatTransform [0.770658 0.573669 0.27747 0.0 -0.625787 0.7635 0.159557 0.0 -0.120316 -0.296601 0.947392 0.0 0.312642 -0.500718 0.142753 1.0]
352
	ConcatTransform [1.1 0.0 0.0 0.0 0.0 1.1 0.0 0.0 0.0 0.0 1.1 0.0 -9.609 0.05 6.704 1.0]
	ConcatTransform [0.770115 0.575509 0.275159 0.0 -0.627602 0.760777 0.165329 0.0 -0.114186 -0.300012 0.947077 0.0 0.313543 -0.501036 0.142141 1.0]
353
	ConcatTransform [1.1 0.0 0.0 0.0 0.0 1.1 0.0 0.0 0.0 0.0 1.1 0.0 -9.609 0.05 6.704 1.0]
	ConcatTransform [0.76899 0.576652 0.275909 0.0 -0.628798 0.760092 0.163933 0.0 -0.115183 -0.299554 0.947101 0.0 0.314013 -0.500945 0.142188 1.0]
354
	ConcatTransform [1.1 0.0 0.0 0.0 0.0 1.1 0.0 0.0 0.0 0.0 1.1 0.0 -9.609 0.05 6.704 1.0]
	ConcatTransform [0.767949 0.578056 0.275873 0.0 -0.629955 0.759518 0.162136 0.0 -0.115807 -0.2983 0.947421 0.0 0.314267 -0.500863 0.142743 1.0]
355
	ConcatTransform [1.1 0.0 0.0 0.0 0.0 1.1 0.0 0.0 0.0 0.0 1.1 0.0 -9.609 0.05 6.704 1.0]
	ConcatTransform [0.768425 0.578288 0.274054 0.0 -0.629625 0.759783 0.162178 0.0 -0.114436 -0.297173 0.947941 0.0 0.314147 -0.500799 0.143303 1.0]
356
	ConcatTransform [1.1 0.0 0.0 0.0 0.0 1.1 0.0 0.0 0.0 0.0 1.1 0.0 -9.609 0.05 6.704 1.0]
	ConcatTransform [0.770119 0.577788 0.270328 0.0 -0.628172 0.760638 0.1638 0.0 -0.11098 -0.295958 0.948732 0.0 0.313686 -0.50074 0.14385 1.0]
357
	ConcatTransform [1.1 0.0 0.0 0.0 0.0 1.1 0.0 0.0 0.0 0.0 1.1 0.0 -9.609 0.05 6.704 1.0]
	ConcatTransform [0.771631 0.577132 0.267403 0.0 -0.626895 0.76118 0.166153 0.0 -0.10765 -0.295843 0.949152 0.0 0.313274 -0.500749 0.143909 1.0]
358
	ConcatTransform [1.1 0.0 0.0 0.0 0.0 1.1 0.0 0.0 0.0 0.0 1.1 0.0 -9.609 0.05 6.704 1.0]
	ConcatTransform [0.774029 0.575648 0.263643 0.0 -0.624724 0.762076 0.17018 0.0 -0.102952 -0.296428 0.94949 0.0 0.312414 -0.50075 0.143655 1.0]
359
	ConcatTransform [1.1 0.0 0.0 0.0 0.0 1.1 0.0 0.0 0.0 0.0 1.1 0.0 -9.609 0.05 6.704 1.0]
	ConcatTransform [0.775214 0.574212 0.263293 0.0 -0.623278 0.763103 0.170876 0.0 -0.102801 -0.29657 0.949462 0.0 0.311673 -0.50072 0.143493 1.0]
360
	ConcatTransform [1.1 0.0 0.0 0.0 0.0 1.1 0.0 0.0 0.0 0.0 1.1 0.0 -9.609 0.05 6.704 1.0]
	ConcatTransform [0.069983 0.600306 0.796702 0.0 -0.416293 0.743367 -0.523551 0.0 -0.906533 -0.295022 0.301926 0.0 -0.337269 -0.500593 -0.381785 1.0]
