228
	ConcatTransform [1.1 0.0 0.0 0.0 0.0 1.1 0.0 0.0 0.0 0.0 1.1 0.0 -9.609 0.05 6.704 1.0]
	ConcatTransform [0.47002 0.218996 0.855057 0.0 -0.796311 -0.312671 0.517809 0.0 0.380749 -0.924272 0.027427 0.0 -0.310131 0.098381 0.134778 1.0]
229
	ConcatTransform [1.1 0.0 0.0 0.0 0.0 1.1 0.0 0.0 0.0 0.0 1.1 0.0 -9.609 0.05 6.704 1.0]
	ConcatTransform [0.293207 -0.322119 0.90015 0.0 -0.491489 -0.858375 -0.147077 0.0 0.820042 -0.39929 -0.409999 0.0 -0.508594 0.137576 0.233759 1.0]
230
	ConcatTransform [1.1 0.0 0.0 0.0 0.0 1.1 0.0 0.0 0.0 0.0 1.1 0.0 -9.609 0.05 6.704 1.0]
	ConcatTransform [0.549831 -0.699664 0.456242 0.0 0.387373 -0.270332 -0.881398 0.0 0.740019 0.661356 0.122394 0.0 -0.813633 0.159946 0.349037 1.0]
231
	ConcatTransform [1.1 0.0 0.0 0.0 0.0 1.1 0.0 0.0 0.0 0.0 1.1 0.0 -9.609 0.05 6.704 1.0]
	ConcatTransform [0.755979 -0.565238 0.330155 0.0 0.620508 0.45815 -0.63645 0.0 0.208485 0.686006 0.697087 0.0 -1.011112 0.162787 0.390269 1.0]
232
	ConcatTransform [1.1 0.0 0.0 0.0 0.0 1.1 0.0 0.0 0.0 0.0 1.1 0.0 -9.609 0.05 6.704 1.0]
	ConcatTransform [0.801734 -0.385552 0.456696 0.0 0.291726 0.919346 0.264004 0.0 -0.521649 -0.078432 0.849547 0.0 -1.289021 0.161283 0.424734 1.0]
233
	ConcatTransform [1.1 0.0 0.0 0.0 0.0 1.1 0.0 0.0 0.0 0.0 1.1 0.0 -9.609 0.05 6.704 1.0]
	ConcatTransform [0.730338 -0.347525 0.588075 0.0 -0.242189 0.673243 0.698634 0.0 -0.63871 -0.652664 0.407528 0.0 -1.474294 0.147907 0.447711 1.0]
234
	ConcatTransform [1.1 0.0 0.0 0.0 0.0 1.1 0.0 0.0 0.0 0.0 1.1 0.0 -9.609 0.05 6.704 1.0]
	ConcatTransform [0.656893 -0.406075 0.635291 0.0 -0.750196 -0.267661 0.604618 0.0 -0.075478 -0.873763 -0.48046 0.0 -1.7652 0.112503 0.483139 1.0]
235
	ConcatTransform [1.1 0.0 0.0 0.0 0.0 1.1 0.0 0.0 0.0 0.0 1.1 0.0 -9.609 0.05 6.704 1.0]
	ConcatTransform [0.640197 -0.463799 0.612403 0.0 -0.632462 -0.770706 0.077478 0.0 0.436049 -0.436923 -0.78674 0.0 -1.960102 0.07661 0.50676 1.0]
236
	ConcatTransform [1.1 0.0 0.0 0.0 0.0 1.1 0.0 0.0 0.0 0.0 1.1 0.0 -9.609 0.05 6.704 1.0]
	ConcatTransform [0.69975 -0.678544 0.223446 0.0 -0.502782 -0.68997 -0.520722 0.0 0.507504 0.252031 -0.823966 0.0 -2.223423 0.072526 0.604074 1.0]
237
	ConcatTransform [1.1 0.0 0.0 0.0 0.0 1.1 0.0 0.0 0.0 0.0 1.1 0.0 -9.609 0.05 6.704 1.0]
	ConcatTransform [0.763122 -0.64241 -0.070388 0.0 -0.416645 -0.405805 -0.813467 0.0 0.494015 0.650102 -0.577335 0.0 -2.39897 0.05743 0.66895 1.0]
238
	ConcatTransform [1.1 0.0 0.0 0.0 0.0 1.1 0.0 0.0 0.0 0.0 1.1 0.0 -9.609 0.05 6.704 1.0]
	ConcatTransform [0.770633 -0.461064 -0.439937 0.0 -0.400915 0.18586 -0.897064 0.0 0.495371 0.867684 -0.041618 0.0 -2.648598 0.02996 0.767342 1.0]
239
	ConcatTransform [1.1 0.0 0.0 0.0 0.0 1.1 0.0 0.0 0.0 0.0 1.1 0.0 -9.609 0.05 6.704 1.0]
	ConcatTransform [0.635513 -0.391733 -0.665333 0.0 -0.414805 0.553573 -0.722145 0.0 0.651199 0.734916 0.18931 0.0 -2.7946 0.020451 0.832497 1.0]
240
	ConcatTransform [1.1 0.0 0.0 0.0 0.0 1.1 0.0 0.0 0.0 0.0 1.1 0.0 -9.609 0.05 6.704 1.0]
	ConcatTransform [0.435286 -0.174206 -0.883277 0.0 -0.223917 0.929322 -0.293635 0.0 0.872002 0.325597 0.365513 0.0 -3.008834 -0.006225 0.926349 1.0]
241
	ConcatTransform [1.1 0.0 0.0 0.0 0.0 1.1 0.0 0.0 0.0 0.0 1.1 0.0 -9.609 0.05 6.704 1.0]
	ConcatTransform [0.340774 0.00988 -0.940093 0.0 0.024014 0.999527 0.019209 0.0 0.939839 -0.029121 0.340376 0.0 -3.14878 -0.032651 0.986538 1.0]
242
	ConcatTransform [1.1 0.0 0.0 0.0 0.0 1.1 0.0 0.0 0.0 0.0 1.1 0.0 -9.609 0.05 6.704 1.0]
	ConcatTransform [0.162672 0.046834 -0.985568 0.0 0.56244 0.816294 0.131623 0.0 0.810678 -0.575734 0.106447 0.0 -3.341723 -0.066808 1.060182 1.0]
243
	ConcatTransform [1.1 0.0 0.0 0.0 0.0 1.1 0.0 0.0 0.0 0.0 1.1 0.0 -9.609 0.05 6.704 1.0]
	ConcatTransform [0.065961 -0.018497 -0.997651 0.0 0.816755 0.575356 0.043334 0.0 0.573202 -0.817694 0.053059 0.0 -3.472818 -0.085963 1.104154 1.0]
244
	ConcatTransform [1.1 0.0 0.0 0.0 0.0 1.1 0.0 0.0 0.0 0.0 1.1 0.0 -9.609 0.05 6.704 1.0]
	ConcatTransform [-0.173752 -0.230684 -0.95739 0.0 0.961633 0.16984 -0.215445 0.0 0.212303 -0.958091 0.192323 0.0 -3.667415 -0.109483 1.167756 1.0]
245
	ConcatTransform [1.1 0.0 0.0 0.0 0.0 1.1 0.0 0.0 0.0 0.0 1.1 0.0 -9.609 0.05 6.704 1.0]
	ConcatTransform [-0.343888 -0.382599 -0.857531 0.0 0.9364 -0.071671 -0.343538 0.0 0.069977 -0.921131 0.382912 0.0 -3.792965 -0.122425 1.217415 1.0]
246
	ConcatTransform [1.1 0.0 0.0 0.0 0.0 1.1 0.0 0.0 0.0 0.0 1.1 0.0 -9.609 0.05 6.704 1.0]
	ConcatTransform [-0.540069 -0.594543 -0.595689 0.0 0.840488 -0.344297 -0.418376 0.0 0.043649 -0.726621 0.68565 0.0 -3.967767 -0.140693 1.298788 1.0]
247
	ConcatTransform [1.1 0.0 0.0 0.0 0.0 1.1 0.0 0.0 0.0 0.0 1.1 0.0 -9.609 0.05 6.704 1.0]
	ConcatTransform [-0.558213 -0.741677 -0.371905 0.0 0.815985 -0.40959 -0.407927 0.0 0.150222 -0.531179 0.833836 0.0 -4.064768 -0.145263 1.357069 1.0]
248
	ConcatTransform [1.1 0.0 0.0 0.0 0.0 1.1 0.0 0.0 0.0 0.0 1.1 0.0 -9.609 0.05 6.704 1.0]
	ConcatTransform [-0.457883 -0.88883 -0.018015 0.0 0.83154 -0.421026 -0.362324 0.0 0.31446 -0.180882 0.931878 0.0 -4.198275 -0.158653 1.445216 1.0]
249
	ConcatTransform [1.1 0.0 0.0 0.0 0.0 1.1 0.0 0.0 0.0 0.0 1.1 0.0 -9.609 0.05 6.704 1.0]
	ConcatTransform [-0.316514 -0.927708 0.197934 0.0 0.869691 -0.367116 -0.329944 0.0 0.378757 0.067709 0.923016 0.0 -4.279445 -0.172111 1.503786 1.0]
250
	ConcatTransform [1.1 0.0 0.0 0.0 0.0 1.1 0.0 0.0 0.0 0.0 1.1 0.0 -9.609 0.05 6.704 1.0]
	ConcatTransform [-0.040368 -0.88866 0.456786 0.0 0.935622 -0.19407 -0.294871 0.0 0.350688 0.415476 0.839284 0.0 -4.389357 -0.198904 1.590071 1.0]
251
	ConcatTransform [1.1 0.0 0.0 0.0 0.0 1.1 0.0 0.0 0.0 0.0 1.1 0.0 -9.609 0.05 6.704 1.0]
	ConcatTransform [0.147321 -0.803188 0.577223 0.0 0.961495 -0.020593 -0.27405 0.0 0.232 0.59537 0.769227 0.0 -4.453634 -0.219876 1.645424 1.0]
252
	ConcatTransform [1.1 0.0 0.0 0.0 0.0 1.1 0.0 0.0 0.0 0.0 1.1 0.0 -9.609 0.05 6.704 1.0]
	ConcatTransform [0.247776 -0.748148 0.615533 0.0 0.952095 0.305573 -0.011847 0.0 -0.179228 0.588981 0.788022 0.0 -4.519562 -0.236648 1.71528 1.0]
253
	ConcatTransform [1.1 0.0 0.0 0.0 0.0 1.1 0.0 0.0 0.0 0.0 1.1 0.0 -9.609 0.05 6.704 1.0]
	ConcatTransform [0.295224 -0.695753 0.654806 0.0 0.848669 0.505773 0.154773 0.0 -0.438867 0.51002 0.73978 0.0 -4.563515 -0.260203 1.76185 1.0]
254
	ConcatTransform [1.1 0.0 0.0 0.0 0.0 1.1 0.0 0.0 0.0 0.0 1.1 0.0 -9.609 0.05 6.704 1.0]
	ConcatTransform [0.370229 -0.624678 0.687538 0.0 0.57309 0.736091 0.360191 0.0 -0.731094 0.260668 0.630519 0.0 -4.632993 -0.308557 1.827456 1.0]
255
	ConcatTransform [1.1 0.0 0.0 0.0 0.0 1.1 0.0 0.0 0.0 0.0 1.1 0.0 -9.609 0.05 6.704 1.0]
	ConcatTransform [0.400038 -0.567053 0.720015 0.0 0.330918 0.821984 0.463503 0.0 -0.854671 0.052847 0.516473 0.0 -4.679312 -0.353167 1.871194 1.0]
256
	ConcatTransform [1.1 0.0 0.0 0.0 0.0 1.1 0.0 0.0 0.0 0.0 1.1 0.0 -9.609 0.05 6.704 1.0]
	ConcatTransform [0.408418 -0.477173 0.778139 0.0 -0.07411 0.832331 0.549302 0.0 -0.909781 -0.282013 0.304576 0.0 -4.74871 -0.43843 1.936603 1.0]
257
	ConcatTransform [1.1 0.0 0.0 0.0 0.0 1.1 0.0 0.0 0.0 0.0 1.1 0.0 -9.609 0.05 6.704 1.0]
	ConcatTransform [0.255014 -0.594536 0.762558 0.0 -0.270961 0.713096 0.646587 0.0 -0.928196 -0.371512 0.020753 0.0 -4.784784 -0.480368 1.97206 1.0]
258
	ConcatTransform [1.1 0.0 0.0 0.0 0.0 1.1 0.0 0.0 0.0 0.0 1.1 0.0 -9.609 0.05 6.704 1.0]
	ConcatTransform [-0.075469 -0.760473 0.644969 0.0 -0.533664 0.577187 0.618108 0.0 -0.842323 -0.297549 -0.449396 0.0 -4.847263 -0.51099 1.994748 1.0]
259
	ConcatTransform [1.1 0.0 0.0 0.0 0.0 1.1 0.0 0.0 0.0 0.0 1.1 0.0 -9.609 0.05 6.704 1.0]
	ConcatTransform [-0.328667 -0.760239 0.560371 0.0 -0.623287 0.620375 0.476076 0.0 -0.709571 -0.192802 -0.677743 0.0 -4.889226 -0.510532 1.990422 1.0]
260
	ConcatTransform [1.1 0.0 0.0 0.0 0.0 1.1 0.0 0.0 0.0 0.0 1.1 0.0 -9.609 0.05 6.704 1.0]
	ConcatTransform [-0.626146 -0.678584 0.384013 0.0 -0.648925 0.72657 0.225817 0.0 -0.432248 -0.107801 -0.895288 0.0 -4.947445 -0.500521 1.979658 1.0]
261
	ConcatTransform [1.1 0.0 0.0 0.0 0.0 1.1 0.0 0.0 0.0 0.0 1.1 0.0 -9.609 0.05 6.704 1.0]
	ConcatTransform [-0.740732 -0.575475 0.34662 0.0 -0.604053 0.796332 0.031238 0.0 -0.294001 -0.186238 -0.937485 0.0 -4.971345 -0.47674 1.964543 1.0]
262
	ConcatTransform [1.1 0.0 0.0 0.0 0.0 1.1 0.0 0.0 0.0 0.0 1.1 0.0 -9.609 0.05 6.704 1.0]
	ConcatTransform [-0.809449 -0.512153 0.287215 0.0 -0.574905 0.790768 -0.210165 0.0 -0.119484 -0.335239 -0.934526 0.0 -5.001759 -0.443276 1.942851 1.0]
263
	ConcatTransform [1.1 0.0 0.0 0.0 0.0 1.1 0.0 0.0 0.0 0.0 1.1 0.0 -9.609 0.05 6.704 1.0]
	ConcatTransform [-0.824994 -0.522262 0.215935 0.0 -0.565065 0.755997 -0.330407 0.0 0.009313 -0.394601 -0.918805 0.0 -5.023258 -0.428334 1.93318 1.0]
264
	ConcatTransform [1.1 0.0 0.0 0.0 0.0 1.1 0.0 0.0 0.0 0.0 1.1 0.0 -9.609 0.05 6.704 1.0]
	ConcatTransform [-0.825457 -0.5554 0.100756 0.0 -0.526145 0.692415 -0.493693 0.0 0.204432 -0.460534 -0.86378 0.0 -5.05301 -0.418628 1.917161 1.0]
265
	ConcatTransform [1.1 0.0 0.0 0.0 0.0 1.1 0.0 0.0 0.0 0.0 1.1 0.0 -9.609 0.05 6.704 1.0]
	ConcatTransform [-0.810199 -0.585741 0.022028 0.0 -0.483222 0.646179 -0.590719 0.0 0.331774 -0.489244 -0.806577 0.0 -5.068419 -0.417525 1.903286 1.0]
266
	ConcatTransform [1.1 0.0 0.0 0.0 0.0 1.1 0.0 0.0 0.0 0.0 1.1 0.0 -9.609 0.05 6.704 1.0]
	ConcatTransform [-0.761201 -0.641643 -0.094164 0.0 -0.396858 0.575716 -0.714881 0.0 0.51291 -0.506799 -0.692877 0.0 -5.084498 -0.423328 1.877992 1.0]
267
	ConcatTransform [1.1 0.0 0.0 0.0 0.0 1.1 0.0 0.0 0.0 0.0 1.1 0.0 -9.609 0.05 6.704 1.0]
	ConcatTransform [-0.70917 -0.685751 -0.16378 0.0 -0.330064 0.528188 -0.782352 0.0 0.623005 -0.500763 -0.600917 0.0 -5.090746 -0.431827 1.858047 1.0]
268
	ConcatTransform [1.1 0.0 0.0 0.0 0.0 1.1 0.0 0.0 0.0 0.0 1.1 0.0 -9.609 0.05 6.704 1.0]
	ConcatTransform [-0.604847 -0.754927 -0.253467 0.0 -0.215854 0.461795 -0.860321 0.0 0.766529 -0.465651 -0.44227 0.0 -5.091413 -0.449248 1.823521 1.0]
269
	ConcatTransform [1.1 0.0 0.0 0.0 0.0 1.1 0.0 0.0 0.0 0.0 1.1 0.0 -9.609 0.05 6.704 1.0]
	ConcatTransform [-0.519288 -0.786374 -0.334599 0.0 -0.128695 0.45902 -0.879055 0.0 0.844854 -0.413422 -0.339566 0.0 -5.086651 -0.461352 1.801775 1.0]
270
	ConcatTransform [1.1 0.0 0.0 0.0 0.0 1.1 0.0 0.0 0.0 0.0 1.1 0.0 -9.609 0.05 6.704 1.0]
	ConcatTransform [-0.373554 -0.802734 -0.464839 0.0 -0.026248 0.510063 -0.859736 0.0 0.927237 -0.308957 -0.211607 0.0 -5.077314 -0.476788 1.766437 1.0]
271
	ConcatTransform [1.1 0.0 0.0 0.0 0.0 1.1 0.0 0.0 0.0 0.0 1.1 0.0 -9.609 0.05 6.704 1.0]
	ConcatTransform [-0.266178 -0.793491 -0.547286 0.0 0.040823 0.55798 -0.82885 0.0 0.963059 -0.242964 -0.116129 0.0 -5.06905 -0.48629 1.739665 1.0]
272
	ConcatTransform [1.1 0.0 0.0 0.0 0.0 1.1 0.0 0.0 0.0 0.0 1.1 0.0 -9.609 0.05 6.704 1.0]
	ConcatTransform [-0.096181 -0.750409 -0.653938 0.0 0.137309 0.6407 -0.755414 0.0 0.985848 -0.162448 0.041415 0.0 -5.053582 -0.497686 1.695434 1.0]
273
	ConcatTransform [1.1 0.0 0.0 0.0 0.0 1.1 0.0 0.0 0.0 0.0 1.1 0.0 -9.609 0.05 6.704 1.0]
	ConcatTransform [0.019104 -0.703128 -0.710806 0.0 0.197981 0.699519 -0.686642 0.0 0.98002 -0.127609 0.152569 0.0 -5.041397 -0.501726 1.664301 1.0]
274
	ConcatTransform [1.1 0.0 0.0 0.0 0.0 1.1 0.0 0.0 0.0 0.0 1.1 0.0 -9.609 0.05 6.704 1.0]
	ConcatTransform [0.119706 -0.612204 -0.781586 0.0 0.317914 0.769431 -0.553992 0.0 0.940532 -0.182161 0.286734 0.0 -5.022411 -0.486569 1.628867 1.0]
275
	ConcatTransform [1.1 0.0 0.0 0.0 0.0 1.1 0.0 0.0 0.0 0.0 1.1 0.0 -9.609 0.05 6.704 1.0]
	ConcatTransform [0.174017 -0.588949 -0.789213 0.0 0.373922 0.780935 -0.500323 0.0 0.910989 -0.20804 0.356117 0.0 -5.008641 -0.473393 1.606585 1.0]
276
	ConcatTransform [1.1 0.0 0.0 0.0 0.0 1.1 0.0 0.0 0.0 0.0 1.1 0.0 -9.609 0.05 6.704 1.0]
	ConcatTransform [0.259798 -0.563631 -0.784108 0.0 0.4462 0.790175 -0.420154 0.0 0.856394 -0.240714 0.456778 0.0 -4.986744 -0.458545 1.58023 1.0]
277
	ConcatTransform [1.1 0.0 0.0 0.0 0.0 1.1 0.0 0.0 0.0 0.0 1.1 0.0 -9.609 0.05 6.704 1.0]
	ConcatTransform [0.313633 -0.555432 -0.770149 0.0 0.489472 0.789578 -0.370113 0.0 0.813665 -0.260887 0.519507 0.0 -4.97098 -0.451885 1.567734 1.0]
278
	ConcatTransform [1.1 0.0 0.0 0.0 0.0 1.1 0.0 0.0 0.0 0.0 1.1 0.0 -9.609 0.05 6.704 1.0]
	ConcatTransform [0.387137 -0.557433 -0.734434 0.0 0.548402 0.779545 -0.302598 0.0 0.741202 -0.285618 0.607488 0.0 -4.946195 -0.447779 1.55618 1.0]
279
	ConcatTransform [1.1 0.0 0.0 0.0 0.0 1.1 0.0 0.0 0.0 0.0 1.1 0.0 -9.609 0.05 6.704 1.0]
	ConcatTransform [0.435001 -0.565135 -0.700997 0.0 0.581931 0.77053 -0.260076 0.0 0.687117 -0.294799 0.664051 0.0 -4.929937 -0.448532 1.553927 1.0]
280
	ConcatTransform [1.1 0.0 0.0 0.0 0.0 1.1 0.0 0.0 0.0 0.0 1.1 0.0 -9.609 0.05 6.704 1.0]
	ConcatTransform [0.501975 -0.58678 -0.635382 0.0 0.625103 0.75386 -0.20234 0.0 0.597718 -0.29561 0.745217 0.0 -4.906499 -0.454378 1.558661 1.0]
281
	ConcatTransform [1.1 0.0 0.0 0.0 0.0 1.1 0.0 0.0 0.0 0.0 1.1 0.0 -9.609 0.05 6.704 1.0]
	ConcatTransform [0.538273 -0.610078 -0.581435 0.0 0.652335 0.738416 -0.170882 0.0 0.533592 -0.287309 0.795445 0.0 -4.891303 -0.461467 1.566624 1.0]
282
	ConcatTransform [1.1 0.0 0.0 0.0 0.0 1.1 0.0 0.0 0.0 0.0 1.1 0.0 -9.609 0.05 6.704 1.0]
	ConcatTransform [0.580225 -0.651774 -0.488395 0.0 0.69101 0.711353 -0.128379 0.0 0.431095 -0.262997 0.863128 0.0 -4.87009 -0.475606 1.586759 1.0]
283
	ConcatTransform [1.1 0.0 0.0 0.0 0.0 1.1 0.0 0.0 0.0 0.0 1.1 0.0 -9.609 0.05 6.704 1.0]
	ConcatTransform [0.60249 -0.680768 -0.416605 0.0 0.713158 0.693549 -0.101957 0.0 0.358345 -0.235677 0.903352 0.0 -4.85804 -0.486151 1.605556 1.0]
284
	ConcatTransform [1.1 0.0 0.0 0.0 0.0 1.1 0.0 0.0 0.0 0.0 1.1 0.0 -9.609 0.05 6.704 1.0]
	ConcatTransform [0.630706 -0.718298 -0.293697 0.0 0.7358 0.673796 -0.067803 0.0 0.246595 -0.173338 0.953491 0.0 -4.844145 -0.502014 1.640099 1.0]
285
	ConcatTransform [1.1 0.0 0.0 0.0 0.0 1.1 0.0 0.0 0.0 0.0 1.1 0.0 -9.609 0.05 6.704 1.0]
	ConcatTransform [0.657719 -0.722685 -0.212444 0.0 0.730335 0.680866 -0.055059 0.0 0.184436 -0.118942 0.975621 0.0 -4.836344 -0.501144 1.664188 1.0]
286
	ConcatTransform [1.1 0.0 0.0 0.0 0.0 1.1 0.0 0.0 0.0 0.0 1.1 0.0 -9.609 0.05 6.704 1.0]
	ConcatTransform [0.691042 -0.712093 -0.124036 0.0 0.713351 0.699555 -0.041866 0.0 0.116583 -0.05955 0.991394 0.0 -4.828045 -0.490737 1.698279 1.0]
287
	ConcatTransform [1.1 0.0 0.0 0.0 0.0 1.1 0.0 0.0 0.0 0.0 1.1 0.0 -9.609 0.05 6.704 1.0]
	ConcatTransform [0.700253 -0.709322 -0.080676 0.0 0.709033 0.704195 -0.037167 0.0 0.083175 -0.031176 0.996047 0.0 -4.82807 -0.478205 1.713707 1.0]
288
	ConcatTransform [1.1 0.0 0.0 0.0 0.0 1.1 0.0 0.0 0.0 0.0 1.1 0.0 -9.609 0.05 6.704 1.0]
	ConcatTransform [0.707131 -0.706644 -0.024901 0.0 0.706317 0.707566 -0.021608 0.0 0.032888 -0.002308 0.999456 0.0 -4.832876 -0.46574 1.730988 1.0]
289
	ConcatTransform [1.1 0.0 0.0 0.0 0.0 1.1 0.0 0.0 0.0 0.0 1.1 0.0 -9.609 0.05 6.704 1.0]
	ConcatTransform [0.707306 -0.7069 -0.003408 0.0 0.706853 0.707302 -0.009079 0.0 0.008829 0.004013 0.999953 0.0 -4.838781 -0.462611 1.739649 1.0]
290
	ConcatTransform [1.1 0.0 0.0 0.0 0.0 1.1 0.0 0.0 0.0 0.0 1.1 0.0 -9.609 0.05 6.704 1.0]
	ConcatTransform [0.695445 -0.718435 0.014397 0.0 0.718261 0.695594 0.015811 0.0 -0.021374 -0.000654 0.999771 0.0 -4.850092 -0.465764 1.74732 1.0]
291
	ConcatTransform [1.1 0.0 0.0 0.0 0.0 1.1 0.0 0.0 0.0 0.0 1.1 0.0 -9.609 0.05 6.704 1.0]
	ConcatTransform [0.683166 -0.730062 0.017101 0.0 0.729168 0.683237 0.038747 0.0 -0.039972 -0.014001 0.999103 0.0 -4.859703 -0.47301 1.748874 1.0]
292
	ConcatTransform [1.1 0.0 0.0 0.0 0.0 1.1 0.0 0.0 0.0 0.0 1.1 0.0 -9.609 0.05 6.704 1.0]
	ConcatTransform [0.662736 -0.748843 0.003912 0.0 0.745991 0.66065 0.083906 0.0 -0.065417 -0.05269 0.996466 0.0 -4.878603 -0.48832 1.744304 1.0]
293
	ConcatTransform [1.1 0.0 0.0 0.0 0.0 1.1 0.0 0.0 0.0 0.0 1.1 0.0 -9.609 0.05 6.704 1.0]
	ConcatTransform [0.644403 -0.764602 -0.011315 0.0 0.759919 0.638667 0.120943 0.0 -0.085247 -0.086534 0.992595 0.0 -4.89327 -0.50115 1.736216 1.0]
294
	ConcatTransform [1.1 0.0 0.0 0.0 0.0 1.1 0.0 0.0 0.0 0.0 1.1 0.0 -9.609 0.05 6.704 1.0]
	ConcatTransform [0.631717 -0.775073 -0.013948 0.0 0.765356 0.620737 0.170045 0.0 -0.12314 -0.118095 0.985338 0.0 -4.911747 -0.496804 1.717161 1.0]
295
	ConcatTransform [1.1 0.0 0.0 0.0 0.0 1.1 0.0 0.0 0.0 0.0 1.1 0.0 -9.609 0.05 6.704 1.0]
	ConcatTransform [0.625222 -0.780224 -0.018638 0.0 0.766229 0.609119 0.204615 0.0 -0.148293 -0.142211 0.978665 0.0 -4.9221 -0.494427 1.7048 1.0]
296
	ConcatTransform [1.1 0.0 0.0 0.0 0.0 1.1 0.0 0.0 0.0 0.0 1.1 0.0 -9.609 0.05 6.704 1.0]
	ConcatTransform [0.610213 -0.791946 -0.021472 0.0 0.769283 0.585839 0.254944 0.0 -0.189322 -0.172088 0.966717 0.0 -4.932752 -0.490671 1.686289 1.0]
297
	ConcatTransform [1.1 0.0 0.0 0.0 0.0 1.1 0.0 0.0 0.0 0.0 1.1 0.0 -9.609 0.05 6.704 1.0]
	ConcatTransform [0.603423 -0.797119 -0.02195 0.0 0.767758 0.573319 0.286099 0.0 -0.21547 -0.189491 0.957949 0.0 -4.937691 -0.488386 1.674368 1.0]
298
	ConcatTransform [1.1 0.0 0.0 0.0 0.0 1.1 0.0 0.0 0.0 0.0 1.1 0.0 -9.609 0.05 6.704 1.0]
	ConcatTransform [0.598812 -0.800656 -0.019323 0.0 0.760136 0.560578 0.328552 0.0 -0.252225 -0.211429 0.944288 0.0 -4.941868 -0.486089 1.657583 1.0]
299
	ConcatTransform [1.1 0.0 0.0 0.0 0.0 1.1 0.0 0.0 0.0 0.0 1.1 0.0 -9.609 0.05 6.704 1.0]
	ConcatTransform [0.598847 -0.800706 -0.01591 0.0 0.751955 0.555328 0.35521 0.0 -0.275583 -0.22468 0.934651 0.0 -4.94225 -0.484922 1.647707 1.0]
300
	ConcatTransform [1.1 0.0 0.0 0.0 0.0 1.1 0.0 0.0 0.0 0.0 1.1 0.0 -9.609 0.05 6.704 1.0]
	ConcatTransform [0.603628 -0.797228 -0.007836 0.0 0.735034 0.552677 0.392776 0.0 -0.308802 -0.24285 0.919601 0.0 -4.93939 -0.484126 1.63532 1.0]
301
	ConcatTransform [1.1 0.0 0.0 0.0 0.0 1.1 0.0 0.0 0.0 0.0 1.1 0.0 -9.609 0.05 6.704 1.0]
	ConcatTransform [0.610417 -0.79208 0.001239 0.0 0.720524 0.555921 0.414483 0.0 -0.328992 -0.252115 0.910056 0.0 -4.93541 -0.484095 1.62859 1.0]
302
	ConcatTransform [1.1 0.0 0.0 0.0 0.0 1.1 0.0 0.0 0.0 0.0 1.1 0.0 -9.609 0.05 6.704 1.0]
	ConcatTransform [0.624363 -0.780867 0.020442 0.0 0.695037 0.567298 0.441698 0.0 -0.356504 -0.261572 0.896931 0.0 -4.926533 -0.485623 1.620956 1.0]
303
	ConcatTransform [1.1 0.0 0.0 0.0 0.0 1.1 0.0 0.0 0.0 0.0 1.1 0.0 -9.609 0.05 6.704 1.0]
	ConcatTransform [0.635888 -0.770937 0.036101 0.0 0.675349 0.578466 0.457472 0.0 -0.373565 -0.266521 0.888491 0.0 -4.918739 -0.486969 1.618003 1.0]
304
	ConcatTransform [1.1 0.0 0.0 0.0 0.0 1.1 0.0 0.0 0.0 0.0 1.1 0.0 -9.609 0.05 6.704 1.0]
	ConcatTransform [0.655831 -0.752218 0.063669 0.0 0.641826 0.600005 0.477549 0.0 -0.397423 -0.272327 0.876295 0.0 -4.904737 -0.489434 1.616892 1.0]
305
	ConcatTransform [1.1 0.0 0.0 0.0 0.0 1.1 0.0 0.0 0.0 0.0 1.1 0.0 -9.609 0.05 6.704 1.0]
	ConcatTransform [0.670139 -0.737254 0.085848 0.0 0.617453 0.617923 0.486748 0.0 -0.411904 -0.273182 0.869314 0.0 -4.894117 -0.491175 1.618077 1.0]
306
	ConcatTransform [1.1 0.0 0.0 0.0 0.0 1.1 0.0 0.0 0.0 0.0 1.1 0.0 -9.609 0.05 6.704 1.0]
	ConcatTransform [0.678826 -0.724682 0.118456 0.0 0.594007 0.636777 0.491601 0.0 -0.431684 -0.263348 0.862726 0.0 -4.879026 -0.491958 1.624014 1.0]
307
	ConcatTransform [1.1 0.0 0.0 0.0 0.0 1.1 0.0 0.0 0.0 0.0 1.1 0.0 -9.609 0.05 6.704 1.0]
	ConcatTransform [0.678772 -0.72094 0.139697 0.0 0.584293 0.645441 0.491943 0.0 -0.444827 -0.252293 0.859347 0.0 -4.87325 -0.492396 1.631084 1.0]
308
	ConcatTransform [1.1 0.0 0.0 0.0 0.0 1.1 0.0 0.0 0.0 0.0 1.1 0.0 -9.609 0.05 6.704 1.0]
	ConcatTransform [0.668923 -0.722783 0.173572 0.0 0.579184 0.653162 0.487776 0.0 -0.465927 -0.225754 0.855539 0.0 -4.869623 -0.496207 1.644643 1.0]
309
	ConcatTransform [1.1 0.0 0.0 0.0 0.0 1.1 0.0 0.0 0.0 0.0 1.1 0.0 -9.609 0.05 6.704 1.0]
	ConcatTransform [0.665738 -0.718587 0.20106 0.0 0.573335 0.665059 0.478523 0.0 -0.477577 -0.203296 0.854746 0.0 -4.868998 -0.497888 1.654759 1.0]
310
	ConcatTransform [1.1 0.0 0.0 0.0 0.0 1.1 0.0 0.0 0.0 0.0 1.1 0.0 -9.609 0.05 6.704 1.0]
	ConcatTransform [0.664155 -0.707898 0.24037 0.0 0.563771 0.685413 0.460837 0.0 -0.490979 -0.170554 0.854313 0.0 -4.867434 -0.498942 1.671941 1.0]
311
	ConcatTransform [1.1 0.0 0.0 0.0 0.0 1.1 0.0 0.0 0.0 0.0 1.1 0.0 -9.609 0.05 6.704 1.0]
	ConcatTransform [0.664663 -0.698241 0.265861 0.0 0.556994 0.700242 0.446563 0.0 -0.497976 -0.148731 0.854341 0.0 -4.865883 -0.499538 1.684155 1.0]
312
	ConcatTransform [1.1 0.0 0.0 0.0 0.0 1.1 0.0 0.0 0.0 0.0 1.1 0.0 -9.609 0.05 6.704 1.0]
	ConcatTransform [0.662705 -0.690603 0.289636 0.0 0.551149 0.711616 0.435703 0.0 -0.507007 -0.12911 0.852217 0.0 -4.863595 -0.497305 1.699378 1.0]
313
	ConcatTransform [1.1 0.0 0.0 0.0 0.0 1.1 0.0 0.0 0.0 0.0 1.1 0.0 -9.609 0.05 6.704 1.0]
	ConcatTransform [0.661799 -0.689263 0.294854 0.0 0.54846 0.71328 0.436374 0.0 -0.51109 -0.127076 0.850081 0.0 -4.862999 -0.495072 1.703634 1.0]
314
	ConcatTransform [1.1 0.0 0.0 0.0 0.0 1.1 0.0 0.0 0.0 0.0 1.1 0.0 -9.609 0.05 6.704 1.0]
	ConcatTransform [0.660693 -0.692393 0.289959 0.0 0.546112 0.708376 0.447175 0.0 -0.515021 -0.137095 0.846143 0.0 -4.863137 -0.497339 1.703522 1.0]
315
	ConcatTransform [1.1 0.0 0.0 0.0 0.0 1.1 0.0 0.0 0.0 0.0 1.1 0.0 -9.609 0.05 6.704 1.0]
	ConcatTransform [0.657321 -0.698064 0.283964 0.0 0.546685 0.701045 0.457898 0.0 -0.518714 -0.145748 0.842433 0.0 -4.863209 -0.500581 1.698941 1.0]
316
	ConcatTransform [1.1 0.0 0.0 0.0 0.0 1.1 0.0 0.0 0.0 0.0 1.1 0.0 -9.609 0.05 6.704 1.0]
	ConcatTransform [0.656499 -0.700843 0.278977 0.0 0.544756 0.696311 0.467325 0.0 -0.521776 -0.154824 0.838916 0.0 -4.863643 -0.500302 1.691923 1.0]
317
	ConcatTransform [1.1 0.0 0.0 0.0 0.0 1.1 0.0 0.0 0.0 0.0 1.1 0.0 -9.609 0.05 6.704 1.0]
	ConcatTransform [0.655268 -0.704023 0.273816 0.0 0.545465 0.691747 0.473238 0.0 -0.522582 -0.160741 0.837299 0.0 -4.86454 -0.499811 1.688117 1.0]
318
	ConcatTransform [1.1 0.0 0.0 0.0 0.0 1.1 0.0 0.0 0.0 0.0 1.1 0.0 -9.609 0.05 6.704 1.0]
	ConcatTransform [0.656626 -0.705779 0.265929 0.0 0.545641 0.687949 0.478542 0.0 -0.52069 -0.169121 0.836827 0.0 -4.865255 -0.498932 1.68315 1.0]
319
	ConcatTransform [1.1 0.0 0.0 0.0 0.0 1.1 0.0 0.0 0.0 0.0 1.1 0.0 -9.609 0.05 6.704 1.0]
	ConcatTransform [0.655996 -0.707864 0.261911 0.0 0.546693 0.684878 0.481735 0.0 -0.52038 -0.172831 0.836262 0.0 -4.865968 -0.499641 1.680509 1.0]
320
	ConcatTransform [1.1 0.0 0.0 0.0 0.0 1.1 0.0 0.0 0.0 0.0 1.1 0.0 -9.609 0.05 6.704 1.0]
	ConcatTransform [0.655628 -0.709061 0.259584 0.0 0.546108 0.68269 0.48549 0.0 -0.521458 -0.17654 0.834815 0.0 -4.86648 -0.49943 1.677609 1.0]
321
	ConcatTransform [1.1 0.0 0.0 0.0 0.0 1.1 0.0 0.0 0.0 0.0 1.1 0.0 -9.609 0.05 6.704 1.0]
	ConcatTransform [0.655076 -0.710019 0.258357 0.0 0.547176 0.681607 0.48581 0.0 -0.521032 -0.176876 0.835009 0.0 -4.866694 -0.499086 1.676495 1.0]
322
	ConcatTransform [1.1 0.0 0.0 0.0 0.0 1.1 0.0 0.0 0.0 0.0 1.1 0.0 -9.609 0.05 6.704 1.0]
	ConcatTransform [0.655553 -0.709549 0.258441 0.0 0.546681 0.682019 0.485789 0.0 -0.520952 -0.177175 0.834996 0.0 -4.866575 -0.49942 1.676053 1.0]
323
	ConcatTransform [1.1 0.0 0.0 0.0 0.0 1.1 0.0 0.0 0.0 0.0 1.1 0.0 -9.609 0.05 6.704 1.0]
	ConcatTransform [0.656692 -0.707992 0.259813 0.0 0.545589 0.683838 0.484457 0.0 -0.520661 -0.176388 0.835344 0.0 -4.8662 -0.498966 1.676559 1.0]
324
	ConcatTransform [1.1 0.0 0.0 0.0 0.0 1.1 0.0 0.0 0.0 0.0 1.1 0.0 -9.609 0.05 6.704 1.0]
	ConcatTransform [0.659434 -0.704442 0.262503 0.0 0.543746 0.688068 0.480524 0.0 -0.519121 -0.174139 0.836773 0.0 -4.864776 -0.498731 1.678429 1.0]
325
	ConcatTransform [1.1 0.0 0.0 0.0 0.0 1.1 0.0 0.0 0.0 0.0 1.1 0.0 -9.609 0.05 6.704 1.0]
	ConcatTransform [0.660484 -0.702456 0.265172 0.0 0.543368 0.690912 0.476856 0.0 -0.518181 -0.17087 0.838029 0.0 -4.864213 -0.498731 1.680439 1.0]
326
	ConcatTransform [1.1 0.0 0.0 0.0 0.0 1.1 0.0 0.0 0.0 0.0 1.1 0.0 -9.609 0.05 6.704 1.0]
	ConcatTransform [0.659241 -0.70261 0.267844 0.0 0.548001 0.692844 0.468681 0.0 -0.514874 -0.162195 0.841782 0.0 -4.864291 -0.499402 1.684627 1.0]
327
	ConcatTransform [1.1 0.0 0.0 0.0 0.0 1.1 0.0 0.0 0.0 0.0 1.1 0.0 -9.609 0.05 6.704 1.0]
	ConcatTransform [0.658895 -0.70118 0.272403 0.0 0.549267 0.695882 0.462659 0.0 -0.513968 -0.155222 0.843649 0.0 -4.86541 -0.500019 1.68794 1.0]
328
	ConcatTransform [1.1 0.0 0.0 0.0 0.0 1.1 0.0 0.0 0.0 0.0 1.1 0.0 -9.609 0.05 6.704 1.0]
	ConcatTransform [0.658389 -0.699207 0.27863 0.0 0.550576 0.699802 0.455131 0.0 -0.513216 -0.146246 0.845708 0.0 -4.866038 -0.50019 1.693466 1.0]
329
	ConcatTransform [1.1 0.0 0.0 0.0 0.0 1.1 0.0 0.0 0.0 0.0 1.1 0.0 -9.609 0.05 6.704 1.0]
	ConcatTransform [0.6583 -0.69879 0.279881 0.0 0.550912 0.700615 0.45347 0.0 -0.512969 -0.14433 0.846187 0.0 -4.86643 -0.499664 1.694855 1.0]
330
	ConcatTransform [1.1 0.0 0.0 0.0 0.0 1.1 0.0 0.0 0.0 0.0 1.1 0.0 -9.609 0.05 6.704 1.0]
	ConcatTransform [0.659126 -0.697721 0.280604 0.0 0.550126 0.701748 0.452672 0.0 -0.512752 -0.144 0.846374 0.0 -4.866597 -0.499294 1.695585 1.0]
331
	ConcatTransform [1.1 0.0 0.0 0.0 0.0 1.1 0.0 0.0 0.0 0.0 1.1 0.0 -9.609 0.05 6.704 1.0]
	ConcatTransform [0.660242 -0.696681 0.280563 0.0 0.548988 0.702597 0.452736 0.0 -0.512535 -0.14489 0.846354 0.0 -4.866272 -0.499236 1.69573 1.0]
332
	ConcatTransform [1.1 0.0 0.0 0.0 0.0 1.1 0.0 0.0 0.0 0.0 1.1 0.0 -9.609 0.05 6.704 1.0]
	ConcatTransform [0.659541 -0.698627 0.277355 0.0 0.549697 0.699956 0.455955 0.0 -0.512679 -0.14826 0.845683 0.0 -4.866132 -0.500562 1.695287 1.0]
333
	ConcatTransform [1.1 0.0 0.0 0.0 0.0 1.1 0.0 0.0 0.0 0.0 1.1 0.0 -9.609 0.05 6.704 1.0]
	ConcatTransform [0.660611 -0.697579 0.277447 0.0 0.548752 0.700895 0.45565 0.0 -0.512313 -0.148757 0.845817 0.0 -4.866021 -0.500025 1.695109 1.0]
334
	ConcatTransform [1.1 0.0 0.0 0.0 0.0 1.1 0.0 0.0 0.0 0.0 1.1 0.0 -9.609 0.05 6.704 1.0]
	ConcatTransform [0.660711 -0.697245 0.278047 0.0 0.54845 0.701308 0.455378 0.0 -0.512507 -0.148378 0.845766 0.0 -4.865693 -0.499972 1.694674 1.0]
335
	ConcatTransform [1.1 0.0 0.0 0.0 0.0 1.1 0.0 0.0 0.0 0.0 1.1 0.0 -9.609 0.05 6.704 1.0]
	ConcatTransform [0.660266 -0.697364 0.278806 0.0 0.548075 0.701216 0.455971 0.0 -0.513481 -0.148256 0.845197 0.0 -4.865225 -0.500269 1.694101 1.0]
336
	ConcatTransform [1.1 0.0 0.0 0.0 0.0 1.1 0.0 0.0 0.0 0.0 1.1 0.0 -9.609 0.05 6.704 1.0]
	ConcatTransform [0.659302 -0.698125 0.279181 0.0 0.548378 0.700513 0.456688 0.0 -0.514395 -0.147998 0.844686 0.0 -4.864936 -0.500253 1.692804 1.0]
337
	ConcatTransform [1.1 0.0 0.0 0.0 0.0 1.1 0.0 0.0 0.0 0.0 1.1 0.0 -9.609 0.05 6.704 1.0]
	ConcatTransform [0.660678 -0.697035 0.278653 0.0 0.547514 0.701397 0.456366 0.0 -0.513549 -0.148944 0.845034 0.0 -4.864614 -0.499792 1.692414 1.0]
338
	ConcatTransform [1.1 0.0 0.0 0.0 0.0 1.1 0.0 0.0 0.0 0.0 1.1 0.0 -9.609 0.05 6.704 1.0]
	ConcatTransform [0.663142 -0.694636 0.27879 0.0 0.54547 0.703551 0.455497 0.0 -0.512548 -0.149988 0.845458 0.0 -4.86339 -0.499502 1.692404 1.0]
339
	ConcatTransform [1.1 0.0 0.0 0.0 0.0 1.1 0.0 0.0 0.0 0.0 1.1 0.0 -9.609 0.05 6.704 1.0]
	ConcatTransform [0.662803 -0.694579 0.279736 0.0 0.546072 0.70398 0.454111 0.0 -0.512345 -0.148231 0.845891 0.0 -4.864063 -0.499604 1.692777 1.0]
340
	ConcatTransform [1.1 0.0 0.0 0.0 0.0 1.1 0.0 0.0 0.0 0.0 1.1 0.0 -9.609 0.05 6.704 1.0]
	ConcatTransform [0.659276 -0.698287 0.278837 0.0 0.548614 0.700327 0.456689 0.0 -0.514177 -0.14811 0.844799 0.0 -4.865002 -0.500517 1.692346 1.0]
341
	ConcatTransform [1.1 0.0 0.0 0.0 0.0 1.1 0.0 0.0 0.0 0.0 1.1 0.0 -9.609 0.05 6.704 1.0]
	ConcatTransform [0.658367 -0.699044 0.279088 0.0 0.54854 0.699495 0.458051 0.0 -0.515419 -0.148474 0.843978 0.0 -4.865937 -0.499881 1.6916 1.0]
342
	ConcatTransform [1.1 0.0 0.0 0.0 0.0 1.1 0.0 0.0 0.0 0.0 1.1 0.0 -9.609 0.05 6.704 1.0]
	ConcatTransform [0.659071 -0.696889 0.282793 0.0 0.544393 0.701491 0.459942 0.0 -0.518905 -0.149183 0.841714 0.0 -4.866804 -0.499504 1.690866 1.0]
343
	ConcatTransform [1.1 0.0 0.0 0.0 0.0 1.1 0.0 0.0 0.0 0.0 1.1 0.0 -9.609 0.05 6.704 1.0]
	ConcatTransform [0.656415 -0.698513 0.284954 0.0 0.544346 0.700072 0.462154 0.0 -0.522309 -0.148251 0.839771 0.0 -4.866674 -0.500546 1.690899 1.0]
344
	ConcatTransform [1.1 0.0 0.0 0.0 0.0 1.1 0.0 0.0 0.0 0.0 1.1 0.0 -9.609 0.05 6.704 1.0]
	ConcatTransform [0.656257 -0.697867 0.286895 0.0 0.542649 0.70071 0.463183 0.0 -0.52427 -0.148284 0.838542 0.0 -4.867123 -0.500381 1.690939 1.0]
345
	ConcatTransform [1.1 0.0 0.0 0.0 0.0 1.1 0.0 0.0 0.0 0.0 1.1 0.0 -9.609 0.05 6.704 1.0]
	ConcatTransform [0.656782 -0.697371 0.286899 0.0 0.542316 0.701175 0.462868 0.0 -0.523957 -0.148414 0.838715 0.0 -4.86743 -0.499856 1.690551 1.0]
346
	ConcatTransform [1.1 0.0 0.0 0.0 0.0 1.1 0.0 0.0 0.0 0.0 1.1 0.0 -9.609 0.05 6.704 1.0]
	ConcatTransform [0.655489 -0.698828 0.286311 0.0 0.543721 0.69981 0.463285 0.0 -0.52412 -0.148005 0.838685 0.0 -4.868022 -0.500545 1.690333 1.0]
347
	ConcatTransform [1.1 0.0 0.0 0.0 0.0 1.1 0.0 0.0 0.0 0.0 1.1 0.0 -9.609 0.05 6.704 1.0]
	ConcatTransform [0.655769 -0.698586 0.286258 0.0 0.543433 0.699991 0.463349 0.0 -0.524067 -0.148288 0.838668 0.0 -4.867953 -0.500558 1.690335 1.0]
348
	ConcatTransform [1.1 0.0 0.0 0.0 0.0 1.1 0.0 0.0 0.0 0.0 1.1 0.0 -9.609 0.05 6.704 1.0]
	ConcatTransform [0.655821 -0.698214 0.287047 0.0 0.542893 0.700417 0.46334 0.0 -0.524563 -0.148032 0.838403 0.0 -4.867882 -0.500483 1.689853 1.0]
349
	ConcatTransform [1.1 0.0 0.0 0.0 0.0 1.1 0.0 0.0 0.0 0.0 1.1 0.0 -9.609 0.05 6.704 1.0]
	ConcatTransform [0.655624 -0.698521 0.28675 0.0 0.542956 0.700029 0.463852 0.0 -0.524744 -0.14842 0.838222 0.0 -4.868227 -0.500214 1.689339 1.0]
350
	ConcatTransform [1.1 0.0 0.0 0.0 0.0 1.1 0.0 0.0 0.0 0.0 1.1 0.0 -9.609 0.05 6.704 1.0]
	ConcatTransform [0.657094 -0.697155 0.286711 0.0 0.54175 0.701221 0.46346 0.0 -0.524151 -0.149211 0.838452 0.0 -4.867979 -0.499693 1.689163 1.0]
351
	ConcatTransform [1.1 0.0 0.0 0.0 0.0 1.1 0.0 0.0 0.0 0.0 1.1 0.0 -9.609 0.05 6.704 1.0]
	ConcatTransform [0.656063 -0.698802 0.285055 0.0 0.544028 0.699675 0.463128 0.0 -0.523081 -0.148763 0.839199 0.0 -4.868161 -0.500191 1.68973 1.0]
352
	ConcatTransform [1.1 0.0 0.0 0.0 0.0 1.1 0.0 0.0 0.0 0.0 1.1 0.0 -9.609 0.05 6.704 1.0]
	ConcatTransform [0.659052 -0.696381 0.284084 0.0 0.544401 0.702326 0.458657 0.0 -0.518919 -0.147623 0.84198 0.0 -4.868043 -0.499732 1.690868 1.0]
353
	ConcatTransform [1.1 0.0 0.0 0.0 0.0 1.1 0.0 0.0 0.0 0.0 1.1 0.0 -9.609 0.05 6.704 1.0]
	ConcatTransform [0.659689 -0.69686 0.281418 0.0 0.545884 0.701678 0.457885 0.0 -0.516546 -0.14844 0.843294 0.0 -4.868329 -0.5 1.691415 1.0]
354
	ConcatTransform [1.1 0.0 0.0 0.0 0.0 1.1 0.0 0.0 0.0 0.0 1.1 0.0 -9.609 0.05 6.704 1.0]
	ConcatTransform [0.658636 -0.699015 0.278526 0.0 0.549892 0.699804 0.455954 0.0 -0.513632 -0.147148 0.845298 0.0 -4.868867 -0.500232 1.691457 1.0]
355
	ConcatTransform [1.1 0.0 0.0 0.0 0.0 1.1 0.0 0.0 0.0 0.0 1.1 0.0 -9.609 0.05 6.704 1.0]
	ConcatTransform [0.658636 -0.699015 0.278526 0.0 0.549892 0.699804 0.455954 0.0 -0.513632 -0.147148 0.845298 0.0 -4.868867 -0.500232 1.691457 1.0]
356
	ConcatTransform [1.1 0.0 0.0 0.0 0.0 1.1 0.0 0.0 0.0 0.0 1.1 0.0 -9.609 0.05 6.704 1.0]
	ConcatTransform [0.658636 -0.699015 0.278526 0.0 0.549892 0.699804 0.455954 0.0 -0.513632 -0.147148 0.845298 0.0 -4.868867 -0.500232 1.691457 1.0]
357
	ConcatTransform [1.1 0.0 0.0 0.0 0.0 1.1 0.0 0.0 0.0 0.0 1.1 0.0 -9.609 0.05 6.704 1.0]
	ConcatTransform [0.658636 -0.699015 0.278526 0.0 0.549892 0.699804 0.455954 0.0 -0.513632 -0.147148 0.845298 0.0 -4.868867 -0.500232 1.691457 1.0]
358
	ConcatTransform [1.1 0.0 0.0 0.0 0.0 1.1 0.0 0.0 0.0 0.0 1.1 0.0 -9.609 0.05 6.704 1.0]
	ConcatTransform [0.658636 -0.699015 0.278526 0.0 0.549892 0.699804 0.455954 0.0 -0.513632 -0.147148 0.845298 0.0 -4.868867 -0.500232 1.691457 1.0]
359
	ConcatTransform [1.1 0.0 0.0 0.0 0.0 1.1 0.0 0.0 0.0 0.0 1.1 0.0 -9.609 0.05 6.704 1.0]
	ConcatTransform [0.658636 -0.699015 0.278526 0.0 0.549892 0.699804 0.455954 0.0 -0.513632 -0.147148 0.845298 0.0 -4.868867 -0.500232 1.691457 1.0]
360
	ConcatTransform [1.1 0.0 0.0 0.0 0.0 1.1 0.0 0.0 0.0 0.0 1.1 0.0 -9.609 0.05 6.704 1.0]
	ConcatTransform [0.172557 0.734653 0.656132 0.0 -0.974714 0.031343 0.221247 0.0 0.141974 -0.677718 0.721485 0.0 -54.502975 -215.736298 14.197849 1.0]
