228
	ConcatTransform [1.1 0.0 0.0 0.0 0.0 1.1 0.0 0.0 0.0 0.0 1.1 0.0 -9.609 0.05 6.704 1.0]
	ConcatTransform [0.975774 -0.155971 0.153419 0.0 0.107485 0.95255 0.284772 0.0 -0.190556 -0.261383 0.946239 0.0 -0.153708 -0.022025 -0.090464 1.0]
229
	ConcatTransform [1.1 0.0 0.0 0.0 0.0 1.1 0.0 0.0 0.0 0.0 1.1 0.0 -9.609 0.05 6.704 1.0]
	ConcatTransform [0.912809 -0.402106 -0.071354 0.0 0.323165 0.604389 0.728202 0.0 -0.249689 -0.687768 0.681638 0.0 -0.292069 -0.037112 -0.169151 1.0]
230
	ConcatTransform [1.1 0.0 0.0 0.0 0.0 1.1 0.0 0.0 0.0 0.0 1.1 0.0 -9.609 0.05 6.704 1.0]
	ConcatTransform [0.897644 -0.324631 -0.298077 0.0 0.350198 0.114758 0.929619 0.0 -0.267577 -0.938853 0.216697 0.0 -0.529028 -0.042583 -0.30332 1.0]
231
	ConcatTransform [1.1 0.0 0.0 0.0 0.0 1.1 0.0 0.0 0.0 0.0 1.1 0.0 -9.609 0.05 6.704 1.0]
	ConcatTransform [0.890654 -0.2734 -0.363301 0.0 0.332678 -0.15281 0.930577 0.0 -0.309936 -0.949685 -0.045147 0.0 -0.689236 -0.052606 -0.394424 1.0]
232
	ConcatTransform [1.1 0.0 0.0 0.0 0.0 1.1 0.0 0.0 0.0 0.0 1.1 0.0 -9.609 0.05 6.704 1.0]
	ConcatTransform [0.855207 -0.275792 -0.438817 0.0 0.267138 -0.490982 0.829201 0.0 -0.444138 -0.826363 -0.346216 0.0 -0.928935 -0.082226 -0.531456 1.0]
233
	ConcatTransform [1.1 0.0 0.0 0.0 0.0 1.1 0.0 0.0 0.0 0.0 1.1 0.0 -9.609 0.05 6.704 1.0]
	ConcatTransform [0.833103 -0.260748 -0.487802 0.0 0.197814 -0.683128 0.702998 0.0 -0.516536 -0.682163 -0.517536 0.0 -1.088735 -0.114347 -0.622811 1.0]
234
	ConcatTransform [1.1 0.0 0.0 0.0 0.0 1.1 0.0 0.0 0.0 0.0 1.1 0.0 -9.609 0.05 6.704 1.0]
	ConcatTransform [0.748671 -0.314173 -0.583769 0.0 0.051992 -0.850036 0.524152 0.0 -0.660899 -0.422769 -0.620063 0.0 -1.325689 -0.179151 -0.761287 1.0]
235
	ConcatTransform [1.1 0.0 0.0 0.0 0.0 1.1 0.0 0.0 0.0 0.0 1.1 0.0 -9.609 0.05 6.704 1.0]
	ConcatTransform [0.585015 -0.449596 -0.674997 0.0 -0.074015 -0.858403 0.507608 0.0 -0.807638 -0.246998 -0.535455 0.0 -1.479999 -0.232145 -0.855527 1.0]
236
	ConcatTransform [1.1 0.0 0.0 0.0 0.0 1.1 0.0 0.0 0.0 0.0 1.1 0.0 -9.609 0.05 6.704 1.0]
	ConcatTransform [0.232572 -0.720128 -0.653702 0.0 -0.185362 -0.692632 0.697067 0.0 -0.954752 -0.040947 -0.294571 0.0 -1.709344 -0.321691 -0.988751 1.0]
237
	ConcatTransform [1.1 0.0 0.0 0.0 0.0 1.1 0.0 0.0 0.0 0.0 1.1 0.0 -9.609 0.05 6.704 1.0]
	ConcatTransform [0.038165 -0.874101 -0.484243 0.0 -0.186694 -0.482301 0.85588 0.0 -0.981676 0.057741 -0.181597 0.0 -1.861578 -0.388254 -1.072106 1.0]
238
	ConcatTransform [1.1 0.0 0.0 0.0 0.0 1.1 0.0 0.0 0.0 0.0 1.1 0.0 -9.609 0.05 6.704 1.0]
	ConcatTransform [-0.03876 -0.993418 -0.107785 0.0 -0.197952 -0.098095 0.975291 0.0 -0.979445 0.059139 -0.192847 0.0 -2.084652 -0.492639 -1.184263 1.0]
239
	ConcatTransform [1.1 0.0 0.0 0.0 0.0 1.1 0.0 0.0 0.0 0.0 1.1 0.0 -9.609 0.05 6.704 1.0]
	ConcatTransform [-0.002072 -0.996647 0.081797 0.0 -0.319893 0.078159 0.944224 0.0 -0.947452 -0.02421 -0.318982 0.0 -2.218239 -0.552965 -1.243958 1.0]
240
	ConcatTransform [1.1 0.0 0.0 0.0 0.0 1.1 0.0 0.0 0.0 0.0 1.1 0.0 -9.609 0.05 6.704 1.0]
	ConcatTransform [-0.116617 -0.967 0.226522 0.0 -0.503035 0.254168 0.826047 0.0 -0.856362 -0.017618 -0.516075 0.0 -2.345324 -0.568212 -1.291218 1.0]
241
	ConcatTransform [1.1 0.0 0.0 0.0 0.0 1.1 0.0 0.0 0.0 0.0 1.1 0.0 -9.609 0.05 6.704 1.0]
	ConcatTransform [-0.219334 -0.91238 0.345623 0.0 -0.565061 0.40758 0.717346 0.0 -0.795361 -0.03796 -0.604946 0.0 -2.419083 -0.575595 -1.318054 1.0]
242
	ConcatTransform [1.1 0.0 0.0 0.0 0.0 1.1 0.0 0.0 0.0 0.0 1.1 0.0 -9.609 0.05 6.704 1.0]
	ConcatTransform [-0.36463 -0.815859 0.448798 0.0 -0.65562 0.567203 0.49844 0.0 -0.661217 -0.112495 -0.741712 0.0 -2.506168 -0.568967 -1.345426 1.0]
243
	ConcatTransform [1.1 0.0 0.0 0.0 0.0 1.1 0.0 0.0 0.0 0.0 1.1 0.0 -9.609 0.05 6.704 1.0]
	ConcatTransform [-0.460711 -0.746389 0.48026 0.0 -0.694659 0.64004 0.328325 0.0 -0.552444 -0.182354 -0.813359 0.0 -2.550909 -0.557515 -1.357998 1.0]
244
	ConcatTransform [1.1 0.0 0.0 0.0 0.0 1.1 0.0 0.0 0.0 0.0 1.1 0.0 -9.609 0.05 6.704 1.0]
	ConcatTransform [-0.625464 -0.608307 0.488629 0.0 -0.666909 0.741855 0.069886 0.0 -0.405004 -0.28216 -0.869688 0.0 -2.591198 -0.526959 -1.36904 1.0]
245
	ConcatTransform [1.1 0.0 0.0 0.0 0.0 1.1 0.0 0.0 0.0 0.0 1.1 0.0 -9.609 0.05 6.704 1.0]
	ConcatTransform [-0.707031 -0.508801 0.49115 0.0 -0.630184 0.768456 -0.111102 0.0 -0.320898 -0.388068 -0.863961 0.0 -2.616241 -0.516678 -1.376586 1.0]
246
	ConcatTransform [1.1 0.0 0.0 0.0 0.0 1.1 0.0 0.0 0.0 0.0 1.1 0.0 -9.609 0.05 6.704 1.0]
	ConcatTransform [-0.808695 -0.414739 0.417138 0.0 -0.569796 0.728447 -0.380391 0.0 -0.1461 -0.545304 -0.825408 0.0 -2.648794 -0.514433 -1.386186 1.0]
247
	ConcatTransform [1.1 0.0 0.0 0.0 0.0 1.1 0.0 0.0 0.0 0.0 1.1 0.0 -9.609 0.05 6.704 1.0]
	ConcatTransform [-0.857419 -0.363015 0.364763 0.0 -0.512767 0.662721 -0.545775 0.0 -0.043612 -0.654997 -0.754372 0.0 -2.669684 -0.524421 -1.392905 1.0]
248
	ConcatTransform [1.1 0.0 0.0 0.0 0.0 1.1 0.0 0.0 0.0 0.0 1.1 0.0 -9.609 0.05 6.704 1.0]
	ConcatTransform [-0.911186 -0.345369 0.224633 0.0 -0.388699 0.539901 -0.746606 0.0 0.136575 -0.767612 -0.626195 0.0 -2.695922 -0.551234 -1.400818 1.0]
249
	ConcatTransform [1.1 0.0 0.0 0.0 0.0 1.1 0.0 0.0 0.0 0.0 1.1 0.0 -9.609 0.05 6.704 1.0]
	ConcatTransform [-0.922273 -0.36627 0.123529 0.0 -0.287474 0.436298 -0.852645 0.0 0.258403 -0.821882 -0.507679 0.0 -2.707432 -0.572928 -1.405135 1.0]
250
	ConcatTransform [1.1 0.0 0.0 0.0 0.0 1.1 0.0 0.0 0.0 0.0 1.1 0.0 -9.609 0.05 6.704 1.0]
	ConcatTransform [-0.897587 -0.438451 -0.045807 0.0 -0.095382 0.294603 -0.950848 0.0 0.430395 -0.849099 -0.306252 0.0 -2.712302 -0.602451 -1.40874 1.0]
251
	ConcatTransform [1.1 0.0 0.0 0.0 0.0 1.1 0.0 0.0 0.0 0.0 1.1 0.0 -9.609 0.05 6.704 1.0]
	ConcatTransform [-0.861627 -0.490824 -0.129191 0.0 0.042138 0.184484 -0.981932 0.0 0.50579 -0.851503 -0.138274 0.0 -2.706388 -0.616796 -1.410671 1.0]
252
	ConcatTransform [1.1 0.0 0.0 0.0 0.0 1.1 0.0 0.0 0.0 0.0 1.1 0.0 -9.609 0.05 6.704 1.0]
	ConcatTransform [-0.780568 -0.556594 -0.284459 0.0 0.283895 0.089757 -0.954645 0.0 0.556882 -0.825922 0.087953 0.0 -2.684602 -0.62731 -1.411728 1.0]
253
	ConcatTransform [1.1 0.0 0.0 0.0 0.0 1.1 0.0 0.0 0.0 0.0 1.1 0.0 -9.609 0.05 6.704 1.0]
	ConcatTransform [-0.690809 -0.609671 -0.388696 0.0 0.444577 0.065794 -0.893321 0.0 0.570206 -0.78992 0.225594 0.0 -2.666784 -0.6363 -1.411924 1.0]
254
	ConcatTransform [1.1 0.0 0.0 0.0 0.0 1.1 0.0 0.0 0.0 0.0 1.1 0.0 -9.609 0.05 6.704 1.0]
	ConcatTransform [-0.512519 -0.700099 -0.497178 0.0 0.657386 0.052584 -0.751717 0.0 0.55242 -0.712107 0.433285 0.0 -2.635261 -0.649311 -1.412528 1.0]
255
	ConcatTransform [1.1 0.0 0.0 0.0 0.0 1.1 0.0 0.0 0.0 0.0 1.1 0.0 -9.609 0.05 6.704 1.0]
	ConcatTransform [-0.374169 -0.742391 -0.555745 0.0 0.777905 0.074971 -0.623893 0.0 0.504838 -0.665759 0.549458 0.0 -2.611023 -0.654587 -1.41241 1.0]
256
	ConcatTransform [1.1 0.0 0.0 0.0 0.0 1.1 0.0 0.0 0.0 0.0 1.1 0.0 -9.609 0.05 6.704 1.0]
	ConcatTransform [-0.149792 -0.779644 -0.608044 0.0 0.909175 0.133057 -0.394584 0.0 0.388539 -0.611924 0.688902 0.0 -2.571814 -0.658407 -1.412017 1.0]
257
	ConcatTransform [1.1 0.0 0.0 0.0 0.0 1.1 0.0 0.0 0.0 0.0 1.1 0.0 -9.609 0.05 6.704 1.0]
	ConcatTransform [0.003842 -0.784527 -0.620082 0.0 0.957862 0.18098 -0.22304 0.0 0.287204 -0.593096 0.752164 0.0 -2.544766 -0.658756 -1.411572 1.0]
258
	ConcatTransform [1.1 0.0 0.0 0.0 0.0 1.1 0.0 0.0 0.0 0.0 1.1 0.0 -9.609 0.05 6.704 1.0]
	ConcatTransform [0.225677 -0.769949 -0.596865 0.0 0.967832 0.247142 0.047132 0.0 0.111221 -0.588302 0.800956 0.0 -2.504241 -0.6569 -1.410893 1.0]
259
	ConcatTransform [1.1 0.0 0.0 0.0 0.0 1.1 0.0 0.0 0.0 0.0 1.1 0.0 -9.609 0.05 6.704 1.0]
	ConcatTransform [0.361115 -0.74859 -0.556066 0.0 0.932416 0.280891 0.227379 0.0 -0.01402 -0.600594 0.799431 0.0 -2.477931 -0.65476 -1.410401 1.0]
260
	ConcatTransform [1.1 0.0 0.0 0.0 0.0 1.1 0.0 0.0 0.0 0.0 1.1 0.0 -9.609 0.05 6.704 1.0]
	ConcatTransform [0.537128 -0.710588 -0.454487 0.0 0.819508 0.312023 0.480675 0.0 -0.199751 -0.630639 0.749929 0.0 -2.440462 -0.650903 -1.409866 1.0]
261
	ConcatTransform [1.1 0.0 0.0 0.0 0.0 1.1 0.0 0.0 0.0 0.0 1.1 0.0 -9.609 0.05 6.704 1.0]
	ConcatTransform [0.632043 -0.681858 -0.368227 0.0 0.708517 0.315996 0.630992 0.0 -0.313889 -0.659709 0.682831 0.0 -2.417265 -0.648307 -1.409469 1.0]
262
	ConcatTransform [1.1 0.0 0.0 0.0 0.0 1.1 0.0 0.0 0.0 0.0 1.1 0.0 -9.609 0.05 6.704 1.0]
	ConcatTransform [0.732881 -0.643359 -0.221301 0.0 0.500339 0.289245 0.816087 0.0 -0.461027 -0.708821 0.533879 0.0 -2.385557 -0.645215 -1.408759 1.0]
263
	ConcatTransform [1.1 0.0 0.0 0.0 0.0 1.1 0.0 0.0 0.0 0.0 1.1 0.0 -9.609 0.05 6.704 1.0]
	ConcatTransform [0.771412 -0.62696 -0.108834 0.0 0.339385 0.260687 0.903803 0.0 -0.538277 -0.734141 0.413878 0.0 -2.36674 -0.643636 -1.408508 1.0]
264
	ConcatTransform [1.1 0.0 0.0 0.0 0.0 1.1 0.0 0.0 0.0 0.0 1.1 0.0 -9.609 0.05 6.704 1.0]
	ConcatTransform [0.782889 -0.617904 0.072663 0.0 0.077347 0.212549 0.974084 0.0 -0.617335 -0.756979 0.214195 0.0 -2.342155 -0.642425 -1.408495 1.0]
265
	ConcatTransform [1.1 0.0 0.0 0.0 0.0 1.1 0.0 0.0 0.0 0.0 1.1 0.0 -9.609 0.05 6.704 1.0]
	ConcatTransform [0.760715 -0.622254 0.184698 0.0 -0.10057 0.168121 0.980623 0.0 -0.641248 -0.764549 0.065312 0.0 -2.328298 -0.642469 -1.408354 1.0]
266
	ConcatTransform [1.1 0.0 0.0 0.0 0.0 1.1 0.0 0.0 0.0 0.0 1.1 0.0 -9.609 0.05 6.704 1.0]
	ConcatTransform [0.690065 -0.644341 0.329598 0.0 -0.358827 0.090902 0.928967 0.0 -0.628533 -0.759316 -0.168479 0.0 -2.311715 -0.64269 -1.407883 1.0]
267
	ConcatTransform [1.1 0.0 0.0 0.0 0.0 1.1 0.0 0.0 0.0 0.0 1.1 0.0 -9.609 0.05 6.704 1.0]
	ConcatTransform [0.618593 -0.665503 0.417671 0.0 -0.519733 0.052083 0.852739 0.0 -0.589254 -0.744576 -0.313666 0.0 -2.303372 -0.642985 -1.40768 1.0]
268
	ConcatTransform [1.1 0.0 0.0 0.0 0.0 1.1 0.0 0.0 0.0 0.0 1.1 0.0 -9.609 0.05 6.704 1.0]
	ConcatTransform [0.479171 -0.703028 0.525496 0.0 -0.729614 0.013773 0.68372 0.0 -0.487912 -0.711029 -0.50634 0.0 -2.294744 -0.644052 -1.40725 1.0]
269
	ConcatTransform [1.1 0.0 0.0 0.0 0.0 1.1 0.0 0.0 0.0 0.0 1.1 0.0 -9.609 0.05 6.704 1.0]
	ConcatTransform [0.371689 -0.72752 0.576682 0.0 -0.841482 -0.001647 0.540282 0.0 -0.392116 -0.686085 -0.612807 0.0 -2.291789 -0.644656 -1.406768 1.0]
270
	ConcatTransform [1.1 0.0 0.0 0.0 0.0 1.1 0.0 0.0 0.0 0.0 1.1 0.0 -9.609 0.05 6.704 1.0]
	ConcatTransform [0.194778 -0.763059 0.616281 0.0 -0.956443 -0.008473 0.291796 0.0 -0.217436 -0.646273 -0.731473 0.0 -2.291177 -0.645922 -1.405709 1.0]
271
	ConcatTransform [1.1 0.0 0.0 0.0 0.0 1.1 0.0 0.0 0.0 0.0 1.1 0.0 -9.609 0.05 6.704 1.0]
	ConcatTransform [0.06616 -0.783572 0.617768 0.0 -0.993661 0.004654 0.112319 0.0 -0.090886 -0.621283 -0.778297 0.0 -2.292828 -0.647858 -1.40487 1.0]
272
	ConcatTransform [1.1 0.0 0.0 0.0 0.0 1.1 0.0 0.0 0.0 0.0 1.1 0.0 -9.609 0.05 6.704 1.0]
	ConcatTransform [-0.127724 -0.810468 0.57169 0.0 -0.986247 0.042819 -0.159638 0.0 0.104902 -0.584216 -0.80479 0.0 -2.298392 -0.65121 -1.403129 1.0]
273
	ConcatTransform [1.1 0.0 0.0 0.0 0.0 1.1 0.0 0.0 0.0 0.0 1.1 0.0 -9.609 0.05 6.704 1.0]
	ConcatTransform [-0.248376 -0.818673 0.517768 0.0 -0.938995 0.072212 -0.336263 0.0 0.237901 -0.569702 -0.786666 0.0 -2.304092 -0.652999 -1.401978 1.0]
274
	ConcatTransform [1.1 0.0 0.0 0.0 0.0 1.1 0.0 0.0 0.0 0.0 1.1 0.0 -9.609 0.05 6.704 1.0]
	ConcatTransform [-0.409329 -0.817649 0.404846 0.0 -0.807234 0.117746 -0.578367 0.0 0.425233 -0.563547 -0.708231 0.0 -2.314876 -0.655313 -1.400216 1.0]
275
	ConcatTransform [1.1 0.0 0.0 0.0 0.0 1.1 0.0 0.0 0.0 0.0 1.1 0.0 -9.609 0.05 6.704 1.0]
	ConcatTransform [-0.495282 -0.811488 0.310134 0.0 -0.683314 0.143453 -0.715893 0.0 0.536448 -0.566488 -0.625551 0.0 -2.323356 -0.656341 -1.398943 1.0]
276
	ConcatTransform [1.1 0.0 0.0 0.0 0.0 1.1 0.0 0.0 0.0 0.0 1.1 0.0 -9.609 0.05 6.704 1.0]
	ConcatTransform [-0.587879 -0.794904 0.150089 0.0 -0.453306 0.170037 -0.874987 0.0 0.670009 -0.582422 -0.460295 0.0 -2.337335 -0.657361 -1.397057 1.0]
277
	ConcatTransform [1.1 0.0 0.0 0.0 0.0 1.1 0.0 0.0 0.0 0.0 1.1 0.0 -9.609 0.05 6.704 1.0]
	ConcatTransform [-0.621548 -0.782661 0.033473 0.0 -0.279034 0.181262 -0.943019 0.0 0.731996 -0.595471 -0.331052 0.0 -2.347215 -0.657648 -1.395712 1.0]
278
	ConcatTransform [1.1 0.0 0.0 0.0 0.0 1.1 0.0 0.0 0.0 0.0 1.1 0.0 -9.609 0.05 6.704 1.0]
	ConcatTransform [-0.627177 -0.765958 -0.14127 0.0 -0.001543 0.182598 -0.983186 0.0 0.778875 -0.616414 -0.115703 0.0 -2.362399 -0.657654 -1.393753 1.0]
279
	ConcatTransform [1.1 0.0 0.0 0.0 0.0 1.1 0.0 0.0 0.0 0.0 1.1 0.0 -9.609 0.05 6.704 1.0]
	ConcatTransform [-0.602037 -0.75764 -0.252057 0.0 0.184564 0.175083 -0.9671 0.0 0.776845 -0.62875 0.034426 0.0 -2.37249 -0.657465 -1.392488 1.0]
280
	ConcatTransform [1.1 0.0 0.0 0.0 0.0 1.1 0.0 0.0 0.0 0.0 1.1 0.0 -9.609 0.05 6.704 1.0]
	ConcatTransform [-0.525156 -0.749753 -0.402593 0.0 0.44925 0.157541 -0.879407 0.0 0.722762 -0.642691 0.254093 0.0 -2.387151 -0.656964 -1.390604 1.0]
281
	ConcatTransform [1.1 0.0 0.0 0.0 0.0 1.1 0.0 0.0 0.0 0.0 1.1 0.0 -9.609 0.05 6.704 1.0]
	ConcatTransform [-0.450391 -0.749587 -0.485043 0.0 0.606837 0.141483 -0.782132 0.0 0.654902 -0.646608 0.391155 0.0 -2.396441 -0.656562 -1.389454 1.0]
282
	ConcatTransform [1.1 0.0 0.0 0.0 0.0 1.1 0.0 0.0 0.0 0.0 1.1 0.0 -9.609 0.05 6.704 1.0]
	ConcatTransform [-0.308121 -0.757799 -0.575154 0.0 0.800916 0.119642 -0.586702 0.0 0.513415 -0.641425 0.570069 0.0 -2.409463 -0.656094 -1.38791 1.0]
283
	ConcatTransform [1.1 0.0 0.0 0.0 0.0 1.1 0.0 0.0 0.0 0.0 1.1 0.0 -9.609 0.05 6.704 1.0]
	ConcatTransform [-0.200922 -0.765386 -0.611404 0.0 0.896542 0.107844 -0.42963 0.0 0.394769 -0.634471 0.664533 0.0 -2.417287 -0.655783 -1.386964 1.0]
284
	ConcatTransform [1.1 0.0 0.0 0.0 0.0 1.1 0.0 0.0 0.0 0.0 1.1 0.0 -9.609 0.05 6.704 1.0]
	ConcatTransform [-0.03217 -0.778967 -0.62624 0.0 0.981333 0.094245 -0.16764 0.0 0.189606 -0.619943 0.761394 0.0 -2.427533 -0.655278 -1.385714 1.0]
285
	ConcatTransform [1.1 0.0 0.0 0.0 0.0 1.1 0.0 0.0 0.0 0.0 1.1 0.0 -9.609 0.05 6.704 1.0]
	ConcatTransform [0.082838 -0.78924 -0.608472 0.0 0.995574 0.09273 0.015259 0.0 0.044381 -0.607043 0.793428 0.0 -2.433428 -0.655155 -1.385034 1.0]
286
	ConcatTransform [1.1 0.0 0.0 0.0 0.0 1.1 0.0 0.0 0.0 0.0 1.1 0.0 -9.609 0.05 6.704 1.0]
	ConcatTransform [0.249025 -0.803564 -0.540621 0.0 0.952745 0.10299 0.285779 0.0 -0.173963 -0.58624 0.791239 0.0 -2.4408 -0.655311 -1.38428 1.0]
287
	ConcatTransform [1.1 0.0 0.0 0.0 0.0 1.1 0.0 0.0 0.0 0.0 1.1 0.0 -9.609 0.05 6.704 1.0]
	ConcatTransform [0.346907 -0.810382 -0.472162 0.0 0.883179 0.112813 0.455267 0.0 -0.315674 -0.574939 0.754848 0.0 -2.444608 -0.655402 -1.383879 1.0]
288
	ConcatTransform [1.1 0.0 0.0 0.0 0.0 1.1 0.0 0.0 0.0 0.0 1.1 0.0 -9.609 0.05 6.704 1.0]
	ConcatTransform [0.467456 -0.815248 -0.341841 0.0 0.72269 0.129719 0.67889 0.0 -0.509121 -0.564397 0.64981 0.0 -2.448774 -0.655618 -1.383376 1.0]
289
	ConcatTransform [1.1 0.0 0.0 0.0 0.0 1.1 0.0 0.0 0.0 0.0 1.1 0.0 -9.609 0.05 6.704 1.0]
	ConcatTransform [0.527651 -0.815693 -0.237128 0.0 0.583735 0.14538 0.798823 0.0 -0.617121 -0.559919 0.552858 0.0 -2.450625 -0.655881 -1.383239 1.0]
290
	ConcatTransform [1.1 0.0 0.0 0.0 0.0 1.1 0.0 0.0 0.0 0.0 1.1 0.0 -9.609 0.05 6.704 1.0]
	ConcatTransform [0.579013 -0.812886 -0.062939 0.0 0.339868 0.170474 0.924894 0.0 -0.741103 -0.556916 0.37498 0.0 -2.451995 -0.656186 -1.383318 1.0]
291
	ConcatTransform [1.1 0.0 0.0 0.0 0.0 1.1 0.0 0.0 0.0 0.0 1.1 0.0 -9.609 0.05 6.704 1.0]
	ConcatTransform [0.586393 -0.808155 0.05504 0.0 0.161181 0.183002 0.96981 0.0 -0.793829 -0.559818 0.23757 0.0 -2.452091 -0.656397 -1.38344 1.0]
292
	ConcatTransform [1.1 0.0 0.0 0.0 0.0 1.1 0.0 0.0 0.0 0.0 1.1 0.0 -9.609 0.05 6.704 1.0]
	ConcatTransform [0.558453 -0.79764 0.227819 0.0 -0.115645 0.197092 0.97354 0.0 -0.821436 -0.570022 0.017824 0.0 -2.451209 -0.656775 -1.383845 1.0]
293
	ConcatTransform [1.1 0.0 0.0 0.0 0.0 1.1 0.0 0.0 0.0 0.0 1.1 0.0 -9.609 0.05 6.704 1.0]
	ConcatTransform [0.512625 -0.79104 0.333874 0.0 -0.296103 0.202126 0.933525 0.0 -0.805939 -0.577409 -0.130614 0.0 -2.449929 -0.656957 -1.384243 1.0]
294
	ConcatTransform [1.1 0.0 0.0 0.0 0.0 1.1 0.0 0.0 0.0 0.0 1.1 0.0 -9.609 0.05 6.704 1.0]
	ConcatTransform [0.409545 -0.782532 0.468952 0.0 -0.545509 0.201958 0.813408 0.0 -0.731227 -0.588945 -0.344167 0.0 -2.447206 -0.657222 -1.384951 1.0]
295
	ConcatTransform [1.1 0.0 0.0 0.0 0.0 1.1 0.0 0.0 0.0 0.0 1.1 0.0 -9.609 0.05 6.704 1.0]
	ConcatTransform [0.321768 -0.777181 0.540791 0.0 -0.688981 0.199578 0.696759 0.0 -0.649438 -0.596789 -0.471246 0.0 -2.444967 -0.657361 -1.385553 1.0]
296
	ConcatTransform [1.1 0.0 0.0 0.0 0.0 1.1 0.0 0.0 0.0 0.0 1.1 0.0 -9.609 0.05 6.704 1.0]
	ConcatTransform [0.16739 -0.772084 0.61308 0.0 -0.856994 0.193468 0.47763 0.0 -0.487382 -0.605356 -0.629287 0.0 -2.441077 -0.657477 -1.386548 1.0]
297
	ConcatTransform [1.1 0.0 0.0 0.0 0.0 1.1 0.0 0.0 0.0 0.0 1.1 0.0 -9.609 0.05 6.704 1.0]
	ConcatTransform [0.055511 -0.770788 0.634669 0.0 -0.9321 0.18786 0.309676 0.0 -0.357923 -0.608765 -0.708023 0.0 -2.438249 -0.657523 -1.38724 1.0]
298
	ConcatTransform [1.1 0.0 0.0 0.0 0.0 1.1 0.0 0.0 0.0 0.0 1.1 0.0 -9.609 0.05 6.704 1.0]
	ConcatTransform [-0.114999 -0.77146 0.6258 0.0 -0.983142 0.178543 0.039434 0.0 -0.142154 -0.610715 -0.778986 0.0 -2.433833 -0.657553 -1.388307 1.0]
299
	ConcatTransform [1.1 0.0 0.0 0.0 0.0 1.1 0.0 0.0 0.0 0.0 1.1 0.0 -9.609 0.05 6.704 1.0]
	ConcatTransform [-0.224927 -0.773358 0.592726 0.0 -0.974339 0.173209 -0.143746 0.0 0.008502 -0.609849 -0.792472 0.0 -2.430846 -0.657547 -1.389023 1.0]
300
	ConcatTransform [1.1 0.0 0.0 0.0 0.0 1.1 0.0 0.0 0.0 0.0 1.1 0.0 -9.609 0.05 6.704 1.0]
	ConcatTransform [-0.374607 -0.777379 0.505324 0.0 -0.897781 0.167959 -0.407159 0.0 0.231643 -0.606195 -0.760835 0.0 -2.426424 -0.657513 -1.390089 1.0]
301
	ConcatTransform [1.1 0.0 0.0 0.0 0.0 1.1 0.0 0.0 0.0 0.0 1.1 0.0 -9.609 0.05 6.704 1.0]
	ConcatTransform [-0.45899 -0.780412 0.4246 0.0 -0.807211 0.166675 -0.566242 0.0 0.371132 -0.602642 -0.706459 0.0 -2.423582 -0.657482 -1.390776 1.0]
302
	ConcatTransform [1.1 0.0 0.0 0.0 0.0 1.1 0.0 0.0 0.0 0.0 1.1 0.0 -9.609 0.05 6.704 1.0]
	ConcatTransform [-0.554214 -0.784928 0.277012 0.0 -0.620175 0.167416 -0.766391 0.0 0.555185 -0.59654 -0.579577 0.0 -2.419595 -0.657422 -1.391761 1.0]
303
	ConcatTransform [1.1 0.0 0.0 0.0 0.0 1.1 0.0 0.0 0.0 0.0 1.1 0.0 -9.609 0.05 6.704 1.0]
	ConcatTransform [-0.594336 -0.78692 0.165899 0.0 -0.467534 0.170242 -0.867427 0.0 0.654352 -0.593106 -0.469093 0.0 -2.41714 -0.657389 -1.392379 1.0]
304
	ConcatTransform [1.1 0.0 0.0 0.0 0.0 1.1 0.0 0.0 0.0 0.0 1.1 0.0 -9.609 0.05 6.704 1.0]
	ConcatTransform [-0.615907 -0.78775 -0.010398 0.0 -0.209852 0.176768 -0.961621 0.0 0.759355 -0.590087 -0.274183 0.0 -2.413818 -0.657364 -1.393232 1.0]
305
	ConcatTransform [1.1 0.0 0.0 0.0 0.0 1.1 0.0 0.0 0.0 0.0 1.1 0.0 -9.609 0.05 6.704 1.0]
	ConcatTransform [-0.602784 -0.787508 -0.128384 0.0 -0.027856 0.181573 -0.982983 0.0 0.797418 -0.58895 -0.131386 0.0 -2.411907 -0.657346 -1.393742 1.0]
306
	ConcatTransform [1.1 0.0 0.0 0.0 0.0 1.1 0.0 0.0 0.0 0.0 1.1 0.0 -9.609 0.05 6.704 1.0]
	ConcatTransform [-0.542851 -0.785867 -0.296185 0.0 0.244616 0.189425 -0.950937 0.0 0.803415 -0.588669 0.089406 0.0 -2.409523 -0.657316 -1.394402 1.0]
307
	ConcatTransform [1.1 0.0 0.0 0.0 0.0 1.1 0.0 0.0 0.0 0.0 1.1 0.0 -9.609 0.05 6.704 1.0]
	ConcatTransform [-0.479092 -0.7834 -0.395923 0.0 0.41705 0.193736 -0.887995 0.0 0.77236 -0.590551 0.233899 0.0 -2.408219 -0.657318 -1.394779 1.0]
308
	ConcatTransform [1.1 0.0 0.0 0.0 0.0 1.1 0.0 0.0 0.0 0.0 1.1 0.0 -9.609 0.05 6.704 1.0]
	ConcatTransform [-0.353163 -0.778317 -0.519132 0.0 0.646908 0.197701 -0.736494 0.0 0.675859 -0.595933 0.433679 0.0 -2.406698 -0.65735 -1.395221 1.0]
309
	ConcatTransform [1.1 0.0 0.0 0.0 0.0 1.1 0.0 0.0 0.0 0.0 1.1 0.0 -9.609 0.05 6.704 1.0]
	ConcatTransform [-0.252121 -0.775097 -0.579362 0.0 0.77281 0.199057 -0.602612 0.0 0.582408 -0.599667 0.548816 0.0 -2.406008 -0.657366 -1.39544 1.0]
310
	ConcatTransform [1.1 0.0 0.0 0.0 0.0 1.1 0.0 0.0 0.0 0.0 1.1 0.0 -9.609 0.05 6.704 1.0]
	ConcatTransform [-0.084052 -0.771219 -0.630996 0.0 0.909823 0.198862 -0.364247 0.0 0.406395 -0.60471 0.684959 0.0 -2.405418 -0.657388 -1.395679 1.0]
311
	ConcatTransform [1.1 0.0 0.0 0.0 0.0 1.1 0.0 0.0 0.0 0.0 1.1 0.0 -9.609 0.05 6.704 1.0]
	ConcatTransform [0.032521 -0.768899 -0.638542 0.0 0.962183 0.196966 -0.188172 0.0 0.270457 -0.608275 0.746227 0.0 -2.405275 -0.657413 -1.395752 1.0]
312
	ConcatTransform [1.1 0.0 0.0 0.0 0.0 1.1 0.0 0.0 0.0 0.0 1.1 0.0 -9.609 0.05 6.704 1.0]
	ConcatTransform [0.205036 -0.766168 -0.609054 0.0 0.977411 0.192879 0.086408 0.0 0.051271 -0.613012 0.788408 0.0 -2.405429 -0.657443 -1.395736 1.0]
313
	ConcatTransform [1.1 0.0 0.0 0.0 0.0 1.1 0.0 0.0 0.0 0.0 1.1 0.0 -9.609 0.05 6.704 1.0]
	ConcatTransform [0.312419 -0.765658 -0.562283 0.0 0.944901 0.18956 0.266889 0.0 -0.097759 -0.614683 0.782693 0.0 -2.405743 -0.657464 -1.395681 1.0]
314
	ConcatTransform [1.1 0.0 0.0 0.0 0.0 1.1 0.0 0.0 0.0 0.0 1.1 0.0 -9.609 0.05 6.704 1.0]
	ConcatTransform [0.451958 -0.766453 -0.456382 0.0 0.835179 0.183839 0.518342 0.0 -0.313384 -0.615429 0.723213 0.0 -2.40646 -0.657498 -1.395514 1.0]
315
	ConcatTransform [1.1 0.0 0.0 0.0 0.0 1.1 0.0 0.0 0.0 0.0 1.1 0.0 -9.609 0.05 6.704 1.0]
	ConcatTransform [0.526689 -0.767386 -0.365675 0.0 0.72493 0.180823 0.664665 0.0 -0.443932 -0.61516 0.651539 0.0 -2.407099 -0.657512 -1.395347 1.0]
316
	ConcatTransform [1.1 0.0 0.0 0.0 0.0 1.1 0.0 0.0 0.0 0.0 1.1 0.0 -9.609 0.05 6.704 1.0]
	ConcatTransform [0.604274 -0.769469 -0.206809 0.0 0.513645 0.177772 0.839384 0.0 -0.609115 -0.613445 0.502658 0.0 -2.408223 -0.657528 -1.395048 1.0]
317
	ConcatTransform [1.1 0.0 0.0 0.0 0.0 1.1 0.0 0.0 0.0 0.0 1.1 0.0 -9.609 0.05 6.704 1.0]
	ConcatTransform [0.630243 -0.770982 -0.091541 0.0 0.349341 0.176305 0.92026 0.0 -0.693365 -0.611966 0.38045 0.0 -2.409051 -0.657534 -1.394805 1.0]
318
	ConcatTransform [1.1 0.0 0.0 0.0 0.0 1.1 0.0 0.0 0.0 0.0 1.1 0.0 -9.609 0.05 6.704 1.0]
	ConcatTransform [0.628654 -0.772901 0.086126 0.0 0.081893 0.175924 0.980992 0.0 -0.773361 -0.609652 0.173891 0.0 -2.410376 -0.657538 -1.394411 1.0]
319
	ConcatTransform [1.1 0.0 0.0 0.0 0.0 1.1 0.0 0.0 0.0 0.0 1.1 0.0 -9.609 0.05 6.704 1.0]
	ConcatTransform [0.600396 -0.773884 0.201565 0.0 -0.10132 0.176407 0.979089 0.0 -0.793258 -0.608264 0.027505 0.0 -2.411284 -0.657539 -1.394131 1.0]
320
	ConcatTransform [1.1 0.0 0.0 0.0 0.0 1.1 0.0 0.0 0.0 0.0 1.1 0.0 -9.609 0.05 6.704 1.0]
	ConcatTransform [0.519317 -0.774878 0.360379 0.0 -0.367544 0.178187 0.912776 0.0 -0.771506 -0.606476 -0.192266 0.0 -2.412637 -0.657537 -1.393699 1.0]
321
	ConcatTransform [1.1 0.0 0.0 0.0 0.0 1.1 0.0 0.0 0.0 0.0 1.1 0.0 -9.609 0.05 6.704 1.0]
	ConcatTransform [0.442354 -0.775 0.451329 0.0 -0.530356 0.179767 0.828496 0.0 -0.723219 -0.605854 -0.331505 0.0 -2.413519 -0.657534 -1.393413 1.0]
322
	ConcatTransform [1.1 0.0 0.0 0.0 0.0 1.1 0.0 0.0 0.0 0.0 1.1 0.0 -9.609 0.05 6.704 1.0]
	ConcatTransform [0.299213 -0.77457 0.557237 0.0 -0.738467 0.181853 0.649305 0.0 -0.604267 -0.605781 -0.517581 0.0 -2.414782 -0.65753 -1.392989 1.0]
323
	ConcatTransform [1.1 0.0 0.0 0.0 0.0 1.1 0.0 0.0 0.0 0.0 1.1 0.0 -9.609 0.05 6.704 1.0]
	ConcatTransform [0.190013 -0.773924 0.604099 0.0 -0.846055 0.183084 0.500671 0.0 -0.498082 -0.606235 -0.619994 0.0 -2.415564 -0.657527 -1.39272 1.0]
324
	ConcatTransform [1.1 0.0 0.0 0.0 0.0 1.1 0.0 0.0 0.0 0.0 1.1 0.0 -9.609 0.05 6.704 1.0]
	ConcatTransform [0.014829 -0.772464 0.634885 0.0 -0.951328 0.184575 0.246793 0.0 -0.307823 -0.607644 -0.73213 0.0 -2.416624 -0.657522 -1.39235 1.0]
325
	ConcatTransform [1.1 0.0 0.0 0.0 0.0 1.1 0.0 0.0 0.0 0.0 1.1 0.0 -9.609 0.05 6.704 1.0]
	ConcatTransform [-0.10348 -0.771487 0.627773 0.0 -0.980573 0.184873 0.065562 0.0 -0.166638 -0.608793 -0.77563 0.0 -2.417251 -0.65752 -1.392119 1.0]
326
	ConcatTransform [1.1 0.0 0.0 0.0 0.0 1.1 0.0 0.0 0.0 0.0 1.1 0.0 -9.609 0.05 6.704 1.0]
	ConcatTransform [-0.272872 -0.770315 0.57633 0.0 -0.960506 0.184214 -0.208549 0.0 0.054481 -0.610476 -0.790159 0.0 -2.418067 -0.65752 -1.391798 1.0]
327
	ConcatTransform [1.1 0.0 0.0 0.0 0.0 1.1 0.0 0.0 0.0 0.0 1.1 0.0 -9.609 0.05 6.704 1.0]
	ConcatTransform [-0.374944 -0.769571 0.516892 0.0 -0.905118 0.183334 -0.383602 0.0 0.200445 -0.611677 -0.765292 0.0 -2.418517 -0.65752 -1.391616 1.0]
328
	ConcatTransform [1.1 0.0 0.0 0.0 0.0 1.1 0.0 0.0 0.0 0.0 1.1 0.0 -9.609 0.05 6.704 1.0]
	ConcatTransform [-0.503111 -0.768833 0.394684 0.0 -0.763781 0.181873 -0.619323 0.0 0.404374 -0.61304 -0.678722 0.0 -2.419043 -0.657519 -1.391374 1.0]
329
	ConcatTransform [1.1 0.0 0.0 0.0 0.0 1.1 0.0 0.0 0.0 0.0 1.1 0.0 -9.609 0.05 6.704 1.0]
	ConcatTransform [-0.567202 -0.768758 0.295455 0.0 -0.635593 0.18046 -0.750637 0.0 0.52374 -0.613552 -0.590974 0.0 -2.419311 -0.657521 -1.391237 1.0]
330
	ConcatTransform [1.1 0.0 0.0 0.0 0.0 1.1 0.0 0.0 0.0 0.0 1.1 0.0 -9.609 0.05 6.704 1.0]
	ConcatTransform [-0.625866 -0.769227 0.128774 0.0 -0.403457 0.178015 -0.897515 0.0 0.667469 -0.613678 -0.421763 0.0 -2.419592 -0.657524 -1.391076 1.0]
331
	ConcatTransform [1.1 0.0 0.0 0.0 0.0 1.1 0.0 0.0 0.0 0.0 1.1 0.0 -9.609 0.05 6.704 1.0]
	ConcatTransform [-0.638298 -0.769708 0.011202 0.0 -0.229921 0.176739 -0.957026 0.0 0.734651 -0.613443 -0.289785 0.0 -2.419695 -0.657526 -1.390992 1.0]
332
	ConcatTransform [1.1 0.0 0.0 0.0 0.0 1.1 0.0 0.0 0.0 0.0 1.1 0.0 -9.609 0.05 6.704 1.0]
	ConcatTransform [-0.61557 -0.770667 -0.164761 0.0 0.043429 0.175575 -0.983508 0.0 0.786885 -0.612573 -0.07461 0.0 -2.419741 -0.657529 -1.390893 1.0]
333
	ConcatTransform [1.1 0.0 0.0 0.0 0.0 1.1 0.0 0.0 0.0 0.0 1.1 0.0 -9.609 0.05 6.704 1.0]
	ConcatTransform [-0.573557 -0.771449 -0.275499 0.0 0.22512 0.174926 -0.9585 0.0 0.787625 -0.611774 0.073339 0.0 -2.41971 -0.657531 -1.390857 1.0]
334
	ConcatTransform [1.1 0.0 0.0 0.0 0.0 1.1 0.0 0.0 0.0 0.0 1.1 0.0 -9.609 0.05 6.704 1.0]
	ConcatTransform [-0.474173 -0.772505 -0.422369 0.0 0.481171 0.174372 -0.859109 0.0 0.737316 -0.610598 0.289025 0.0 -2.419575 -0.657533 -1.390837 1.0]
335
	ConcatTransform [1.1 0.0 0.0 0.0 0.0 1.1 0.0 0.0 0.0 0.0 1.1 0.0 -9.609 0.05 6.704 1.0]
	ConcatTransform [-0.38682 -0.773111 -0.502663 0.0 0.632162 0.174539 -0.754922 0.0 0.671373 -0.609783 0.421216 0.0 -2.419442 -0.657535 -1.390841 1.0]
336
	ConcatTransform [1.1 0.0 0.0 0.0 0.0 1.1 0.0 0.0 0.0 0.0 1.1 0.0 -9.609 0.05 6.704 1.0]
	ConcatTransform [-0.231818 -0.773823 -0.589456 0.0 0.816033 0.175133 -0.550835 0.0 0.529482 -0.608708 0.590866 0.0 -2.419186 -0.657536 -1.390879 1.0]
337
	ConcatTransform [1.1 0.0 0.0 0.0 0.0 1.1 0.0 0.0 0.0 0.0 1.1 0.0 -9.609 0.05 6.704 1.0]
	ConcatTransform [-0.117732 -0.774011 -0.62213 0.0 0.903986 0.175775 -0.389758 0.0 0.411032 -0.608284 0.679002 0.0 -2.418986 -0.657537 -1.390918 1.0]
338
	ConcatTransform [1.1 0.0 0.0 0.0 0.0 1.1 0.0 0.0 0.0 0.0 1.1 0.0 -9.609 0.05 6.704 1.0]
	ConcatTransform [0.059774 -0.774084 -0.630255 0.0 0.976309 0.176875 -0.124646 0.0 0.207963 -0.607873 0.766318 0.0 -2.418659 -0.657538 -1.390999 1.0]
339
	ConcatTransform [1.1 0.0 0.0 0.0 0.0 1.1 0.0 0.0 0.0 0.0 1.1 0.0 -9.609 0.05 6.704 1.0]
	ConcatTransform [0.176245 -0.773937 -0.608243 0.0 0.982366 0.177471 0.058835 0.0 0.062411 -0.607886 0.791567 0.0 -2.418427 -0.657538 -1.391065 1.0]
340
	ConcatTransform [1.1 0.0 0.0 0.0 0.0 1.1 0.0 0.0 0.0 0.0 1.1 0.0 -9.609 0.05 6.704 1.0]
	ConcatTransform [0.338204 -0.773557 -0.535936 0.0 0.927642 0.178165 0.328233 0.0 -0.158423 -0.608167 0.77784 0.0 -2.418074 -0.657538 -1.391176 1.0]
341
	ConcatTransform [1.1 0.0 0.0 0.0 0.0 1.1 0.0 0.0 0.0 0.0 1.1 0.0 -9.609 0.05 6.704 1.0]
	ConcatTransform [0.43224 -0.773262 -0.463934 0.0 0.85046 0.178513 0.494824 0.0 -0.29981 -0.60844 0.734789 0.0 -2.417841 -0.657538 -1.39126 1.0]
342
	ConcatTransform [1.1 0.0 0.0 0.0 0.0 1.1 0.0 0.0 0.0 0.0 1.1 0.0 -9.609 0.05 6.704 1.0]
	ConcatTransform [0.54418 -0.77278 -0.326617 0.0 0.680335 0.178664 0.710791 0.0 -0.49093 -0.609008 0.622975 0.0 -2.417503 -0.657537 -1.39139 1.0]
343
	ConcatTransform [1.1 0.0 0.0 0.0 0.0 1.1 0.0 0.0 0.0 0.0 1.1 0.0 -9.609 0.05 6.704 1.0]
	ConcatTransform [0.595615 -0.772511 -0.220158 0.0 0.536436 0.178526 0.824843 0.0 -0.597897 -0.609389 0.520735 0.0 -2.417289 -0.657537 -1.391479 1.0]
344
	ConcatTransform [1.1 0.0 0.0 0.0 0.0 1.1 0.0 0.0 0.0 0.0 1.1 0.0 -9.609 0.05 6.704 1.0]
	ConcatTransform [0.633482 -0.772307 -0.047358 0.0 0.287352 0.177989 0.941142 0.0 -0.718421 -0.609805 0.334677 0.0 -2.416989 -0.657537 -1.391613 1.0]
345
	ConcatTransform [1.1 0.0 0.0 0.0 0.0 1.1 0.0 0.0 0.0 0.0 1.1 0.0 -9.609 0.05 6.704 1.0]
	ConcatTransform [0.631367 -0.772246 0.070795 0.0 0.107542 0.177599 0.978209 0.0 -0.767991 -0.609996 0.195179 0.0 -2.41681 -0.657537 -1.391703 1.0]
346
	ConcatTransform [1.1 0.0 0.0 0.0 0.0 1.1 0.0 0.0 0.0 0.0 1.1 0.0 -9.609 0.05 6.704 1.0]
	ConcatTransform [0.587335 -0.772268 0.242159 0.0 -0.167214 0.176961 0.969909 0.0 -0.791882 -0.610154 -0.025199 0.0 -2.416574 -0.657537 -1.391832 1.0]
347
	ConcatTransform [1.1 0.0 0.0 0.0 0.0 1.1 0.0 0.0 0.0 0.0 1.1 0.0 -9.609 0.05 6.704 1.0]
	ConcatTransform [0.532155 -0.77243 0.346644 0.0 -0.344432 0.176507 0.922069 0.0 -0.77342 -0.610079 -0.172121 0.0 -2.416438 -0.657537 -1.391912 1.0]
348
	ConcatTransform [1.1 0.0 0.0 0.0 0.0 1.1 0.0 0.0 0.0 0.0 1.1 0.0 -9.609 0.05 6.704 1.0]
	ConcatTransform [0.415438 -0.772846 0.479708 0.0 -0.585959 0.175997 0.790998 0.0 -0.695747 -0.6097 -0.37974 0.0 -2.416267 -0.657536 -1.392022 1.0]
349
	ConcatTransform [1.1 0.0 0.0 0.0 0.0 1.1 0.0 0.0 0.0 0.0 1.1 0.0 -9.609 0.05 6.704 1.0]
	ConcatTransform [0.319024 -0.773136 0.548164 0.0 -0.722634 0.175793 0.668503 0.0 -0.613208 -0.609391 -0.502613 0.0 -2.416178 -0.657537 -1.392088 1.0]
350
	ConcatTransform [1.1 0.0 0.0 0.0 0.0 1.1 0.0 0.0 0.0 0.0 1.1 0.0 -9.609 0.05 6.704 1.0]
	ConcatTransform [0.154853 -0.773503 0.614584 0.0 -0.879285 0.175714 0.442699 0.0 -0.45042 -0.608948 -0.65292 0.0 -2.416083 -0.657537 -1.392176 1.0]
351
	ConcatTransform [1.1 0.0 0.0 0.0 0.0 1.1 0.0 0.0 0.0 0.0 1.1 0.0 -9.609 0.05 6.704 1.0]
	ConcatTransform [0.037863 -0.773761 0.632345 0.0 -0.946162 0.175812 0.271784 0.0 -0.32147 -0.608592 -0.725447 0.0 -2.416041 -0.657537 -1.392224 1.0]
352
	ConcatTransform [1.1 0.0 0.0 0.0 0.0 1.1 0.0 0.0 0.0 0.0 1.1 0.0 -9.609 0.05 6.704 1.0]
	ConcatTransform [-0.138745 -0.774074 0.617705 0.0 -0.984362 0.176159 -0.000347 0.0 -0.108546 -0.608093 -0.78641 0.0 -2.416009 -0.657537 -1.39228 1.0]
353
	ConcatTransform [1.1 0.0 0.0 0.0 0.0 1.1 0.0 0.0 0.0 0.0 1.1 0.0 -9.609 0.05 6.704 1.0]
	ConcatTransform [-0.251236 -0.774175 0.580977 0.0 -0.967131 0.176454 -0.183091 0.0 0.039229 -0.607879 -0.79306 0.0 -2.416009 -0.657537 -1.392309 1.0]
354
	ConcatTransform [1.1 0.0 0.0 0.0 0.0 1.1 0.0 0.0 0.0 0.0 1.1 0.0 -9.609 0.05 6.704 1.0]
	ConcatTransform [-0.402464 -0.774143 0.488595 0.0 -0.878702 0.177011 -0.44334 0.0 0.256722 -0.607758 -0.751481 0.0 -2.416032 -0.657537 -1.39234 1.0]
355
	ConcatTransform [1.1 0.0 0.0 0.0 0.0 1.1 0.0 0.0 0.0 0.0 1.1 0.0 -9.609 0.05 6.704 1.0]
	ConcatTransform [-0.486405 -0.774086 0.405216 0.0 -0.781037 0.177326 -0.598779 0.0 0.391651 -0.607738 -0.690843 0.0 -2.416063 -0.657537 -1.392351 1.0]
356
	ConcatTransform [1.1 0.0 0.0 0.0 0.0 1.1 0.0 0.0 0.0 0.0 1.1 0.0 -9.609 0.05 6.704 1.0]
	ConcatTransform [-0.579765 -0.773944 0.254722 0.0 -0.58493 0.177715 -0.791375 0.0 0.567212 -0.607806 -0.555736 0.0 -2.416131 -0.657538 -1.392354 1.0]
357
	ConcatTransform [1.1 0.0 0.0 0.0 0.0 1.1 0.0 0.0 0.0 0.0 1.1 0.0 -9.609 0.05 6.704 1.0]
	ConcatTransform [-0.617191 -0.77379 0.14256 0.0 -0.427737 0.177898 -0.886224 0.0 0.660391 -0.607948 -0.440776 0.0 -2.416185 -0.657538 -1.392348 1.0]
358
	ConcatTransform [1.1 0.0 0.0 0.0 0.0 1.1 0.0 0.0 0.0 0.0 1.1 0.0 -9.609 0.05 6.704 1.0]
	ConcatTransform [-0.632863 -0.773528 -0.033753 0.0 -0.165898 0.178053 -0.969935 0.0 0.756282 -0.608237 -0.24101 0.0 -2.416278 -0.657538 -1.392331 1.0]
359
	ConcatTransform [1.1 0.0 0.0 0.0 0.0 1.1 0.0 0.0 0.0 0.0 1.1 0.0 -9.609 0.05 6.704 1.0]
	ConcatTransform [-0.615765 -0.773381 -0.150712 0.0 0.017162 0.178066 -0.983869 0.0 0.787743 -0.608419 -0.096374 0.0 -2.416347 -0.657538 -1.392313 1.0]
360
	ConcatTransform [1.1 0.0 0.0 0.0 0.0 1.1 0.0 0.0 0.0 0.0 1.1 0.0 -9.609 0.05 6.704 1.0]
	ConcatTransform [0.390503 -0.770089 -0.504451 0.0 0.890332 0.176561 0.419684 0.0 -0.234128 -0.613017 0.754582 0.0 1.142828 -0.657528 0.31192 1.0]
