228
	ConcatTransform [1.1 0.0 0.0 0.0 0.0 1.1 0.0 0.0 0.0 0.0 1.1 0.0 -9.609 0.05 6.704 1.0]
	ConcatTransform [0.997607 0.045887 -0.05172 0.0 -0.047441 0.998447 -0.029221 0.0 0.050299 0.031605 0.998234 0.0 0.020966 -0.013737 -0.028732 1.0]
229
	ConcatTransform [1.1 0.0 0.0 0.0 0.0 1.1 0.0 0.0 0.0 0.0 1.1 0.0 -9.609 0.05 6.704 1.0]
	ConcatTransform [0.99284 0.0994 -0.066245 0.0 -0.101905 0.994158 -0.035559 0.0 0.062323 0.042055 0.99717 0.0 0.042189 -0.033862 -0.056473 1.0]
230
	ConcatTransform [1.1 0.0 0.0 0.0 0.0 1.1 0.0 0.0 0.0 0.0 1.1 0.0 -9.609 0.05 6.704 1.0]
	ConcatTransform [0.977985 0.196163 -0.071177 0.0 -0.197731 0.980132 -0.015628 0.0 0.066698 0.029358 0.997341 0.0 0.07389 -0.081773 -0.097162 1.0]
231
	ConcatTransform [1.1 0.0 0.0 0.0 0.0 1.1 0.0 0.0 0.0 0.0 1.1 0.0 -9.609 0.05 6.704 1.0]
	ConcatTransform [0.96101 0.267364 -0.070541 0.0 -0.267232 0.963564 0.011467 0.0 0.071036 0.007831 0.997443 0.0 0.094859 -0.125747 -0.123997 1.0]
232
	ConcatTransform [1.1 0.0 0.0 0.0 0.0 1.1 0.0 0.0 0.0 0.0 1.1 0.0 -9.609 0.05 6.704 1.0]
	ConcatTransform [0.922079 0.382776 -0.057029 0.0 -0.378495 0.922693 0.073342 0.0 0.080694 -0.046042 0.995675 0.0 0.12612 -0.209733 -0.163761 1.0]
233
	ConcatTransform [1.1 0.0 0.0 0.0 0.0 1.1 0.0 0.0 0.0 0.0 1.1 0.0 -9.609 0.05 6.704 1.0]
	ConcatTransform [0.885644 0.463166 -0.033363 0.0 -0.455834 0.880834 0.127853 0.0 0.088605 -0.098024 0.991232 0.0 0.146904 -0.277719 -0.189881 1.0]
234
	ConcatTransform [1.1 0.0 0.0 0.0 0.0 1.1 0.0 0.0 0.0 0.0 1.1 0.0 -9.609 0.05 6.704 1.0]
	ConcatTransform [0.814032 0.579596 0.0377 0.0 -0.572129 0.788972 0.224037 0.0 0.100107 -0.203942 0.973851 0.0 0.17877 -0.397024 -0.229491 1.0]
235
	ConcatTransform [1.1 0.0 0.0 0.0 0.0 1.1 0.0 0.0 0.0 0.0 1.1 0.0 -9.609 0.05 6.704 1.0]
	ConcatTransform [0.752904 0.648232 0.113714 0.0 -0.648627 0.701613 0.294996 0.0 0.111443 -0.295862 0.948708 0.0 0.201943 -0.486091 -0.259243 1.0]
236
	ConcatTransform [1.1 0.0 0.0 0.0 0.0 1.1 0.0 0.0 0.0 0.0 1.1 0.0 -9.609 0.05 6.704 1.0]
	ConcatTransform [0.647507 0.701193 0.298433 0.0 -0.75147 0.522453 0.402909 0.0 0.1266 -0.48515 0.865218 0.0 0.250948 -0.588855 -0.339428 1.0]
237
	ConcatTransform [1.1 0.0 0.0 0.0 0.0 1.1 0.0 0.0 0.0 0.0 1.1 0.0 -9.609 0.05 6.704 1.0]
	ConcatTransform [0.589229 0.680872 0.434997 0.0 -0.794239 0.389286 0.46652 0.0 0.148302 -0.620378 0.770154 0.0 0.291882 -0.627296 -0.415208 1.0]
238
	ConcatTransform [1.1 0.0 0.0 0.0 0.0 1.1 0.0 0.0 0.0 0.0 1.1 0.0 -9.609 0.05 6.704 1.0]
	ConcatTransform [0.560299 0.645171 0.519441 0.0 -0.775706 0.188834 0.60218 0.0 0.290421 -0.740335 0.606267 0.0 0.357175 -0.641259 -0.54283 1.0]
239
	ConcatTransform [1.1 0.0 0.0 0.0 0.0 1.1 0.0 0.0 0.0 0.0 1.1 0.0 -9.609 0.05 6.704 1.0]
	ConcatTransform [0.579327 0.602719 0.548735 0.0 -0.722949 0.069018 0.687445 0.0 0.376464 -0.794963 0.475719 0.0 0.398833 -0.633733 -0.62868 1.0]
240
	ConcatTransform [1.1 0.0 0.0 0.0 0.0 1.1 0.0 0.0 0.0 0.0 1.1 0.0 -9.609 0.05 6.704 1.0]
	ConcatTransform [0.595293 0.554384 0.581622 0.0 -0.629754 -0.127656 0.766234 0.0 0.499036 -0.822412 0.273132 0.0 0.453636 -0.600821 -0.75075 1.0]
241
	ConcatTransform [1.1 0.0 0.0 0.0 0.0 1.1 0.0 0.0 0.0 0.0 1.1 0.0 -9.609 0.05 6.704 1.0]
	ConcatTransform [0.6042 0.526713 0.597926 0.0 -0.572732 -0.234647 0.785442 0.0 0.554003 -0.817016 0.159892 0.0 0.485537 -0.571326 -0.82573 1.0]
242
	ConcatTransform [1.1 0.0 0.0 0.0 0.0 1.1 0.0 0.0 0.0 0.0 1.1 0.0 -9.609 0.05 6.704 1.0]
	ConcatTransform [0.599099 0.507157 0.619574 0.0 -0.484732 -0.386156 0.784805 0.0 0.637271 -0.770503 0.014489 0.0 0.525483 -0.518566 -0.925583 1.0]
243
	ConcatTransform [1.1 0.0 0.0 0.0 0.0 1.1 0.0 0.0 0.0 0.0 1.1 0.0 -9.609 0.05 6.704 1.0]
	ConcatTransform [0.592106 0.50632 0.626937 0.0 -0.43104 -0.458344 0.777255 0.0 0.680893 -0.730453 -0.053144 0.0 0.549454 -0.487582 -0.987842 1.0]
244
	ConcatTransform [1.1 0.0 0.0 0.0 0.0 1.1 0.0 0.0 0.0 0.0 1.1 0.0 -9.609 0.05 6.704 1.0]
	ConcatTransform [0.634721 0.475206 0.609351 0.0 -0.335065 -0.541323 0.771169 0.0 0.69632 -0.693649 -0.184364 0.0 0.581698 -0.443399 -1.067307 1.0]
245
	ConcatTransform [1.1 0.0 0.0 0.0 0.0 1.1 0.0 0.0 0.0 0.0 1.1 0.0 -9.609 0.05 6.704 1.0]
	ConcatTransform [0.619246 0.495336 0.609242 0.0 -0.287329 -0.579144 0.762912 0.0 0.730737 -0.647483 -0.216308 0.0 0.600016 -0.421667 -1.117033 1.0]
246
	ConcatTransform [1.1 0.0 0.0 0.0 0.0 1.1 0.0 0.0 0.0 0.0 1.1 0.0 -9.609 0.05 6.704 1.0]
	ConcatTransform [0.611389 0.525964 0.591241 0.0 -0.216533 -0.607439 0.764285 0.0 0.761129 -0.595298 -0.257493 0.0 0.626096 -0.402022 -1.186122 1.0]
247
	ConcatTransform [1.1 0.0 0.0 0.0 0.0 1.1 0.0 0.0 0.0 0.0 1.1 0.0 -9.609 0.05 6.704 1.0]
	ConcatTransform [0.609674 0.550113 0.570678 0.0 -0.172631 -0.610527 0.772952 0.0 0.773626 -0.569765 -0.277256 0.0 0.642124 -0.397575 -1.228462 1.0]
248
	ConcatTransform [1.1 0.0 0.0 0.0 0.0 1.1 0.0 0.0 0.0 0.0 1.1 0.0 -9.609 0.05 6.704 1.0]
	ConcatTransform [0.612539 0.58813 0.528108 0.0 -0.113882 -0.595485 0.795254 0.0 0.782193 -0.547266 -0.297781 0.0 0.663299 -0.402243 -1.284663 1.0]
249
	ConcatTransform [1.1 0.0 0.0 0.0 0.0 1.1 0.0 0.0 0.0 0.0 1.1 0.0 -9.609 0.05 6.704 1.0]
	ConcatTransform [0.614599 0.617387 0.49102 0.0 -0.081486 -0.56944 0.817984 0.0 0.784619 -0.542744 -0.299669 0.0 0.67619 -0.414582 -1.319181 1.0]
250
	ConcatTransform [1.1 0.0 0.0 0.0 0.0 1.1 0.0 0.0 0.0 0.0 1.1 0.0 -9.609 0.05 6.704 1.0]
	ConcatTransform [0.619651 0.664148 0.41826 0.0 -0.04114 -0.504682 0.862325 0.0 0.783799 -0.551547 -0.285403 0.0 0.693445 -0.445812 -1.365455 1.0]
251
	ConcatTransform [1.1 0.0 0.0 0.0 0.0 1.1 0.0 0.0 0.0 0.0 1.1 0.0 -9.609 0.05 6.704 1.0]
	ConcatTransform [0.625924 0.692922 0.357881 0.0 -0.016659 -0.446905 0.894426 0.0 0.779706 -0.565804 -0.268185 0.0 0.702919 -0.472904 -1.390547 1.0]
252
	ConcatTransform [1.1 0.0 0.0 0.0 0.0 1.1 0.0 0.0 0.0 0.0 1.1 0.0 -9.609 0.05 6.704 1.0]
	ConcatTransform [0.627554 0.725664 0.282113 0.0 0.028609 -0.383595 0.923058 0.0 0.778048 -0.571198 -0.261487 0.0 0.706982 -0.502317 -1.400907 1.0]
253
	ConcatTransform [1.1 0.0 0.0 0.0 0.0 1.1 0.0 0.0 0.0 0.0 1.1 0.0 -9.609 0.05 6.704 1.0]
	ConcatTransform [0.628545 0.742256 0.232352 0.0 0.061662 -0.345356 0.936444 0.0 0.775325 -0.574269 -0.262841 0.0 0.703435 -0.513913 -1.390819 1.0]
254
	ConcatTransform [1.1 0.0 0.0 0.0 0.0 1.1 0.0 0.0 0.0 0.0 1.1 0.0 -9.609 0.05 6.704 1.0]
	ConcatTransform [0.637393 0.757372 0.141838 0.0 0.106868 -0.269188 0.95714 0.0 0.763092 -0.594916 -0.252518 0.0 0.695494 -0.538621 -1.36786 1.0]
255
	ConcatTransform [1.1 0.0 0.0 0.0 0.0 1.1 0.0 0.0 0.0 0.0 1.1 0.0 -9.609 0.05 6.704 1.0]
	ConcatTransform [0.650507 0.756159 0.07117 0.0 0.138637 -0.210351 0.967746 0.0 0.74674 -0.619658 -0.241667 0.0 0.688365 -0.557814 -1.346489 1.0]
256
	ConcatTransform [1.1 0.0 0.0 0.0 0.0 1.1 0.0 0.0 0.0 0.0 1.1 0.0 -9.609 0.05 6.704 1.0]
	ConcatTransform [0.67929 0.732215 -0.049263 0.0 0.193214 -0.113682 0.974549 0.0 0.707979 -0.671519 -0.218697 0.0 0.675343 -0.587664 -1.305595 1.0]
257
	ConcatTransform [1.1 0.0 0.0 0.0 0.0 1.1 0.0 0.0 0.0 0.0 1.1 0.0 -9.609 0.05 6.704 1.0]
	ConcatTransform [0.693551 0.707234 -0.137139 0.0 0.228353 -0.035273 0.972939 0.0 0.683258 -0.706099 -0.185963 0.0 0.664922 -0.606376 -1.273093 1.0]
258
	ConcatTransform [1.1 0.0 0.0 0.0 0.0 1.1 0.0 0.0 0.0 0.0 1.1 0.0 -9.609 0.05 6.704 1.0]
	ConcatTransform [0.700822 0.659718 -0.271333 0.0 0.279006 0.096562 0.955422 0.0 0.656509 -0.745284 -0.116392 0.0 0.647007 -0.627252 -1.217021 1.0]
259
	ConcatTransform [1.1 0.0 0.0 0.0 0.0 1.1 0.0 0.0 0.0 0.0 1.1 0.0 -9.609 0.05 6.704 1.0]
	ConcatTransform [0.704053 0.616485 -0.352499 0.0 0.316929 0.171434 0.932827 0.0 0.635505 -0.768477 -0.074684 0.0 0.634556 -0.63307 -1.175711 1.0]
260
	ConcatTransform [1.1 0.0 0.0 0.0 0.0 1.1 0.0 0.0 0.0 0.0 1.1 0.0 -9.609 0.05 6.704 1.0]
	ConcatTransform [0.699442 0.550168 -0.456176 0.0 0.374065 0.262064 0.889605 0.0 0.60898 -0.792866 -0.0225 0.0 0.61572 -0.632739 -1.11167 1.0]
261
	ConcatTransform [1.1 0.0 0.0 0.0 0.0 1.1 0.0 0.0 0.0 0.0 1.1 0.0 -9.609 0.05 6.704 1.0]
	ConcatTransform [0.691677 0.50402 -0.517248 0.0 0.412122 0.312689 0.855792 0.0 0.593075 -0.805102 0.008562 0.0 0.603534 -0.628247 -1.069433 1.0]
262
	ConcatTransform [1.1 0.0 0.0 0.0 0.0 1.1 0.0 0.0 0.0 0.0 1.1 0.0 -9.609 0.05 6.704 1.0]
	ConcatTransform [0.678519 0.435563 -0.591521 0.0 0.470433 0.360808 0.805301 0.0 0.564185 -0.824683 0.039912 0.0 0.586479 -0.61871 -1.008277 1.0]
263
	ConcatTransform [1.1 0.0 0.0 0.0 0.0 1.1 0.0 0.0 0.0 0.0 1.1 0.0 -9.609 0.05 6.704 1.0]
	ConcatTransform [0.663206 0.394438 -0.636063 0.0 0.506725 0.388803 0.769455 0.0 0.550806 -0.832617 0.057984 0.0 0.57582 -0.61092 -0.970196 1.0]
264
	ConcatTransform [1.1 0.0 0.0 0.0 0.0 1.1 0.0 0.0 0.0 0.0 1.1 0.0 -9.609 0.05 6.704 1.0]
	ConcatTransform [0.630077 0.340593 -0.697853 0.0 0.556565 0.42862 0.711702 0.0 0.541515 -0.836828 0.080502 0.0 0.561083 -0.598548 -0.918288 1.0]
265
	ConcatTransform [1.1 0.0 0.0 0.0 0.0 1.1 0.0 0.0 0.0 0.0 1.1 0.0 -9.609 0.05 6.704 1.0]
	ConcatTransform [0.607772 0.308188 -0.73187 0.0 0.588923 0.443325 0.675746 0.0 0.532713 -0.841714 0.087941 0.0 0.552468 -0.590892 -0.887354 1.0]
266
	ConcatTransform [1.1 0.0 0.0 0.0 0.0 1.1 0.0 0.0 0.0 0.0 1.1 0.0 -9.609 0.05 6.704 1.0]
	ConcatTransform [0.576497 0.265744 -0.772678 0.0 0.636514 0.446888 0.628602 0.0 0.512348 -0.854208 0.08848 0.0 0.541418 -0.581413 -0.84698 1.0]
267
	ConcatTransform [1.1 0.0 0.0 0.0 0.0 1.1 0.0 0.0 0.0 0.0 1.1 0.0 -9.609 0.05 6.704 1.0]
	ConcatTransform [0.55021 0.245059 -0.798258 0.0 0.664899 0.44974 0.596358 0.0 0.505151 -0.858883 0.084512 0.0 0.534873 -0.576333 -0.824745 1.0]
268
	ConcatTransform [1.1 0.0 0.0 0.0 0.0 1.1 0.0 0.0 0.0 0.0 1.1 0.0 -9.609 0.05 6.704 1.0]
	ConcatTransform [0.502558 0.22687 -0.834245 0.0 0.702267 0.455677 0.546973 0.0 0.504238 -0.860749 0.06968 0.0 0.52613 -0.571242 -0.798636 1.0]
269
	ConcatTransform [1.1 0.0 0.0 0.0 0.0 1.1 0.0 0.0 0.0 0.0 1.1 0.0 -9.609 0.05 6.704 1.0]
	ConcatTransform [0.473415 0.221211 -0.85261 0.0 0.726732 0.448868 0.51998 0.0 0.497735 -0.865785 0.05174 0.0 0.52131 -0.57055 -0.7856 1.0]
270
	ConcatTransform [1.1 0.0 0.0 0.0 0.0 1.1 0.0 0.0 0.0 0.0 1.1 0.0 -9.609 0.05 6.704 1.0]
	ConcatTransform [0.434703 0.22415 -0.872233 0.0 0.763311 0.422257 0.488932 0.0 0.477901 -0.878325 0.01246 0.0 0.51545 -0.573801 -0.772546 1.0]
271
	ConcatTransform [1.1 0.0 0.0 0.0 0.0 1.1 0.0 0.0 0.0 0.0 1.1 0.0 -9.609 0.05 6.704 1.0]
	ConcatTransform [0.404176 0.236427 -0.883597 0.0 0.784524 0.407069 0.467779 0.0 0.47028 -0.882268 -0.020955 0.0 0.511952 -0.578088 -0.768564 1.0]
272
	ConcatTransform [1.1 0.0 0.0 0.0 0.0 1.1 0.0 0.0 0.0 0.0 1.1 0.0 -9.609 0.05 6.704 1.0]
	ConcatTransform [0.351197 0.269937 -0.896546 0.0 0.811397 0.390076 0.435289 0.0 0.467222 -0.880326 -0.082032 0.0 0.507136 -0.587123 -0.769466 1.0]
273
	ConcatTransform [1.1 0.0 0.0 0.0 0.0 1.1 0.0 0.0 0.0 0.0 1.1 0.0 -9.609 0.05 6.704 1.0]
	ConcatTransform [0.324404 0.295662 -0.898524 0.0 0.830374 0.365929 0.420209 0.0 0.453036 -0.882428 -0.126801 0.0 0.504697 -0.594347 -0.774524 1.0]
274
	ConcatTransform [1.1 0.0 0.0 0.0 0.0 1.1 0.0 0.0 0.0 0.0 1.1 0.0 -9.609 0.05 6.704 1.0]
	ConcatTransform [0.303127 0.337324 -0.89125 0.0 0.854042 0.318746 0.411113 0.0 0.422761 -0.885784 -0.191468 0.0 0.501652 -0.60479 -0.789022 1.0]
275
	ConcatTransform [1.1 0.0 0.0 0.0 0.0 1.1 0.0 0.0 0.0 0.0 1.1 0.0 -9.609 0.05 6.704 1.0]
	ConcatTransform [0.292609 0.368527 -0.882365 0.0 0.866086 0.288979 0.407905 0.0 0.405309 -0.88356 -0.234618 0.0 0.49969 -0.611069 -0.802998 1.0]
276
	ConcatTransform [1.1 0.0 0.0 0.0 0.0 1.1 0.0 0.0 0.0 0.0 1.1 0.0 -9.609 0.05 6.704 1.0]
	ConcatTransform [0.275878 0.426896 -0.861192 0.0 0.873519 0.262499 0.409949 0.0 0.401068 -0.865363 -0.300484 0.0 0.497026 -0.619969 -0.828387 1.0]
277
	ConcatTransform [1.1 0.0 0.0 0.0 0.0 1.1 0.0 0.0 0.0 0.0 1.1 0.0 -9.609 0.05 6.704 1.0]
	ConcatTransform [0.274787 0.465499 -0.84131 0.0 0.874695 0.242304 0.419759 0.0 0.39925 -0.851234 -0.340588 0.0 0.496031 -0.624488 -0.847915 1.0]
278
	ConcatTransform [1.1 0.0 0.0 0.0 0.0 1.1 0.0 0.0 0.0 0.0 1.1 0.0 -9.609 0.05 6.704 1.0]
	ConcatTransform [0.277905 0.522629 -0.805995 0.0 0.873263 0.212128 0.438648 0.0 0.400225 -0.825748 -0.397441 0.0 0.495606 -0.628889 -0.879956 1.0]
279
	ConcatTransform [1.1 0.0 0.0 0.0 0.0 1.1 0.0 0.0 0.0 0.0 1.1 0.0 -9.609 0.05 6.704 1.0]
	ConcatTransform [0.279743 0.556453 -0.782371 0.0 0.870176 0.197343 0.451497 0.0 0.405633 -0.807103 -0.429006 0.0 0.495935 -0.630148 -0.902559 1.0]
280
	ConcatTransform [1.1 0.0 0.0 0.0 0.0 1.1 0.0 0.0 0.0 0.0 1.1 0.0 -9.609 0.05 6.704 1.0]
	ConcatTransform [0.279735 0.605525 -0.745042 0.0 0.863996 0.179609 0.470373 0.0 0.418639 -0.775294 -0.472928 0.0 0.497238 -0.630276 -0.936893 1.0]
281
	ConcatTransform [1.1 0.0 0.0 0.0 0.0 1.1 0.0 0.0 0.0 0.0 1.1 0.0 -9.609 0.05 6.704 1.0]
	ConcatTransform [0.281463 0.632254 -0.721826 0.0 0.860321 0.1669 0.481656 0.0 0.425002 -0.756571 -0.496965 0.0 0.498764 -0.629226 -0.959588 1.0]
282
	ConcatTransform [1.1 0.0 0.0 0.0 0.0 1.1 0.0 0.0 0.0 0.0 1.1 0.0 -9.609 0.05 6.704 1.0]
	ConcatTransform [0.282543 0.665808 -0.690557 0.0 0.854512 0.152405 0.496569 0.0 0.435864 -0.730392 -0.525881 0.0 0.501667 -0.626781 -0.992428 1.0]
283
	ConcatTransform [1.1 0.0 0.0 0.0 0.0 1.1 0.0 0.0 0.0 0.0 1.1 0.0 -9.609 0.05 6.704 1.0]
	ConcatTransform [0.282452 0.685301 -0.671255 0.0 0.850891 0.144129 0.505184 0.0 0.442951 -0.713855 -0.542407 0.0 0.503953 -0.624677 -1.012961 1.0]
284
	ConcatTransform [1.1 0.0 0.0 0.0 0.0 1.1 0.0 0.0 0.0 0.0 1.1 0.0 -9.609 0.05 6.704 1.0]
	ConcatTransform [0.287284 0.707751 -0.645412 0.0 0.847506 0.126152 0.515576 0.0 0.446319 -0.695108 -0.563582 0.0 0.508018 -0.621301 -1.041057 1.0]
285
	ConcatTransform [1.1 0.0 0.0 0.0 0.0 1.1 0.0 0.0 0.0 0.0 1.1 0.0 -9.609 0.05 6.704 1.0]
	ConcatTransform [0.28951 0.718279 -0.63266 0.0 0.844899 0.118842 0.521557 0.0 0.44981 -0.68553 -0.572467 0.0 0.510858 -0.619443 -1.057865 1.0]
286
	ConcatTransform [1.1 0.0 0.0 0.0 0.0 1.1 0.0 0.0 0.0 0.0 1.1 0.0 -9.609 0.05 6.704 1.0]
	ConcatTransform [0.289434 0.729521 -0.619699 0.0 0.839349 0.117783 0.530679 0.0 0.460131 -0.673741 -0.578233 0.0 0.515123 -0.617689 -1.079837 1.0]
287
	ConcatTransform [1.1 0.0 0.0 0.0 0.0 1.1 0.0 0.0 0.0 0.0 1.1 0.0 -9.609 0.05 6.704 1.0]
	ConcatTransform [0.29178 0.733498 -0.613877 0.0 0.836932 0.114915 0.535107 0.0 0.463044 -0.669906 -0.580358 0.0 0.518188 -0.616851 -1.091997 1.0]
288
	ConcatTransform [1.1 0.0 0.0 0.0 0.0 1.1 0.0 0.0 0.0 0.0 1.1 0.0 -9.609 0.05 6.704 1.0]
	ConcatTransform [0.298717 0.73481 -0.608952 0.0 0.835129 0.107546 0.539439 0.0 0.461875 -0.669693 -0.581535 0.0 0.523115 -0.616175 -1.106315 1.0]
289
	ConcatTransform [1.1 0.0 0.0 0.0 0.0 1.1 0.0 0.0 0.0 0.0 1.1 0.0 -9.609 0.05 6.704 1.0]
	ConcatTransform [0.301093 0.732934 -0.610042 0.0 0.832742 0.109613 0.542703 0.0 0.464634 -0.671411 -0.577341 0.0 0.526299 -0.616511 -1.113422 1.0]
290
	ConcatTransform [1.1 0.0 0.0 0.0 0.0 1.1 0.0 0.0 0.0 0.0 1.1 0.0 -9.609 0.05 6.704 1.0]
	ConcatTransform [0.300811 0.727031 -0.617203 0.0 0.827056 0.123373 0.548414 0.0 0.47486 -0.67543 -0.564183 0.0 0.530855 -0.618258 -1.12047 1.0]
291
	ConcatTransform [1.1 0.0 0.0 0.0 0.0 1.1 0.0 0.0 0.0 0.0 1.1 0.0 -9.609 0.05 6.704 1.0]
	ConcatTransform [0.303283 0.72016 -0.624011 0.0 0.82465 0.129766 0.550558 0.0 0.477465 -0.681565 -0.554523 0.0 0.534024 -0.619597 -1.122633 1.0]
292
	ConcatTransform [1.1 0.0 0.0 0.0 0.0 1.1 0.0 0.0 0.0 0.0 1.1 0.0 -9.609 0.05 6.704 1.0]
	ConcatTransform [0.309693 0.706805 -0.636017 0.0 0.822387 0.136632 0.552279 0.0 0.477253 -0.694089 -0.538953 0.0 0.538867 -0.621625 -1.122282 1.0]
293
	ConcatTransform [1.1 0.0 0.0 0.0 0.0 1.1 0.0 0.0 0.0 0.0 1.1 0.0 -9.609 0.05 6.704 1.0]
	ConcatTransform [0.311429 0.696598 -0.646346 0.0 0.819424 0.147569 0.553866 0.0 0.481203 -0.702122 -0.524851 0.0 0.541855 -0.623329 -1.120013 1.0]
294
	ConcatTransform [1.1 0.0 0.0 0.0 0.0 1.1 0.0 0.0 0.0 0.0 1.1 0.0 -9.609 0.05 6.704 1.0]
	ConcatTransform [0.311645 0.678781 -0.664932 0.0 0.8135 0.171014 0.555853 0.0 0.491015 -0.714151 -0.498892 0.0 0.546064 -0.625896 -1.113884 1.0]
295
	ConcatTransform [1.1 0.0 0.0 0.0 0.0 1.1 0.0 0.0 0.0 0.0 1.1 0.0 -9.609 0.05 6.704 1.0]
	ConcatTransform [0.313645 0.66612 -0.676691 0.0 0.810433 0.183563 0.556329 0.0 0.494798 -0.722903 -0.482272 0.0 0.548828 -0.627296 -1.108091 1.0]
296
	ConcatTransform [1.1 0.0 0.0 0.0 0.0 1.1 0.0 0.0 0.0 0.0 1.1 0.0 -9.609 0.05 6.704 1.0]
	ConcatTransform [0.318427 0.646482 -0.6933 0.0 0.806658 0.199353 0.556382 0.0 0.497902 -0.736424 -0.45801 0.0 0.552778 -0.628786 -1.09738 1.0]
297
	ConcatTransform [1.1 0.0 0.0 0.0 0.0 1.1 0.0 0.0 0.0 0.0 1.1 0.0 -9.609 0.05 6.704 1.0]
	ConcatTransform [0.320441 0.633142 -0.704591 0.0 0.803389 0.212438 0.556269 0.0 0.501879 -0.744313 -0.440586 0.0 0.555121 -0.629579 -1.089276 1.0]
298
	ConcatTransform [1.1 0.0 0.0 0.0 0.0 1.1 0.0 0.0 0.0 0.0 1.1 0.0 -9.609 0.05 6.704 1.0]
	ConcatTransform [0.323055 0.613953 -0.720206 0.0 0.798171 0.232132 0.555911 0.0 0.508487 -0.754438 -0.415049 0.0 0.558223 -0.63022 -1.076099 1.0]
299
	ConcatTransform [1.1 0.0 0.0 0.0 0.0 1.1 0.0 0.0 0.0 0.0 1.1 0.0 -9.609 0.05 6.704 1.0]
	ConcatTransform [0.325887 0.601868 -0.729077 0.0 0.795274 0.242478 0.555647 0.0 0.511211 -0.760894 -0.39963 0.0 0.560063 -0.630352 -1.066897 1.0]
300
	ConcatTransform [1.1 0.0 0.0 0.0 0.0 1.1 0.0 0.0 0.0 0.0 1.1 0.0 -9.609 0.05 6.704 1.0]
	ConcatTransform [0.330623 0.584396 -0.74106 0.0 0.791168 0.256468 0.555228 0.0 0.514531 -0.769874 -0.377561 0.0 0.56239 -0.630229 -1.05299 1.0]
301
	ConcatTransform [1.1 0.0 0.0 0.0 0.0 1.1 0.0 0.0 0.0 0.0 1.1 0.0 -9.609 0.05 6.704 1.0]
	ConcatTransform [0.333688 0.574253 -0.747587 0.0 0.788409 0.264742 0.555268 0.0 0.516782 -0.77469 -0.364405 0.0 0.563615 -0.629982 -1.043855 1.0]
302
	ConcatTransform [1.1 0.0 0.0 0.0 0.0 1.1 0.0 0.0 0.0 0.0 1.1 0.0 -9.609 0.05 6.704 1.0]
	ConcatTransform [0.33899 0.562627 -0.754014 0.0 0.784883 0.272749 0.556387 0.0 0.518695 -0.780422 -0.349137 0.0 0.564948 -0.629424 -1.030654 1.0]
303
	ConcatTransform [1.1 0.0 0.0 0.0 0.0 1.1 0.0 0.0 0.0 0.0 1.1 0.0 -9.609 0.05 6.704 1.0]
	ConcatTransform [0.342856 0.554996 -0.757912 0.0 0.782743 0.277303 0.55715 0.0 0.519387 -0.784272 -0.339344 0.0 0.565527 -0.629215 -1.022457 1.0]
304
	ConcatTransform [1.1 0.0 0.0 0.0 0.0 1.1 0.0 0.0 0.0 0.0 1.1 0.0 -9.609 0.05 6.704 1.0]
	ConcatTransform [0.347671 0.544772 -0.763117 0.0 0.778966 0.285173 0.55847 0.0 0.521859 -0.788606 -0.325213 0.0 0.565818 -0.628549 -1.011355 1.0]
305
	ConcatTransform [1.1 0.0 0.0 0.0 0.0 1.1 0.0 0.0 0.0 0.0 1.1 0.0 -9.609 0.05 6.704 1.0]
	ConcatTransform [0.351299 0.540212 -0.764696 0.0 0.776752 0.287842 0.560181 0.0 0.522728 -0.79077 -0.318492 0.0 0.565735 -0.6284 -1.004739 1.0]
306
	ConcatTransform [1.1 0.0 0.0 0.0 0.0 1.1 0.0 0.0 0.0 0.0 1.1 0.0 -9.609 0.05 6.704 1.0]
	ConcatTransform [0.358589 0.536433 -0.763972 0.0 0.774556 0.285814 0.564245 0.0 0.521034 -0.794072 -0.313007 0.0 0.565275 -0.628143 -0.996165 1.0]
307
	ConcatTransform [1.1 0.0 0.0 0.0 0.0 1.1 0.0 0.0 0.0 0.0 1.1 0.0 -9.609 0.05 6.704 1.0]
	ConcatTransform [0.362859 0.535244 -0.762789 0.0 0.772833 0.284498 0.567266 0.0 0.520638 -0.795346 -0.310422 0.0 0.564669 -0.62822 -0.991456 1.0]
308
	ConcatTransform [1.1 0.0 0.0 0.0 0.0 1.1 0.0 0.0 0.0 0.0 1.1 0.0 -9.609 0.05 6.704 1.0]
	ConcatTransform [0.36692 0.534192 -0.761583 0.0 0.770437 0.284311 0.570609 0.0 0.521341 -0.796119 -0.307242 0.0 0.563213 -0.628309 -0.986159 1.0]
309
	ConcatTransform [1.1 0.0 0.0 0.0 0.0 1.1 0.0 0.0 0.0 0.0 1.1 0.0 -9.609 0.05 6.704 1.0]
	ConcatTransform [0.373429 0.534088 -0.758486 0.0 0.771953 0.274507 0.573354 0.0 0.514431 -0.799622 -0.309782 0.0 0.561989 -0.628607 -0.983781 1.0]
310
	ConcatTransform [1.1 0.0 0.0 0.0 0.0 1.1 0.0 0.0 0.0 0.0 1.1 0.0 -9.609 0.05 6.704 1.0]
	ConcatTransform [0.382031 0.53508 -0.753487 0.0 0.774571 0.259327 0.576879 0.0 0.504076 -0.804014 -0.315387 0.0 0.559244 -0.628878 -0.982217 1.0]
311
	ConcatTransform [1.1 0.0 0.0 0.0 0.0 1.1 0.0 0.0 0.0 0.0 1.1 0.0 -9.609 0.05 6.704 1.0]
	ConcatTransform [0.386928 0.536398 -0.750042 0.0 0.777844 0.246973 0.577895 0.0 0.495222 -0.80702 -0.321673 0.0 0.556746 -0.629079 -0.982579 1.0]
312
	ConcatTransform [1.1 0.0 0.0 0.0 0.0 1.1 0.0 0.0 0.0 0.0 1.1 0.0 -9.609 0.05 6.704 1.0]
	ConcatTransform [0.391616 0.536198 -0.747749 0.0 0.782613 0.233271 0.57715 0.0 0.483895 -0.811219 -0.328282 0.0 0.552443 -0.629102 -0.985117 1.0]
313
	ConcatTransform [1.1 0.0 0.0 0.0 0.0 1.1 0.0 0.0 0.0 0.0 1.1 0.0 -9.609 0.05 6.704 1.0]
	ConcatTransform [0.391914 0.539596 -0.745144 0.0 0.786543 0.223623 0.575624 0.0 0.477236 -0.811683 -0.336774 0.0 0.549415 -0.629199 -0.987771 1.0]
314
	ConcatTransform [1.1 0.0 0.0 0.0 0.0 1.1 0.0 0.0 0.0 0.0 1.1 0.0 -9.609 0.05 6.704 1.0]
	ConcatTransform [0.39079 0.545629 -0.741331 0.0 0.793419 0.208632 0.571804 0.0 0.466658 -0.811641 -0.351381 0.0 0.545081 -0.629281 -0.993041 1.0]
315
	ConcatTransform [1.1 0.0 0.0 0.0 0.0 1.1 0.0 0.0 0.0 0.0 1.1 0.0 -9.609 0.05 6.704 1.0]
	ConcatTransform [0.388594 0.549951 -0.739289 0.0 0.798065 0.200133 0.568366 0.0 0.460529 -0.810864 -0.361126 0.0 0.542469 -0.629292 -0.997265 1.0]
316
	ConcatTransform [1.1 0.0 0.0 0.0 0.0 1.1 0.0 0.0 0.0 0.0 1.1 0.0 -9.609 0.05 6.704 1.0]
	ConcatTransform [0.382683 0.559556 -0.735154 0.0 0.8049 0.188694 0.562611 0.0 0.453531 -0.807027 -0.378176 0.0 0.539287 -0.629359 -1.004195 1.0]
317
	ConcatTransform [1.1 0.0 0.0 0.0 0.0 1.1 0.0 0.0 0.0 0.0 1.1 0.0 -9.609 0.05 6.704 1.0]
	ConcatTransform [0.377221 0.566183 -0.7329 0.0 0.809293 0.183237 0.558095 0.0 0.450278 -0.803655 -0.389087 0.0 0.537736 -0.629373 -1.009122 1.0]
318
	ConcatTransform [1.1 0.0 0.0 0.0 0.0 1.1 0.0 0.0 0.0 0.0 1.1 0.0 -9.609 0.05 6.704 1.0]
	ConcatTransform [0.367788 0.575726 -0.730254 0.0 0.815346 0.17796 0.550946 0.0 0.44715 -0.798041 -0.403964 0.0 0.536388 -0.629429 -1.016677 1.0]
319
	ConcatTransform [1.1 0.0 0.0 0.0 0.0 1.1 0.0 0.0 0.0 0.0 1.1 0.0 -9.609 0.05 6.704 1.0]
	ConcatTransform [0.360059 0.583112 -0.728243 0.0 0.818916 0.176397 0.546132 0.0 0.446916 -0.79301 -0.414006 0.0 0.536132 -0.629505 -1.021633 1.0]
320
	ConcatTransform [1.1 0.0 0.0 0.0 0.0 1.1 0.0 0.0 0.0 0.0 1.1 0.0 -9.609 0.05 6.704 1.0]
	ConcatTransform [0.347502 0.59464 -0.725014 0.0 0.824044 0.175281 0.538728 0.0 0.44743 -0.784653 -0.429099 0.0 0.536721 -0.629564 -1.02874 1.0]
321
	ConcatTransform [1.1 0.0 0.0 0.0 0.0 1.1 0.0 0.0 0.0 0.0 1.1 0.0 -9.609 0.05 6.704 1.0]
	ConcatTransform [0.338578 0.600646 -0.724285 0.0 0.827468 0.176387 0.533089 0.0 0.447952 -0.779815 -0.437295 0.0 0.537716 -0.629595 -1.033245 1.0]
322
	ConcatTransform [1.1 0.0 0.0 0.0 0.0 1.1 0.0 0.0 0.0 0.0 1.1 0.0 -9.609 0.05 6.704 1.0]
	ConcatTransform [0.324018 0.60754 -0.725195 0.0 0.832248 0.181456 0.523867 0.0 0.449861 -0.773284 -0.446829 0.0 0.539949 -0.629695 -1.039498 1.0]
323
	ConcatTransform [1.1 0.0 0.0 0.0 0.0 1.1 0.0 0.0 0.0 0.0 1.1 0.0 -9.609 0.05 6.704 1.0]
	ConcatTransform [0.313935 0.612551 -0.725414 0.0 0.835561 0.184578 0.517464 0.0 0.450869 -0.768578 -0.453878 0.0 0.541865 -0.629642 -1.043167 1.0]
324
	ConcatTransform [1.1 0.0 0.0 0.0 0.0 1.1 0.0 0.0 0.0 0.0 1.1 0.0 -9.609 0.05 6.704 1.0]
	ConcatTransform [0.299328 0.617951 -0.727007 0.0 0.84119 0.188709 0.506742 0.0 0.450335 -0.763233 -0.463329 0.0 0.545274 -0.629619 -1.047942 1.0]
325
	ConcatTransform [1.1 0.0 0.0 0.0 0.0 1.1 0.0 0.0 0.0 0.0 1.1 0.0 -9.609 0.05 6.704 1.0]
	ConcatTransform [0.288952 0.620528 -0.729007 0.0 0.844751 0.19303 0.499135 0.0 0.450447 -0.760055 -0.468415 0.0 0.547732 -0.6297 -1.050619 1.0]
326
	ConcatTransform [1.1 0.0 0.0 0.0 0.0 1.1 0.0 0.0 0.0 0.0 1.1 0.0 -9.609 0.05 6.704 1.0]
	ConcatTransform [0.272453 0.622474 -0.733686 0.0 0.849676 0.202136 0.487023 0.0 0.451464 -0.756087 -0.473829 0.0 0.551594 -0.629793 -1.053852 1.0]
327
	ConcatTransform [1.1 0.0 0.0 0.0 0.0 1.1 0.0 0.0 0.0 0.0 1.1 0.0 -9.609 0.05 6.704 1.0]
	ConcatTransform [0.262013 0.623145 -0.736912 0.0 0.853206 0.207262 0.478626 0.0 0.450987 -0.754144 -0.477365 0.0 0.554274 -0.629832 -1.055435 1.0]
328
	ConcatTransform [1.1 0.0 0.0 0.0 0.0 1.1 0.0 0.0 0.0 0.0 1.1 0.0 -9.609 0.05 6.704 1.0]
	ConcatTransform [0.247643 0.622662 -0.74227 0.0 0.859069 0.213115 0.465385 0.0 0.447966 -0.75291 -0.482134 0.0 0.558296 -0.629877 -1.057008 1.0]
329
	ConcatTransform [1.1 0.0 0.0 0.0 0.0 1.1 0.0 0.0 0.0 0.0 1.1 0.0 -9.609 0.05 6.704 1.0]
	ConcatTransform [0.237518 0.621657 -0.74641 0.0 0.862615 0.218319 0.456325 0.0 0.446633 -0.75225 -0.484396 0.0 0.560869 -0.629929 -1.057559 1.0]
330
	ConcatTransform [1.1 0.0 0.0 0.0 0.0 1.1 0.0 0.0 0.0 0.0 1.1 0.0 -9.609 0.05 6.704 1.0]
	ConcatTransform [0.222233 0.619769 -0.752662 0.0 0.867733 0.226279 0.442535 0.0 0.444581 -0.751455 -0.487507 0.0 0.564438 -0.629975 -1.057661 1.0]
331
	ConcatTransform [1.1 0.0 0.0 0.0 0.0 1.1 0.0 0.0 0.0 0.0 1.1 0.0 -9.609 0.05 6.704 1.0]
	ConcatTransform [0.212824 0.617683 -0.757083 0.0 0.871448 0.230442 0.432984 0.0 0.441911 -0.751907 -0.489235 0.0 0.566663 -0.630018 -1.057306 1.0]
332
	ConcatTransform [1.1 0.0 0.0 0.0 0.0 1.1 0.0 0.0 0.0 0.0 1.1 0.0 -9.609 0.05 6.704 1.0]
	ConcatTransform [0.199708 0.613672 -0.763887 0.0 0.877407 0.235055 0.418218 0.0 0.436204 -0.753761 -0.491497 0.0 0.569669 -0.630085 -1.056218 1.0]
333
	ConcatTransform [1.1 0.0 0.0 0.0 0.0 1.1 0.0 0.0 0.0 0.0 1.1 0.0 -9.609 0.05 6.704 1.0]
	ConcatTransform [0.190791 0.610874 -0.768396 0.0 0.881187 0.238352 0.408287 0.0 0.43256 -0.754998 -0.492818 0.0 0.571383 -0.630121 -1.055165 1.0]
334
	ConcatTransform [1.1 0.0 0.0 0.0 0.0 1.1 0.0 0.0 0.0 0.0 1.1 0.0 -9.609 0.05 6.704 1.0]
	ConcatTransform [0.177545 0.607171 -0.774481 0.0 0.886777 0.24255 0.393441 0.0 0.426737 -0.756645 -0.495362 0.0 0.573513 -0.630149 -1.053154 1.0]
335
	ConcatTransform [1.1 0.0 0.0 0.0 0.0 1.1 0.0 0.0 0.0 0.0 1.1 0.0 -9.609 0.05 6.704 1.0]
	ConcatTransform [0.169476 0.603826 -0.778892 0.0 0.890776 0.244287 0.383201 0.0 0.421659 -0.758761 -0.496472 0.0 0.574637 -0.63018 -1.051634 1.0]
336
	ConcatTransform [1.1 0.0 0.0 0.0 0.0 1.1 0.0 0.0 0.0 0.0 1.1 0.0 -9.609 0.05 6.704 1.0]
	ConcatTransform [0.157806 0.598506 -0.785422 0.0 0.896846 0.245986 0.367639 0.0 0.413237 -0.762418 -0.49795 0.0 0.57588 -0.630232 -1.049152 1.0]
337
	ConcatTransform [1.1 0.0 0.0 0.0 0.0 1.1 0.0 0.0 0.0 0.0 1.1 0.0 -9.609 0.05 6.704 1.0]
	ConcatTransform [0.150211 0.595279 -0.789354 0.0 0.900882 0.246466 0.357303 0.0 0.407244 -0.764786 -0.499254 0.0 0.576397 -0.630168 -1.047395 1.0]
338
	ConcatTransform [1.1 0.0 0.0 0.0 0.0 1.1 0.0 0.0 0.0 0.0 1.1 0.0 -9.609 0.05 6.704 1.0]
	ConcatTransform [0.138811 0.591576 -0.79421 0.0 0.906771 0.246478 0.342076 0.0 0.398119 -0.76765 -0.50221 0.0 0.576718 -0.630274 -1.044674 1.0]
339
	ConcatTransform [1.1 0.0 0.0 0.0 0.0 1.1 0.0 0.0 0.0 0.0 1.1 0.0 -9.609 0.05 6.704 1.0]
	ConcatTransform [0.131545 0.58913 -0.797259 0.0 0.910767 0.245722 0.331848 0.0 0.391406 -0.769771 -0.504237 0.0 0.576663 -0.630206 -1.042883 1.0]
340
	ConcatTransform [1.1 0.0 0.0 0.0 0.0 1.1 0.0 0.0 0.0 0.0 1.1 0.0 -9.609 0.05 6.704 1.0]
	ConcatTransform [0.120836 0.584663 -0.802227 0.0 0.916671 0.244406 0.316198 0.0 0.380938 -0.773586 -0.50641 0.0 0.576157 -0.630219 -1.04034 1.0]
341
	ConcatTransform [1.1 0.0 0.0 0.0 0.0 1.1 0.0 0.0 0.0 0.0 1.1 0.0 -9.609 0.05 6.704 1.0]
	ConcatTransform [0.113612 0.582695 -0.80471 0.0 0.92044 0.243173 0.306034 0.0 0.374009 -0.775457 -0.508708 0.0 0.575587 -0.630306 -1.038713 1.0]
342
	ConcatTransform [1.1 0.0 0.0 0.0 0.0 1.1 0.0 0.0 0.0 0.0 1.1 0.0 -9.609 0.05 6.704 1.0]
	ConcatTransform [0.103215 0.580738 -0.807521 0.0 0.926128 0.240023 0.290991 0.0 0.362813 -0.777902 -0.513064 0.0 0.574498 -0.630322 -1.036457 1.0]
343
	ConcatTransform [1.1 0.0 0.0 0.0 0.0 1.1 0.0 0.0 0.0 0.0 1.1 0.0 -9.609 0.05 6.704 1.0]
	ConcatTransform [0.096102 0.579572 -0.809235 0.0 0.929704 0.238139 0.280962 0.0 0.355548 -0.77935 -0.515945 0.0 0.573626 -0.630326 -1.035123 1.0]
344
	ConcatTransform [1.1 0.0 0.0 0.0 0.0 1.1 0.0 0.0 0.0 0.0 1.1 0.0 -9.609 0.05 6.704 1.0]
	ConcatTransform [0.085037 0.578213 -0.811442 0.0 0.934688 0.235815 0.265988 0.0 0.345148 -0.781064 -0.520396 0.0 0.572149 -0.630324 -1.033397 1.0]
345
	ConcatTransform [1.1 0.0 0.0 0.0 0.0 1.1 0.0 0.0 0.0 0.0 1.1 0.0 -9.609 0.05 6.704 1.0]
	ConcatTransform [0.077969 0.577594 -0.812592 0.0 0.938026 0.233572 0.256029 0.0 0.337679 -0.782195 -0.523587 0.0 0.571102 -0.63025 -1.032435 1.0]
346
	ConcatTransform [1.1 0.0 0.0 0.0 0.0 1.1 0.0 0.0 0.0 0.0 1.1 0.0 -9.609 0.05 6.704 1.0]
	ConcatTransform [0.067476 0.577306 -0.813735 0.0 0.942868 0.229809 0.241222 0.0 0.326262 -0.783521 -0.528817 0.0 0.569447 -0.630325 -1.03127 1.0]
347
	ConcatTransform [1.1 0.0 0.0 0.0 0.0 1.1 0.0 0.0 0.0 0.0 1.1 0.0 -9.609 0.05 6.704 1.0]
	ConcatTransform [0.060097 0.577531 -0.814154 0.0 0.945777 0.227881 0.231463 0.0 0.319208 -0.783919 -0.53252 0.0 0.568319 -0.630327 -1.030689 1.0]
348
	ConcatTransform [1.1 0.0 0.0 0.0 0.0 1.1 0.0 0.0 0.0 0.0 1.1 0.0 -9.609 0.05 6.704 1.0]
	ConcatTransform [0.048656 0.578018 -0.814572 0.0 0.949768 0.225648 0.21685 0.0 0.309149 -0.784206 -0.538004 0.0 0.566623 -0.630328 -1.030117 1.0]
349
	ConcatTransform [1.1 0.0 0.0 0.0 0.0 1.1 0.0 0.0 0.0 0.0 1.1 0.0 -9.609 0.05 6.704 1.0]
	ConcatTransform [0.041056 0.578819 -0.814422 0.0 0.952302 0.224014 0.207216 0.0 0.302382 -0.784083 -0.542013 0.0 0.565557 -0.630333 -1.029912 1.0]
350
	ConcatTransform [1.1 0.0 0.0 0.0 0.0 1.1 0.0 0.0 0.0 0.0 1.1 0.0 -9.609 0.05 6.704 1.0]
	ConcatTransform [0.029975 0.580368 -0.813802 0.0 0.956047 0.220934 0.192775 0.0 0.291677 -0.783812 -0.548237 0.0 0.564053 -0.630269 -1.029852 1.0]
351
	ConcatTransform [1.1 0.0 0.0 0.0 0.0 1.1 0.0 0.0 0.0 0.0 1.1 0.0 -9.609 0.05 6.704 1.0]
	ConcatTransform [0.02217 0.581422 -0.8133 0.0 0.958228 0.219665 0.183158 0.0 0.285146 -0.783387 -0.552265 0.0 0.563115 -0.630339 -1.029968 1.0]
352
	ConcatTransform [1.1 0.0 0.0 0.0 0.0 1.1 0.0 0.0 0.0 0.0 1.1 0.0 -9.609 0.05 6.704 1.0]
	ConcatTransform [0.010091 0.583181 -0.812279 0.0 0.961137 0.218463 0.168787 0.0 0.275886 -0.782415 -0.558313 0.0 0.561837 -0.630347 -1.030337 1.0]
353
	ConcatTransform [1.1 0.0 0.0 0.0 0.0 1.1 0.0 0.0 0.0 0.0 1.1 0.0 -9.609 0.05 6.704 1.0]
	ConcatTransform [0.002023 0.584458 -0.811422 0.0 0.962939 0.217711 0.159216 0.0 0.269711 -0.781672 -0.562357 0.0 0.561123 -0.630352 -1.0307 1.0]
354
	ConcatTransform [1.1 0.0 0.0 0.0 0.0 1.1 0.0 0.0 0.0 0.0 1.1 0.0 -9.609 0.05 6.704 1.0]
	ConcatTransform [-0.010023 0.586175 -0.810123 0.0 0.965476 0.216567 0.144755 0.0 0.260298 -0.780703 -0.568108 0.0 0.56026 -0.630287 -1.031393 1.0]
355
	ConcatTransform [1.1 0.0 0.0 0.0 0.0 1.1 0.0 0.0 0.0 0.0 1.1 0.0 -9.609 0.05 6.704 1.0]
	ConcatTransform [-0.018426 0.587261 -0.809188 0.0 0.966877 0.216536 0.135132 0.0 0.254576 -0.779895 -0.571799 0.0 0.559795 -0.630359 -1.031925 1.0]
356
	ConcatTransform [1.1 0.0 0.0 0.0 0.0 1.1 0.0 0.0 0.0 0.0 1.1 0.0 -9.609 0.05 6.704 1.0]
	ConcatTransform [-0.031155 0.589124 -0.807442 0.0 0.968725 0.216761 0.120775 0.0 0.246173 -0.778427 -0.577452 0.0 0.559339 -0.630757 -1.032799 1.0]
357
	ConcatTransform [1.1 0.0 0.0 0.0 0.0 1.1 0.0 0.0 0.0 0.0 1.1 0.0 -9.609 0.05 6.704 1.0]
	ConcatTransform [-0.039843 0.590167 -0.806297 0.0 0.969746 0.217337 0.11116 0.0 0.240841 -0.777475 -0.580972 0.0 0.559192 -0.630765 -1.033436 1.0]
358
	ConcatTransform [1.1 0.0 0.0 0.0 0.0 1.1 0.0 0.0 0.0 0.0 1.1 0.0 -9.609 0.05 6.704 1.0]
	ConcatTransform [-0.053224 0.591441 -0.80459 0.0 0.970942 0.218912 0.096691 0.0 0.233321 -0.776064 -0.585906 0.0 0.559176 -0.630778 -1.034437 1.0]
359
	ConcatTransform [1.1 0.0 0.0 0.0 0.0 1.1 0.0 0.0 0.0 0.0 1.1 0.0 -9.609 0.05 6.704 1.0]
	ConcatTransform [-0.062064 0.592355 -0.803283 0.0 0.971641 0.219854 0.087052 0.0 0.22817 -0.7751 -0.589202 0.0 0.559305 -0.630785 -1.035106 1.0]
360
	ConcatTransform [1.1 0.0 0.0 0.0 0.0 1.1 0.0 0.0 0.0 0.0 1.1 0.0 -9.609 0.05 6.704 1.0]
	ConcatTransform [0.802885 0.591773 -0.071984 0.0 -0.075321 0.220484 0.972478 0.0 0.591357 -0.775366 0.221596 0.0 0.473177 -0.630001 -0.399218 1.0]
