228
	ConcatTransform [1.1 0.0 0.0 0.0 0.0 1.1 0.0 0.0 0.0 0.0 1.1 0.0 -9.609 0.05 6.704 1.0]
	ConcatTransform [0.994862 0.08246 -0.058737 0.0 -0.079353 0.995416 0.053394 0.0 0.06287 -0.048459 0.996845 0.0 0.014001 0.002713 -0.016049 1.0]
229
	ConcatTransform [1.1 0.0 0.0 0.0 0.0 1.1 0.0 0.0 0.0 0.0 1.1 0.0 -9.609 0.05 6.704 1.0]
	ConcatTransform [0.986046 0.115621 -0.119772 0.0 -0.100405 0.986922 0.126107 0.0 0.132786 -0.112322 0.98476 0.0 0.025709 -0.007788 -0.033094 1.0]
230
	ConcatTransform [1.1 0.0 0.0 0.0 0.0 1.1 0.0 0.0 0.0 0.0 1.1 0.0 -9.609 0.05 6.704 1.0]
	ConcatTransform [0.953797 0.230635 -0.192557 0.0 -0.178719 0.950698 0.253443 0.0 0.241517 -0.20732 0.947992 0.0 0.043163 -0.040019 -0.059341 1.0]
231
	ConcatTransform [1.1 0.0 0.0 0.0 0.0 1.1 0.0 0.0 0.0 0.0 1.1 0.0 -9.609 0.05 6.704 1.0]
	ConcatTransform [0.918499 0.322295 -0.229099 0.0 -0.232731 0.909013 0.345735 0.0 0.319682 -0.264239 0.909935 0.0 0.05477 -0.073213 -0.07708 1.0]
232
	ConcatTransform [1.1 0.0 0.0 0.0 0.0 1.1 0.0 0.0 0.0 0.0 1.1 0.0 -9.609 0.05 6.704 1.0]
	ConcatTransform [0.866845 0.425898 -0.259212 0.0 -0.2744 0.841614 0.465179 0.0 0.416275 -0.33211 0.846415 0.0 0.072738 -0.141303 -0.104216 1.0]
233
	ConcatTransform [1.1 0.0 0.0 0.0 0.0 1.1 0.0 0.0 0.0 0.0 1.1 0.0 -9.609 0.05 6.704 1.0]
	ConcatTransform [0.843342 0.465497 -0.26849 0.0 -0.277064 0.804757 0.524978 0.0 0.460445 -0.368347 0.807658 0.0 0.085182 -0.198922 -0.122704 1.0]
234
	ConcatTransform [1.1 0.0 0.0 0.0 0.0 1.1 0.0 0.0 0.0 0.0 1.1 0.0 -9.609 0.05 6.704 1.0]
	ConcatTransform [0.813718 0.503507 -0.29042 0.0 -0.26953 0.769525 0.578952 0.0 0.514992 -0.392827 0.761886 0.0 0.104022 -0.304078 -0.151136 1.0]
235
	ConcatTransform [1.1 0.0 0.0 0.0 0.0 1.1 0.0 0.0 0.0 0.0 1.1 0.0 -9.609 0.05 6.704 1.0]
	ConcatTransform [0.791934 0.53241 -0.298964 0.0 -0.263162 0.739414 0.619688 0.0 0.550986 -0.412076 0.725678 0.0 0.116575 -0.386589 -0.169869 1.0]
236
	ConcatTransform [1.1 0.0 0.0 0.0 0.0 1.1 0.0 0.0 0.0 0.0 1.1 0.0 -9.609 0.05 6.704 1.0]
	ConcatTransform [0.835542 0.518247 -0.182454 0.0 -0.272027 0.678732 0.682147 0.0 0.477358 -0.520331 0.708086 0.0 0.126924 -0.416152 -0.215686 1.0]
237
	ConcatTransform [1.1 0.0 0.0 0.0 0.0 1.1 0.0 0.0 0.0 0.0 1.1 0.0 -9.609 0.05 6.704 1.0]
	ConcatTransform [0.860219 0.501781 -0.090767 0.0 -0.304805 0.648682 0.697357 0.0 0.408799 -0.572213 0.710954 0.0 0.131806 -0.420179 -0.248655 1.0]
238
	ConcatTransform [1.1 0.0 0.0 0.0 0.0 1.1 0.0 0.0 0.0 0.0 1.1 0.0 -9.609 0.05 6.704 1.0]
	ConcatTransform [0.893465 0.438607 -0.096666 0.0 -0.245494 0.65715 0.712662 0.0 0.376102 -0.613008 0.694816 0.0 0.139498 -0.408968 -0.297181 1.0]
239
	ConcatTransform [1.1 0.0 0.0 0.0 0.0 1.1 0.0 0.0 0.0 0.0 1.1 0.0 -9.609 0.05 6.704 1.0]
	ConcatTransform [0.91215 0.393751 -0.113766 0.0 -0.195694 0.662301 0.723229 0.0 0.360119 -0.637431 0.681173 0.0 0.144858 -0.409901 -0.329044 1.0]
240
	ConcatTransform [1.1 0.0 0.0 0.0 0.0 1.1 0.0 0.0 0.0 0.0 1.1 0.0 -9.609 0.05 6.704 1.0]
	ConcatTransform [0.929825 0.34526 -0.127361 0.0 -0.136343 0.644666 0.752208 0.0 0.341813 -0.682057 0.6465 0.0 0.152695 -0.429313 -0.376472 1.0]
241
	ConcatTransform [1.1 0.0 0.0 0.0 0.0 1.1 0.0 0.0 0.0 0.0 1.1 0.0 -9.609 0.05 6.704 1.0]
	ConcatTransform [0.919959 0.380911 -0.092636 0.0 -0.151247 0.562899 0.812569 0.0 0.361662 -0.73352 0.575456 0.0 0.15767 -0.45059 -0.407083 1.0]
242
	ConcatTransform [1.1 0.0 0.0 0.0 0.0 1.1 0.0 0.0 0.0 0.0 1.1 0.0 -9.609 0.05 6.704 1.0]
	ConcatTransform [0.890596 0.441558 -0.108923 0.0 -0.123367 0.465071 0.876635 0.0 0.437743 -0.767291 0.468665 0.0 0.169002 -0.476377 -0.452082 1.0]
243
	ConcatTransform [1.1 0.0 0.0 0.0 0.0 1.1 0.0 0.0 0.0 0.0 1.1 0.0 -9.609 0.05 6.704 1.0]
	ConcatTransform [0.871424 0.470441 -0.138941 0.0 -0.087614 0.427964 0.899539 0.0 0.482642 -0.771707 0.414155 0.0 0.180637 -0.482188 -0.478519 1.0]
244
	ConcatTransform [1.1 0.0 0.0 0.0 0.0 1.1 0.0 0.0 0.0 0.0 1.1 0.0 -9.609 0.05 6.704 1.0]
	ConcatTransform [0.849515 0.50854 -0.140394 0.0 -0.077527 0.383566 0.920254 0.0 0.521836 -0.770886 0.36527 0.0 0.202948 -0.476518 -0.507072 1.0]
245
	ConcatTransform [1.1 0.0 0.0 0.0 0.0 1.1 0.0 0.0 0.0 0.0 1.1 0.0 -9.609 0.05 6.704 1.0]
	ConcatTransform [0.838108 0.528474 -0.13524 0.0 -0.100238 0.392894 0.914104 0.0 0.536215 -0.752562 0.382261 0.0 0.217988 -0.475094 -0.523941 1.0]
246
	ConcatTransform [1.1 0.0 0.0 0.0 0.0 1.1 0.0 0.0 0.0 0.0 1.1 0.0 -9.609 0.05 6.704 1.0]
	ConcatTransform [0.816683 0.568947 -0.096586 0.0 -0.166562 0.392637 0.904485 0.0 0.552527 -0.72259 0.415425 0.0 0.240646 -0.48255 -0.547199 1.0]
247
	ConcatTransform [1.1 0.0 0.0 0.0 0.0 1.1 0.0 0.0 0.0 0.0 1.1 0.0 -9.609 0.05 6.704 1.0]
	ConcatTransform [0.81245 0.581013 -0.048463 0.0 -0.223186 0.386723 0.894781 0.0 0.538621 -0.716149 0.443867 0.0 0.256688 -0.482282 -0.556906 1.0]
248
	ConcatTransform [1.1 0.0 0.0 0.0 0.0 1.1 0.0 0.0 0.0 0.0 1.1 0.0 -9.609 0.05 6.704 1.0]
	ConcatTransform [0.793768 0.608083 -0.012976 0.0 -0.276276 0.379482 0.882986 0.0 0.541853 -0.697301 0.469219 0.0 0.280325 -0.482198 -0.565105 1.0]
249
	ConcatTransform [1.1 0.0 0.0 0.0 0.0 1.1 0.0 0.0 0.0 0.0 1.1 0.0 -9.609 0.05 6.704 1.0]
	ConcatTransform [0.781333 0.623793 0.020019 0.0 -0.316958 0.368967 0.873728 0.0 0.537639 -0.689018 0.486002 0.0 0.2947 -0.480847 -0.566954 1.0]
250
	ConcatTransform [1.1 0.0 0.0 0.0 0.0 1.1 0.0 0.0 0.0 0.0 1.1 0.0 -9.609 0.05 6.704 1.0]
	ConcatTransform [0.766606 0.637935 0.073171 0.0 -0.380295 0.359248 0.852242 0.0 0.517388 -0.681161 0.518005 0.0 0.313663 -0.479223 -0.565011 1.0]
251
	ConcatTransform [1.1 0.0 0.0 0.0 0.0 1.1 0.0 0.0 0.0 0.0 1.1 0.0 -9.609 0.05 6.704 1.0]
	ConcatTransform [0.761592 0.640739 0.097114 0.0 -0.410008 0.360347 0.83788 0.0 0.501868 -0.67794 0.537145 0.0 0.324558 -0.479902 -0.561031 1.0]
252
	ConcatTransform [1.1 0.0 0.0 0.0 0.0 1.1 0.0 0.0 0.0 0.0 1.1 0.0 -9.609 0.05 6.704 1.0]
	ConcatTransform [0.765239 0.636181 0.098404 0.0 -0.428476 0.389274 0.815398 0.0 0.480435 -0.666138 0.570476 0.0 0.337593 -0.484103 -0.553612 1.0]
253
	ConcatTransform [1.1 0.0 0.0 0.0 0.0 1.1 0.0 0.0 0.0 0.0 1.1 0.0 -9.609 0.05 6.704 1.0]
	ConcatTransform [0.769468 0.62828 0.114818 0.0 -0.451147 0.407421 0.794025 0.0 0.45209 -0.662777 0.596944 0.0 0.344031 -0.487335 -0.546067 1.0]
254
	ConcatTransform [1.1 0.0 0.0 0.0 0.0 1.1 0.0 0.0 0.0 0.0 1.1 0.0 -9.609 0.05 6.704 1.0]
	ConcatTransform [0.798295 0.590114 0.120375 0.0 -0.459782 0.46804 0.754678 0.0 0.389006 -0.657802 0.644958 0.0 0.352316 -0.496409 -0.530839 1.0]
255
	ConcatTransform [1.1 0.0 0.0 0.0 0.0 1.1 0.0 0.0 0.0 0.0 1.1 0.0 -9.609 0.05 6.704 1.0]
	ConcatTransform [0.803536 0.581772 0.125982 0.0 -0.477255 0.503166 0.720453 0.0 0.355749 -0.639035 0.681965 0.0 0.35608 -0.500825 -0.517394 1.0]
256
	ConcatTransform [1.1 0.0 0.0 0.0 0.0 1.1 0.0 0.0 0.0 0.0 1.1 0.0 -9.609 0.05 6.704 1.0]
	ConcatTransform [0.808664 0.572617 0.134806 0.0 -0.50281 0.553843 0.663656 0.0 0.305359 -0.604457 0.735791 0.0 0.35995 -0.505938 -0.49345 1.0]
257
	ConcatTransform [1.1 0.0 0.0 0.0 0.0 1.1 0.0 0.0 0.0 0.0 1.1 0.0 -9.609 0.05 6.704 1.0]
	ConcatTransform [0.805279 0.57586 0.141107 0.0 -0.527005 0.586175 0.615357 0.0 0.271646 -0.569898 0.775516 0.0 0.361359 -0.508329 -0.475893 1.0]
258
	ConcatTransform [1.1 0.0 0.0 0.0 0.0 1.1 0.0 0.0 0.0 0.0 1.1 0.0 -9.609 0.05 6.704 1.0]
	ConcatTransform [0.802101 0.5767 0.155086 0.0 -0.55626 0.62701 0.545375 0.0 0.217277 -0.523713 0.82372 0.0 0.362259 -0.509695 -0.447912 1.0]
259
	ConcatTransform [1.1 0.0 0.0 0.0 0.0 1.1 0.0 0.0 0.0 0.0 1.1 0.0 -9.609 0.05 6.704 1.0]
	ConcatTransform [0.796697 0.583809 0.156335 0.0 -0.572105 0.645088 0.506514 0.0 0.194857 -0.492978 0.84794 0.0 0.362202 -0.509099 -0.4291 1.0]
260
	ConcatTransform [1.1 0.0 0.0 0.0 0.0 1.1 0.0 0.0 0.0 0.0 1.1 0.0 -9.609 0.05 6.704 1.0]
	ConcatTransform [0.787053 0.593719 0.167466 0.0 -0.593218 0.653963 0.469494 0.0 0.169231 -0.468861 0.866909 0.0 0.360912 -0.506266 -0.404444 1.0]
261
	ConcatTransform [1.1 0.0 0.0 0.0 0.0 1.1 0.0 0.0 0.0 0.0 1.1 0.0 -9.609 0.05 6.704 1.0]
	ConcatTransform [0.778797 0.597909 0.189685 0.0 -0.611067 0.654851 0.444711 0.0 0.141681 -0.46225 0.875358 0.0 0.359247 -0.504594 -0.391984 1.0]
262
	ConcatTransform [1.1 0.0 0.0 0.0 0.0 1.1 0.0 0.0 0.0 0.0 1.1 0.0 -9.609 0.05 6.704 1.0]
	ConcatTransform [0.745924 0.610911 0.265301 0.0 -0.659657 0.622667 0.420879 0.0 0.091926 -0.488951 0.867454 0.0 0.355739 -0.509951 -0.376709 1.0]
263
	ConcatTransform [1.1 0.0 0.0 0.0 0.0 1.1 0.0 0.0 0.0 0.0 1.1 0.0 -9.609 0.05 6.704 1.0]
	ConcatTransform [0.737474 0.608419 0.293189 0.0 -0.673223 0.627602 0.391007 0.0 0.05389 -0.485739 0.872441 0.0 0.352465 -0.509186 -0.369576 1.0]
264
	ConcatTransform [1.1 0.0 0.0 0.0 0.0 1.1 0.0 0.0 0.0 0.0 1.1 0.0 -9.609 0.05 6.704 1.0]
	ConcatTransform [0.716778 0.609627 0.338502 0.0 -0.69722 0.61914 0.361318 0.0 0.010689 -0.494995 0.86883 0.0 0.345976 -0.508534 -0.361733 1.0]
265
	ConcatTransform [1.1 0.0 0.0 0.0 0.0 1.1 0.0 0.0 0.0 0.0 1.1 0.0 -9.609 0.05 6.704 1.0]
	ConcatTransform [0.720312 0.599526 0.348883 0.0 -0.693367 0.636677 0.337468 0.0 -0.019805 -0.484986 0.874298 0.0 0.341146 -0.508503 -0.358142 1.0]
266
	ConcatTransform [1.1 0.0 0.0 0.0 0.0 1.1 0.0 0.0 0.0 0.0 1.1 0.0 -9.609 0.05 6.704 1.0]
	ConcatTransform [0.720454 0.589162 0.365832 0.0 -0.691923 0.646245 0.321885 0.0 -0.046774 -0.485031 0.873245 0.0 0.332758 -0.508514 -0.355187 1.0]
267
	ConcatTransform [1.1 0.0 0.0 0.0 0.0 1.1 0.0 0.0 0.0 0.0 1.1 0.0 -9.609 0.05 6.704 1.0]
	ConcatTransform [0.726563 0.576114 0.374431 0.0 -0.684211 0.656559 0.317468 0.0 -0.062938 -0.486851 0.871215 0.0 0.326792 -0.508875 -0.354821 1.0]
268
	ConcatTransform [1.1 0.0 0.0 0.0 0.0 1.1 0.0 0.0 0.0 0.0 1.1 0.0 -9.609 0.05 6.704 1.0]
	ConcatTransform [0.731031 0.562971 0.385561 0.0 -0.677932 0.663395 0.316726 0.0 -0.077472 -0.492921 0.866618 0.0 0.317123 -0.509351 -0.355967 1.0]
269
	ConcatTransform [1.1 0.0 0.0 0.0 0.0 1.1 0.0 0.0 0.0 0.0 1.1 0.0 -9.609 0.05 6.704 1.0]
	ConcatTransform [0.735413 0.549645 0.396306 0.0 -0.671902 0.667307 0.321324 0.0 -0.087843 -0.502584 0.860054 0.0 0.31048 -0.509736 -0.35733 1.0]
270
	ConcatTransform [1.1 0.0 0.0 0.0 0.0 1.1 0.0 0.0 0.0 0.0 1.1 0.0 -9.609 0.05 6.704 1.0]
	ConcatTransform [0.738983 0.534423 0.41024 0.0 -0.665859 0.672115 0.323871 0.0 -0.102644 -0.512497 0.852532 0.0 0.30036 -0.509932 -0.360217 1.0]
271
	ConcatTransform [1.1 0.0 0.0 0.0 0.0 1.1 0.0 0.0 0.0 0.0 1.1 0.0 -9.609 0.05 6.704 1.0]
	ConcatTransform [0.740816 0.525988 0.417766 0.0 -0.662336 0.675541 0.323969 0.0 -0.111815 -0.516703 0.848832 0.0 0.293641 -0.509928 -0.362477 1.0]
272
	ConcatTransform [1.1 0.0 0.0 0.0 0.0 1.1 0.0 0.0 0.0 0.0 1.1 0.0 -9.609 0.05 6.704 1.0]
	ConcatTransform [0.738412 0.51613 0.434003 0.0 -0.662207 0.676569 0.322081 0.0 -0.127397 -0.525228 0.841371 0.0 0.283833 -0.509898 -0.366072 1.0]
273
	ConcatTransform [1.1 0.0 0.0 0.0 0.0 1.1 0.0 0.0 0.0 0.0 1.1 0.0 -9.609 0.05 6.704 1.0]
	ConcatTransform [0.735029 0.509549 0.447317 0.0 -0.662983 0.678358 0.316676 0.0 -0.142079 -0.529329 0.836435 0.0 0.277712 -0.510067 -0.368567 1.0]
274
	ConcatTransform [1.1 0.0 0.0 0.0 0.0 1.1 0.0 0.0 0.0 0.0 1.1 0.0 -9.609 0.05 6.704 1.0]
	ConcatTransform [0.727347 0.508643 0.460704 0.0 -0.666011 0.685082 0.295112 0.0 -0.165514 -0.521483 0.837055 0.0 0.269164 -0.50989 -0.372576 1.0]
275
	ConcatTransform [1.1 0.0 0.0 0.0 0.0 1.1 0.0 0.0 0.0 0.0 1.1 0.0 -9.609 0.05 6.704 1.0]
	ConcatTransform [0.722608 0.506333 0.4706 0.0 -0.667487 0.688091 0.284591 0.0 -0.179718 -0.519767 0.835191 0.0 0.263839 -0.509752 -0.37513 1.0]
276
	ConcatTransform [1.1 0.0 0.0 0.0 0.0 1.1 0.0 0.0 0.0 0.0 1.1 0.0 -9.609 0.05 6.704 1.0]
	ConcatTransform [0.713152 0.500606 0.490722 0.0 -0.671225 0.689522 0.272061 0.0 -0.202168 -0.523405 0.827753 0.0 0.256517 -0.509589 -0.378745 1.0]
277
	ConcatTransform [1.1 0.0 0.0 0.0 0.0 1.1 0.0 0.0 0.0 0.0 1.1 0.0 -9.609 0.05 6.704 1.0]
	ConcatTransform [0.707413 0.498032 0.501528 0.0 -0.672671 0.692227 0.261411 0.0 -0.21698 -0.522289 0.824702 0.0 0.252186 -0.509527 -0.381176 1.0]
278
	ConcatTransform [1.1 0.0 0.0 0.0 0.0 1.1 0.0 0.0 0.0 0.0 1.1 0.0 -9.609 0.05 6.704 1.0]
	ConcatTransform [0.700266 0.489213 0.519903 0.0 -0.671541 0.698502 0.247239 0.0 -0.242201 -0.522269 0.817664 0.0 0.246737 -0.509208 -0.384673 1.0]
279
	ConcatTransform [1.1 0.0 0.0 0.0 0.0 1.1 0.0 0.0 0.0 0.0 1.1 0.0 -9.609 0.05 6.704 1.0]
	ConcatTransform [0.694504 0.484323 0.532066 0.0 -0.669903 0.705065 0.232623 0.0 -0.262477 -0.517991 0.81412 0.0 0.243928 -0.509083 -0.386963 1.0]
280
	ConcatTransform [1.1 0.0 0.0 0.0 0.0 1.1 0.0 0.0 0.0 0.0 1.1 0.0 -9.609 0.05 6.704 1.0]
	ConcatTransform [0.680773 0.481519 0.551986 0.0 -0.673109 0.708466 0.212134 0.0 -0.288917 -0.515961 0.806419 0.0 0.240854 -0.508954 -0.390226 1.0]
281
	ConcatTransform [1.1 0.0 0.0 0.0 0.0 1.1 0.0 0.0 0.0 0.0 1.1 0.0 -9.609 0.05 6.704 1.0]
	ConcatTransform [0.672197 0.480289 0.563448 0.0 -0.674054 0.711822 0.197385 0.0 -0.306273 -0.512476 0.802225 0.0 0.239776 -0.508813 -0.392446 1.0]
282
	ConcatTransform [1.1 0.0 0.0 0.0 0.0 1.1 0.0 0.0 0.0 0.0 1.1 0.0 -9.609 0.05 6.704 1.0]
	ConcatTransform [0.650729 0.488092 0.581651 0.0 -0.685096 0.707713 0.172583 0.0 -0.327406 -0.510792 0.794919 0.0 0.239319 -0.508987 -0.395803 1.0]
283
	ConcatTransform [1.1 0.0 0.0 0.0 0.0 1.1 0.0 0.0 0.0 0.0 1.1 0.0 -9.609 0.05 6.704 1.0]
	ConcatTransform [0.63608 0.490481 0.595677 0.0 -0.692184 0.703859 0.159574 0.0 -0.341005 -0.51382 0.787213 0.0 0.239865 -0.509117 -0.397929 1.0]
284
	ConcatTransform [1.1 0.0 0.0 0.0 0.0 1.1 0.0 0.0 0.0 0.0 1.1 0.0 -9.609 0.05 6.704 1.0]
	ConcatTransform [0.609784 0.496355 0.617896 0.0 -0.707012 0.692993 0.141049 0.0 -0.358188 -0.522869 0.773505 0.0 0.24171 -0.509475 -0.400974 1.0]
285
	ConcatTransform [1.1 0.0 0.0 0.0 0.0 1.1 0.0 0.0 0.0 0.0 1.1 0.0 -9.609 0.05 6.704 1.0]
	ConcatTransform [0.592387 0.500741 0.631139 0.0 -0.71583 0.686604 0.127132 0.0 -0.369682 -0.5271 0.76518 0.0 0.243609 -0.50964 -0.402956 1.0]
286
	ConcatTransform [1.1 0.0 0.0 0.0 0.0 1.1 0.0 0.0 0.0 0.0 1.1 0.0 -9.609 0.05 6.704 1.0]
	ConcatTransform [0.566168 0.506742 0.650128 0.0 -0.727753 0.677667 0.105561 0.0 -0.387078 -0.532898 0.752456 0.0 0.247225 -0.509941 -0.405756 1.0]
287
	ConcatTransform [1.1 0.0 0.0 0.0 0.0 1.1 0.0 0.0 0.0 0.0 1.1 0.0 -9.609 0.05 6.704 1.0]
	ConcatTransform [0.54878 0.510177 0.662239 0.0 -0.73485 0.67207 0.091201 0.0 -0.398542 -0.536695 0.743722 0.0 0.250007 -0.509955 -0.407448 1.0]
288
	ConcatTransform [1.1 0.0 0.0 0.0 0.0 1.1 0.0 0.0 0.0 0.0 1.1 0.0 -9.609 0.05 6.704 1.0]
	ConcatTransform [0.525601 0.515531 0.676736 0.0 -0.747357 0.659854 0.077779 0.0 -0.406449 -0.546644 0.732106 0.0 0.254441 -0.509946 -0.409595 1.0]
289
	ConcatTransform [1.1 0.0 0.0 0.0 0.0 1.1 0.0 0.0 0.0 0.0 1.1 0.0 -9.609 0.05 6.704 1.0]
	ConcatTransform [0.516237 0.516329 0.683303 0.0 -0.754022 0.652353 0.076724 0.0 -0.40614 -0.554834 0.726092 0.0 0.257599 -0.509842 -0.410774 1.0]
290
	ConcatTransform [1.1 0.0 0.0 0.0 0.0 1.1 0.0 0.0 0.0 0.0 1.1 0.0 -9.609 0.05 6.704 1.0]
	ConcatTransform [0.505911 0.526174 0.683517 0.0 -0.76424 0.640865 0.072318 0.0 -0.39999 -0.558957 0.726344 0.0 0.262187 -0.509733 -0.412311 1.0]
291
	ConcatTransform [1.1 0.0 0.0 0.0 0.0 1.1 0.0 0.0 0.0 0.0 1.1 0.0 -9.609 0.05 6.704 1.0]
	ConcatTransform [0.502061 0.530913 0.682691 0.0 -0.769272 0.634849 0.072026 0.0 -0.395166 -0.561336 0.727149 0.0 0.264979 -0.509625 -0.412991 1.0]
292
	ConcatTransform [1.1 0.0 0.0 0.0 0.0 1.1 0.0 0.0 0.0 0.0 1.1 0.0 -9.609 0.05 6.704 1.0]
	ConcatTransform [0.498532 0.53587 0.681403 0.0 -0.775029 0.627643 0.073439 0.0 -0.388324 -0.564719 0.728215 0.0 0.268584 -0.509437 -0.41357 1.0]
293
	ConcatTransform [1.1 0.0 0.0 0.0 0.0 1.1 0.0 0.0 0.0 0.0 1.1 0.0 -9.609 0.05 6.704 1.0]
	ConcatTransform [0.500915 0.538264 0.677758 0.0 -0.777131 0.62443 0.078447 0.0 -0.380987 -0.566002 0.731088 0.0 0.270502 -0.509338 -0.413686 1.0]
294
	ConcatTransform [1.1 0.0 0.0 0.0 0.0 1.1 0.0 0.0 0.0 0.0 1.1 0.0 -9.609 0.05 6.704 1.0]
	ConcatTransform [0.510802 0.539053 0.669704 0.0 -0.777627 0.621874 0.092565 0.0 -0.366574 -0.568062 0.736837 0.0 0.2726 -0.509243 -0.413445 1.0]
295
	ConcatTransform [1.1 0.0 0.0 0.0 0.0 1.1 0.0 0.0 0.0 0.0 1.1 0.0 -9.609 0.05 6.704 1.0]
	ConcatTransform [0.519145 0.540643 0.661962 0.0 -0.776561 0.621875 0.101117 0.0 -0.356989 -0.566548 0.742686 0.0 0.273455 -0.509262 -0.413089 1.0]
296
	ConcatTransform [1.1 0.0 0.0 0.0 0.0 1.1 0.0 0.0 0.0 0.0 1.1 0.0 -9.609 0.05 6.704 1.0]
	ConcatTransform [0.534159 0.542232 0.648582 0.0 -0.772474 0.624751 0.113885 0.0 -0.34345 -0.561845 0.752577 0.0 0.273905 -0.509385 -0.412216 1.0]
297
	ConcatTransform [1.1 0.0 0.0 0.0 0.0 1.1 0.0 0.0 0.0 0.0 1.1 0.0 -9.609 0.05 6.704 1.0]
	ConcatTransform [0.545395 0.542525 0.638914 0.0 -0.768342 0.62822 0.122435 0.0 -0.334955 -0.557679 0.759473 0.0 0.273658 -0.50951 -0.41142 1.0]
298
	ConcatTransform [1.1 0.0 0.0 0.0 0.0 1.1 0.0 0.0 0.0 0.0 1.1 0.0 -9.609 0.05 6.704 1.0]
	ConcatTransform [0.561504 0.542119 0.625156 0.0 -0.762588 0.632288 0.136639 0.0 -0.321204 -0.55346 0.768446 0.0 0.272469 -0.509625 -0.409901 1.0]
299
	ConcatTransform [1.1 0.0 0.0 0.0 0.0 1.1 0.0 0.0 0.0 0.0 1.1 0.0 -9.609 0.05 6.704 1.0]
	ConcatTransform [0.57273 0.541262 0.615643 0.0 -0.758021 0.635591 0.146383 0.0 -0.312066 -0.550508 0.77431 0.0 0.271246 -0.509703 -0.408758 1.0]
300
	ConcatTransform [1.1 0.0 0.0 0.0 0.0 1.1 0.0 0.0 0.0 0.0 1.1 0.0 -9.609 0.05 6.704 1.0]
	ConcatTransform [0.588775 0.540309 0.601174 0.0 -0.751567 0.639668 0.16116 0.0 -0.297475 -0.54671 0.782698 0.0 0.268834 -0.509779 -0.406886 1.0]
301
	ConcatTransform [1.1 0.0 0.0 0.0 0.0 1.1 0.0 0.0 0.0 0.0 1.1 0.0 -9.609 0.05 6.704 1.0]
	ConcatTransform [0.599063 0.539277 0.591864 0.0 -0.746964 0.642625 0.170523 0.0 -0.288388 -0.544255 0.787793 0.0 0.266896 -0.509826 -0.405535 1.0]
302
	ConcatTransform [1.1 0.0 0.0 0.0 0.0 1.1 0.0 0.0 0.0 0.0 1.1 0.0 -9.609 0.05 6.704 1.0]
	ConcatTransform [0.611722 0.536878 0.580998 0.0 -0.739851 0.648259 0.179944 0.0 -0.280029 -0.539928 0.793764 0.0 0.263667 -0.509885 -0.40347 1.0]
303
	ConcatTransform [1.1 0.0 0.0 0.0 0.0 1.1 0.0 0.0 0.0 0.0 1.1 0.0 -9.609 0.05 6.704 1.0]
	ConcatTransform [0.617359 0.535487 0.5763 0.0 -0.73614 0.651578 0.183152 0.0 -0.277429 -0.537308 0.79645 0.0 0.261392 -0.510188 -0.402158 1.0]
304
	ConcatTransform [1.1 0.0 0.0 0.0 0.0 1.1 0.0 0.0 0.0 0.0 1.1 0.0 -9.609 0.05 6.704 1.0]
	ConcatTransform [0.624345 0.533754 0.570351 0.0 -0.731008 0.656603 0.18574 0.0 -0.275354 -0.532897 0.800125 0.0 0.257792 -0.510082 -0.400192 1.0]
305
	ConcatTransform [1.1 0.0 0.0 0.0 0.0 1.1 0.0 0.0 0.0 0.0 1.1 0.0 -9.609 0.05 6.704 1.0]
	ConcatTransform [0.628574 0.53221 0.56714 0.0 -0.727598 0.660009 0.187055 0.0 -0.274765 -0.530228 0.802099 0.0 0.255334 -0.510038 -0.398879 1.0]
306
	ConcatTransform [1.1 0.0 0.0 0.0 0.0 1.1 0.0 0.0 0.0 0.0 1.1 0.0 -9.609 0.05 6.704 1.0]
	ConcatTransform [0.635231 0.528335 0.563333 0.0 -0.721718 0.665762 0.189431 0.0 -0.274963 -0.5269 0.804221 0.0 0.251677 -0.510199 -0.396936 1.0]
307
	ConcatTransform [1.1 0.0 0.0 0.0 0.0 1.1 0.0 0.0 0.0 0.0 1.1 0.0 -9.609 0.05 6.704 1.0]
	ConcatTransform [0.638989 0.52627 0.561011 0.0 -0.718668 0.668468 0.191487 0.0 -0.274244 -0.525539 0.805356 0.0 0.24929 -0.510099 -0.395676 1.0]
308
	ConcatTransform [1.1 0.0 0.0 0.0 0.0 1.1 0.0 0.0 0.0 0.0 1.1 0.0 -9.609 0.05 6.704 1.0]
	ConcatTransform [0.642716 0.524045 0.558832 0.0 -0.714986 0.672297 0.191862 0.0 -0.275157 -0.52287 0.806781 0.0 0.24589 -0.509986 -0.393894 1.0]
309
	ConcatTransform [1.1 0.0 0.0 0.0 0.0 1.1 0.0 0.0 0.0 0.0 1.1 0.0 -9.609 0.05 6.704 1.0]
	ConcatTransform [0.644063 0.522433 0.55879 0.0 -0.713079 0.674479 0.191302 0.0 -0.27695 -0.521672 0.806943 0.0 0.243795 -0.509931 -0.392769 1.0]
310
	ConcatTransform [1.1 0.0 0.0 0.0 0.0 1.1 0.0 0.0 0.0 0.0 1.1 0.0 -9.609 0.05 6.704 1.0]
	ConcatTransform [0.644698 0.521366 0.559055 0.0 -0.711023 0.67755 0.188074 0.0 -0.280733 -0.518752 0.807518 0.0 0.241005 -0.509861 -0.391269 1.0]
311
	ConcatTransform [1.1 0.0 0.0 0.0 0.0 1.1 0.0 0.0 0.0 0.0 1.1 0.0 -9.609 0.05 6.704 1.0]
	ConcatTransform [0.644711 0.520605 0.559749 0.0 -0.710012 0.679146 0.186128 0.0 -0.283252 -0.517427 0.807488 0.0 0.239392 -0.509825 -0.390367 1.0]
312
	ConcatTransform [1.1 0.0 0.0 0.0 0.0 1.1 0.0 0.0 0.0 0.0 1.1 0.0 -9.609 0.05 6.704 1.0]
	ConcatTransform [0.644655 0.520191 0.560197 0.0 -0.709554 0.679876 0.185207 0.0 -0.284521 -0.516885 0.807389 0.0 0.237364 -0.509804 -0.389171 1.0]
313
	ConcatTransform [1.1 0.0 0.0 0.0 0.0 1.1 0.0 0.0 0.0 0.0 1.1 0.0 -9.609 0.05 6.704 1.0]
	ConcatTransform [0.646262 0.519678 0.558821 0.0 -0.707907 0.681728 0.184701 0.0 -0.284979 -0.514958 0.808458 0.0 0.236361 -0.50976 -0.388562 1.0]
314
	ConcatTransform [1.1 0.0 0.0 0.0 0.0 1.1 0.0 0.0 0.0 0.0 1.1 0.0 -9.609 0.05 6.704 1.0]
	ConcatTransform [0.647372 0.519681 0.557531 0.0 -0.707059 0.682598 0.184738 0.0 -0.284565 -0.513801 0.80934 0.0 0.235305 -0.509741 -0.387856 1.0]
315
	ConcatTransform [1.1 0.0 0.0 0.0 0.0 1.1 0.0 0.0 0.0 0.0 1.1 0.0 -9.609 0.05 6.704 1.0]
	ConcatTransform [0.647996 0.520715 0.555839 0.0 -0.706932 0.682797 0.18449 0.0 -0.283458 -0.512489 0.810559 0.0 0.234931 -0.50973 -0.387571 1.0]
316
	ConcatTransform [1.1 0.0 0.0 0.0 0.0 1.1 0.0 0.0 0.0 0.0 1.1 0.0 -9.609 0.05 6.704 1.0]
	ConcatTransform [0.647259 0.522893 0.554652 0.0 -0.707973 0.682075 0.183158 0.0 -0.282542 -0.511229 0.811674 0.0 0.234896 -0.509933 -0.387431 1.0]
317
	ConcatTransform [1.1 0.0 0.0 0.0 0.0 1.1 0.0 0.0 0.0 0.0 1.1 0.0 -9.609 0.05 6.704 1.0]
	ConcatTransform [0.645227 0.523901 0.556067 0.0 -0.709248 0.681307 0.181073 0.0 -0.283988 -0.511223 0.811173 0.0 0.235201 -0.509871 -0.387533 1.0]
318
	ConcatTransform [1.1 0.0 0.0 0.0 0.0 1.1 0.0 0.0 0.0 0.0 1.1 0.0 -9.609 0.05 6.704 1.0]
	ConcatTransform [0.640109 0.525671 0.560296 0.0 -0.712431 0.679113 0.176771 0.0 -0.287581 -0.512324 0.80921 0.0 0.236096 -0.509845 -0.388003 1.0]
319
	ConcatTransform [1.1 0.0 0.0 0.0 0.0 1.1 0.0 0.0 0.0 0.0 1.1 0.0 -9.609 0.05 6.704 1.0]
	ConcatTransform [0.635906 0.526336 0.564441 0.0 -0.714837 0.677375 0.173699 0.0 -0.290914 -0.513939 0.806991 0.0 0.236968 -0.509853 -0.388509 1.0]
320
	ConcatTransform [1.1 0.0 0.0 0.0 0.0 1.1 0.0 0.0 0.0 0.0 1.1 0.0 -9.609 0.05 6.704 1.0]
	ConcatTransform [0.627974 0.527493 0.572189 0.0 -0.719535 0.673669 0.168639 0.0 -0.29651 -0.517611 0.802596 0.0 0.23862 -0.509892 -0.389531 1.0]
321
	ConcatTransform [1.1 0.0 0.0 0.0 0.0 1.1 0.0 0.0 0.0 0.0 1.1 0.0 -9.609 0.05 6.704 1.0]
	ConcatTransform [0.621953 0.528183 0.578097 0.0 -0.723034 0.670823 0.164982 0.0 -0.30066 -0.520595 0.799115 0.0 0.23992 -0.509922 -0.390365 1.0]
322
	ConcatTransform [1.1 0.0 0.0 0.0 0.0 1.1 0.0 0.0 0.0 0.0 1.1 0.0 -9.609 0.05 6.704 1.0]
	ConcatTransform [0.611989 0.52908 0.58783 0.0 -0.728675 0.666131 0.159066 0.0 -0.307413 -0.525684 0.793192 0.0 0.242087 -0.509957 -0.391788 1.0]
323
	ConcatTransform [1.1 0.0 0.0 0.0 0.0 1.1 0.0 0.0 0.0 0.0 1.1 0.0 -9.609 0.05 6.704 1.0]
	ConcatTransform [0.604924 0.52955 0.59468 0.0 -0.732597 0.662772 0.155032 0.0 -0.31204 -0.529444 0.788873 0.0 0.243616 -0.509969 -0.392802 1.0]
324
	ConcatTransform [1.1 0.0 0.0 0.0 0.0 1.1 0.0 0.0 0.0 0.0 1.1 0.0 -9.609 0.05 6.704 1.0]
	ConcatTransform [0.594503 0.530461 0.604299 0.0 -0.738067 0.658227 0.148303 0.0 -0.319097 -0.53418 0.782834 0.0 0.245945 -0.509967 -0.394392 1.0]
325
	ConcatTransform [1.1 0.0 0.0 0.0 0.0 1.1 0.0 0.0 0.0 0.0 1.1 0.0 -9.609 0.05 6.704 1.0]
	ConcatTransform [0.588017 0.530685 0.610417 0.0 -0.741065 0.655885 0.143658 0.0 -0.324126 -0.536832 0.778944 0.0 0.247477 -0.509956 -0.395449 1.0]
326
	ConcatTransform [1.1 0.0 0.0 0.0 0.0 1.1 0.0 0.0 0.0 0.0 1.1 0.0 -9.609 0.05 6.704 1.0]
	ConcatTransform [0.578383 0.531362 0.618973 0.0 -0.745254 0.65276 0.136016 0.0 -0.331767 -0.539962 0.773545 0.0 0.24965 -0.509933 -0.396982 1.0]
327
	ConcatTransform [1.1 0.0 0.0 0.0 0.0 1.1 0.0 0.0 0.0 0.0 1.1 0.0 -9.609 0.05 6.704 1.0]
	ConcatTransform [0.572466 0.53154 0.624298 0.0 -0.747367 0.651435 0.130672 0.0 -0.337233 -0.541385 0.77018 0.0 0.250994 -0.50992 -0.39794 1.0]
328
	ConcatTransform [1.1 0.0 0.0 0.0 0.0 1.1 0.0 0.0 0.0 0.0 1.1 0.0 -9.609 0.05 6.704 1.0]
	ConcatTransform [0.5647 0.530919 0.631853 0.0 -0.749167 0.650939 0.122589 0.0 -0.346212 -0.54259 0.765332 0.0 0.252821 -0.50991 -0.399247 1.0]
329
	ConcatTransform [1.1 0.0 0.0 0.0 0.0 1.1 0.0 0.0 0.0 0.0 1.1 0.0 -9.609 0.05 6.704 1.0]
	ConcatTransform [0.559407 0.530847 0.636604 0.0 -0.750372 0.650605 0.116856 0.0 -0.352146 -0.54306 0.762286 0.0 0.253872 -0.509906 -0.400023 1.0]
330
	ConcatTransform [1.1 0.0 0.0 0.0 0.0 1.1 0.0 0.0 0.0 0.0 1.1 0.0 -9.609 0.05 6.704 1.0]
	ConcatTransform [0.551062 0.531466 0.643331 0.0 -0.752427 0.649813 0.10769 0.0 -0.360812 -0.543404 0.757976 0.0 0.255181 -0.509899 -0.401031 1.0]
331
	ConcatTransform [1.1 0.0 0.0 0.0 0.0 1.1 0.0 0.0 0.0 0.0 1.1 0.0 -9.609 0.05 6.704 1.0]
	ConcatTransform [0.546149 0.531305 0.647639 0.0 -0.752995 0.650127 0.101649 0.0 -0.367042 -0.543185 0.755136 0.0 0.2559 -0.509902 -0.401595 1.0]
332
	ConcatTransform [1.1 0.0 0.0 0.0 0.0 1.1 0.0 0.0 0.0 0.0 1.1 0.0 -9.609 0.05 6.704 1.0]
	ConcatTransform [0.539634 0.530285 0.653906 0.0 -0.752784 0.651702 0.092735 0.0 -0.376976 -0.542293 0.750871 0.0 0.256751 -0.509915 -0.402281 1.0]
333
	ConcatTransform [1.1 0.0 0.0 0.0 0.0 1.1 0.0 0.0 0.0 0.0 1.1 0.0 -9.609 0.05 6.704 1.0]
	ConcatTransform [0.534905 0.530111 0.65792 0.0 -0.752939 0.652379 0.086511 0.0 -0.383353 -0.541649 0.748102 0.0 0.257149 -0.509921 -0.402641 1.0]
334
	ConcatTransform [1.1 0.0 0.0 0.0 0.0 1.1 0.0 0.0 0.0 0.0 1.1 0.0 -9.609 0.05 6.704 1.0]
	ConcatTransform [0.527355 0.53044 0.663724 0.0 -0.753486 0.652958 0.076839 0.0 -0.392626 -0.540628 0.74402 0.0 0.257516 -0.509928 -0.403045 1.0]
335
	ConcatTransform [1.1 0.0 0.0 0.0 0.0 1.1 0.0 0.0 0.0 0.0 1.1 0.0 -9.609 0.05 6.704 1.0]
	ConcatTransform [0.522741 0.530217 0.667541 0.0 -0.753306 0.653876 0.070539 0.0 -0.399088 -0.539736 0.741224 0.0 0.257644 -0.509935 -0.40323 1.0]
336
	ConcatTransform [1.1 0.0 0.0 0.0 0.0 1.1 0.0 0.0 0.0 0.0 1.1 0.0 -9.609 0.05 6.704 1.0]
	ConcatTransform [0.516215 0.529409 0.673238 0.0 -0.752469 0.655769 0.061294 0.0 -0.409039 -0.538231 0.736881 0.0 0.257683 -0.509947 -0.403393 1.0]
337
	ConcatTransform [1.1 0.0 0.0 0.0 0.0 1.1 0.0 0.0 0.0 0.0 1.1 0.0 -9.609 0.05 6.704 1.0]
	ConcatTransform [0.510801 0.530009 0.676884 0.0 -0.753374 0.65525 0.055453 0.0 -0.414138 -0.538272 0.733998 0.0 0.257601 -0.510205 -0.403447 1.0]
338
	ConcatTransform [1.1 0.0 0.0 0.0 0.0 1.1 0.0 0.0 0.0 0.0 1.1 0.0 -9.609 0.05 6.704 1.0]
	ConcatTransform [0.505895 0.530747 0.679983 0.0 -0.753406 0.655751 0.048688 0.0 -0.420058 -0.536935 0.731609 0.0 0.257401 -0.510081 -0.403483 1.0]
339
	ConcatTransform [1.1 0.0 0.0 0.0 0.0 1.1 0.0 0.0 0.0 0.0 1.1 0.0 -9.609 0.05 6.704 1.0]
	ConcatTransform [0.503009 0.531537 0.681506 0.0 -0.754009 0.655291 0.045431 0.0 -0.422436 -0.536714 0.730401 0.0 0.257181 -0.510031 -0.403471 1.0]
340
	ConcatTransform [1.1 0.0 0.0 0.0 0.0 1.1 0.0 0.0 0.0 0.0 1.1 0.0 -9.609 0.05 6.704 1.0]
	ConcatTransform [0.501125 0.531844 0.682653 0.0 -0.753994 0.655484 0.042817 0.0 -0.424697 -0.536173 0.729487 0.0 0.256751 -0.509992 -0.403417 1.0]
341
	ConcatTransform [1.1 0.0 0.0 0.0 0.0 1.1 0.0 0.0 0.0 0.0 1.1 0.0 -9.609 0.05 6.704 1.0]
	ConcatTransform [0.500958 0.532116 0.682564 0.0 -0.753935 0.655589 0.042253 0.0 -0.424998 -0.535775 0.729603 0.0 0.256386 -0.509977 -0.40337 1.0]
342
	ConcatTransform [1.1 0.0 0.0 0.0 0.0 1.1 0.0 0.0 0.0 0.0 1.1 0.0 -9.609 0.05 6.704 1.0]
	ConcatTransform [0.502577 0.531655 0.681732 0.0 -0.75315 0.656422 0.04331 0.0 -0.424478 -0.535213 0.730319 0.0 0.255731 -0.509968 -0.403273 1.0]
343
	ConcatTransform [1.1 0.0 0.0 0.0 0.0 1.1 0.0 0.0 0.0 0.0 1.1 0.0 -9.609 0.05 6.704 1.0]
	ConcatTransform [0.50445 0.531199 0.680704 0.0 -0.752593 0.656941 0.04507 0.0 -0.423242 -0.535029 0.731171 0.0 0.255223 -0.509964 -0.403197 1.0]
344
	ConcatTransform [1.1 0.0 0.0 0.0 0.0 1.1 0.0 0.0 0.0 0.0 1.1 0.0 -9.609 0.05 6.704 1.0]
	ConcatTransform [0.50861 0.530407 0.678222 0.0 -0.751276 0.658193 0.048651 0.0 -0.420596 -0.534276 0.733245 0.0 0.254374 -0.509963 -0.403064 1.0]
345
	ConcatTransform [1.1 0.0 0.0 0.0 0.0 1.1 0.0 0.0 0.0 0.0 1.1 0.0 -9.609 0.05 6.704 1.0]
	ConcatTransform [0.51156 0.529944 0.676362 0.0 -0.75033 0.659085 0.051098 0.0 -0.418701 -0.533634 0.734795 0.0 0.253759 -0.509963 -0.402965 1.0]
346
	ConcatTransform [1.1 0.0 0.0 0.0 0.0 1.1 0.0 0.0 0.0 0.0 1.1 0.0 -9.609 0.05 6.704 1.0]
	ConcatTransform [0.516003 0.529348 0.673448 0.0 -0.749247 0.659976 0.055322 0.0 -0.415174 -0.533125 0.737162 0.0 0.252782 -0.509963 -0.402796 1.0]
347
	ConcatTransform [1.1 0.0 0.0 0.0 0.0 1.1 0.0 0.0 0.0 0.0 1.1 0.0 -9.609 0.05 6.704 1.0]
	ConcatTransform [0.519217 0.529103 0.671166 0.0 -0.748444 0.66064 0.058194 0.0 -0.412608 -0.532546 0.739019 0.0 0.252117 -0.509963 -0.40268 1.0]
348
	ConcatTransform [1.1 0.0 0.0 0.0 0.0 1.1 0.0 0.0 0.0 0.0 1.1 0.0 -9.609 0.05 6.704 1.0]
	ConcatTransform [0.524363 0.528302 0.667788 0.0 -0.746801 0.662094 0.062607 0.0 -0.409063 -0.531533 0.741714 0.0 0.251135 -0.509962 -0.4025 1.0]
349
	ConcatTransform [1.1 0.0 0.0 0.0 0.0 1.1 0.0 0.0 0.0 0.0 1.1 0.0 -9.609 0.05 6.704 1.0]
	ConcatTransform [0.527594 0.527913 0.665547 0.0 -0.745892 0.662837 0.065521 0.0 -0.406559 -0.530994 0.743475 0.0 0.250495 -0.50996 -0.402379 1.0]
350
	ConcatTransform [1.1 0.0 0.0 0.0 0.0 1.1 0.0 0.0 0.0 0.0 1.1 0.0 -9.609 0.05 6.704 1.0]
	ConcatTransform [0.531976 0.52774 0.662187 0.0 -0.74501 0.66339 0.069814 0.0 -0.402445 -0.530475 0.746079 0.0 0.249575 -0.509959 -0.402203 1.0]
351
	ConcatTransform [1.1 0.0 0.0 0.0 0.0 1.1 0.0 0.0 0.0 0.0 1.1 0.0 -9.609 0.05 6.704 1.0]
	ConcatTransform [0.534836 0.527367 0.660178 0.0 -0.744372 0.663786 0.072795 0.0 -0.399827 -0.530351 0.747574 0.0 0.24901 -0.509958 -0.402087 1.0]
352
	ConcatTransform [1.1 0.0 0.0 0.0 0.0 1.1 0.0 0.0 0.0 0.0 1.1 0.0 -9.609 0.05 6.704 1.0]
	ConcatTransform [0.539027 0.526624 0.657357 0.0 -0.74337 0.6644 0.077291 0.0 -0.396045 -0.530321 0.749605 0.0 0.248257 -0.510259 -0.40192 1.0]
353
	ConcatTransform [1.1 0.0 0.0 0.0 0.0 1.1 0.0 0.0 0.0 0.0 1.1 0.0 -9.609 0.05 6.704 1.0]
	ConcatTransform [0.541045 0.526783 0.655569 0.0 -0.743473 0.663956 0.08007 0.0 -0.39309 -0.530719 0.750878 0.0 0.247838 -0.510262 -0.401826 1.0]
354
	ConcatTransform [1.1 0.0 0.0 0.0 0.0 1.1 0.0 0.0 0.0 0.0 1.1 0.0 -9.609 0.05 6.704 1.0]
	ConcatTransform [0.544104 0.527246 0.652658 0.0 -0.743501 0.663455 0.083869 0.0 -0.38879 -0.530885 0.752996 0.0 0.247335 -0.510154 -0.401711 1.0]
355
	ConcatTransform [1.1 0.0 0.0 0.0 0.0 1.1 0.0 0.0 0.0 0.0 1.1 0.0 -9.609 0.05 6.704 1.0]
	ConcatTransform [0.546436 0.527301 0.650662 0.0 -0.743162 0.663508 0.086408 0.0 -0.386157 -0.530764 0.754436 0.0 0.247058 -0.510084 -0.401635 1.0]
356
	ConcatTransform [1.1 0.0 0.0 0.0 0.0 1.1 0.0 0.0 0.0 0.0 1.1 0.0 -9.609 0.05 6.704 1.0]
	ConcatTransform [0.549951 0.527243 0.647741 0.0 -0.742588 0.663633 0.0903 0.0 -0.382252 -0.530665 0.75649 0.0 0.246716 -0.510022 -0.401518 1.0]
357
	ConcatTransform [1.1 0.0 0.0 0.0 0.0 1.1 0.0 0.0 0.0 0.0 1.1 0.0 -9.609 0.05 6.704 1.0]
	ConcatTransform [0.552117 0.52737 0.645792 0.0 -0.742368 0.66353 0.092829 0.0 -0.379547 -0.530668 0.757849 0.0 0.246532 -0.509999 -0.401441 1.0]
358
	ConcatTransform [1.1 0.0 0.0 0.0 0.0 1.1 0.0 0.0 0.0 0.0 1.1 0.0 -9.609 0.05 6.704 1.0]
	ConcatTransform [0.555069 0.527716 0.642974 0.0 -0.742326 0.66303 0.096661 0.0 -0.375302 -0.530949 0.759764 0.0 0.24633 -0.510204 -0.401333 1.0]
359
	ConcatTransform [1.1 0.0 0.0 0.0 0.0 1.1 0.0 0.0 0.0 0.0 1.1 0.0 -9.609 0.05 6.704 1.0]
	ConcatTransform [0.557138 0.527908 0.641023 0.0 -0.742158 0.66285 0.099155 0.0 -0.372558 -0.530983 0.76109 0.0 0.246245 -0.510116 -0.401266 1.0]
360
	ConcatTransform [1.1 0.0 0.0 0.0 0.0 1.1 0.0 0.0 0.0 0.0 1.1 0.0 -9.609 0.05 6.704 1.0]
	ConcatTransform [0.37714 0.531954 -0.75815 0.0 0.381784 0.656516 0.65056 0.0 0.843805 -0.534801 0.044507 0.0 -0.87425 -0.510945 -0.122339 1.0]
