228
	ConcatTransform [1.1 0.0 0.0 0.0 0.0 1.1 0.0 0.0 0.0 0.0 1.1 0.0 -9.609 0.05 6.704 1.0]
	ConcatTransform [0.956675 0.249633 0.149853 0.0 -0.247729 0.968316 -0.03155 0.0 -0.152981 -0.00694 0.988205 0.0 0.018421 0.012426 0.027698 1.0]
229
	ConcatTransform [1.1 0.0 0.0 0.0 0.0 1.1 0.0 0.0 0.0 0.0 1.1 0.0 -9.609 0.05 6.704 1.0]
	ConcatTransform [0.844047 0.484125 0.230667 0.0 -0.463708 0.874932 -0.13953 0.0 -0.269368 0.010808 0.962977 0.0 0.035346 0.017856 0.05034 1.0]
230
	ConcatTransform [1.1 0.0 0.0 0.0 0.0 1.1 0.0 0.0 0.0 0.0 1.1 0.0 -9.609 0.05 6.704 1.0]
	ConcatTransform [0.598467 0.729706 0.330706 0.0 -0.65884 0.683132 -0.315056 0.0 -0.455814 -0.029331 0.889591 0.0 0.062126 0.023211 0.089405 1.0]
231
	ConcatTransform [1.1 0.0 0.0 0.0 0.0 1.1 0.0 0.0 0.0 0.0 1.1 0.0 -9.609 0.05 6.704 1.0]
	ConcatTransform [0.470368 0.794125 0.384863 0.0 -0.684309 0.603602 -0.409128 0.0 -0.557202 -0.070924 0.827342 0.0 0.080538 0.02197 0.117126 1.0]
232
	ConcatTransform [1.1 0.0 0.0 0.0 0.0 1.1 0.0 0.0 0.0 0.0 1.1 0.0 -9.609 0.05 6.704 1.0]
	ConcatTransform [0.202196 0.851627 0.483578 0.0 -0.722299 0.463131 -0.513608 0.0 -0.661363 -0.245439 0.708773 0.0 0.109018 -0.00373 0.159799 1.0]
233
	ConcatTransform [1.1 0.0 0.0 0.0 0.0 1.1 0.0 0.0 0.0 0.0 1.1 0.0 -9.609 0.05 6.704 1.0]
	ConcatTransform [0.028219 0.849918 0.526159 0.0 -0.716917 0.384016 -0.581861 0.0 -0.696587 -0.360793 0.620157 0.0 0.128883 -0.034804 0.188185 1.0]
234
	ConcatTransform [1.1 0.0 0.0 0.0 0.0 1.1 0.0 0.0 0.0 0.0 1.1 0.0 -9.609 0.05 6.704 1.0]
	ConcatTransform [0.027606 0.778588 0.626928 0.0 -0.648896 0.491023 -0.581232 0.0 -0.760376 -0.390765 0.518778 0.0 0.159951 -0.095656 0.232273 1.0]
235
	ConcatTransform [1.1 0.0 0.0 0.0 0.0 1.1 0.0 0.0 0.0 0.0 1.1 0.0 -9.609 0.05 6.704 1.0]
	ConcatTransform [0.053165 0.72127 0.690611 0.0 -0.577839 0.58626 -0.567804 0.0 -0.814417 -0.368875 0.447947 0.0 0.181617 -0.148445 0.261522 1.0]
236
	ConcatTransform [1.1 0.0 0.0 0.0 0.0 1.1 0.0 0.0 0.0 0.0 1.1 0.0 -9.609 0.05 6.704 1.0]
	ConcatTransform [0.09346 0.659991 0.745437 0.0 -0.428093 0.702608 -0.568399 0.0 -0.898889 -0.265994 0.348203 0.0 0.214118 -0.244351 0.305073 1.0]
237
	ConcatTransform [1.1 0.0 0.0 0.0 0.0 1.1 0.0 0.0 0.0 0.0 1.1 0.0 -9.609 0.05 6.704 1.0]
	ConcatTransform [0.18075 0.644402 0.743018 0.0 -0.240811 0.761463 -0.601818 0.0 -0.953593 -0.070148 0.292814 0.0 0.214941 -0.2909 0.341442 1.0]
238
	ConcatTransform [1.1 0.0 0.0 0.0 0.0 1.1 0.0 0.0 0.0 0.0 1.1 0.0 -9.609 0.05 6.704 1.0]
	ConcatTransform [0.167213 0.666859 0.726181 0.0 -0.035867 0.740178 -0.671454 0.0 -0.985268 0.08623 0.147686 0.0 0.184938 -0.30857 0.404944 1.0]
239
	ConcatTransform [1.1 0.0 0.0 0.0 0.0 1.1 0.0 0.0 0.0 0.0 1.1 0.0 -9.609 0.05 6.704 1.0]
	ConcatTransform [0.145217 0.668293 0.729586 0.0 0.08864 0.72565 -0.682331 0.0 -0.985421 0.163756 0.046139 0.0 0.16079 -0.314676 0.448981 1.0]
240
	ConcatTransform [1.1 0.0 0.0 0.0 0.0 1.1 0.0 0.0 0.0 0.0 1.1 0.0 -9.609 0.05 6.704 1.0]
	ConcatTransform [0.081838 0.694412 0.714909 0.0 0.221947 0.686604 -0.692325 0.0 -0.971618 0.21533 -0.097932 0.0 0.122969 -0.328419 0.514015 1.0]
241
	ConcatTransform [1.1 0.0 0.0 0.0 0.0 1.1 0.0 0.0 0.0 0.0 1.1 0.0 -9.609 0.05 6.704 1.0]
	ConcatTransform [0.022799 0.729933 0.683138 0.0 0.287529 0.649658 -0.703756 0.0 -0.957501 0.212467 -0.195065 0.0 0.097478 -0.343026 0.556249 1.0]
242
	ConcatTransform [1.1 0.0 0.0 0.0 0.0 1.1 0.0 0.0 0.0 0.0 1.1 0.0 -9.609 0.05 6.704 1.0]
	ConcatTransform [-0.013817 0.7848 0.619595 0.0 0.413314 0.568722 -0.711145 0.0 -0.910484 0.246261 -0.332227 0.0 0.060158 -0.372657 0.618071 1.0]
243
	ConcatTransform [1.1 0.0 0.0 0.0 0.0 1.1 0.0 0.0 0.0 0.0 1.1 0.0 -9.609 0.05 6.704 1.0]
	ConcatTransform [-0.066324 0.835339 0.545719 0.0 0.466106 0.50952 -0.72328 0.0 -0.882239 0.206392 -0.42315 0.0 0.036186 -0.38598 0.653896 1.0]
244
	ConcatTransform [1.1 0.0 0.0 0.0 0.0 1.1 0.0 0.0 0.0 0.0 1.1 0.0 -9.609 0.05 6.704 1.0]
	ConcatTransform [-0.167486 0.817651 0.550812 0.0 0.569398 0.536326 -0.623009 0.0 -0.804819 0.209286 -0.555397 0.0 0.007196 -0.38483 0.699138 1.0]
245
	ConcatTransform [1.1 0.0 0.0 0.0 0.0 1.1 0.0 0.0 0.0 0.0 1.1 0.0 -9.609 0.05 6.704 1.0]
	ConcatTransform [-0.231986 0.832972 0.502335 0.0 0.622169 0.524036 -0.581629 0.0 -0.747722 0.177608 -0.639818 0.0 -0.009531 -0.383086 0.724704 1.0]
246
	ConcatTransform [1.1 0.0 0.0 0.0 0.0 1.1 0.0 0.0 0.0 0.0 1.1 0.0 -9.609 0.05 6.704 1.0]
	ConcatTransform [-0.30445 0.853417 0.423071 0.0 0.705955 0.500347 -0.501279 0.0 -0.639482 0.146055 -0.754805 0.0 -0.030607 -0.382762 0.758403 1.0]
247
	ConcatTransform [1.1 0.0 0.0 0.0 0.0 1.1 0.0 0.0 0.0 0.0 1.1 0.0 -9.609 0.05 6.704 1.0]
	ConcatTransform [-0.363572 0.858279 0.362178 0.0 0.736281 0.502931 -0.452716 0.0 -0.570707 0.10207 -0.814786 0.0 -0.043643 -0.389373 0.778958 1.0]
248
	ConcatTransform [1.1 0.0 0.0 0.0 0.0 1.1 0.0 0.0 0.0 0.0 1.1 0.0 -9.609 0.05 6.704 1.0]
	ConcatTransform [-0.44182 0.8525 0.279356 0.0 0.779227 0.518985 -0.351369 0.0 -0.444524 0.06244 -0.893588 0.0 -0.062415 -0.415772 0.809729 1.0]
249
	ConcatTransform [1.1 0.0 0.0 0.0 0.0 1.1 0.0 0.0 0.0 0.0 1.1 0.0 -9.609 0.05 6.704 1.0]
	ConcatTransform [-0.468891 0.857739 0.21077 0.0 0.810747 0.512651 -0.282625 0.0 -0.35047 0.03836 -0.935788 0.0 -0.07462 -0.445365 0.830055 1.0]
250
	ConcatTransform [1.1 0.0 0.0 0.0 0.0 1.1 0.0 0.0 0.0 0.0 1.1 0.0 -9.609 0.05 6.704 1.0]
	ConcatTransform [-0.488367 0.837098 0.246504 0.0 0.82889 0.53331 -0.168883 0.0 -0.272835 0.121848 -0.954314 0.0 -0.089894 -0.470966 0.845197 1.0]
251
	ConcatTransform [1.1 0.0 0.0 0.0 0.0 1.1 0.0 0.0 0.0 0.0 1.1 0.0 -9.609 0.05 6.704 1.0]
	ConcatTransform [-0.48627 0.845038 0.222379 0.0 0.83941 0.52245 -0.14979 0.0 -0.24276 0.113829 -0.963385 0.0 -0.095666 -0.465549 0.841249 1.0]
252
	ConcatTransform [1.1 0.0 0.0 0.0 0.0 1.1 0.0 0.0 0.0 0.0 1.1 0.0 -9.609 0.05 6.704 1.0]
	ConcatTransform [-0.410679 0.878998 0.242292 0.0 0.890212 0.444005 -0.101894 0.0 -0.197144 0.173846 -0.964838 0.0 -0.101032 -0.464459 0.834913 1.0]
253
	ConcatTransform [1.1 0.0 0.0 0.0 0.0 1.1 0.0 0.0 0.0 0.0 1.1 0.0 -9.609 0.05 6.704 1.0]
	ConcatTransform [-0.43138 0.870382 0.237374 0.0 0.883161 0.461139 -0.085894 0.0 -0.184223 0.172586 -0.967613 0.0 -0.102573 -0.467731 0.829384 1.0]
254
	ConcatTransform [1.1 0.0 0.0 0.0 0.0 1.1 0.0 0.0 0.0 0.0 1.1 0.0 -9.609 0.05 6.704 1.0]
	ConcatTransform [-0.452979 0.85735 0.24446 0.0 0.874911 0.480185 -0.062871 0.0 -0.171289 0.185401 -0.967619 0.0 -0.098111 -0.472179 0.819032 1.0]
255
	ConcatTransform [1.1 0.0 0.0 0.0 0.0 1.1 0.0 0.0 0.0 0.0 1.1 0.0 -9.609 0.05 6.704 1.0]
	ConcatTransform [-0.477343 0.839004 0.261181 0.0 0.861267 0.505659 -0.050272 0.0 -0.174247 0.20095 -0.96398 0.0 -0.091843 -0.476926 0.81082 1.0]
256
	ConcatTransform [1.1 0.0 0.0 0.0 0.0 1.1 0.0 0.0 0.0 0.0 1.1 0.0 -9.609 0.05 6.704 1.0]
	ConcatTransform [-0.523992 0.803828 0.28159 0.0 0.834275 0.550973 -0.020365 0.0 -0.171518 0.224253 -0.959319 0.0 -0.077637 -0.485314 0.797405 1.0]
257
	ConcatTransform [1.1 0.0 0.0 0.0 0.0 1.1 0.0 0.0 0.0 0.0 1.1 0.0 -9.609 0.05 6.704 1.0]
	ConcatTransform [-0.557516 0.779081 0.286721 0.0 0.813711 0.581263 0.002812 0.0 -0.16447 0.234876 -0.95801 0.0 -0.064821 -0.490356 0.788285 1.0]
258
	ConcatTransform [1.1 0.0 0.0 0.0 0.0 1.1 0.0 0.0 0.0 0.0 1.1 0.0 -9.609 0.05 6.704 1.0]
	ConcatTransform [-0.611333 0.741862 0.275523 0.0 0.779636 0.624327 0.048826 0.0 -0.135794 0.244656 -0.960054 0.0 -0.040869 -0.495795 0.774939 1.0]
259
	ConcatTransform [1.1 0.0 0.0 0.0 0.0 1.1 0.0 0.0 0.0 0.0 1.1 0.0 -9.609 0.05 6.704 1.0]
	ConcatTransform [-0.647887 0.714039 0.265312 0.0 0.752609 0.653797 0.078282 0.0 -0.117564 0.250395 -0.960979 0.0 -0.022505 -0.498854 0.766475 1.0]
260
	ConcatTransform [1.1 0.0 0.0 0.0 0.0 1.1 0.0 0.0 0.0 0.0 1.1 0.0 -9.609 0.05 6.704 1.0]
	ConcatTransform [-0.711044 0.655984 0.253183 0.0 0.69579 0.708362 0.11874 0.0 -0.101454 0.260592 -0.960104 0.0 0.006767 -0.502358 0.753173 1.0]
261
	ConcatTransform [1.1 0.0 0.0 0.0 0.0 1.1 0.0 0.0 0.0 0.0 1.1 0.0 -9.609 0.05 6.704 1.0]
	ConcatTransform [-0.745142 0.618036 0.250589 0.0 0.660419 0.736103 0.148323 0.0 -0.09279 0.276015 -0.956664 0.0 0.026716 -0.502984 0.743296 1.0]
262
	ConcatTransform [1.1 0.0 0.0 0.0 0.0 1.1 0.0 0.0 0.0 0.0 1.1 0.0 -9.609 0.05 6.704 1.0]
	ConcatTransform [-0.787632 0.560474 0.255938 0.0 0.608515 0.772766 0.180396 0.0 -0.096673 0.297828 -0.949712 0.0 0.056741 -0.501593 0.729223 1.0]
263
	ConcatTransform [1.1 0.0 0.0 0.0 0.0 1.1 0.0 0.0 0.0 0.0 1.1 0.0 -9.609 0.05 6.704 1.0]
	ConcatTransform [-0.799205 0.538996 0.265998 0.0 0.591069 0.78512 0.184999 0.0 -0.109127 0.305075 -0.946055 0.0 0.075241 -0.498545 0.720439 1.0]
264
	ConcatTransform [1.1 0.0 0.0 0.0 0.0 1.1 0.0 0.0 0.0 0.0 1.1 0.0 -9.609 0.05 6.704 1.0]
	ConcatTransform [-0.80725 0.522118 0.275207 0.0 0.577793 0.794238 0.187993 0.0 -0.120425 0.310771 -0.942825 0.0 0.099556 -0.495392 0.708611 1.0]
265
	ConcatTransform [1.1 0.0 0.0 0.0 0.0 1.1 0.0 0.0 0.0 0.0 1.1 0.0 -9.609 0.05 6.704 1.0]
	ConcatTransform [-0.791344 0.538723 0.289055 0.0 0.598817 0.778312 0.188807 0.0 -0.12326 0.322502 -0.938509 0.0 0.1141 -0.495921 0.70206 1.0]
266
	ConcatTransform [1.1 0.0 0.0 0.0 0.0 1.1 0.0 0.0 0.0 0.0 1.1 0.0 -9.609 0.05 6.704 1.0]
	ConcatTransform [-0.795424 0.514321 0.320585 0.0 0.580747 0.798103 0.160514 0.0 -0.173304 0.313855 -0.933521 0.0 0.129413 -0.492364 0.695222 1.0]
267
	ConcatTransform [1.1 0.0 0.0 0.0 0.0 1.1 0.0 0.0 0.0 0.0 1.1 0.0 -9.609 0.05 6.704 1.0]
	ConcatTransform [-0.788306 0.502867 0.35454 0.0 0.573829 0.808796 0.128718 0.0 -0.222023 0.304915 -0.926139 0.0 0.136419 -0.490964 0.692728 1.0]
268
	ConcatTransform [1.1 0.0 0.0 0.0 0.0 1.1 0.0 0.0 0.0 0.0 1.1 0.0 -9.609 0.05 6.704 1.0]
	ConcatTransform [-0.774929 0.490042 0.399179 0.0 0.565142 0.820022 0.090435 0.0 -0.283019 0.295674 -0.912402 0.0 0.141889 -0.488369 0.691707 1.0]
269
	ConcatTransform [1.1 0.0 0.0 0.0 0.0 1.1 0.0 0.0 0.0 0.0 1.1 0.0 -9.609 0.05 6.704 1.0]
	ConcatTransform [-0.768754 0.487284 0.414213 0.0 0.561947 0.823882 0.073718 0.0 -0.305341 0.289437 -0.90719 0.0 0.142753 -0.488047 0.692462 1.0]
270
	ConcatTransform [1.1 0.0 0.0 0.0 0.0 1.1 0.0 0.0 0.0 0.0 1.1 0.0 -9.609 0.05 6.704 1.0]
	ConcatTransform [-0.760674 0.493124 0.422142 0.0 0.563974 0.824049 0.053635 0.0 -0.321417 0.278876 -0.904942 0.0 0.139781 -0.489121 0.695951 1.0]
271
	ConcatTransform [1.1 0.0 0.0 0.0 0.0 1.1 0.0 0.0 0.0 0.0 1.1 0.0 -9.609 0.05 6.704 1.0]
	ConcatTransform [-0.755046 0.504198 0.419155 0.0 0.57228 0.818768 0.045989 0.0 -0.320003 0.274598 -0.906749 0.0 0.1349 -0.490953 0.699879 1.0]
272
	ConcatTransform [1.1 0.0 0.0 0.0 0.0 1.1 0.0 0.0 0.0 0.0 1.1 0.0 -9.609 0.05 6.704 1.0]
	ConcatTransform [-0.747932 0.52975 0.399953 0.0 0.589114 0.807407 0.032237 0.0 -0.305847 0.259728 -0.915969 0.0 0.123865 -0.494758 0.707772 1.0]
273
	ConcatTransform [1.1 0.0 0.0 0.0 0.0 1.1 0.0 0.0 0.0 0.0 1.1 0.0 -9.609 0.05 6.704 1.0]
	ConcatTransform [-0.742704 0.547405 0.385666 0.0 0.605528 0.794926 0.037808 0.0 -0.285879 0.261612 -0.921863 0.0 0.114006 -0.497224 0.713478 1.0]
274
	ConcatTransform [1.1 0.0 0.0 0.0 0.0 1.1 0.0 0.0 0.0 0.0 1.1 0.0 -9.609 0.05 6.704 1.0]
	ConcatTransform [-0.742433 0.573175 0.34679 0.0 0.630415 0.772894 0.072197 0.0 -0.22665 0.272223 -0.93516 0.0 0.096013 -0.500209 0.717687 1.0]
275
	ConcatTransform [1.1 0.0 0.0 0.0 0.0 1.1 0.0 0.0 0.0 0.0 1.1 0.0 -9.609 0.05 6.704 1.0]
	ConcatTransform [-0.737606 0.591046 0.326501 0.0 0.649715 0.752916 0.104826 0.0 -0.18387 0.289453 -0.939366 0.0 0.082996 -0.502091 0.717657 1.0]
276
	ConcatTransform [1.1 0.0 0.0 0.0 0.0 1.1 0.0 0.0 0.0 0.0 1.1 0.0 -9.609 0.05 6.704 1.0]
	ConcatTransform [-0.742134 0.602104 0.294461 0.0 0.65424 0.746206 0.12307 0.0 -0.145628 0.283983 -0.947706 0.0 0.065206 -0.502203 0.71824 1.0]
277
	ConcatTransform [1.1 0.0 0.0 0.0 0.0 1.1 0.0 0.0 0.0 0.0 1.1 0.0 -9.609 0.05 6.704 1.0]
	ConcatTransform [-0.738521 0.613576 0.279482 0.0 0.662142 0.738175 0.129092 0.0 -0.127099 0.280395 -0.951433 0.0 0.054394 -0.502343 0.718428 1.0]
278
	ConcatTransform [1.1 0.0 0.0 0.0 0.0 1.1 0.0 0.0 0.0 0.0 1.1 0.0 -9.609 0.05 6.704 1.0]
	ConcatTransform [-0.732938 0.626006 0.266304 0.0 0.671787 0.72773 0.138243 0.0 -0.107256 0.280223 -0.953924 0.0 0.039503 -0.502344 0.717884 1.0]
279
	ConcatTransform [1.1 0.0 0.0 0.0 0.0 1.1 0.0 0.0 0.0 0.0 1.1 0.0 -9.609 0.05 6.704 1.0]
	ConcatTransform [-0.720052 0.641875 0.263669 0.0 0.687232 0.712256 0.14284 0.0 -0.096115 0.284054 -0.953979 0.0 0.031525 -0.501929 0.718569 1.0]
280
	ConcatTransform [1.1 0.0 0.0 0.0 0.0 1.1 0.0 0.0 0.0 0.0 1.1 0.0 -9.609 0.05 6.704 1.0]
	ConcatTransform [-0.705165 0.657424 0.265588 0.0 0.703273 0.696198 0.14393 0.0 -0.090279 0.288275 -0.953282 0.0 0.022396 -0.501308 0.721719 1.0]
281
	ConcatTransform [1.1 0.0 0.0 0.0 0.0 1.1 0.0 0.0 0.0 0.0 1.1 0.0 -9.609 0.05 6.704 1.0]
	ConcatTransform [-0.703519 0.660272 0.262872 0.0 0.705224 0.69434 0.143361 0.0 -0.087866 0.286241 -0.954121 0.0 0.018079 -0.501145 0.72515 1.0]
282
	ConcatTransform [1.1 0.0 0.0 0.0 0.0 1.1 0.0 0.0 0.0 0.0 1.1 0.0 -9.609 0.05 6.704 1.0]
	ConcatTransform [-0.707424 0.664493 0.240832 0.0 0.703468 0.694961 0.148872 0.0 -0.068444 0.274733 -0.959081 0.0 0.014353 -0.501386 0.73194 1.0]
283
	ConcatTransform [1.1 0.0 0.0 0.0 0.0 1.1 0.0 0.0 0.0 0.0 1.1 0.0 -9.609 0.05 6.704 1.0]
	ConcatTransform [-0.708642 0.66803 0.227073 0.0 0.70282 0.696702 0.143703 0.0 -0.062205 0.261425 -0.963217 0.0 0.013764 -0.501396 0.736848 1.0]
284
	ConcatTransform [1.1 0.0 0.0 0.0 0.0 1.1 0.0 0.0 0.0 0.0 1.1 0.0 -9.609 0.05 6.704 1.0]
	ConcatTransform [-0.712899 0.668503 0.211845 0.0 0.699142 0.701029 0.140566 0.0 -0.054541 0.24832 -0.967142 0.0 0.013672 -0.500184 0.739437 1.0]
285
	ConcatTransform [1.1 0.0 0.0 0.0 0.0 1.1 0.0 0.0 0.0 0.0 1.1 0.0 -9.609 0.05 6.704 1.0]
	ConcatTransform [-0.711346 0.671609 0.20719 0.0 0.700895 0.699779 0.138041 0.0 -0.052278 0.243414 -0.968513 0.0 0.014009 -0.499611 0.737218 1.0]
286
	ConcatTransform [1.1 0.0 0.0 0.0 0.0 1.1 0.0 0.0 0.0 0.0 1.1 0.0 -9.609 0.05 6.704 1.0]
	ConcatTransform [-0.713103 0.667648 0.213848 0.0 0.699009 0.700444 0.1441 0.0 -0.05358 0.25224 -0.96618 0.0 0.014419 -0.50048 0.729227 1.0]
287
	ConcatTransform [1.1 0.0 0.0 0.0 0.0 1.1 0.0 0.0 0.0 0.0 1.1 0.0 -9.609 0.05 6.704 1.0]
	ConcatTransform [-0.716691 0.663555 0.21459 0.0 0.695956 0.700244 0.15907 0.0 -0.044714 0.263349 -0.963664 0.0 0.014938 -0.501613 0.722004 1.0]
288
	ConcatTransform [1.1 0.0 0.0 0.0 0.0 1.1 0.0 0.0 0.0 0.0 1.1 0.0 -9.609 0.05 6.704 1.0]
	ConcatTransform [-0.732325 0.648142 0.208836 0.0 0.680282 0.709978 0.182062 0.0 -0.030267 0.275396 -0.960854 0.0 0.016845 -0.501811 0.712034 1.0]
289
	ConcatTransform [1.1 0.0 0.0 0.0 0.0 1.1 0.0 0.0 0.0 0.0 1.1 0.0 -9.609 0.05 6.704 1.0]
	ConcatTransform [-0.738006 0.643539 0.202991 0.0 0.674529 0.711973 0.195206 0.0 -0.018901 0.280986 -0.959526 0.0 0.018836 -0.501574 0.705997 1.0]
290
	ConcatTransform [1.1 0.0 0.0 0.0 0.0 1.1 0.0 0.0 0.0 0.0 1.1 0.0 -9.609 0.05 6.704 1.0]
	ConcatTransform [-0.750783 0.63383 0.185968 0.0 0.660543 0.721531 0.207546 0.0 -0.002633 0.278662 -0.960386 0.0 0.022589 -0.501928 0.698415 1.0]
291
	ConcatTransform [1.1 0.0 0.0 0.0 0.0 1.1 0.0 0.0 0.0 0.0 1.1 0.0 -9.609 0.05 6.704 1.0]
	ConcatTransform [-0.759342 0.627195 0.173282 0.0 0.650621 0.72791 0.216423 0.0 0.009606 0.27708 -0.960799 0.0 0.025538 -0.502095 0.69469 1.0]
292
	ConcatTransform [1.1 0.0 0.0 0.0 0.0 1.1 0.0 0.0 0.0 0.0 1.1 0.0 -9.609 0.05 6.704 1.0]
	ConcatTransform [-0.770997 0.61656 0.159428 0.0 0.636337 0.73592 0.231293 0.0 0.02528 0.279777 -0.959732 0.0 0.030217 -0.502041 0.690466 1.0]
293
	ConcatTransform [1.1 0.0 0.0 0.0 0.0 1.1 0.0 0.0 0.0 0.0 1.1 0.0 -9.609 0.05 6.704 1.0]
	ConcatTransform [-0.777192 0.611245 0.149508 0.0 0.628289 0.740546 0.238423 0.0 0.035017 0.279234 -0.959584 0.0 0.033391 -0.502084 0.68839 1.0]
294
	ConcatTransform [1.1 0.0 0.0 0.0 0.0 1.1 0.0 0.0 0.0 0.0 1.1 0.0 -9.609 0.05 6.704 1.0]
	ConcatTransform [-0.781691 0.608139 0.138295 0.0 0.62182 0.742928 0.247787 0.0 0.047946 0.279688 -0.958893 0.0 0.037959 -0.502101 0.685999 1.0]
295
	ConcatTransform [1.1 0.0 0.0 0.0 0.0 1.1 0.0 0.0 0.0 0.0 1.1 0.0 -9.609 0.05 6.704 1.0]
	ConcatTransform [-0.785095 0.604192 0.136299 0.0 0.61738 0.745734 0.250444 0.0 0.049674 0.280771 -0.958489 0.0 0.040576 -0.502073 0.684244 1.0]
296
	ConcatTransform [1.1 0.0 0.0 0.0 0.0 1.1 0.0 0.0 0.0 0.0 1.1 0.0 -9.609 0.05 6.704 1.0]
	ConcatTransform [-0.789981 0.59849 0.133194 0.0 0.610864 0.749596 0.254855 0.0 0.052687 0.282694 -0.957762 0.0 0.043972 -0.501939 0.682072 1.0]
297
	ConcatTransform [1.1 0.0 0.0 0.0 0.0 1.1 0.0 0.0 0.0 0.0 1.1 0.0 -9.609 0.05 6.704 1.0]
	ConcatTransform [-0.792205 0.596482 0.128919 0.0 0.607706 0.751805 0.255897 0.0 0.055715 0.281068 -0.958069 0.0 0.04591 -0.501882 0.681001 1.0]
298
	ConcatTransform [1.1 0.0 0.0 0.0 0.0 1.1 0.0 0.0 0.0 0.0 1.1 0.0 -9.609 0.05 6.704 1.0]
	ConcatTransform [-0.793079 0.59536 0.128731 0.0 0.606569 0.752609 0.256229 0.0 0.055664 0.281295 -0.958006 0.0 0.048088 -0.501886 0.679303 1.0]
299
	ConcatTransform [1.1 0.0 0.0 0.0 0.0 1.1 0.0 0.0 0.0 0.0 1.1 0.0 -9.609 0.05 6.704 1.0]
	ConcatTransform [-0.792198 0.594546 0.137616 0.0 0.60849 0.752368 0.252354 0.0 0.046499 0.283652 -0.957799 0.0 0.049007 -0.501921 0.678313 1.0]
300
	ConcatTransform [1.1 0.0 0.0 0.0 0.0 1.1 0.0 0.0 0.0 0.0 1.1 0.0 -9.609 0.05 6.704 1.0]
	ConcatTransform [-0.790744 0.593278 0.150813 0.0 0.611371 0.753003 0.243335 0.0 0.030803 0.284618 -0.958146 0.0 0.049585 -0.501903 0.677019 1.0]
301
	ConcatTransform [1.1 0.0 0.0 0.0 0.0 1.1 0.0 0.0 0.0 0.0 1.1 0.0 -9.609 0.05 6.704 1.0]
	ConcatTransform [-0.788255 0.593728 0.161681 0.0 0.615095 0.752705 0.23472 0.0 0.017662 0.284468 -0.958523 0.0 0.049502 -0.501891 0.67666 1.0]
302
	ConcatTransform [1.1 0.0 0.0 0.0 0.0 1.1 0.0 0.0 0.0 0.0 1.1 0.0 -9.609 0.05 6.704 1.0]
	ConcatTransform [-0.783881 0.596684 0.171751 0.0 0.620872 0.750153 0.227569 0.0 0.006947 0.285023 -0.958496 0.0 0.048373 -0.50204 0.675541 1.0]
303
	ConcatTransform [1.1 0.0 0.0 0.0 0.0 1.1 0.0 0.0 0.0 0.0 1.1 0.0 -9.609 0.05 6.704 1.0]
	ConcatTransform [-0.779764 0.600901 0.175747 0.0 0.626071 0.747518 0.221926 0.0 0.001982 0.28308 -0.959094 0.0 0.047084 -0.502148 0.674748 1.0]
304
	ConcatTransform [1.1 0.0 0.0 0.0 0.0 1.1 0.0 0.0 0.0 0.0 1.1 0.0 -9.609 0.05 6.704 1.0]
	ConcatTransform [-0.773591 0.609851 0.172161 0.0 0.633661 0.742074 0.218633 0.0 0.005578 0.278224 -0.9605 0.0 0.044577 -0.502214 0.673974 1.0]
305
	ConcatTransform [1.1 0.0 0.0 0.0 0.0 1.1 0.0 0.0 0.0 0.0 1.1 0.0 -9.609 0.05 6.704 1.0]
	ConcatTransform [-0.77026 0.61514 0.168231 0.0 0.637635 0.738319 0.219788 0.0 0.010992 0.276564 -0.960933 0.0 0.042729 -0.502234 0.673845 1.0]
306
	ConcatTransform [1.1 0.0 0.0 0.0 0.0 1.1 0.0 0.0 0.0 0.0 1.1 0.0 -9.609 0.05 6.704 1.0]
	ConcatTransform [-0.765644 0.621144 0.16724 0.0 0.643131 0.733858 0.218715 0.0 0.013123 0.275015 -0.96135 0.0 0.039623 -0.50223 0.67363 1.0]
307
	ConcatTransform [1.1 0.0 0.0 0.0 0.0 1.1 0.0 0.0 0.0 0.0 1.1 0.0 -9.609 0.05 6.704 1.0]
	ConcatTransform [-0.762661 0.624841 0.167099 0.0 0.64665 0.731057 0.217714 0.0 0.013878 0.274096 -0.961602 0.0 0.037517 -0.502221 0.673523 1.0]
308
	ConcatTransform [1.1 0.0 0.0 0.0 0.0 1.1 0.0 0.0 0.0 0.0 1.1 0.0 -9.609 0.05 6.704 1.0]
	ConcatTransform [-0.759157 0.629955 0.163824 0.0 0.650627 0.727014 0.219396 0.0 0.019107 0.273144 -0.961783 0.0 0.034479 -0.502181 0.673776 1.0]
309
	ConcatTransform [1.1 0.0 0.0 0.0 0.0 1.1 0.0 0.0 0.0 0.0 1.1 0.0 -9.609 0.05 6.704 1.0]
	ConcatTransform [-0.756754 0.633488 0.161297 0.0 0.653324 0.724557 0.219511 0.0 0.022189 0.271495 -0.962184 0.0 0.032618 -0.502154 0.674246 1.0]
310
	ConcatTransform [1.1 0.0 0.0 0.0 0.0 1.1 0.0 0.0 0.0 0.0 1.1 0.0 -9.609 0.05 6.704 1.0]
	ConcatTransform [-0.753386 0.637912 0.159616 0.0 0.65707 0.720745 0.220875 0.0 0.025856 0.271283 -0.962152 0.0 0.029876 -0.502152 0.67428 1.0]
311
	ConcatTransform [1.1 0.0 0.0 0.0 0.0 1.1 0.0 0.0 0.0 0.0 1.1 0.0 -9.609 0.05 6.704 1.0]
	ConcatTransform [-0.752328 0.639892 0.156656 0.0 0.658231 0.72034 0.21873 0.0 0.027118 0.267672 -0.963128 0.0 0.028283 -0.502054 0.674201 1.0]
312
	ConcatTransform [1.1 0.0 0.0 0.0 0.0 1.1 0.0 0.0 0.0 0.0 1.1 0.0 -9.609 0.05 6.704 1.0]
	ConcatTransform [-0.752083 0.64063 0.154803 0.0 0.658284 0.71872 0.223837 0.0 0.032137 0.270249 -0.962254 0.0 0.026168 -0.502111 0.673671 1.0]
313
	ConcatTransform [1.1 0.0 0.0 0.0 0.0 1.1 0.0 0.0 0.0 0.0 1.1 0.0 -9.609 0.05 6.704 1.0]
	ConcatTransform [-0.751029 0.642631 0.151597 0.0 0.659243 0.717031 0.226417 0.0 0.036803 0.269985 -0.962161 0.0 0.025103 -0.502071 0.673248 1.0]
314
	ConcatTransform [1.1 0.0 0.0 0.0 0.0 1.1 0.0 0.0 0.0 0.0 1.1 0.0 -9.609 0.05 6.704 1.0]
	ConcatTransform [-0.751233 0.643174 0.148245 0.0 0.658782 0.716804 0.22847 0.0 0.040684 0.269295 -0.962198 0.0 0.024136 -0.50212 0.672903 1.0]
315
	ConcatTransform [1.1 0.0 0.0 0.0 0.0 1.1 0.0 0.0 0.0 0.0 1.1 0.0 -9.609 0.05 6.704 1.0]
	ConcatTransform [-0.751701 0.643018 0.146536 0.0 0.658057 0.716595 0.231198 0.0 0.043657 0.270221 -0.961808 0.0 0.024085 -0.502111 0.673093 1.0]
316
	ConcatTransform [1.1 0.0 0.0 0.0 0.0 1.1 0.0 0.0 0.0 0.0 1.1 0.0 -9.609 0.05 6.704 1.0]
	ConcatTransform [-0.753275 0.642377 0.141167 0.0 0.655741 0.716943 0.236635 0.0 0.0508 0.270821 -0.961288 0.0 0.02494 -0.502134 0.674797 1.0]
317
	ConcatTransform [1.1 0.0 0.0 0.0 0.0 1.1 0.0 0.0 0.0 0.0 1.1 0.0 -9.609 0.05 6.704 1.0]
	ConcatTransform [-0.754993 0.641085 0.137825 0.0 0.65353 0.718433 0.238229 0.0 0.053707 0.269934 -0.96138 0.0 0.025953 -0.502124 0.676274 1.0]
318
	ConcatTransform [1.1 0.0 0.0 0.0 0.0 1.1 0.0 0.0 0.0 0.0 1.1 0.0 -9.609 0.05 6.704 1.0]
	ConcatTransform [-0.756679 0.640044 0.133344 0.0 0.65118 0.719626 0.241046 0.0 0.058322 0.269225 -0.96131 0.0 0.027796 -0.502106 0.677828 1.0]
319
	ConcatTransform [1.1 0.0 0.0 0.0 0.0 1.1 0.0 0.0 0.0 0.0 1.1 0.0 -9.609 0.05 6.704 1.0]
	ConcatTransform [-0.758672 0.637935 0.132122 0.0 0.648714 0.721118 0.243226 0.0 0.059887 0.270238 -0.960929 0.0 0.029063 -0.502132 0.677933 1.0]
320
	ConcatTransform [1.1 0.0 0.0 0.0 0.0 1.1 0.0 0.0 0.0 0.0 1.1 0.0 -9.609 0.05 6.704 1.0]
	ConcatTransform [-0.761844 0.634304 0.131349 0.0 0.644923 0.723789 0.245363 0.0 0.060566 0.271638 -0.960492 0.0 0.031055 -0.502167 0.677431 1.0]
321
	ConcatTransform [1.1 0.0 0.0 0.0 0.0 1.1 0.0 0.0 0.0 0.0 1.1 0.0 -9.609 0.05 6.704 1.0]
	ConcatTransform [-0.763951 0.631791 0.131225 0.0 0.642426 0.725595 0.246579 0.0 0.06057 0.272676 -0.960197 0.0 0.032505 -0.502178 0.67707 1.0]
322
	ConcatTransform [1.1 0.0 0.0 0.0 0.0 1.1 0.0 0.0 0.0 0.0 1.1 0.0 -9.609 0.05 6.704 1.0]
	ConcatTransform [-0.767138 0.628069 0.130493 0.0 0.638587 0.728403 0.248265 0.0 0.060876 0.273785 -0.959863 0.0 0.034815 -0.502184 0.676467 1.0]
323
	ConcatTransform [1.1 0.0 0.0 0.0 0.0 1.1 0.0 0.0 0.0 0.0 1.1 0.0 -9.609 0.05 6.704 1.0]
	ConcatTransform [-0.76949 0.626059 0.126237 0.0 0.635702 0.731814 0.245624 0.0 0.061394 0.269254 -0.96111 0.0 0.036427 -0.502328 0.67611 1.0]
324
	ConcatTransform [1.1 0.0 0.0 0.0 0.0 1.1 0.0 0.0 0.0 0.0 1.1 0.0 -9.609 0.05 6.704 1.0]
	ConcatTransform [-0.771923 0.623028 0.126377 0.0 0.632697 0.733574 0.248122 0.0 0.06188 0.271489 -0.96045 0.0 0.038813 -0.50227 0.675364 1.0]
325
	ConcatTransform [1.1 0.0 0.0 0.0 0.0 1.1 0.0 0.0 0.0 0.0 1.1 0.0 -9.609 0.05 6.704 1.0]
	ConcatTransform [-0.773772 0.620499 0.127509 0.0 0.630494 0.73491 0.249768 0.0 0.061273 0.273657 -0.959874 0.0 0.040337 -0.502228 0.674713 1.0]
326
	ConcatTransform [1.1 0.0 0.0 0.0 0.0 1.1 0.0 0.0 0.0 0.0 1.1 0.0 -9.609 0.05 6.704 1.0]
	ConcatTransform [-0.77651 0.616862 0.128504 0.0 0.627227 0.737248 0.251101 0.0 0.060155 0.275583 -0.959393 0.0 0.042512 -0.502186 0.673746 1.0]
327
	ConcatTransform [1.1 0.0 0.0 0.0 0.0 1.1 0.0 0.0 0.0 0.0 1.1 0.0 -9.609 0.05 6.704 1.0]
	ConcatTransform [-0.777473 0.615495 0.129232 0.0 0.626101 0.738055 0.251539 0.0 0.05944 0.276477 -0.959181 0.0 0.043877 -0.502165 0.67324 1.0]
328
	ConcatTransform [1.1 0.0 0.0 0.0 0.0 1.1 0.0 0.0 0.0 0.0 1.1 0.0 -9.609 0.05 6.704 1.0]
	ConcatTransform [-0.779525 0.612605 0.130595 0.0 0.623708 0.739946 0.251929 0.0 0.0577 0.277838 -0.958894 0.0 0.045683 -0.502123 0.672599 1.0]
329
	ConcatTransform [1.1 0.0 0.0 0.0 0.0 1.1 0.0 0.0 0.0 0.0 1.1 0.0 -9.609 0.05 6.704 1.0]
	ConcatTransform [-0.781276 0.610284 0.131 0.0 0.621628 0.741766 0.25172 0.0 0.056449 0.278096 -0.958893 0.0 0.046687 -0.502105 0.672195 1.0]
330
	ConcatTransform [1.1 0.0 0.0 0.0 0.0 1.1 0.0 0.0 0.0 0.0 1.1 0.0 -9.609 0.05 6.704 1.0]
	ConcatTransform [-0.78256 0.608485 0.131703 0.0 0.620125 0.74309 0.251518 0.0 0.055178 0.278501 -0.95885 0.0 0.047877 -0.502083 0.671851 1.0]
331
	ConcatTransform [1.1 0.0 0.0 0.0 0.0 1.1 0.0 0.0 0.0 0.0 1.1 0.0 -9.609 0.05 6.704 1.0]
	ConcatTransform [-0.78264 0.60822 0.132449 0.0 0.62009 0.743182 0.251334 0.0 0.054433 0.278834 -0.958795 0.0 0.048453 -0.502077 0.671889 1.0]
332
	ConcatTransform [1.1 0.0 0.0 0.0 0.0 1.1 0.0 0.0 0.0 0.0 1.1 0.0 -9.609 0.05 6.704 1.0]
	ConcatTransform [-0.782951 0.607547 0.133697 0.0 0.619861 0.743772 0.250149 0.0 0.052537 0.278728 -0.958932 0.0 0.048916 -0.502067 0.672059 1.0]
333
	ConcatTransform [1.1 0.0 0.0 0.0 0.0 1.1 0.0 0.0 0.0 0.0 1.1 0.0 -9.609 0.05 6.704 1.0]
	ConcatTransform [-0.782564 0.607657 0.135447 0.0 0.620582 0.744008 0.247648 0.0 0.049711 0.277857 -0.959335 0.0 0.049024 -0.502079 0.672603 1.0]
334
	ConcatTransform [1.1 0.0 0.0 0.0 0.0 1.1 0.0 0.0 0.0 0.0 1.1 0.0 -9.609 0.05 6.704 1.0]
	ConcatTransform [-0.780697 0.609532 0.137778 0.0 0.62311 0.742571 0.245606 0.0 0.047395 0.277595 -0.959528 0.0 0.04872 -0.502104 0.672754 1.0]
335
	ConcatTransform [1.1 0.0 0.0 0.0 0.0 1.1 0.0 0.0 0.0 0.0 1.1 0.0 -9.609 0.05 6.704 1.0]
	ConcatTransform [-0.781615 0.60852 0.137046 0.0 0.621865 0.743084 0.247203 0.0 0.048592 0.278442 -0.959223 0.0 0.04822 -0.502102 0.672625 1.0]
336
	ConcatTransform [1.1 0.0 0.0 0.0 0.0 1.1 0.0 0.0 0.0 0.0 1.1 0.0 -9.609 0.05 6.704 1.0]
	ConcatTransform [-0.780816 0.609815 0.135837 0.0 0.622719 0.742081 0.248067 0.0 0.050473 0.278283 -0.959172 0.0 0.047141 -0.502112 0.672134 1.0]
337
	ConcatTransform [1.1 0.0 0.0 0.0 0.0 1.1 0.0 0.0 0.0 0.0 1.1 0.0 -9.609 0.05 6.704 1.0]
	ConcatTransform [-0.77963 0.611496 0.135096 0.0 0.624094 0.740814 0.248399 0.0 0.051814 0.277972 -0.959191 0.0 0.046217 -0.502139 0.671832 1.0]
338
	ConcatTransform [1.1 0.0 0.0 0.0 0.0 1.1 0.0 0.0 0.0 0.0 1.1 0.0 -9.609 0.05 6.704 1.0]
	ConcatTransform [-0.776871 0.615173 0.134292 0.0 0.62736 0.738014 0.248505 0.0 0.053764 0.277306 -0.959276 0.0 0.044599 -0.502188 0.671899 1.0]
339
	ConcatTransform [1.1 0.0 0.0 0.0 0.0 1.1 0.0 0.0 0.0 0.0 1.1 0.0 -9.609 0.05 6.704 1.0]
	ConcatTransform [-0.774728 0.617964 0.133855 0.0 0.629917 0.735983 0.248059 0.0 0.054777 0.276496 -0.959453 0.0 0.043382 -0.502204 0.67218 1.0]
340
	ConcatTransform [1.1 0.0 0.0 0.0 0.0 1.1 0.0 0.0 0.0 0.0 1.1 0.0 -9.609 0.05 6.704 1.0]
	ConcatTransform [-0.772379 0.621429 0.131363 0.0 0.632484 0.73352 0.248822 0.0 0.058268 0.27527 -0.959599 0.0 0.041447 -0.502204 0.673159 1.0]
341
	ConcatTransform [1.1 0.0 0.0 0.0 0.0 1.1 0.0 0.0 0.0 0.0 1.1 0.0 -9.609 0.05 6.704 1.0]
	ConcatTransform [-0.770368 0.624183 0.13011 0.0 0.634747 0.731504 0.248994 0.0 0.060241 0.274404 -0.959726 0.0 0.040082 -0.502201 0.673767 1.0]
342
	ConcatTransform [1.1 0.0 0.0 0.0 0.0 1.1 0.0 0.0 0.0 0.0 1.1 0.0 -9.609 0.05 6.704 1.0]
	ConcatTransform [-0.766978 0.6286 0.128863 0.0 0.638609 0.728164 0.24891 0.0 0.062631 0.273202 -0.959916 0.0 0.037975 -0.502193 0.674472 1.0]
343
	ConcatTransform [1.1 0.0 0.0 0.0 0.0 1.1 0.0 0.0 0.0 0.0 1.1 0.0 -9.609 0.05 6.704 1.0]
	ConcatTransform [-0.764939 0.631167 0.128439 0.0 0.640952 0.726208 0.248602 0.0 0.063636 0.272489 -0.960052 0.0 0.036586 -0.50218 0.67487 1.0]
344
	ConcatTransform [1.1 0.0 0.0 0.0 0.0 1.1 0.0 0.0 0.0 0.0 1.1 0.0 -9.609 0.05 6.704 1.0]
	ConcatTransform [-0.762351 0.634372 0.128034 0.0 0.643916 0.723735 0.248153 0.0 0.064759 0.271623 -0.960222 0.0 0.034616 -0.502161 0.675375 1.0]
345
	ConcatTransform [1.1 0.0 0.0 0.0 0.0 1.1 0.0 0.0 0.0 0.0 1.1 0.0 -9.609 0.05 6.704 1.0]
	ConcatTransform [-0.760675 0.636405 0.127913 0.0 0.645837 0.722145 0.247791 0.0 0.065324 0.271099 -0.960332 0.0 0.033432 -0.502146 0.675659 1.0]
346
	ConcatTransform [1.1 0.0 0.0 0.0 0.0 1.1 0.0 0.0 0.0 0.0 1.1 0.0 -9.609 0.05 6.704 1.0]
	ConcatTransform [-0.759046 0.638396 0.127669 0.0 0.647692 0.720631 0.247359 0.0 0.065911 0.270447 -0.960476 0.0 0.031881 -0.502124 0.675892 1.0]
347
	ConcatTransform [1.1 0.0 0.0 0.0 0.0 1.1 0.0 0.0 0.0 0.0 1.1 0.0 -9.609 0.05 6.704 1.0]
	ConcatTransform [-0.75803 0.639609 0.127637 0.0 0.648843 0.719635 0.247242 0.0 0.066286 0.270233 -0.96051 0.0 0.031041 -0.502114 0.675947 1.0]
348
	ConcatTransform [1.1 0.0 0.0 0.0 0.0 1.1 0.0 0.0 0.0 0.0 1.1 0.0 -9.609 0.05 6.704 1.0]
	ConcatTransform [-0.756971 0.641038 0.126751 0.0 0.64993 0.718493 0.247705 0.0 0.067719 0.269885 -0.960508 0.0 0.030134 -0.502096 0.676046 1.0]
349
	ConcatTransform [1.1 0.0 0.0 0.0 0.0 1.1 0.0 0.0 0.0 0.0 1.1 0.0 -9.609 0.05 6.704 1.0]
	ConcatTransform [-0.756376 0.641665 0.12713 0.0 0.650654 0.717975 0.247308 0.0 0.067413 0.269775 -0.960561 0.0 0.029776 -0.502088 0.676091 1.0]
350
	ConcatTransform [1.1 0.0 0.0 0.0 0.0 1.1 0.0 0.0 0.0 0.0 1.1 0.0 -9.609 0.05 6.704 1.0]
	ConcatTransform [-0.756312 0.641842 0.126615 0.0 0.650661 0.717851 0.247648 0.0 0.06806 0.269682 -0.960541 0.0 0.029637 -0.50208 0.676136 1.0]
351
	ConcatTransform [1.1 0.0 0.0 0.0 0.0 1.1 0.0 0.0 0.0 0.0 1.1 0.0 -9.609 0.05 6.704 1.0]
	ConcatTransform [-0.757384 0.640464 0.127178 0.0 0.649543 0.719057 0.247084 0.0 0.0668 0.269745 -0.960612 0.0 0.029788 -0.502097 0.676106 1.0]
352
	ConcatTransform [1.1 0.0 0.0 0.0 0.0 1.1 0.0 0.0 0.0 0.0 1.1 0.0 -9.609 0.05 6.704 1.0]
	ConcatTransform [-0.759971 0.637368 0.127301 0.0 0.646547 0.721305 0.248389 0.0 0.066492 0.271075 -0.960259 0.0 0.030384 -0.502157 0.676048 1.0]
353
	ConcatTransform [1.1 0.0 0.0 0.0 0.0 1.1 0.0 0.0 0.0 0.0 1.1 0.0 -9.609 0.05 6.704 1.0]
	ConcatTransform [-0.761528 0.635429 0.127692 0.0 0.644803 0.722822 0.248511 0.0 0.065613 0.271584 -0.960175 0.0 0.030969 -0.502173 0.675862 1.0]
354
	ConcatTransform [1.1 0.0 0.0 0.0 0.0 1.1 0.0 0.0 0.0 0.0 1.1 0.0 -9.609 0.05 6.704 1.0]
	ConcatTransform [-0.762692 0.633672 0.129462 0.0 0.643677 0.724162 0.247526 0.0 0.063098 0.272118 -0.960193 0.0 0.032139 -0.502194 0.67563 1.0]
355
	ConcatTransform [1.1 0.0 0.0 0.0 0.0 1.1 0.0 0.0 0.0 0.0 1.1 0.0 -9.609 0.05 6.704 1.0]
	ConcatTransform [-0.763662 0.632199 0.130939 0.0 0.642735 0.725313 0.246602 0.0 0.06093 0.27248 -0.96023 0.0 0.033073 -0.502195 0.675537 1.0]
356
	ConcatTransform [1.1 0.0 0.0 0.0 0.0 1.1 0.0 0.0 0.0 0.0 1.1 0.0 -9.609 0.05 6.704 1.0]
	ConcatTransform [-0.765659 0.629584 0.131871 0.0 0.64052 0.727362 0.246329 0.0 0.059167 0.27307 -0.960173 0.0 0.034639 -0.502195 0.675351 1.0]
357
	ConcatTransform [1.1 0.0 0.0 0.0 0.0 1.1 0.0 0.0 0.0 0.0 1.1 0.0 -9.609 0.05 6.704 1.0]
	ConcatTransform [-0.767157 0.627689 0.132203 0.0 0.638804 0.728842 0.246414 0.0 0.058316 0.27349 -0.960105 0.0 0.035763 -0.502195 0.675226 1.0]
358
	ConcatTransform [1.1 0.0 0.0 0.0 0.0 1.1 0.0 0.0 0.0 0.0 1.1 0.0 -9.609 0.05 6.704 1.0]
	ConcatTransform [-0.769523 0.624657 0.132807 0.0 0.636081 0.731187 0.24651 0.0 0.056877 0.274171 -0.959997 0.0 0.037515 -0.502191 0.675067 1.0]
359
	ConcatTransform [1.1 0.0 0.0 0.0 0.0 1.1 0.0 0.0 0.0 0.0 1.1 0.0 -9.609 0.05 6.704 1.0]
	ConcatTransform [-0.771095 0.622646 0.133136 0.0 0.634249 0.732716 0.246689 0.0 0.056048 0.274662 -0.959906 0.0 0.038686 -0.502189 0.674963 1.0]
360
	ConcatTransform [1.1 0.0 0.0 0.0 0.0 1.1 0.0 0.0 0.0 0.0 1.1 0.0 -9.609 0.05 6.704 1.0]
	ConcatTransform [0.900797 0.201775 0.384516 0.0 0.132773 -0.971062 0.19852 0.0 0.413445 -0.127773 -0.90152 0.0 -25.742186 -66.17511 68.589119 1.0]
