228
	ConcatTransform [1.1 0.0 0.0 0.0 0.0 1.1 0.0 0.0 0.0 0.0 1.1 0.0 -9.609 0.05 6.704 1.0]
	ConcatTransform [0.979435 0.155053 -0.129099 0.0 -0.147142 0.986722 0.068769 0.0 0.138048 -0.048359 0.989244 0.0 -0.009911 -0.019926 0.015417 1.0]
229
	ConcatTransform [1.1 0.0 0.0 0.0 0.0 1.1 0.0 0.0 0.0 0.0 1.1 0.0 -9.609 0.05 6.704 1.0]
	ConcatTransform [0.922262 0.335853 -0.191406 0.0 -0.323934 0.941649 0.091451 0.0 0.210951 -0.022339 0.977241 0.0 -0.015816 -0.035988 0.023568 1.0]
230
	ConcatTransform [1.1 0.0 0.0 0.0 0.0 1.1 0.0 0.0 0.0 0.0 1.1 0.0 -9.609 0.05 6.704 1.0]
	ConcatTransform [0.800634 0.517126 -0.302601 0.0 -0.488016 0.855846 0.171373 0.0 0.347601 0.010467 0.937584 0.0 -0.023698 -0.070443 0.03583 1.0]
231
	ConcatTransform [1.1 0.0 0.0 0.0 0.0 1.1 0.0 0.0 0.0 0.0 1.1 0.0 -9.609 0.05 6.704 1.0]
	ConcatTransform [0.7609 0.558794 -0.329818 0.0 -0.50209 0.829021 0.246232 0.0 0.411019 -0.02176 0.911367 0.0 -0.027345 -0.100819 0.044557 1.0]
232
	ConcatTransform [1.1 0.0 0.0 0.0 0.0 1.1 0.0 0.0 0.0 0.0 1.1 0.0 -9.609 0.05 6.704 1.0]
	ConcatTransform [0.722258 0.587967 -0.364194 0.0 -0.502717 0.807947 0.307405 0.0 0.474993 -0.038939 0.879127 0.0 -0.033314 -0.16279 0.056505 1.0]
233
	ConcatTransform [1.1 0.0 0.0 0.0 0.0 1.1 0.0 0.0 0.0 0.0 1.1 0.0 -9.609 0.05 6.704 1.0]
	ConcatTransform [0.703314 0.598788 -0.383149 0.0 -0.508481 0.800401 0.317498 0.0 0.496787 -0.028477 0.867405 0.0 -0.036964 -0.214498 0.064404 1.0]
234
	ConcatTransform [1.1 0.0 0.0 0.0 0.0 1.1 0.0 0.0 0.0 0.0 1.1 0.0 -9.609 0.05 6.704 1.0]
	ConcatTransform [0.753784 0.520472 -0.401147 0.0 -0.431597 0.852457 0.295026 0.0 0.495514 -0.049252 0.867202 0.0 -0.047758 -0.279057 0.07838 1.0]
235
	ConcatTransform [1.1 0.0 0.0 0.0 0.0 1.1 0.0 0.0 0.0 0.0 1.1 0.0 -9.609 0.05 6.704 1.0]
	ConcatTransform [0.783831 0.428402 -0.449534 0.0 -0.335907 0.901374 0.273297 0.0 0.522279 -0.063218 0.850428 0.0 -0.057123 -0.326499 0.087907 1.0]
236
	ConcatTransform [1.1 0.0 0.0 0.0 0.0 1.1 0.0 0.0 0.0 0.0 1.1 0.0 -9.609 0.05 6.704 1.0]
	ConcatTransform [0.768504 0.257267 -0.585846 0.0 -0.164573 0.964278 0.207567 0.0 0.618318 -0.063102 0.783391 0.0 -0.079754 -0.368242 0.090332 1.0]
237
	ConcatTransform [1.1 0.0 0.0 0.0 0.0 1.1 0.0 0.0 0.0 0.0 1.1 0.0 -9.609 0.05 6.704 1.0]
	ConcatTransform [0.784756 0.196797 -0.587732 0.0 -0.090456 0.974465 0.205512 0.0 0.613168 -0.108113 0.782519 0.0 -0.094857 -0.366878 0.080957 1.0]
238
	ConcatTransform [1.1 0.0 0.0 0.0 0.0 1.1 0.0 0.0 0.0 0.0 1.1 0.0 -9.609 0.05 6.704 1.0]
	ConcatTransform [0.821962 0.199999 -0.533272 0.0 -0.107029 0.973876 0.200275 0.0 0.559396 -0.107543 0.821895 0.0 -0.111278 -0.363887 0.063803 1.0]
239
	ConcatTransform [1.1 0.0 0.0 0.0 0.0 1.1 0.0 0.0 0.0 0.0 1.1 0.0 -9.609 0.05 6.704 1.0]
	ConcatTransform [0.848251 0.248924 -0.467447 0.0 -0.159739 0.961802 0.222307 0.0 0.504929 -0.113903 0.855612 0.0 -0.120423 -0.370576 0.051459 1.0]
240
	ConcatTransform [1.1 0.0 0.0 0.0 0.0 1.1 0.0 0.0 0.0 0.0 1.1 0.0 -9.609 0.05 6.704 1.0]
	ConcatTransform [0.864787 0.35078 -0.3593 0.0 -0.264736 0.926516 0.267361 0.0 0.426682 -0.136091 0.894104 0.0 -0.134122 -0.390448 0.031427 1.0]
241
	ConcatTransform [1.1 0.0 0.0 0.0 0.0 1.1 0.0 0.0 0.0 0.0 1.1 0.0 -9.609 0.05 6.704 1.0]
	ConcatTransform [0.883011 0.393622 -0.255642 0.0 -0.318675 0.902681 0.28916 0.0 0.344583 -0.173865 0.922515 0.0 -0.143216 -0.403584 0.0151 1.0]
242
	ConcatTransform [1.1 0.0 0.0 0.0 0.0 1.1 0.0 0.0 0.0 0.0 1.1 0.0 -9.609 0.05 6.704 1.0]
	ConcatTransform [0.90164 0.417569 -0.11261 0.0 -0.368313 0.877847 0.306155 0.0 0.226695 -0.234566 0.945298 0.0 -0.158908 -0.42147 -0.012126 1.0]
243
	ConcatTransform [1.1 0.0 0.0 0.0 0.0 1.1 0.0 0.0 0.0 0.0 1.1 0.0 -9.609 0.05 6.704 1.0]
	ConcatTransform [0.911364 0.409366 -0.042837 0.0 -0.377146 0.872221 0.311435 0.0 0.164854 -0.267675 0.949302 0.0 -0.171345 -0.427392 -0.029928 1.0]
244
	ConcatTransform [1.1 0.0 0.0 0.0 0.0 1.1 0.0 0.0 0.0 0.0 1.1 0.0 -9.609 0.05 6.704 1.0]
	ConcatTransform [0.927677 0.372076 0.031233 0.0 -0.362015 0.875793 0.319267 0.0 0.091438 -0.307483 0.94715 0.0 -0.19152 -0.438266 -0.055419 1.0]
245
	ConcatTransform [1.1 0.0 0.0 0.0 0.0 1.1 0.0 0.0 0.0 0.0 1.1 0.0 -9.609 0.05 6.704 1.0]
	ConcatTransform [0.935347 0.346589 0.070717 0.0 -0.349583 0.875199 0.334393 0.0 0.054006 -0.337495 0.939777 0.0 -0.20617 -0.445515 -0.070911 1.0]
246
	ConcatTransform [1.1 0.0 0.0 0.0 0.0 1.1 0.0 0.0 0.0 0.0 1.1 0.0 -9.609 0.05 6.704 1.0]
	ConcatTransform [0.950038 0.303937 0.071063 0.0 -0.309062 0.884117 0.350455 0.0 0.043688 -0.354909 0.93388 0.0 -0.230679 -0.458665 -0.092975 1.0]
247
	ConcatTransform [1.1 0.0 0.0 0.0 0.0 1.1 0.0 0.0 0.0 0.0 1.1 0.0 -9.609 0.05 6.704 1.0]
	ConcatTransform [0.95909 0.27261 0.076355 0.0 -0.281156 0.885634 0.3696 0.0 0.033134 -0.375947 0.926049 0.0 -0.248962 -0.46029 -0.10411 1.0]
248
	ConcatTransform [1.1 0.0 0.0 0.0 0.0 1.1 0.0 0.0 0.0 0.0 1.1 0.0 -9.609 0.05 6.704 1.0]
	ConcatTransform [0.97416 0.216597 0.064017 0.0 -0.224196 0.892992 0.390258 0.0 0.027362 -0.394527 0.918477 0.0 -0.277108 -0.461996 -0.118093 1.0]
249
	ConcatTransform [1.1 0.0 0.0 0.0 0.0 1.1 0.0 0.0 0.0 0.0 1.1 0.0 -9.609 0.05 6.704 1.0]
	ConcatTransform [0.981483 0.186217 0.044872 0.0 -0.188239 0.894344 0.405851 0.0 0.035446 -0.406783 0.912837 0.0 -0.295062 -0.467745 -0.127316 1.0]
250
	ConcatTransform [1.1 0.0 0.0 0.0 0.0 1.1 0.0 0.0 0.0 0.0 1.1 0.0 -9.609 0.05 6.704 1.0]
	ConcatTransform [0.987854 0.151762 0.033371 0.0 -0.150771 0.884184 0.442139 0.0 0.037593 -0.4418 0.896326 0.0 -0.311451 -0.46422 -0.142911 1.0]
251
	ConcatTransform [1.1 0.0 0.0 0.0 0.0 1.1 0.0 0.0 0.0 0.0 1.1 0.0 -9.609 0.05 6.704 1.0]
	ConcatTransform [0.990083 0.135129 0.038417 0.0 -0.137534 0.876599 0.46115 0.0 0.028638 -0.461861 0.88649 0.0 -0.318054 -0.46244 -0.153409 1.0]
252
	ConcatTransform [1.1 0.0 0.0 0.0 0.0 1.1 0.0 0.0 0.0 0.0 1.1 0.0 -9.609 0.05 6.704 1.0]
	ConcatTransform [0.991025 0.128958 0.035203 0.0 -0.129186 0.856242 0.50016 0.0 0.034357 -0.500219 0.865217 0.0 -0.322066 -0.462418 -0.168937 1.0]
253
	ConcatTransform [1.1 0.0 0.0 0.0 0.0 1.1 0.0 0.0 0.0 0.0 1.1 0.0 -9.609 0.05 6.704 1.0]
	ConcatTransform [0.990839 0.133247 0.021992 0.0 -0.124874 0.841943 0.524918 0.0 0.051428 -0.522855 0.850869 0.0 -0.321132 -0.463482 -0.179065 1.0]
254
	ConcatTransform [1.1 0.0 0.0 0.0 0.0 1.1 0.0 0.0 0.0 0.0 1.1 0.0 -9.609 0.05 6.704 1.0]
	ConcatTransform [0.987359 0.158021 0.012295 0.0 -0.138618 0.823297 0.550425 0.0 0.076856 -0.545171 0.834794 0.0 -0.314689 -0.468479 -0.193324 1.0]
255
	ConcatTransform [1.1 0.0 0.0 0.0 0.0 1.1 0.0 0.0 0.0 0.0 1.1 0.0 -9.609 0.05 6.704 1.0]
	ConcatTransform [0.983677 0.179941 0.000216 0.0 -0.148414 0.810648 0.566412 0.0 0.101746 -0.557199 0.824122 0.0 -0.305987 -0.471802 -0.201849 1.0]
256
	ConcatTransform [1.1 0.0 0.0 0.0 0.0 1.1 0.0 0.0 0.0 0.0 1.1 0.0 -9.609 0.05 6.704 1.0]
	ConcatTransform [0.972698 0.229938 -0.031432 0.0 -0.168379 0.792429 0.586263 0.0 0.159712 -0.564964 0.809511 0.0 -0.287943 -0.475965 -0.209798 1.0]
257
	ConcatTransform [1.1 0.0 0.0 0.0 0.0 1.1 0.0 0.0 0.0 0.0 1.1 0.0 -9.609 0.05 6.704 1.0]
	ConcatTransform [0.96191 0.269205 -0.04751 0.0 -0.191932 0.788843 0.583856 0.0 0.194655 -0.552499 0.810466 0.0 -0.274167 -0.479255 -0.210482 1.0]
258
	ConcatTransform [1.1 0.0 0.0 0.0 0.0 1.1 0.0 0.0 0.0 0.0 1.1 0.0 -9.609 0.05 6.704 1.0]
	ConcatTransform [0.942637 0.327638 -0.063943 0.0 -0.233333 0.783669 0.57569 0.0 0.238728 -0.527746 0.815164 0.0 -0.251438 -0.484508 -0.204853 1.0]
259
	ConcatTransform [1.1 0.0 0.0 0.0 0.0 1.1 0.0 0.0 0.0 0.0 1.1 0.0 -9.609 0.05 6.704 1.0]
	ConcatTransform [0.927784 0.365593 -0.074562 0.0 -0.263896 0.784229 0.561554 0.0 0.263774 -0.501324 0.824074 0.0 -0.235886 -0.488766 -0.198206 1.0]
260
	ConcatTransform [1.1 0.0 0.0 0.0 0.0 1.1 0.0 0.0 0.0 0.0 1.1 0.0 -9.609 0.05 6.704 1.0]
	ConcatTransform [0.909667 0.404683 -0.093473 0.0 -0.291189 0.781877 0.55125 0.0 0.296165 -0.474236 0.829088 0.0 -0.213015 -0.491175 -0.184484 1.0]
261
	ConcatTransform [1.1 0.0 0.0 0.0 0.0 1.1 0.0 0.0 0.0 0.0 1.1 0.0 -9.609 0.05 6.704 1.0]
	ConcatTransform [0.902835 0.421118 -0.086882 0.0 -0.312704 0.781724 0.539559 0.0 0.295136 -0.459965 0.837453 0.0 -0.200427 -0.489 -0.178097 1.0]
262
	ConcatTransform [1.1 0.0 0.0 0.0 0.0 1.1 0.0 0.0 0.0 0.0 1.1 0.0 -9.609 0.05 6.704 1.0]
	ConcatTransform [0.894001 0.443943 -0.060638 0.0 -0.352547 0.780471 0.51631 0.0 0.276538 -0.440204 0.854252 0.0 -0.184988 -0.485424 -0.170815 1.0]
263
	ConcatTransform [1.1 0.0 0.0 0.0 0.0 1.1 0.0 0.0 0.0 0.0 1.1 0.0 -9.609 0.05 6.704 1.0]
	ConcatTransform [0.88842 0.456829 -0.044915 0.0 -0.373418 0.776158 0.508072 0.0 0.266963 -0.43461 0.860143 0.0 -0.177224 -0.483741 -0.16745 1.0]
264
	ConcatTransform [1.1 0.0 0.0 0.0 0.0 1.1 0.0 0.0 0.0 0.0 1.1 0.0 -9.609 0.05 6.704 1.0]
	ConcatTransform [0.883016 0.469018 -0.01747 0.0 -0.399036 0.769817 0.498149 0.0 0.24709 -0.432902 0.866916 0.0 -0.169278 -0.482362 -0.164303 1.0]
265
	ConcatTransform [1.1 0.0 0.0 0.0 0.0 1.1 0.0 0.0 0.0 0.0 1.1 0.0 -9.609 0.05 6.704 1.0]
	ConcatTransform [0.882793 0.469757 0.00227 0.0 -0.409521 0.767208 0.493643 0.0 0.230151 -0.436714 0.869662 0.0 -0.166396 -0.482578 -0.163723 1.0]
266
	ConcatTransform [1.1 0.0 0.0 0.0 0.0 1.1 0.0 0.0 0.0 0.0 1.1 0.0 -9.609 0.05 6.704 1.0]
	ConcatTransform [0.887024 0.461277 0.020284 0.0 -0.411381 0.769602 0.488343 0.0 0.209651 -0.441517 0.872416 0.0 -0.166123 -0.483625 -0.165842 1.0]
267
	ConcatTransform [1.1 0.0 0.0 0.0 0.0 1.1 0.0 0.0 0.0 0.0 1.1 0.0 -9.609 0.05 6.704 1.0]
	ConcatTransform [0.891199 0.453175 0.019916 0.0 -0.402646 0.770086 0.494817 0.0 0.208902 -0.449 0.868769 0.0 -0.1688 -0.484966 -0.168769 1.0]
268
	ConcatTransform [1.1 0.0 0.0 0.0 0.0 1.1 0.0 0.0 0.0 0.0 1.1 0.0 -9.609 0.05 6.704 1.0]
	ConcatTransform [0.899032 0.437337 0.021855 0.0 -0.386948 0.770104 0.50716 0.0 0.204969 -0.46441 0.861575 0.0 -0.177045 -0.48753 -0.175158 1.0]
269
	ConcatTransform [1.1 0.0 0.0 0.0 0.0 1.1 0.0 0.0 0.0 0.0 1.1 0.0 -9.609 0.05 6.704 1.0]
	ConcatTransform [0.906891 0.420682 0.023993 0.0 -0.371505 0.771412 0.516632 0.0 0.198829 -0.477442 0.855871 0.0 -0.184939 -0.489611 -0.179748 1.0]
270
	ConcatTransform [1.1 0.0 0.0 0.0 0.0 1.1 0.0 0.0 0.0 0.0 1.1 0.0 -9.609 0.05 6.704 1.0]
	ConcatTransform [0.917577 0.397263 0.015322 0.0 -0.347831 0.783543 0.514853 0.0 0.192526 -0.477747 0.857142 0.0 -0.199515 -0.491501 -0.179758 1.0]
271
	ConcatTransform [1.1 0.0 0.0 0.0 0.0 1.1 0.0 0.0 0.0 0.0 1.1 0.0 -9.609 0.05 6.704 1.0]
	ConcatTransform [0.926894 0.374883 0.01817 0.0 -0.331372 0.794661 0.508632 0.0 0.176238 -0.477469 0.860792 0.0 -0.210291 -0.492858 -0.177394 1.0]
272
	ConcatTransform [1.1 0.0 0.0 0.0 0.0 1.1 0.0 0.0 0.0 0.0 1.1 0.0 -9.609 0.05 6.704 1.0]
	ConcatTransform [0.937342 0.348381 0.004497 0.0 -0.302242 0.806647 0.507907 0.0 0.173318 -0.477442 0.8614 0.0 -0.228184 -0.4934 -0.172905 1.0]
273
	ConcatTransform [1.1 0.0 0.0 0.0 0.0 1.1 0.0 0.0 0.0 0.0 1.1 0.0 -9.609 0.05 6.704 1.0]
	ConcatTransform [0.941993 0.335611 0.003861 0.0 -0.290802 0.810369 0.508662 0.0 0.167584 -0.480278 0.860958 0.0 -0.238805 -0.492299 -0.170779 1.0]
274
	ConcatTransform [1.1 0.0 0.0 0.0 0.0 1.1 0.0 0.0 0.0 0.0 1.1 0.0 -9.609 0.05 6.704 1.0]
	ConcatTransform [0.949606 0.313283 -0.010138 0.0 -0.264459 0.818137 0.510601 0.0 0.168256 -0.482189 0.859758 0.0 -0.251948 -0.49008 -0.167963 1.0]
275
	ConcatTransform [1.1 0.0 0.0 0.0 0.0 1.1 0.0 0.0 0.0 0.0 1.1 0.0 -9.609 0.05 6.704 1.0]
	ConcatTransform [0.951514 0.306894 -0.020914 0.0 -0.253393 0.820552 0.512334 0.0 0.174393 -0.482194 0.858531 0.0 -0.258709 -0.489163 -0.166036 1.0]
276
	ConcatTransform [1.1 0.0 0.0 0.0 0.0 1.1 0.0 0.0 0.0 0.0 1.1 0.0 -9.609 0.05 6.704 1.0]
	ConcatTransform [0.954505 0.297848 -0.014357 0.0 -0.249864 0.825153 0.506646 0.0 0.16275 -0.480009 0.862035 0.0 -0.264525 -0.488336 -0.163985 1.0]
277
	ConcatTransform [1.1 0.0 0.0 0.0 0.0 1.1 0.0 0.0 0.0 0.0 1.1 0.0 -9.609 0.05 6.704 1.0]
	ConcatTransform [0.954748 0.297287 -0.008708 0.0 -0.252283 0.825026 0.505654 0.0 0.157509 -0.480575 0.862692 0.0 -0.265836 -0.48809 -0.163105 1.0]
278
	ConcatTransform [1.1 0.0 0.0 0.0 0.0 1.1 0.0 0.0 0.0 0.0 1.1 0.0 -9.609 0.05 6.704 1.0]
	ConcatTransform [0.952436 0.304667 -0.006609 0.0 -0.259899 0.823427 0.5044 0.0 0.159116 -0.478691 0.863445 0.0 -0.264097 -0.488978 -0.16284 1.0]
279
	ConcatTransform [1.1 0.0 0.0 0.0 0.0 1.1 0.0 0.0 0.0 0.0 1.1 0.0 -9.609 0.05 6.704 1.0]
	ConcatTransform [0.949937 0.312279 -0.010091 0.0 -0.26434 0.820489 0.506875 0.0 0.166566 -0.478832 0.86196 0.0 -0.260346 -0.489769 -0.163169 1.0]
280
	ConcatTransform [1.1 0.0 0.0 0.0 0.0 1.1 0.0 0.0 0.0 0.0 1.1 0.0 -9.609 0.05 6.704 1.0]
	ConcatTransform [0.944014 0.329755 -0.01002 0.0 -0.27839 0.812531 0.512144 0.0 0.177024 -0.480681 0.858841 0.0 -0.251651 -0.491449 -0.164381 1.0]
281
	ConcatTransform [1.1 0.0 0.0 0.0 0.0 1.1 0.0 0.0 0.0 0.0 1.1 0.0 -9.609 0.05 6.704 1.0]
	ConcatTransform [0.938406 0.345482 -0.006095 0.0 -0.293868 0.80724 0.511865 0.0 0.18176 -0.478546 0.859044 0.0 -0.243966 -0.492892 -0.16522 1.0]
282
	ConcatTransform [1.1 0.0 0.0 0.0 0.0 1.1 0.0 0.0 0.0 0.0 1.1 0.0 -9.609 0.05 6.704 1.0]
	ConcatTransform [0.927498 0.373809 -0.003875 0.0 -0.318232 0.794954 0.516505 0.0 0.196154 -0.477824 0.856275 0.0 -0.230521 -0.494276 -0.167071 1.0]
283
	ConcatTransform [1.1 0.0 0.0 0.0 0.0 1.1 0.0 0.0 0.0 0.0 1.1 0.0 -9.609 0.05 6.704 1.0]
	ConcatTransform [0.920549 0.390626 0.000458 0.0 -0.334054 0.786624 0.519259 0.0 0.202476 -0.478157 0.854617 0.0 -0.221551 -0.493639 -0.169341 1.0]
284
	ConcatTransform [1.1 0.0 0.0 0.0 0.0 1.1 0.0 0.0 0.0 0.0 1.1 0.0 -9.609 0.05 6.704 1.0]
	ConcatTransform [0.911486 0.411247 0.008345 0.0 -0.354248 0.774521 0.524047 0.0 0.20905 -0.480618 0.851648 0.0 -0.210249 -0.491501 -0.172274 1.0]
285
	ConcatTransform [1.1 0.0 0.0 0.0 0.0 1.1 0.0 0.0 0.0 0.0 1.1 0.0 -9.609 0.05 6.704 1.0]
	ConcatTransform [0.90597 0.423297 0.006172 0.0 -0.363075 0.769414 0.525527 0.0 0.217705 -0.478352 0.850755 0.0 -0.204128 -0.490259 -0.172687 1.0]
286
	ConcatTransform [1.1 0.0 0.0 0.0 0.0 1.1 0.0 0.0 0.0 0.0 1.1 0.0 -9.609 0.05 6.704 1.0]
	ConcatTransform [0.899579 0.436703 0.006894 0.0 -0.374627 0.7634 0.52619 0.0 0.224525 -0.475932 0.850339 0.0 -0.197551 -0.488809 -0.172884 1.0]
287
	ConcatTransform [1.1 0.0 0.0 0.0 0.0 1.1 0.0 0.0 0.0 0.0 1.1 0.0 -9.609 0.05 6.704 1.0]
	ConcatTransform [0.89839 0.439168 0.005207 0.0 -0.375833 0.762585 0.526511 0.0 0.227256 -0.474969 0.850152 0.0 -0.194917 -0.488451 -0.17283 1.0]
288
	ConcatTransform [1.1 0.0 0.0 0.0 0.0 1.1 0.0 0.0 0.0 0.0 1.1 0.0 -9.609 0.05 6.704 1.0]
	ConcatTransform [0.89871 0.438519 0.004608 0.0 -0.375085 0.76318 0.526182 0.0 0.227224 -0.474613 0.85036 0.0 -0.193772 -0.488482 -0.171985 1.0]
289
	ConcatTransform [1.1 0.0 0.0 0.0 0.0 1.1 0.0 0.0 0.0 0.0 1.1 0.0 -9.609 0.05 6.704 1.0]
	ConcatTransform [0.900934 0.433921 0.005617 0.0 -0.371893 0.765348 0.525298 0.0 0.223639 -0.475347 0.8509 0.0 -0.195001 -0.488764 -0.171594 1.0]
290
	ConcatTransform [1.1 0.0 0.0 0.0 0.0 1.1 0.0 0.0 0.0 0.0 1.1 0.0 -9.609 0.05 6.704 1.0]
	ConcatTransform [0.907068 0.420948 0.005619 0.0 -0.361263 0.771466 0.523765 0.0 0.216143 -0.47712 0.851844 0.0 -0.199629 -0.489751 -0.170885 1.0]
291
	ConcatTransform [1.1 0.0 0.0 0.0 0.0 1.1 0.0 0.0 0.0 0.0 1.1 0.0 -9.609 0.05 6.704 1.0]
	ConcatTransform [0.911709 0.410795 0.005882 0.0 -0.353208 0.776429 0.521922 0.0 0.209836 -0.477918 0.852973 0.0 -0.204565 -0.49046 -0.170063 1.0]
292
	ConcatTransform [1.1 0.0 0.0 0.0 0.0 1.1 0.0 0.0 0.0 0.0 1.1 0.0 -9.609 0.05 6.704 1.0]
	ConcatTransform [0.920909 0.389677 0.008817 0.0 -0.337631 0.7862 0.517586 0.0 0.194759 -0.479627 0.855586 0.0 -0.214358 -0.491816 -0.168699 1.0]
293
	ConcatTransform [1.1 0.0 0.0 0.0 0.0 1.1 0.0 0.0 0.0 0.0 1.1 0.0 -9.609 0.05 6.704 1.0]
	ConcatTransform [0.929101 0.369643 0.011628 0.0 -0.321462 0.791654 0.519563 0.0 0.182847 -0.486464 0.854353 0.0 -0.222231 -0.493342 -0.168186 1.0]
294
	ConcatTransform [1.1 0.0 0.0 0.0 0.0 1.1 0.0 0.0 0.0 0.0 1.1 0.0 -9.609 0.05 6.704 1.0]
	ConcatTransform [0.936328 0.35101 0.009037 0.0 -0.306054 0.803249 0.511001 0.0 0.172107 -0.48123 0.859533 0.0 -0.234823 -0.493658 -0.166608 1.0]
295
	ConcatTransform [1.1 0.0 0.0 0.0 0.0 1.1 0.0 0.0 0.0 0.0 1.1 0.0 -9.609 0.05 6.704 1.0]
	ConcatTransform [0.939742 0.341883 0.000763 0.0 -0.294554 0.808509 0.509462 0.0 0.173559 -0.478987 0.860493 0.0 -0.241298 -0.492762 -0.165972 1.0]
296
	ConcatTransform [1.1 0.0 0.0 0.0 0.0 1.1 0.0 0.0 0.0 0.0 1.1 0.0 -9.609 0.05 6.704 1.0]
	ConcatTransform [0.943472 0.331328 -0.009088 0.0 -0.280328 0.812276 0.511492 0.0 0.176853 -0.48003 0.85924 0.0 -0.247753 -0.491722 -0.165058 1.0]
297
	ConcatTransform [1.1 0.0 0.0 0.0 0.0 1.1 0.0 0.0 0.0 0.0 1.1 0.0 -9.609 0.05 6.704 1.0]
	ConcatTransform [0.943099 0.332195 -0.014484 0.0 -0.2781 0.811904 0.513296 0.0 0.182274 -0.480061 0.85809 0.0 -0.249918 -0.491595 -0.164913 1.0]
298
	ConcatTransform [1.1 0.0 0.0 0.0 0.0 1.1 0.0 0.0 0.0 0.0 1.1 0.0 -9.609 0.05 6.704 1.0]
	ConcatTransform [0.941627 0.335854 -0.023262 0.0 -0.276464 0.810845 0.515847 0.0 0.192111 -0.479304 0.856365 0.0 -0.249743 -0.491943 -0.165098 1.0]
299
	ConcatTransform [1.1 0.0 0.0 0.0 0.0 1.1 0.0 0.0 0.0 0.0 1.1 0.0 -9.609 0.05 6.704 1.0]
	ConcatTransform [0.939714 0.341396 -0.019644 0.0 -0.283265 0.809313 0.514562 0.0 0.191568 -0.477976 0.857228 0.0 -0.24723 -0.492729 -0.165554 1.0]
300
	ConcatTransform [1.1 0.0 0.0 0.0 0.0 1.1 0.0 0.0 0.0 0.0 1.1 0.0 -9.609 0.05 6.704 1.0]
	ConcatTransform [0.936634 0.350167 -0.010002 0.0 -0.296174 0.806815 0.511205 0.0 0.187076 -0.47585 0.859401 0.0 -0.242673 -0.493403 -0.168044 1.0]
301
	ConcatTransform [1.1 0.0 0.0 0.0 0.0 1.1 0.0 0.0 0.0 0.0 1.1 0.0 -9.609 0.05 6.704 1.0]
	ConcatTransform [0.93549 0.353354 4.7e-05 0.0 -0.303211 0.802669 0.513602 0.0 0.181446 -0.480483 0.858029 0.0 -0.240678 -0.493576 -0.171373 1.0]
302
	ConcatTransform [1.1 0.0 0.0 0.0 0.0 1.1 0.0 0.0 0.0 0.0 1.1 0.0 -9.609 0.05 6.704 1.0]
	ConcatTransform [0.934261 0.356506 0.007745 0.0 -0.309821 0.800785 0.512596 0.0 0.176542 -0.481298 0.858595 0.0 -0.23822 -0.493433 -0.174019 1.0]
303
	ConcatTransform [1.1 0.0 0.0 0.0 0.0 1.1 0.0 0.0 0.0 0.0 1.1 0.0 -9.609 0.05 6.704 1.0]
	ConcatTransform [0.932978 0.359767 0.010921 0.0 -0.314398 0.799801 0.511345 0.0 0.17523 -0.480507 0.859306 0.0 -0.237089 -0.493353 -0.1748 1.0]
304
	ConcatTransform [1.1 0.0 0.0 0.0 0.0 1.1 0.0 0.0 0.0 0.0 1.1 0.0 -9.609 0.05 6.704 1.0]
	ConcatTransform [0.932705 0.360473 0.011015 0.0 -0.31511 0.799712 0.511044 0.0 0.175409 -0.480124 0.859484 0.0 -0.23614 -0.493342 -0.175505 1.0]
305
	ConcatTransform [1.1 0.0 0.0 0.0 0.0 1.1 0.0 0.0 0.0 0.0 1.1 0.0 -9.609 0.05 6.704 1.0]
	ConcatTransform [0.932709 0.360447 0.011469 0.0 -0.315386 0.79986 0.510642 0.0 0.174885 -0.479898 0.859717 0.0 -0.236017 -0.493326 -0.175409 1.0]
306
	ConcatTransform [1.1 0.0 0.0 0.0 0.0 1.1 0.0 0.0 0.0 0.0 1.1 0.0 -9.609 0.05 6.704 1.0]
	ConcatTransform [0.933973 0.357172 0.011043 0.0 -0.31253 0.801475 0.509865 0.0 0.173259 -0.479652 0.860183 0.0 -0.2367 -0.493402 -0.175287 1.0]
307
	ConcatTransform [1.1 0.0 0.0 0.0 0.0 1.1 0.0 0.0 0.0 0.0 1.1 0.0 -9.609 0.05 6.704 1.0]
	ConcatTransform [0.934926 0.354635 0.012176 0.0 -0.31102 0.80246 0.50924 0.0 0.170823 -0.479888 0.860539 0.0 -0.237831 -0.493452 -0.175236 1.0]
308
	ConcatTransform [1.1 0.0 0.0 0.0 0.0 1.1 0.0 0.0 0.0 0.0 1.1 0.0 -9.609 0.05 6.704 1.0]
	ConcatTransform [0.93687 0.349346 0.015197 0.0 -0.308155 0.804302 0.508074 0.0 0.165271 -0.480683 0.861179 0.0 -0.240131 -0.493536 -0.175015 1.0]
309
	ConcatTransform [1.1 0.0 0.0 0.0 0.0 1.1 0.0 0.0 0.0 0.0 1.1 0.0 -9.609 0.05 6.704 1.0]
	ConcatTransform [0.936941 0.349191 0.014432 0.0 -0.30773 0.804711 0.507684 0.0 0.165665 -0.480111 0.861423 0.0 -0.240487 -0.493533 -0.174824 1.0]
310
	ConcatTransform [1.1 0.0 0.0 0.0 0.0 1.1 0.0 0.0 0.0 0.0 1.1 0.0 -9.609 0.05 6.704 1.0]
	ConcatTransform [0.936762 0.349652 0.01486 0.0 -0.308177 0.804033 0.508486 0.0 0.165845 -0.480909 0.860942 0.0 -0.240196 -0.493518 -0.175268 1.0]
311
	ConcatTransform [1.1 0.0 0.0 0.0 0.0 1.1 0.0 0.0 0.0 0.0 1.1 0.0 -9.609 0.05 6.704 1.0]
	ConcatTransform [0.936385 0.350709 0.013676 0.0 -0.308414 0.803609 0.509013 0.0 0.167525 -0.48085 0.86065 0.0 -0.239795 -0.493521 -0.175396 1.0]
312
	ConcatTransform [1.1 0.0 0.0 0.0 0.0 1.1 0.0 0.0 0.0 0.0 1.1 0.0 -9.609 0.05 6.704 1.0]
	ConcatTransform [0.936175 0.351238 0.014435 0.0 -0.30924 0.803317 0.508971 0.0 0.167174 -0.48095 0.860663 0.0 -0.239315 -0.493534 -0.175449 1.0]
313
	ConcatTransform [1.1 0.0 0.0 0.0 0.0 1.1 0.0 0.0 0.0 0.0 1.1 0.0 -9.609 0.05 6.704 1.0]
	ConcatTransform [0.936234 0.3511 0.01393 0.0 -0.308878 0.803454 0.508975 0.0 0.167509 -0.480823 0.860669 0.0 -0.239432 -0.49352 -0.175481 1.0]
314
	ConcatTransform [1.1 0.0 0.0 0.0 0.0 1.1 0.0 0.0 0.0 0.0 1.1 0.0 -9.609 0.05 6.704 1.0]
	ConcatTransform [0.936854 0.349517 0.011947 0.0 -0.306396 0.803842 0.509863 0.0 0.168602 -0.481327 0.860173 0.0 -0.240253 -0.493565 -0.175495 1.0]
315
	ConcatTransform [1.1 0.0 0.0 0.0 0.0 1.1 0.0 0.0 0.0 0.0 1.1 0.0 -9.609 0.05 6.704 1.0]
	ConcatTransform [0.936569 0.350302 0.011296 0.0 -0.306705 0.803558 0.510124 0.0 0.169621 -0.481231 0.860027 0.0 -0.240305 -0.493577 -0.175732 1.0]
316
	ConcatTransform [1.1 0.0 0.0 0.0 0.0 1.1 0.0 0.0 0.0 0.0 1.1 0.0 -9.609 0.05 6.704 1.0]
	ConcatTransform [0.936255 0.351123 0.011794 0.0 -0.307749 0.803483 0.509613 0.0 0.16946 -0.480757 0.860323 0.0 -0.239821 -0.493538 -0.175574 1.0]
317
	ConcatTransform [1.1 0.0 0.0 0.0 0.0 1.1 0.0 0.0 0.0 0.0 1.1 0.0 -9.609 0.05 6.704 1.0]
	ConcatTransform [0.936123 0.351479 0.01163 0.0 -0.308007 0.803481 0.509461 0.0 0.16972 -0.4805 0.860415 0.0 -0.239557 -0.493515 -0.175461 1.0]
318
	ConcatTransform [1.1 0.0 0.0 0.0 0.0 1.1 0.0 0.0 0.0 0.0 1.1 0.0 -9.609 0.05 6.704 1.0]
	ConcatTransform [0.936089 0.35157 0.011626 0.0 -0.308086 0.803461 0.509445 0.0 0.169764 -0.480468 0.860425 0.0 -0.239482 -0.493504 -0.175361 1.0]
319
	ConcatTransform [1.1 0.0 0.0 0.0 0.0 1.1 0.0 0.0 0.0 0.0 1.1 0.0 -9.609 0.05 6.704 1.0]
	ConcatTransform [0.93598 0.351873 0.01127 0.0 -0.30815 0.803356 0.509571 0.0 0.17025 -0.480421 0.860355 0.0 -0.239313 -0.493507 -0.175292 1.0]
320
	ConcatTransform [1.1 0.0 0.0 0.0 0.0 1.1 0.0 0.0 0.0 0.0 1.1 0.0 -9.609 0.05 6.704 1.0]
	ConcatTransform [0.936007 0.351795 0.011456 0.0 -0.308221 0.803487 0.509322 0.0 0.169973 -0.480259 0.8605 0.0 -0.239311 -0.493496 -0.175213 1.0]
321
	ConcatTransform [1.1 0.0 0.0 0.0 0.0 1.1 0.0 0.0 0.0 0.0 1.1 0.0 -9.609 0.05 6.704 1.0]
	ConcatTransform [0.936101 0.35154 0.011602 0.0 -0.308107 0.803641 0.509147 0.0 0.169662 -0.480188 0.860601 0.0 -0.239437 -0.49348 -0.175151 1.0]
322
	ConcatTransform [1.1 0.0 0.0 0.0 0.0 1.1 0.0 0.0 0.0 0.0 1.1 0.0 -9.609 0.05 6.704 1.0]
	ConcatTransform [0.936147 0.351419 0.011587 0.0 -0.30795 0.803555 0.509379 0.0 0.169694 -0.480421 0.860465 0.0 -0.239601 -0.493479 -0.175277 1.0]
323
	ConcatTransform [1.1 0.0 0.0 0.0 0.0 1.1 0.0 0.0 0.0 0.0 1.1 0.0 -9.609 0.05 6.704 1.0]
	ConcatTransform [0.936114 0.351479 0.012332 0.0 -0.308246 0.803076 0.509955 0.0 0.169335 -0.481177 0.860113 0.0 -0.239924 -0.493518 -0.175864 1.0]
324
	ConcatTransform [1.1 0.0 0.0 0.0 0.0 1.1 0.0 0.0 0.0 0.0 1.1 0.0 -9.609 0.05 6.704 1.0]
	ConcatTransform [0.936468 0.350523 0.012682 0.0 -0.307762 0.803807 0.509095 0.0 0.168256 -0.480654 0.860617 0.0 -0.240452 -0.493495 -0.176055 1.0]
325
	ConcatTransform [1.1 0.0 0.0 0.0 0.0 1.1 0.0 0.0 0.0 0.0 1.1 0.0 -9.609 0.05 6.704 1.0]
	ConcatTransform [0.936421 0.350657 0.012427 0.0 -0.307778 0.803875 0.508977 0.0 0.168487 -0.480441 0.860691 0.0 -0.240741 -0.493496 -0.175997 1.0]
326
	ConcatTransform [1.1 0.0 0.0 0.0 0.0 1.1 0.0 0.0 0.0 0.0 1.1 0.0 -9.609 0.05 6.704 1.0]
	ConcatTransform [0.936224 0.351182 0.012495 0.0 -0.308289 0.803773 0.508829 0.0 0.168649 -0.48023 0.860777 0.0 -0.240661 -0.493497 -0.175977 1.0]
327
	ConcatTransform [1.1 0.0 0.0 0.0 0.0 1.1 0.0 0.0 0.0 0.0 1.1 0.0 -9.609 0.05 6.704 1.0]
	ConcatTransform [0.936358 0.350805 0.013001 0.0 -0.308267 0.803969 0.508532 0.0 0.167943 -0.480176 0.860945 0.0 -0.240825 -0.493484 -0.1759 1.0]
328
	ConcatTransform [1.1 0.0 0.0 0.0 0.0 1.1 0.0 0.0 0.0 0.0 1.1 0.0 -9.609 0.05 6.704 1.0]
	ConcatTransform [0.936317 0.350934 0.012503 0.0 -0.308081 0.803854 0.508827 0.0 0.168514 -0.480275 0.860778 0.0 -0.240771 -0.493493 -0.175975 1.0]
329
	ConcatTransform [1.1 0.0 0.0 0.0 0.0 1.1 0.0 0.0 0.0 0.0 1.1 0.0 -9.609 0.05 6.704 1.0]
	ConcatTransform [0.936426 0.350612 0.013349 0.0 -0.308257 0.803938 0.508588 0.0 0.167585 -0.48037 0.860907 0.0 -0.240853 -0.49354 -0.175963 1.0]
330
	ConcatTransform [1.1 0.0 0.0 0.0 0.0 1.1 0.0 0.0 0.0 0.0 1.1 0.0 -9.609 0.05 6.704 1.0]
	ConcatTransform [0.936268 0.351031 0.013425 0.0 -0.308657 0.8038 0.508563 0.0 0.167731 -0.480294 0.86092 0.0 -0.24064 -0.493509 -0.175962 1.0]
331
	ConcatTransform [1.1 0.0 0.0 0.0 0.0 1.1 0.0 0.0 0.0 0.0 1.1 0.0 -9.609 0.05 6.704 1.0]
	ConcatTransform [0.936234 0.351101 0.013963 0.0 -0.309017 0.803799 0.508345 0.0 0.167257 -0.480244 0.86104 0.0 -0.240643 -0.493506 -0.17596 1.0]
332
	ConcatTransform [1.1 0.0 0.0 0.0 0.0 1.1 0.0 0.0 0.0 0.0 1.1 0.0 -9.609 0.05 6.704 1.0]
	ConcatTransform [0.936273 0.350956 0.014943 0.0 -0.309421 0.803835 0.508043 0.0 0.166289 -0.480291 0.861202 0.0 -0.240656 -0.493491 -0.176016 1.0]
333
	ConcatTransform [1.1 0.0 0.0 0.0 0.0 1.1 0.0 0.0 0.0 0.0 1.1 0.0 -9.609 0.05 6.704 1.0]
	ConcatTransform [0.936163 0.351246 0.014973 0.0 -0.30969 0.803749 0.508016 0.0 0.166404 -0.480223 0.861218 0.0 -0.240518 -0.493493 -0.176009 1.0]
334
	ConcatTransform [1.1 0.0 0.0 0.0 0.0 1.1 0.0 0.0 0.0 0.0 1.1 0.0 -9.609 0.05 6.704 1.0]
	ConcatTransform [0.93604 0.351614 0.014029 0.0 -0.30934 0.803188 0.509115 0.0 0.167744 -0.480891 0.860584 0.0 -0.240307 -0.493503 -0.176324 1.0]
335
	ConcatTransform [1.1 0.0 0.0 0.0 0.0 1.1 0.0 0.0 0.0 0.0 1.1 0.0 -9.609 0.05 6.704 1.0]
	ConcatTransform [0.936074 0.351514 0.014246 0.0 -0.309395 0.803288 0.508924 0.0 0.16745 -0.480798 0.860694 0.0 -0.240268 -0.493501 -0.176395 1.0]
336
	ConcatTransform [1.1 0.0 0.0 0.0 0.0 1.1 0.0 0.0 0.0 0.0 1.1 0.0 -9.609 0.05 6.704 1.0]
	ConcatTransform [0.936636 0.34998 0.015051 0.0 -0.308609 0.804062 0.508179 0.0 0.16575 -0.480624 0.86112 0.0 -0.240256 -0.493587 -0.176236 1.0]
337
	ConcatTransform [1.1 0.0 0.0 0.0 0.0 1.1 0.0 0.0 0.0 0.0 1.1 0.0 -9.609 0.05 6.704 1.0]
	ConcatTransform [0.936698 0.349821 0.014916 0.0 -0.308447 0.804254 0.507972 0.0 0.165703 -0.480418 0.861244 0.0 -0.240504 -0.49355 -0.175975 1.0]
338
	ConcatTransform [1.1 0.0 0.0 0.0 0.0 1.1 0.0 0.0 0.0 0.0 1.1 0.0 -9.609 0.05 6.704 1.0]
	ConcatTransform [0.936332 0.350732 0.016399 0.0 -0.309551 0.802547 0.509997 0.0 0.165711 -0.482603 0.86002 0.0 -0.240256 -0.493629 -0.175825 1.0]
339
	ConcatTransform [1.1 0.0 0.0 0.0 0.0 1.1 0.0 0.0 0.0 0.0 1.1 0.0 -9.609 0.05 6.704 1.0]
	ConcatTransform [0.935983 0.351568 0.018326 0.0 -0.311425 0.802588 0.508789 0.0 0.164166 -0.481925 0.860696 0.0 -0.240004 -0.493588 -0.175685 1.0]
340
	ConcatTransform [1.1 0.0 0.0 0.0 0.0 1.1 0.0 0.0 0.0 0.0 1.1 0.0 -9.609 0.05 6.704 1.0]
	ConcatTransform [0.936161 0.35111 0.018009 0.0 -0.311143 0.803571 0.507408 0.0 0.163685 -0.480619 0.861517 0.0 -0.240151 -0.493528 -0.174922 1.0]
341
	ConcatTransform [1.1 0.0 0.0 0.0 0.0 1.1 0.0 0.0 0.0 0.0 1.1 0.0 -9.609 0.05 6.704 1.0]
	ConcatTransform [0.936541 0.350091 0.018116 0.0 -0.310423 0.804197 0.506857 0.0 0.162877 -0.480316 0.86184 0.0 -0.24059 -0.493477 -0.174685 1.0]
342
	ConcatTransform [1.1 0.0 0.0 0.0 0.0 1.1 0.0 0.0 0.0 0.0 1.1 0.0 -9.609 0.05 6.704 1.0]
	ConcatTransform [0.936882 0.349233 0.016969 0.0 -0.309094 0.804565 0.507085 0.0 0.163438 -0.480324 0.861729 0.0 -0.240892 -0.493508 -0.174526 1.0]
343
	ConcatTransform [1.1 0.0 0.0 0.0 0.0 1.1 0.0 0.0 0.0 0.0 1.1 0.0 -9.609 0.05 6.704 1.0]
	ConcatTransform [0.936505 0.350289 0.016005 0.0 -0.309503 0.804283 0.507285 0.0 0.164824 -0.480028 0.86163 0.0 -0.24051 -0.493533 -0.17448 1.0]
344
	ConcatTransform [1.1 0.0 0.0 0.0 0.0 1.1 0.0 0.0 0.0 0.0 1.1 0.0 -9.609 0.05 6.704 1.0]
	ConcatTransform [0.936397 0.350558 0.016447 0.0 -0.309915 0.804026 0.507439 0.0 0.164663 -0.480261 0.861531 0.0 -0.240383 -0.493541 -0.174747 1.0]
345
	ConcatTransform [1.1 0.0 0.0 0.0 0.0 1.1 0.0 0.0 0.0 0.0 1.1 0.0 -9.609 0.05 6.704 1.0]
	ConcatTransform [0.936293 0.350779 0.017604 0.0 -0.310537 0.803381 0.50808 0.0 0.164081 -0.481178 0.86113 0.0 -0.240252 -0.493554 -0.174879 1.0]
346
	ConcatTransform [1.1 0.0 0.0 0.0 0.0 1.1 0.0 0.0 0.0 0.0 1.1 0.0 -9.609 0.05 6.704 1.0]
	ConcatTransform [0.935613 0.352451 0.020157 0.0 -0.313192 0.802336 0.508102 0.0 0.162908 -0.4817 0.861061 0.0 -0.239709 -0.493553 -0.175498 1.0]
347
	ConcatTransform [1.1 0.0 0.0 0.0 0.0 1.1 0.0 0.0 0.0 0.0 1.1 0.0 -9.609 0.05 6.704 1.0]
	ConcatTransform [0.935282 0.353262 0.021268 0.0 -0.314479 0.802028 0.507793 0.0 0.162327 -0.481619 0.861216 0.0 -0.239256 -0.493501 -0.175658 1.0]
348
	ConcatTransform [1.1 0.0 0.0 0.0 0.0 1.1 0.0 0.0 0.0 0.0 1.1 0.0 -9.609 0.05 6.704 1.0]
	ConcatTransform [0.935479 0.35276 0.020973 0.0 -0.314052 0.802685 0.507019 0.0 0.162021 -0.480892 0.861679 0.0 -0.239358 -0.493482 -0.175444 1.0]
349
	ConcatTransform [1.1 0.0 0.0 0.0 0.0 1.1 0.0 0.0 0.0 0.0 1.1 0.0 -9.609 0.05 6.704 1.0]
	ConcatTransform [0.935811 0.351917 0.020317 0.0 -0.313059 0.803225 0.506777 0.0 0.162024 -0.480608 0.861838 0.0 -0.239772 -0.493482 -0.175202 1.0]
350
	ConcatTransform [1.1 0.0 0.0 0.0 0.0 1.1 0.0 0.0 0.0 0.0 1.1 0.0 -9.609 0.05 6.704 1.0]
	ConcatTransform [0.935986 0.351482 0.019747 0.0 -0.312469 0.80364 0.506483 0.0 0.16215 -0.480232 0.862024 0.0 -0.240174 -0.493481 -0.174889 1.0]
351
	ConcatTransform [1.1 0.0 0.0 0.0 0.0 1.1 0.0 0.0 0.0 0.0 1.1 0.0 -9.609 0.05 6.704 1.0]
	ConcatTransform [0.935996 0.351443 0.020001 0.0 -0.312587 0.803694 0.506325 0.0 0.16187 -0.48017 0.862111 0.0 -0.240237 -0.493477 -0.174848 1.0]
352
	ConcatTransform [1.1 0.0 0.0 0.0 0.0 1.1 0.0 0.0 0.0 0.0 1.1 0.0 -9.609 0.05 6.704 1.0]
	ConcatTransform [0.93595 0.351571 0.019881 0.0 -0.312621 0.803618 0.506425 0.0 0.162068 -0.480204 0.862055 0.0 -0.240191 -0.493482 -0.174915 1.0]
353
	ConcatTransform [1.1 0.0 0.0 0.0 0.0 1.1 0.0 0.0 0.0 0.0 1.1 0.0 -9.609 0.05 6.704 1.0]
	ConcatTransform [0.935885 0.351749 0.019778 0.0 -0.312713 0.803544 0.506486 0.0 0.162264 -0.480197 0.862022 0.0 -0.240091 -0.493491 -0.175008 1.0]
354
	ConcatTransform [1.1 0.0 0.0 0.0 0.0 1.1 0.0 0.0 0.0 0.0 1.1 0.0 -9.609 0.05 6.704 1.0]
	ConcatTransform [0.935676 0.352268 0.020448 0.0 -0.313449 0.803157 0.506645 0.0 0.162051 -0.480465 0.861912 0.0 -0.239893 -0.493492 -0.175261 1.0]
355
	ConcatTransform [1.1 0.0 0.0 0.0 0.0 1.1 0.0 0.0 0.0 0.0 1.1 0.0 -9.609 0.05 6.704 1.0]
	ConcatTransform [0.935716 0.352154 0.020562 0.0 -0.313399 0.803157 0.506675 0.0 0.161913 -0.480548 0.861892 0.0 -0.239907 -0.493513 -0.175308 1.0]
356
	ConcatTransform [1.1 0.0 0.0 0.0 0.0 1.1 0.0 0.0 0.0 0.0 1.1 0.0 -9.609 0.05 6.704 1.0]
	ConcatTransform [0.936153 0.351027 0.019954 0.0 -0.312184 0.803775 0.506445 0.0 0.161737 -0.48034 0.862041 0.0 -0.240535 -0.493488 -0.175176 1.0]
357
	ConcatTransform [1.1 0.0 0.0 0.0 0.0 1.1 0.0 0.0 0.0 0.0 1.1 0.0 -9.609 0.05 6.704 1.0]
	ConcatTransform [0.936465 0.350217 0.019527 0.0 -0.311396 0.804455 0.505851 0.0 0.161449 -0.479792 0.8624 0.0 -0.241034 -0.493491 -0.174884 1.0]
358
	ConcatTransform [1.1 0.0 0.0 0.0 0.0 1.1 0.0 0.0 0.0 0.0 1.1 0.0 -9.609 0.05 6.704 1.0]
	ConcatTransform [0.936423 0.350338 0.019399 0.0 -0.311486 0.80458 0.505596 0.0 0.161521 -0.479494 0.862552 0.0 -0.241285 -0.493455 -0.174703 1.0]
359
	ConcatTransform [1.1 0.0 0.0 0.0 0.0 1.1 0.0 0.0 0.0 0.0 1.1 0.0 -9.609 0.05 6.704 1.0]
	ConcatTransform [0.936267 0.350758 0.019328 0.0 -0.311729 0.804203 0.506047 0.0 0.161956 -0.47982 0.862289 0.0 -0.241177 -0.493463 -0.174923 1.0]
360
	ConcatTransform [1.1 0.0 0.0 0.0 0.0 1.1 0.0 0.0 0.0 0.0 1.1 0.0 -9.609 0.05 6.704 1.0]
	ConcatTransform [0.58987 -0.214416 -0.778511 0.0 0.202026 0.972628 -0.114806 0.0 0.781818 -0.089558 0.617042 0.0 -1.511592 -104.489464 3.007152 1.0]
