228
	ConcatTransform [1.1 0.0 0.0 0.0 0.0 1.1 0.0 0.0 0.0 0.0 1.1 0.0 -9.609 0.05 6.704 1.0]
	ConcatTransform [0.992745 0.068139 -0.099064 0.0 -0.065555 0.997424 0.029104 0.0 0.100792 -0.022399 0.994655 0.0 -0.000691 -0.00534 -0.04752 1.0]
229
	ConcatTransform [1.1 0.0 0.0 0.0 0.0 1.1 0.0 0.0 0.0 0.0 1.1 0.0 -9.609 0.05 6.704 1.0]
	ConcatTransform [0.98016 0.144476 -0.135698 0.0 -0.135298 0.98799 0.074628 0.0 0.14485 -0.054788 0.987936 0.0 -0.001811 -0.019934 -0.080896 1.0]
230
	ConcatTransform [1.1 0.0 0.0 0.0 0.0 1.1 0.0 0.0 0.0 0.0 1.1 0.0 -9.609 0.05 6.704 1.0]
	ConcatTransform [0.956266 0.23997 -0.167244 0.0 -0.218838 0.966338 0.135277 0.0 0.194077 -0.092761 0.976591 0.0 -0.002748 -0.061132 -0.131028 1.0]
231
	ConcatTransform [1.1 0.0 0.0 0.0 0.0 1.1 0.0 0.0 0.0 0.0 1.1 0.0 -9.609 0.05 6.704 1.0]
	ConcatTransform [0.934901 0.304686 -0.182008 0.0 -0.272097 0.944589 0.183616 0.0 0.227868 -0.122139 0.966001 0.0 -0.003373 -0.100847 -0.164131 1.0]
232
	ConcatTransform [1.1 0.0 0.0 0.0 0.0 1.1 0.0 0.0 0.0 0.0 1.1 0.0 -9.609 0.05 6.704 1.0]
	ConcatTransform [0.905513 0.394076 -0.157324 0.0 -0.336441 0.892734 0.299721 0.0 0.258561 -0.218471 0.940966 0.0 -0.003278 -0.177402 -0.212568 1.0]
233
	ConcatTransform [1.1 0.0 0.0 0.0 0.0 1.1 0.0 0.0 0.0 0.0 1.1 0.0 -9.609 0.05 6.704 1.0]
	ConcatTransform [0.886277 0.446444 -0.123294 0.0 -0.37143 0.844133 0.386625 0.0 0.276683 -0.296862 0.913958 0.0 -0.002927 -0.240359 -0.244428 1.0]
234
	ConcatTransform [1.1 0.0 0.0 0.0 0.0 1.1 0.0 0.0 0.0 0.0 1.1 0.0 -9.609 0.05 6.704 1.0]
	ConcatTransform [0.863482 0.503358 -0.032093 0.0 -0.41313 0.742333 0.527508 0.0 0.289349 -0.442235 0.848943 0.0 -0.001619 -0.352343 -0.291627 1.0]
235
	ConcatTransform [1.1 0.0 0.0 0.0 0.0 1.1 0.0 0.0 0.0 0.0 1.1 0.0 -9.609 0.05 6.704 1.0]
	ConcatTransform [0.853363 0.518384 0.055228 0.0 -0.436408 0.652402 0.619612 0.0 0.285166 -0.552856 0.782963 0.0 -0.000583 -0.438133 -0.32396 1.0]
236
	ConcatTransform [1.1 0.0 0.0 0.0 0.0 1.1 0.0 0.0 0.0 0.0 1.1 0.0 -9.609 0.05 6.704 1.0]
	ConcatTransform [0.843214 0.492731 0.214956 0.0 -0.465899 0.47033 0.749485 0.0 0.268194 -0.732124 0.626152 0.0 -0.000884 -0.579324 -0.378212 1.0]
237
	ConcatTransform [1.1 0.0 0.0 0.0 0.0 1.1 0.0 0.0 0.0 0.0 1.1 0.0 -9.609 0.05 6.704 1.0]
	ConcatTransform [0.878286 0.360617 0.313957 0.0 -0.456887 0.439407 0.773418 0.0 0.140953 -0.822725 0.550686 0.0 -0.012241 -0.601665 -0.448791 1.0]
238
	ConcatTransform [1.1 0.0 0.0 0.0 0.0 1.1 0.0 0.0 0.0 0.0 1.1 0.0 -9.609 0.05 6.704 1.0]
	ConcatTransform [0.876184 0.305834 0.372516 0.0 -0.447203 0.227607 0.864988 0.0 0.179755 -0.924479 0.336195 0.0 -0.042266 -0.607277 -0.557346 1.0]
239
	ConcatTransform [1.1 0.0 0.0 0.0 0.0 1.1 0.0 0.0 0.0 0.0 1.1 0.0 -9.609 0.05 6.704 1.0]
	ConcatTransform [0.906637 0.255423 0.335809 0.0 -0.380141 0.149247 0.912808 0.0 0.183034 -0.955241 0.232409 0.0 -0.061719 -0.601536 -0.629061 1.0]
240
	ConcatTransform [1.1 0.0 0.0 0.0 0.0 1.1 0.0 0.0 0.0 0.0 1.1 0.0 -9.609 0.05 6.704 1.0]
	ConcatTransform [0.93654 0.171252 0.305885 0.0 -0.311494 0.006227 0.950228 0.0 0.160824 -0.985208 0.059176 0.0 -0.092286 -0.579219 -0.728135 1.0]
241
	ConcatTransform [1.1 0.0 0.0 0.0 0.0 1.1 0.0 0.0 0.0 0.0 1.1 0.0 -9.609 0.05 6.704 1.0]
	ConcatTransform [0.951551 0.120377 0.28295 0.0 -0.276517 -0.067508 0.958635 0.0 0.134499 -0.99043 -0.030951 0.0 -0.112861 -0.558257 -0.789316 1.0]
242
	ConcatTransform [1.1 0.0 0.0 0.0 0.0 1.1 0.0 0.0 0.0 0.0 1.1 0.0 -9.609 0.05 6.704 1.0]
	ConcatTransform [0.962054 0.049261 0.268374 0.0 -0.254357 -0.194095 0.947433 0.0 0.098762 -0.979745 -0.174201 0.0 -0.143458 -0.52079 -0.867577 1.0]
243
	ConcatTransform [1.1 0.0 0.0 0.0 0.0 1.1 0.0 0.0 0.0 0.0 1.1 0.0 -9.609 0.05 6.704 1.0]
	ConcatTransform [0.960545 -0.012174 0.277858 0.0 -0.271792 -0.253071 0.928485 0.0 0.059015 -0.967371 -0.246395 0.0 -0.163053 -0.496197 -0.91282 1.0]
244
	ConcatTransform [1.1 0.0 0.0 0.0 0.0 1.1 0.0 0.0 0.0 0.0 1.1 0.0 -9.609 0.05 6.704 1.0]
	ConcatTransform [0.951443 -0.108846 0.287939 0.0 -0.307539 -0.295793 0.904393 0.0 -0.01327 -0.949031 -0.314904 0.0 -0.189619 -0.462793 -0.969878 1.0]
245
	ConcatTransform [1.1 0.0 0.0 0.0 0.0 1.1 0.0 0.0 0.0 0.0 1.1 0.0 -9.609 0.05 6.704 1.0]
	ConcatTransform [0.939745 -0.163061 0.300483 0.0 -0.337519 -0.302639 0.891342 0.0 -0.054405 -0.939053 -0.33944 0.0 -0.20664 -0.447214 -1.003759 1.0]
246
	ConcatTransform [1.1 0.0 0.0 0.0 0.0 1.1 0.0 0.0 0.0 0.0 1.1 0.0 -9.609 0.05 6.704 1.0]
	ConcatTransform [0.916197 -0.231115 0.327367 0.0 -0.386936 -0.297736 0.872716 0.0 -0.104228 -0.92625 -0.362212 0.0 -0.22978 -0.431193 -1.04457 1.0]
247
	ConcatTransform [1.1 0.0 0.0 0.0 0.0 1.1 0.0 0.0 0.0 0.0 1.1 0.0 -9.609 0.05 6.704 1.0]
	ConcatTransform [0.899255 -0.268092 0.345641 0.0 -0.416008 -0.279929 0.865204 0.0 -0.135199 -0.921828 -0.363256 0.0 -0.243232 -0.425963 -1.065593 1.0]
248
	ConcatTransform [1.1 0.0 0.0 0.0 0.0 1.1 0.0 0.0 0.0 0.0 1.1 0.0 -9.609 0.05 6.704 1.0]
	ConcatTransform [0.87168 -0.307667 0.381465 0.0 -0.458866 -0.239053 0.855742 0.0 -0.172093 -0.920975 -0.349556 0.0 -0.260435 -0.426321 -1.087328 1.0]
249
	ConcatTransform [1.1 0.0 0.0 0.0 0.0 1.1 0.0 0.0 0.0 0.0 1.1 0.0 -9.609 0.05 6.704 1.0]
	ConcatTransform [0.852884 -0.323655 0.409678 0.0 -0.485183 -0.201507 0.850877 0.0 -0.192838 -0.924469 -0.328894 0.0 -0.269789 -0.432291 -1.095702 1.0]
250
	ConcatTransform [1.1 0.0 0.0 0.0 0.0 1.1 0.0 0.0 0.0 0.0 1.1 0.0 -9.609 0.05 6.704 1.0]
	ConcatTransform [0.826328 -0.331855 0.455032 0.0 -0.516868 -0.125978 0.846745 0.0 -0.223673 -0.93488 -0.275625 0.0 -0.280436 -0.450071 -1.100004 1.0]
251
	ConcatTransform [1.1 0.0 0.0 0.0 0.0 1.1 0.0 0.0 0.0 0.0 1.1 0.0 -9.609 0.05 6.704 1.0]
	ConcatTransform [0.808618 -0.325724 0.489939 0.0 -0.53601 -0.064552 0.84174 0.0 -0.242548 -0.943259 -0.226789 0.0 -0.285097 -0.466753 -1.096744 1.0]
252
	ConcatTransform [1.1 0.0 0.0 0.0 0.0 1.1 0.0 0.0 0.0 0.0 1.1 0.0 -9.609 0.05 6.704 1.0]
	ConcatTransform [0.782395 -0.298809 0.546416 0.0 -0.563382 0.034366 0.825481 0.0 -0.265439 -0.953694 -0.141456 0.0 -0.286822 -0.494071 -1.079602 1.0]
253
	ConcatTransform [1.1 0.0 0.0 0.0 0.0 1.1 0.0 0.0 0.0 0.0 1.1 0.0 -9.609 0.05 6.704 1.0]
	ConcatTransform [0.763559 -0.257908 0.591997 0.0 -0.591123 0.089824 0.801564 0.0 -0.259905 -0.961985 -0.083869 0.0 -0.285794 -0.515422 -1.061582 1.0]
254
	ConcatTransform [1.1 0.0 0.0 0.0 0.0 1.1 0.0 0.0 0.0 0.0 1.1 0.0 -9.609 0.05 6.704 1.0]
	ConcatTransform [0.733403 -0.181192 0.655202 0.0 -0.635579 0.159161 0.755452 0.0 -0.241165 -0.970483 0.001568 0.0 -0.277903 -0.543396 -1.021396 1.0]
255
	ConcatTransform [1.1 0.0 0.0 0.0 0.0 1.1 0.0 0.0 0.0 0.0 1.1 0.0 -9.609 0.05 6.704 1.0]
	ConcatTransform [0.710819 -0.111327 0.694509 0.0 -0.66717 0.205989 0.715858 0.0 -0.222755 -0.972201 0.072147 0.0 -0.270022 -0.562572 -0.989728 1.0]
256
	ConcatTransform [1.1 0.0 0.0 0.0 0.0 1.1 0.0 0.0 0.0 0.0 1.1 0.0 -9.609 0.05 6.704 1.0]
	ConcatTransform [0.672949 0.0168 0.739498 0.0 -0.712901 0.281342 0.642354 0.0 -0.19726 -0.959461 0.201305 0.0 -0.253908 -0.587874 -0.935784 1.0]
257
	ConcatTransform [1.1 0.0 0.0 0.0 0.0 1.1 0.0 0.0 0.0 0.0 1.1 0.0 -9.609 0.05 6.704 1.0]
	ConcatTransform [0.640344 0.108814 0.760341 0.0 -0.747552 0.315668 0.584397 0.0 -0.176424 -0.94261 0.28348 0.0 -0.240774 -0.598203 -0.895501 1.0]
258
	ConcatTransform [1.1 0.0 0.0 0.0 0.0 1.1 0.0 0.0 0.0 0.0 1.1 0.0 -9.609 0.05 6.704 1.0]
	ConcatTransform [0.582939 0.240421 0.776132 0.0 -0.798934 0.343533 0.493649 0.0 -0.147943 -0.907845 0.392339 0.0 -0.218339 -0.602327 -0.832018 1.0]
259
	ConcatTransform [1.1 0.0 0.0 0.0 0.0 1.1 0.0 0.0 0.0 0.0 1.1 0.0 -9.609 0.05 6.704 1.0]
	ConcatTransform [0.541249 0.316502 0.779023 0.0 -0.82987 0.35038 0.434224 0.0 -0.135521 -0.881511 0.452298 0.0 -0.202264 -0.599486 -0.789563 1.0]
260
	ConcatTransform [1.1 0.0 0.0 0.0 0.0 1.1 0.0 0.0 0.0 0.0 1.1 0.0 -9.609 0.05 6.704 1.0]
	ConcatTransform [0.473041 0.417471 0.775854 0.0 -0.873058 0.340383 0.349154 0.0 -0.118325 -0.84253 0.525492 0.0 -0.178053 -0.590177 -0.728126 1.0]
261
	ConcatTransform [1.1 0.0 0.0 0.0 0.0 1.1 0.0 0.0 0.0 0.0 1.1 0.0 -9.609 0.05 6.704 1.0]
	ConcatTransform [0.42607 0.477026 0.768707 0.0 -0.897738 0.328065 0.294005 0.0 -0.111938 -0.815365 0.568023 0.0 -0.162175 -0.581313 -0.690035 1.0]
262
	ConcatTransform [1.1 0.0 0.0 0.0 0.0 1.1 0.0 0.0 0.0 0.0 1.1 0.0 -9.609 0.05 6.704 1.0]
	ConcatTransform [0.355408 0.555255 0.751915 0.0 -0.927898 0.30654 0.212224 0.0 -0.112653 -0.773127 0.624167 0.0 -0.139387 -0.565175 -0.639035 1.0]
263
	ConcatTransform [1.1 0.0 0.0 0.0 0.0 1.1 0.0 0.0 0.0 0.0 1.1 0.0 -9.609 0.05 6.704 1.0]
	ConcatTransform [0.307341 0.597721 0.740453 0.0 -0.944859 0.284132 0.162822 0.0 -0.113064 -0.749666 0.652087 0.0 -0.125396 -0.55426 -0.609231 1.0]
264
	ConcatTransform [1.1 0.0 0.0 0.0 0.0 1.1 0.0 0.0 0.0 0.0 1.1 0.0 -9.609 0.05 6.704 1.0]
	ConcatTransform [0.235159 0.646471 0.725793 0.0 -0.965552 0.240963 0.098214 0.0 -0.111397 -0.723887 0.680866 0.0 -0.106533 -0.53934 -0.571365 1.0]
265
	ConcatTransform [1.1 0.0 0.0 0.0 0.0 1.1 0.0 0.0 0.0 0.0 1.1 0.0 -9.609 0.05 6.704 1.0]
	ConcatTransform [0.208812 0.659908 0.721747 0.0 -0.97105 0.227459 0.072969 0.0 -0.116015 -0.71609 0.6883 0.0 -0.094423 -0.529544 -0.551966 1.0]
266
	ConcatTransform [1.1 0.0 0.0 0.0 0.0 1.1 0.0 0.0 0.0 0.0 1.1 0.0 -9.609 0.05 6.704 1.0]
	ConcatTransform [0.217475 0.684016 0.696295 0.0 -0.973592 0.202776 0.104883 0.0 -0.06945 -0.700716 0.710052 0.0 -0.077703 -0.524815 -0.527991 1.0]
267
	ConcatTransform [1.1 0.0 0.0 0.0 0.0 1.1 0.0 0.0 0.0 0.0 1.1 0.0 -9.609 0.05 6.704 1.0]
	ConcatTransform [0.225811 0.692454 0.685213 0.0 -0.973066 0.19383 0.124794 0.0 -0.046401 -0.694937 0.717572 0.0 -0.068569 -0.52127 -0.518833 1.0]
268
	ConcatTransform [1.1 0.0 0.0 0.0 0.0 1.1 0.0 0.0 0.0 0.0 1.1 0.0 -9.609 0.05 6.704 1.0]
	ConcatTransform [0.242932 0.69372 0.678038 0.0 -0.969802 0.18927 0.153821 0.0 -0.021623 -0.694931 0.718751 0.0 -0.057482 -0.520621 -0.512472 1.0]
269
	ConcatTransform [1.1 0.0 0.0 0.0 0.0 1.1 0.0 0.0 0.0 0.0 1.1 0.0 -9.609 0.05 6.704 1.0]
	ConcatTransform [0.253315 0.688112 0.679951 0.0 -0.967357 0.185435 0.172727 0.0 -0.007231 -0.70151 0.712623 0.0 -0.052501 -0.522824 -0.513321 1.0]
270
	ConcatTransform [1.1 0.0 0.0 0.0 0.0 1.1 0.0 0.0 0.0 0.0 1.1 0.0 -9.609 0.05 6.704 1.0]
	ConcatTransform [0.272534 0.669421 0.691086 0.0 -0.962078 0.181072 0.204007 0.0 0.01143 -0.720478 0.693384 0.0 -0.048969 -0.530164 -0.521298 1.0]
271
	ConcatTransform [1.1 0.0 0.0 0.0 0.0 1.1 0.0 0.0 0.0 0.0 1.1 0.0 -9.609 0.05 6.704 1.0]
	ConcatTransform [0.290005 0.64954 0.702848 0.0 -0.956933 0.186604 0.222393 0.0 0.013298 -0.737073 0.675682 0.0 -0.048871 -0.537527 -0.531207 1.0]
272
	ConcatTransform [1.1 0.0 0.0 0.0 0.0 1.1 0.0 0.0 0.0 0.0 1.1 0.0 -9.609 0.05 6.704 1.0]
	ConcatTransform [0.324995 0.602343 0.729082 0.0 -0.945664 0.198912 0.257204 0.0 0.009902 -0.773057 0.63426 0.0 -0.05205 -0.55262 -0.551996 1.0]
273
	ConcatTransform [1.1 0.0 0.0 0.0 0.0 1.1 0.0 0.0 0.0 0.0 1.1 0.0 -9.609 0.05 6.704 1.0]
	ConcatTransform [0.352128 0.561768 0.748614 0.0 -0.935946 0.214281 0.279445 0.0 -0.003431 -0.799062 0.601238 0.0 -0.056363 -0.563636 -0.570283 1.0]
274
	ConcatTransform [1.1 0.0 0.0 0.0 0.0 1.1 0.0 0.0 0.0 0.0 1.1 0.0 -9.609 0.05 6.704 1.0]
	ConcatTransform [0.395626 0.498838 0.77113 0.0 -0.918086 0.23718 0.317591 0.0 -0.024469 -0.83361 0.551811 0.0 -0.067061 -0.577732 -0.60434 1.0]
275
	ConcatTransform [1.1 0.0 0.0 0.0 0.0 1.1 0.0 0.0 0.0 0.0 1.1 0.0 -9.609 0.05 6.704 1.0]
	ConcatTransform [0.420958 0.455193 0.784598 0.0 -0.906424 0.243994 0.344765 0.0 -0.034503 -0.85631 0.515309 0.0 -0.076883 -0.585235 -0.630413 1.0]
276
	ConcatTransform [1.1 0.0 0.0 0.0 0.0 1.1 0.0 0.0 0.0 0.0 1.1 0.0 -9.609 0.05 6.704 1.0]
	ConcatTransform [0.457703 0.380933 0.803367 0.0 -0.887473 0.250462 0.38686 0.0 -0.053845 -0.890033 0.452705 0.0 -0.094396 -0.594421 -0.672813 1.0]
277
	ConcatTransform [1.1 0.0 0.0 0.0 0.0 1.1 0.0 0.0 0.0 0.0 1.1 0.0 -9.609 0.05 6.704 1.0]
	ConcatTransform [0.481709 0.325169 0.81377 0.0 -0.8733 0.255297 0.414936 0.0 -0.072829 -0.910543 0.406949 0.0 -0.107398 -0.598715 -0.702594 1.0]
278
	ConcatTransform [1.1 0.0 0.0 0.0 0.0 1.1 0.0 0.0 0.0 0.0 1.1 0.0 -9.609 0.05 6.704 1.0]
	ConcatTransform [0.515272 0.241924 0.822172 0.0 -0.851013 0.257875 0.457468 0.0 -0.101346 -0.9354 0.338757 0.0 -0.128567 -0.601067 -0.748353 1.0]
279
	ConcatTransform [1.1 0.0 0.0 0.0 0.0 1.1 0.0 0.0 0.0 0.0 1.1 0.0 -9.609 0.05 6.704 1.0]
	ConcatTransform [0.536745 0.185688 0.823058 0.0 -0.835017 0.256841 0.486599 0.0 -0.121039 -0.948448 0.29291 0.0 -0.143256 -0.600029 -0.778585 1.0]
280
	ConcatTransform [1.1 0.0 0.0 0.0 0.0 1.1 0.0 0.0 0.0 0.0 1.1 0.0 -9.609 0.05 6.704 1.0]
	ConcatTransform [0.568078 0.108915 0.815736 0.0 -0.810151 0.248309 0.531035 0.0 -0.144716 -0.962538 0.229297 0.0 -0.165594 -0.595057 -0.822103 1.0]
281
	ConcatTransform [1.1 0.0 0.0 0.0 0.0 1.1 0.0 0.0 0.0 0.0 1.1 0.0 -9.609 0.05 6.704 1.0]
	ConcatTransform [0.590635 0.06476 0.804336 0.0 -0.791231 0.242189 0.561513 0.0 -0.158438 -0.968065 0.194285 0.0 -0.18013 -0.590506 -0.849348 1.0]
282
	ConcatTransform [1.1 0.0 0.0 0.0 0.0 1.1 0.0 0.0 0.0 0.0 1.1 0.0 -9.609 0.05 6.704 1.0]
	ConcatTransform [0.630715 0.002787 0.77601 0.0 -0.75509 0.232857 0.612875 0.0 -0.178991 -0.972507 0.148971 0.0 -0.200444 -0.582188 -0.886121 1.0]
283
	ConcatTransform [1.1 0.0 0.0 0.0 0.0 1.1 0.0 0.0 0.0 0.0 1.1 0.0 -9.609 0.05 6.704 1.0]
	ConcatTransform [0.658639 -0.030669 0.751834 0.0 -0.729024 0.221411 0.647688 0.0 -0.186329 -0.974698 0.123471 0.0 -0.212957 -0.576404 -0.907551 1.0]
284
	ConcatTransform [1.1 0.0 0.0 0.0 0.0 1.1 0.0 0.0 0.0 0.0 1.1 0.0 -9.609 0.05 6.704 1.0]
	ConcatTransform [0.70122 -0.066417 0.709845 0.0 -0.688164 0.197171 0.698251 0.0 -0.186337 -0.978117 0.092554 0.0 -0.229775 -0.568627 -0.934686 1.0]
285
	ConcatTransform [1.1 0.0 0.0 0.0 0.0 1.1 0.0 0.0 0.0 0.0 1.1 0.0 -9.609 0.05 6.704 1.0]
	ConcatTransform [0.730957 -0.084248 0.677203 0.0 -0.656947 0.181742 0.731704 0.0 -0.184721 -0.979731 0.077499 0.0 -0.239134 -0.5641 -0.94906 1.0]
286
	ConcatTransform [1.1 0.0 0.0 0.0 0.0 1.1 0.0 0.0 0.0 0.0 1.1 0.0 -9.609 0.05 6.704 1.0]
	ConcatTransform [0.776173 -0.101706 0.622263 0.0 -0.604377 0.161224 0.780215 0.0 -0.179677 -0.981663 0.063669 0.0 -0.250075 -0.558885 -0.964792 1.0]
287
	ConcatTransform [1.1 0.0 0.0 0.0 0.0 1.1 0.0 0.0 0.0 0.0 1.1 0.0 -9.609 0.05 6.704 1.0]
	ConcatTransform [0.804948 -0.102132 0.58449 0.0 -0.568695 0.148189 0.80909 0.0 -0.169249 -0.983671 0.061203 0.0 -0.255606 -0.557553 -0.971743 1.0]
288
	ConcatTransform [1.1 0.0 0.0 0.0 0.0 1.1 0.0 0.0 0.0 0.0 1.1 0.0 -9.609 0.05 6.704 1.0]
	ConcatTransform [0.845511 -0.08588 0.527007 0.0 -0.514728 0.131401 0.847224 0.0 -0.142009 -0.987602 0.066896 0.0 -0.26118 -0.559024 -0.976901 1.0]
289
	ConcatTransform [1.1 0.0 0.0 0.0 0.0 1.1 0.0 0.0 0.0 0.0 1.1 0.0 -9.609 0.05 6.704 1.0]
	ConcatTransform [0.871435 -0.06982 0.485517 0.0 -0.47512 0.125856 0.870874 0.0 -0.12191 -0.989589 0.076502 0.0 -0.262556 -0.561442 -0.976552 1.0]
290
	ConcatTransform [1.1 0.0 0.0 0.0 0.0 1.1 0.0 0.0 0.0 0.0 1.1 0.0 -9.609 0.05 6.704 1.0]
	ConcatTransform [0.907098 -0.039636 0.419049 0.0 -0.411346 0.127652 0.902496 0.0 -0.089264 -0.991027 0.099488 0.0 -0.261118 -0.566975 -0.970694 1.0]
291
	ConcatTransform [1.1 0.0 0.0 0.0 0.0 1.1 0.0 0.0 0.0 0.0 1.1 0.0 -9.609 0.05 6.704 1.0]
	ConcatTransform [0.927292 -0.010443 0.374194 0.0 -0.369472 0.135147 0.919362 0.0 -0.060172 -0.990771 0.121462 0.0 -0.258334 -0.572451 -0.96378 1.0]
292
	ConcatTransform [1.1 0.0 0.0 0.0 0.0 1.1 0.0 0.0 0.0 0.0 1.1 0.0 -9.609 0.05 6.704 1.0]
	ConcatTransform [0.95071 0.046338 0.306598 0.0 -0.310059 0.153555 0.938235 0.0 -0.003604 -0.987053 0.160354 0.0 -0.251482 -0.581988 -0.949011 1.0]
293
	ConcatTransform [1.1 0.0 0.0 0.0 0.0 1.1 0.0 0.0 0.0 0.0 1.1 0.0 -9.609 0.05 6.704 1.0]
	ConcatTransform [0.962741 0.083641 0.257166 0.0 -0.268235 0.174571 0.947404 0.0 0.034348 -0.981086 0.190502 0.0 -0.244767 -0.587919 -0.936469 1.0]
294
	ConcatTransform [1.1 0.0 0.0 0.0 0.0 1.1 0.0 0.0 0.0 0.0 1.1 0.0 -9.609 0.05 6.704 1.0]
	ConcatTransform [0.974792 0.135115 0.177552 0.0 -0.203809 0.215412 0.955018 0.0 0.090791 -0.967131 0.23752 0.0 -0.231886 -0.595041 -0.914352 1.0]
295
	ConcatTransform [1.1 0.0 0.0 0.0 0.0 1.1 0.0 0.0 0.0 0.0 1.1 0.0 -9.609 0.05 6.704 1.0]
	ConcatTransform [0.977614 0.169857 0.124171 0.0 -0.163446 0.241445 0.956551 0.0 0.132496 -0.955433 0.263803 0.0 -0.222019 -0.598293 -0.89776 1.0]
296
	ConcatTransform [1.1 0.0 0.0 0.0 0.0 1.1 0.0 0.0 0.0 0.0 1.1 0.0 -9.609 0.05 6.704 1.0]
	ConcatTransform [0.97589 0.214203 0.041909 0.0 -0.102669 0.281067 0.95418 0.0 0.192609 -0.935478 0.296282 0.0 -0.205655 -0.60068 -0.871251 1.0]
297
	ConcatTransform [1.1 0.0 0.0 0.0 0.0 1.1 0.0 0.0 0.0 0.0 1.1 0.0 -9.609 0.05 6.704 1.0]
	ConcatTransform [0.971557 0.236355 -0.014576 0.0 -0.061067 0.309541 0.948923 0.0 0.228795 -0.921043 0.31517 0.0 -0.194062 -0.600758 -0.853304 1.0]
298
	ConcatTransform [1.1 0.0 0.0 0.0 0.0 1.1 0.0 0.0 0.0 0.0 1.1 0.0 -9.609 0.05 6.704 1.0]
	ConcatTransform [0.960643 0.25918 -0.099956 0.0 0.002187 0.352764 0.93571 0.0 0.277778 -0.899101 0.338313 0.0 -0.176348 -0.599419 -0.826827 1.0]
299
	ConcatTransform [1.1 0.0 0.0 0.0 0.0 1.1 0.0 0.0 0.0 0.0 1.1 0.0 -9.609 0.05 6.704 1.0]
	ConcatTransform [0.950136 0.270145 -0.155769 0.0 0.04391 0.378641 0.924501 0.0 0.30873 -0.885241 0.347899 0.0 -0.164755 -0.597711 -0.809869 1.0]
300
	ConcatTransform [1.1 0.0 0.0 0.0 0.0 1.1 0.0 0.0 0.0 0.0 1.1 0.0 -9.609 0.05 6.704 1.0]
	ConcatTransform [0.92937 0.281825 -0.238424 0.0 0.105385 0.41644 0.903035 0.0 0.353787 -0.86438 0.357327 0.0 -0.148294 -0.59438 -0.786347 1.0]
301
	ConcatTransform [1.1 0.0 0.0 0.0 0.0 1.1 0.0 0.0 0.0 0.0 1.1 0.0 -9.609 0.05 6.704 1.0]
	ConcatTransform [0.913614 0.283295 -0.291641 0.0 0.147093 0.43841 0.886657 0.0 0.379043 -0.85296 0.358867 0.0 -0.138022 -0.591956 -0.772173 1.0]
302
	ConcatTransform [1.1 0.0 0.0 0.0 0.0 1.1 0.0 0.0 0.0 0.0 1.1 0.0 -9.609 0.05 6.704 1.0]
	ConcatTransform [0.887588 0.277801 -0.367444 0.0 0.210805 0.464286 0.860232 0.0 0.409572 -0.84099 0.353533 0.0 -0.123977 -0.588952 -0.753482 1.0]
303
	ConcatTransform [1.1 0.0 0.0 0.0 0.0 1.1 0.0 0.0 0.0 0.0 1.1 0.0 -9.609 0.05 6.704 1.0]
	ConcatTransform [0.867488 0.272739 -0.416027 0.0 0.252435 0.479278 0.840577 0.0 0.428651 -0.83421 0.346919 0.0 -0.115919 -0.587203 -0.743088 1.0]
304
	ConcatTransform [1.1 0.0 0.0 0.0 0.0 1.1 0.0 0.0 0.0 0.0 1.1 0.0 -9.609 0.05 6.704 1.0]
	ConcatTransform [0.833188 0.26419 -0.485799 0.0 0.313411 0.498179 0.80845 0.0 0.455599 -0.825846 0.332277 0.0 -0.106173 -0.584501 -0.730985 1.0]
305
	ConcatTransform [1.1 0.0 0.0 0.0 0.0 1.1 0.0 0.0 0.0 0.0 1.1 0.0 -9.609 0.05 6.704 1.0]
	ConcatTransform [0.80928 0.255516 -0.528941 0.0 0.354958 0.504746 0.786915 0.0 0.46805 -0.824586 0.317783 0.0 -0.101076 -0.58345 -0.725124 1.0]
306
	ConcatTransform [1.1 0.0 0.0 0.0 0.0 1.1 0.0 0.0 0.0 0.0 1.1 0.0 -9.609 0.05 6.704 1.0]
	ConcatTransform [0.777043 0.238756 -0.582408 0.0 0.410388 0.509406 0.756365 0.0 0.477269 -0.826741 0.297847 0.0 -0.09555 -0.583449 -0.719647 1.0]
307
	ConcatTransform [1.1 0.0 0.0 0.0 0.0 1.1 0.0 0.0 0.0 0.0 1.1 0.0 -9.609 0.05 6.704 1.0]
	ConcatTransform [0.760142 0.234373 -0.606014 0.0 0.433316 0.512137 0.741588 0.0 0.48417 -0.826308 0.28774 0.0 -0.09378 -0.583086 -0.718366 1.0]
308
	ConcatTransform [1.1 0.0 0.0 0.0 0.0 1.1 0.0 0.0 0.0 0.0 1.1 0.0 -9.609 0.05 6.704 1.0]
	ConcatTransform [0.747994 0.225891 -0.624082 0.0 0.457821 0.505174 0.731573 0.0 0.480526 -0.83293 0.27445 0.0 -0.093001 -0.58429 -0.71943 1.0]
309
	ConcatTransform [1.1 0.0 0.0 0.0 0.0 1.1 0.0 0.0 0.0 0.0 1.1 0.0 -9.609 0.05 6.704 1.0]
	ConcatTransform [0.743603 0.222154 -0.630636 0.0 0.471898 0.493812 0.730385 0.0 0.473673 -0.840712 0.262366 0.0 -0.094231 -0.586091 -0.722156 1.0]
310
	ConcatTransform [1.1 0.0 0.0 0.0 0.0 1.1 0.0 0.0 0.0 0.0 1.1 0.0 -9.609 0.05 6.704 1.0]
	ConcatTransform [0.740098 0.223297 -0.634345 0.0 0.4898 0.467372 0.735975 0.0 0.460816 -0.855396 0.236531 0.0 -0.098703 -0.589721 -0.729122 1.0]
311
	ConcatTransform [1.1 0.0 0.0 0.0 0.0 1.1 0.0 0.0 0.0 0.0 1.1 0.0 -9.609 0.05 6.704 1.0]
	ConcatTransform [0.740048 0.222873 -0.634552 0.0 0.50096 0.446847 0.741192 0.0 0.448739 -0.866404 0.219038 0.0 -0.103087 -0.59213 -0.735856 1.0]
312
	ConcatTransform [1.1 0.0 0.0 0.0 0.0 1.1 0.0 0.0 0.0 0.0 1.1 0.0 -9.609 0.05 6.704 1.0]
	ConcatTransform [0.741541 0.221956 -0.633129 0.0 0.517133 0.412113 0.750158 0.0 0.427422 -0.883685 0.190818 0.0 -0.111292 -0.595501 -0.748607 1.0]
313
	ConcatTransform [1.1 0.0 0.0 0.0 0.0 1.1 0.0 0.0 0.0 0.0 1.1 0.0 -9.609 0.05 6.704 1.0]
	ConcatTransform [0.742526 0.225346 -0.630773 0.0 0.526394 0.38602 0.757561 0.0 0.414204 -0.894543 0.16801 0.0 -0.117756 -0.597438 -0.758457 1.0]
314
	ConcatTransform [1.1 0.0 0.0 0.0 0.0 1.1 0.0 0.0 0.0 0.0 1.1 0.0 -9.609 0.05 6.704 1.0]
	ConcatTransform [0.743637 0.227387 -0.628728 0.0 0.539306 0.351802 0.765104 0.0 0.395162 -0.908037 0.138982 0.0 -0.128511 -0.599223 -0.775211 1.0]
315
	ConcatTransform [1.1 0.0 0.0 0.0 0.0 1.1 0.0 0.0 0.0 0.0 1.1 0.0 -9.609 0.05 6.704 1.0]
	ConcatTransform [0.744171 0.228128 -0.627827 0.0 0.547815 0.329399 0.769022 0.0 0.382241 -0.916217 0.120157 0.0 -0.136096 -0.599942 -0.787204 1.0]
316
	ConcatTransform [1.1 0.0 0.0 0.0 0.0 1.1 0.0 0.0 0.0 0.0 1.1 0.0 -9.609 0.05 6.704 1.0]
	ConcatTransform [0.744273 0.2318 -0.62636 0.0 0.559981 0.294515 0.774391 0.0 0.363976 -0.927108 0.089396 0.0 -0.147715 -0.600435 -0.805706 1.0]
317
	ConcatTransform [1.1 0.0 0.0 0.0 0.0 1.1 0.0 0.0 0.0 0.0 1.1 0.0 -9.609 0.05 6.704 1.0]
	ConcatTransform [0.74371 0.234354 -0.626078 0.0 0.567762 0.272971 0.776616 0.0 0.352904 -0.933041 0.069954 0.0 -0.155412 -0.60032 -0.818191 1.0]
318
	ConcatTransform [1.1 0.0 0.0 0.0 0.0 1.1 0.0 0.0 0.0 0.0 1.1 0.0 -9.609 0.05 6.704 1.0]
	ConcatTransform [0.742071 0.237072 -0.626999 0.0 0.579636 0.242864 0.777843 0.0 0.33668 -0.940646 0.042807 0.0 -0.166452 -0.599597 -0.836631 1.0]
319
	ConcatTransform [1.1 0.0 0.0 0.0 0.0 1.1 0.0 0.0 0.0 0.0 1.1 0.0 -9.609 0.05 6.704 1.0]
	ConcatTransform [0.74012 0.240945 -0.627828 0.0 0.5869 0.224328 0.777963 0.0 0.328285 -0.944258 0.024619 0.0 -0.173385 -0.598842 -0.848378 1.0]
320
	ConcatTransform [1.1 0.0 0.0 0.0 0.0 1.1 0.0 0.0 0.0 0.0 1.1 0.0 -9.609 0.05 6.704 1.0]
	ConcatTransform [0.735862 0.249997 -0.629292 0.0 0.596589 0.200234 0.777167 0.0 0.320294 -0.947316 -0.001801 0.0 -0.182948 -0.597536 -0.864794 1.0]
321
	ConcatTransform [1.1 0.0 0.0 0.0 0.0 1.1 0.0 0.0 0.0 0.0 1.1 0.0 -9.609 0.05 6.704 1.0]
	ConcatTransform [0.732483 0.254325 -0.631496 0.0 0.603396 0.187006 0.775204 0.0 0.315248 -0.948866 -0.01648 0.0 -0.188525 -0.596648 -0.874838 1.0]
322
	ConcatTransform [1.1 0.0 0.0 0.0 0.0 1.1 0.0 0.0 0.0 0.0 1.1 0.0 -9.609 0.05 6.704 1.0]
	ConcatTransform [0.72656 0.257245 -0.637131 0.0 0.61435 0.172048 0.770048 0.0 0.307708 -0.950907 -0.033035 0.0 -0.195533 -0.595505 -0.888305 1.0]
323
	ConcatTransform [1.1 0.0 0.0 0.0 0.0 1.1 0.0 0.0 0.0 0.0 1.1 0.0 -9.609 0.05 6.704 1.0]
	ConcatTransform [0.721772 0.261107 -0.64099 0.0 0.620747 0.165418 0.766361 0.0 0.306133 -0.951031 -0.042687 0.0 -0.199393 -0.594939 -0.895961 1.0]
324
	ConcatTransform [1.1 0.0 0.0 0.0 0.0 1.1 0.0 0.0 0.0 0.0 1.1 0.0 -9.609 0.05 6.704 1.0]
	ConcatTransform [0.713345 0.27032 -0.64658 0.0 0.628834 0.160382 0.760819 0.0 0.309364 -0.949318 -0.055579 0.0 -0.203926 -0.594423 -0.905259 1.0]
325
	ConcatTransform [1.1 0.0 0.0 0.0 0.0 1.1 0.0 0.0 0.0 0.0 1.1 0.0 -9.609 0.05 6.704 1.0]
	ConcatTransform [0.707079 0.273433 -0.652131 0.0 0.63494 0.160453 0.755716 0.0 0.311274 -0.948414 -0.06016 0.0 -0.205933 -0.594381 -0.910093 1.0]
326
	ConcatTransform [1.1 0.0 0.0 0.0 0.0 1.1 0.0 0.0 0.0 0.0 1.1 0.0 -9.609 0.05 6.704 1.0]
	ConcatTransform [0.696728 0.273319 -0.663225 0.0 0.645158 0.165432 0.745925 0.0 0.313593 -0.947591 -0.061073 0.0 -0.207451 -0.594787 -0.915265 1.0]
327
	ConcatTransform [1.1 0.0 0.0 0.0 0.0 1.1 0.0 0.0 0.0 0.0 1.1 0.0 -9.609 0.05 6.704 1.0]
	ConcatTransform [0.689085 0.27515 -0.670414 0.0 0.651011 0.171363 0.739472 0.0 0.31835 -0.946006 -0.061042 0.0 -0.207662 -0.595233 -0.917168 1.0]
328
	ConcatTransform [1.1 0.0 0.0 0.0 0.0 1.1 0.0 0.0 0.0 0.0 1.1 0.0 -9.609 0.05 6.704 1.0]
	ConcatTransform [0.676639 0.280052 -0.680977 0.0 0.658577 0.183426 0.729816 0.0 0.329296 -0.942298 -0.060323 0.0 -0.20684 -0.596051 -0.917781 1.0]
329
	ConcatTransform [1.1 0.0 0.0 0.0 0.0 1.1 0.0 0.0 0.0 0.0 1.1 0.0 -9.609 0.05 6.704 1.0]
	ConcatTransform [0.667905 0.279909 -0.689605 0.0 0.664261 0.19368 0.721973 0.0 0.335649 -0.940287 -0.056573 0.0 -0.205466 -0.59675 -0.916934 1.0]
330
	ConcatTransform [1.1 0.0 0.0 0.0 0.0 1.1 0.0 0.0 0.0 0.0 1.1 0.0 -9.609 0.05 6.704 1.0]
	ConcatTransform [0.654231 0.275509 -0.704327 0.0 0.673314 0.211942 0.708328 0.0 0.344427 -0.937644 -0.046845 0.0 -0.202354 -0.597916 -0.913937 1.0]
331
	ConcatTransform [1.1 0.0 0.0 0.0 0.0 1.1 0.0 0.0 0.0 0.0 1.1 0.0 -9.609 0.05 6.704 1.0]
	ConcatTransform [0.64475 0.2737 -0.713713 0.0 0.678588 0.224865 0.699252 0.0 0.351874 -0.93516 -0.040748 0.0 -0.199777 -0.598591 -0.910769 1.0]
332
	ConcatTransform [1.1 0.0 0.0 0.0 0.0 1.1 0.0 0.0 0.0 0.0 1.1 0.0 -9.609 0.05 6.704 1.0]
	ConcatTransform [0.630251 0.271371 -0.727421 0.0 0.685883 0.24441 0.68544 0.0 0.363797 -0.930925 -0.032089 0.0 -0.195279 -0.599403 -0.904558 1.0]
333
	ConcatTransform [1.1 0.0 0.0 0.0 0.0 1.1 0.0 0.0 0.0 0.0 1.1 0.0 -9.609 0.05 6.704 1.0]
	ConcatTransform [0.620601 0.267254 -0.737177 0.0 0.691087 0.257758 0.675247 0.0 0.370476 -0.928513 -0.024731 0.0 -0.191936 -0.599816 -0.899733 1.0]
334
	ConcatTransform [1.1 0.0 0.0 0.0 0.0 1.1 0.0 0.0 0.0 0.0 1.1 0.0 -9.609 0.05 6.704 1.0]
	ConcatTransform [0.606023 0.259639 -0.75188 0.0 0.698741 0.277943 0.659172 0.0 0.380127 -0.924843 -0.01298 0.0 -0.186708 -0.600233 -0.891724 1.0]
335
	ConcatTransform [1.1 0.0 0.0 0.0 0.0 1.1 0.0 0.0 0.0 0.0 1.1 0.0 -9.609 0.05 6.704 1.0]
	ConcatTransform [0.596482 0.254773 -0.761118 0.0 0.703699 0.29008 0.648583 0.0 0.386027 -0.922466 -0.006256 0.0 -0.183173 -0.600344 -0.885984 1.0]
336
	ConcatTransform [1.1 0.0 0.0 0.0 0.0 1.1 0.0 0.0 0.0 0.0 1.1 0.0 -9.609 0.05 6.704 1.0]
	ConcatTransform [0.58244 0.246901 -0.77447 0.0 0.711162 0.306694 0.632604 0.0 0.393716 -0.919227 0.003044 0.0 -0.177949 -0.600329 -0.877126 1.0]
337
	ConcatTransform [1.1 0.0 0.0 0.0 0.0 1.1 0.0 0.0 0.0 0.0 1.1 0.0 -9.609 0.05 6.704 1.0]
	ConcatTransform [0.573232 0.241536 -0.782985 0.0 0.716107 0.316749 0.621981 0.0 0.398241 -0.917241 0.008605 0.0 -0.174614 -0.600218 -0.871223 1.0]
338
	ConcatTransform [1.1 0.0 0.0 0.0 0.0 1.1 0.0 0.0 0.0 0.0 1.1 0.0 -9.609 0.05 6.704 1.0]
	ConcatTransform [0.559639 0.234704 -0.794807 0.0 0.723303 0.329804 0.606681 0.0 0.404521 -0.914409 0.014809 0.0 -0.169987 -0.599953 -0.862583 1.0]
339
	ConcatTransform [1.1 0.0 0.0 0.0 0.0 1.1 0.0 0.0 0.0 0.0 1.1 0.0 -9.609 0.05 6.704 1.0]
	ConcatTransform [0.550893 0.230016 -0.802253 0.0 0.728286 0.336953 0.59671 0.0 0.407574 -0.912992 0.018108 0.0 -0.167178 -0.599744 -0.857133 1.0]
340
	ConcatTransform [1.1 0.0 0.0 0.0 0.0 1.1 0.0 0.0 0.0 0.0 1.1 0.0 -9.609 0.05 6.704 1.0]
	ConcatTransform [0.538366 0.222026 -0.812937 0.0 0.736288 0.345326 0.581919 0.0 0.40993 -0.911841 0.022437 0.0 -0.163448 -0.599421 -0.849657 1.0]
341
	ConcatTransform [1.1 0.0 0.0 0.0 0.0 1.1 0.0 0.0 0.0 0.0 1.1 0.0 -9.609 0.05 6.704 1.0]
	ConcatTransform [0.529822 0.219302 -0.819265 0.0 0.7409 0.350428 0.572946 0.0 0.412742 -0.910553 0.023183 0.0 -0.161441 -0.599213 -0.845161 1.0]
342
	ConcatTransform [1.1 0.0 0.0 0.0 0.0 1.1 0.0 0.0 0.0 0.0 1.1 0.0 -9.609 0.05 6.704 1.0]
	ConcatTransform [0.517366 0.21796 -0.827542 0.0 0.74743 0.355841 0.561004 0.0 0.41675 -0.908774 0.02119 0.0 -0.159096 -0.59898 -0.839274 1.0]
343
	ConcatTransform [1.1 0.0 0.0 0.0 0.0 1.1 0.0 0.0 0.0 0.0 1.1 0.0 -9.609 0.05 6.704 1.0]
	ConcatTransform [0.509317 0.216148 -0.832992 0.0 0.752117 0.358606 0.552921 0.0 0.418229 -0.90812 0.020076 0.0 -0.157969 -0.598839 -0.836075 1.0]
344
	ConcatTransform [1.1 0.0 0.0 0.0 0.0 1.1 0.0 0.0 0.0 0.0 1.1 0.0 -9.609 0.05 6.704 1.0]
	ConcatTransform [0.497931 0.212488 -0.840782 0.0 0.759933 0.360187 0.541079 0.0 0.417811 -0.908358 0.017871 0.0 -0.156961 -0.598719 -0.832391 1.0]
345
	ConcatTransform [1.1 0.0 0.0 0.0 0.0 1.1 0.0 0.0 0.0 0.0 1.1 0.0 -9.609 0.05 6.704 1.0]
	ConcatTransform [0.490345 0.211878 -0.845381 0.0 0.764779 0.360556 0.53396 0.0 0.417941 -0.908354 0.014757 0.0 -0.15687 -0.598685 -0.830649 1.0]
346
	ConcatTransform [1.1 0.0 0.0 0.0 0.0 1.1 0.0 0.0 0.0 0.0 1.1 0.0 -9.609 0.05 6.704 1.0]
	ConcatTransform [0.479462 0.213635 -0.851162 0.0 0.77253 0.35737 0.524866 0.0 0.41631 -0.909201 0.006306 0.0 -0.157474 -0.598847 -0.829022 1.0]
347
	ConcatTransform [1.1 0.0 0.0 0.0 0.0 1.1 0.0 0.0 0.0 0.0 1.1 0.0 -9.609 0.05 6.704 1.0]
	ConcatTransform [0.472584 0.214375 -0.854815 0.0 0.778215 0.35368 0.518934 0.0 0.413577 -0.910469 0.000314 0.0 -0.158334 -0.599005 -0.828679 1.0]
348
	ConcatTransform [1.1 0.0 0.0 0.0 0.0 1.1 0.0 0.0 0.0 0.0 1.1 0.0 -9.609 0.05 6.704 1.0]
	ConcatTransform [0.462437 0.214747 -0.860253 0.0 0.7871 0.347247 0.509797 0.0 0.408198 -0.912855 -0.008447 0.0 -0.160302 -0.599246 -0.829242 1.0]
349
	ConcatTransform [1.1 0.0 0.0 0.0 0.0 1.1 0.0 0.0 0.0 0.0 1.1 0.0 -9.609 0.05 6.704 1.0]
	ConcatTransform [0.455932 0.21617 -0.863364 0.0 0.793161 0.341383 0.504335 0.0 0.403759 -0.914729 -0.01581 0.0 -0.162017 -0.599456 -0.830199 1.0]
350
	ConcatTransform [1.1 0.0 0.0 0.0 0.0 1.1 0.0 0.0 0.0 0.0 1.1 0.0 -9.609 0.05 6.704 1.0]
	ConcatTransform [0.44642 0.219304 -0.867534 0.0 0.802389 0.331031 0.496579 0.0 0.396083 -0.917782 -0.028188 0.0 -0.165109 -0.599779 -0.832441 1.0]
351
	ConcatTransform [1.1 0.0 0.0 0.0 0.0 1.1 0.0 0.0 0.0 0.0 1.1 0.0 -9.609 0.05 6.704 1.0]
	ConcatTransform [0.440108 0.221093 -0.8703 0.0 0.808529 0.324052 0.491193 0.0 0.390622 -0.919841 -0.036143 0.0 -0.16746 -0.599948 -0.834459 1.0]
352
	ConcatTransform [1.1 0.0 0.0 0.0 0.0 1.1 0.0 0.0 0.0 0.0 1.1 0.0 -9.609 0.05 6.704 1.0]
	ConcatTransform [0.43045 0.223933 -0.874395 0.0 0.817618 0.313657 0.482826 0.0 0.38238 -0.922753 -0.048078 0.0 -0.171303 -0.600139 -0.838109 1.0]
353
	ConcatTransform [1.1 0.0 0.0 0.0 0.0 1.1 0.0 0.0 0.0 0.0 1.1 0.0 -9.609 0.05 6.704 1.0]
	ConcatTransform [0.423905 0.22674 -0.876866 0.0 0.823572 0.306361 0.47736 0.0 0.376874 -0.924517 -0.056868 0.0 -0.174 -0.600238 -0.840834 1.0]
354
	ConcatTransform [1.1 0.0 0.0 0.0 0.0 1.1 0.0 0.0 0.0 0.0 1.1 0.0 -9.609 0.05 6.704 1.0]
	ConcatTransform [0.414017 0.23181 -0.880258 0.0 0.83228 0.295233 0.469199 0.0 0.368646 -0.926877 -0.0707 0.0 -0.178112 -0.600321 -0.845233 1.0]
355
	ConcatTransform [1.1 0.0 0.0 0.0 0.0 1.1 0.0 0.0 0.0 0.0 1.1 0.0 -9.609 0.05 6.704 1.0]
	ConcatTransform [0.408361 0.234588 -0.882162 0.0 0.837324 0.288572 0.464343 0.0 0.363497 -0.928275 -0.078584 0.0 -0.180831 -0.600322 -0.848327 1.0]
356
	ConcatTransform [1.1 0.0 0.0 0.0 0.0 1.1 0.0 0.0 0.0 0.0 1.1 0.0 -9.609 0.05 6.704 1.0]
	ConcatTransform [0.402589 0.238978 -0.883635 0.0 0.842516 0.280683 0.459765 0.0 0.357895 -0.929573 -0.088343 0.0 -0.184839 -0.600278 -0.853009 1.0]
357
	ConcatTransform [1.1 0.0 0.0 0.0 0.0 1.1 0.0 0.0 0.0 0.0 1.1 0.0 -9.609 0.05 6.704 1.0]
	ConcatTransform [0.400345 0.241721 -0.883909 0.0 0.845168 0.275375 0.458104 0.0 0.35414 -0.930451 -0.09405 0.0 -0.187359 -0.600226 -0.856072 1.0]
358
	ConcatTransform [1.1 0.0 0.0 0.0 0.0 1.1 0.0 0.0 0.0 0.0 1.1 0.0 -9.609 0.05 6.704 1.0]
	ConcatTransform [0.398218 0.245732 -0.883764 0.0 0.84844 0.267547 0.456693 0.0 0.348673 -0.931684 -0.101947 0.0 -0.190837 -0.600111 -0.860457 1.0]
359
	ConcatTransform [1.1 0.0 0.0 0.0 0.0 1.1 0.0 0.0 0.0 0.0 1.1 0.0 -9.609 0.05 6.704 1.0]
	ConcatTransform [0.396673 0.248506 -0.883683 0.0 0.850336 0.263167 0.455711 0.0 0.345803 -0.932195 -0.106923 0.0 -0.192931 -0.600026 -0.86319 1.0]
360
	ConcatTransform [1.1 0.0 0.0 0.0 0.0 1.1 0.0 0.0 0.0 0.0 1.1 0.0 -9.609 0.05 6.704 1.0]
	ConcatTransform [-0.957154 0.252065 -0.14255 0.0 0.214901 0.288335 -0.933103 0.0 -0.1941 -0.923757 -0.33015 0.0 0.361194 -0.600248 -0.576205 1.0]
