228
	ConcatTransform [1.1 0.0 0.0 0.0 0.0 1.1 0.0 0.0 0.0 0.0 1.1 0.0 -9.609 0.05 6.704 1.0]
	ConcatTransform [0.988575 0.140858 0.053644 0.0 -0.140145 0.989988 -0.016839 0.0 -0.055479 0.009128 0.998418 0.0 -0.009518 -0.021436 -0.000816 1.0]
229
	ConcatTransform [1.1 0.0 0.0 0.0 0.0 1.1 0.0 0.0 0.0 0.0 1.1 0.0 -9.609 0.05 6.704 1.0]
	ConcatTransform [0.929871 0.367723 0.010912 0.0 -0.366355 0.928299 -0.063601 0.0 -0.033517 0.055143 0.997916 0.0 -0.014428 -0.042244 0.004076 1.0]
230
	ConcatTransform [1.1 0.0 0.0 0.0 0.0 1.1 0.0 0.0 0.0 0.0 1.1 0.0 -9.609 0.05 6.704 1.0]
	ConcatTransform [0.792472 0.607402 -0.055236 0.0 -0.609754 0.786977 -0.09417 0.0 -0.01373 0.108308 0.994023 0.0 -0.01744 -0.090311 0.019084 1.0]
231
	ConcatTransform [1.1 0.0 0.0 0.0 0.0 1.1 0.0 0.0 0.0 0.0 1.1 0.0 -9.609 0.05 6.704 1.0]
	ConcatTransform [0.69807 0.712002 -0.075842 0.0 -0.715898 0.691983 -0.093003 0.0 -0.013738 0.119218 0.992773 0.0 -0.01835 -0.135532 0.031572 1.0]
232
	ConcatTransform [1.1 0.0 0.0 0.0 0.0 1.1 0.0 0.0 0.0 0.0 1.1 0.0 -9.609 0.05 6.704 1.0]
	ConcatTransform [0.560651 0.818071 -0.128181 0.0 -0.828052 0.553765 -0.087604 0.0 -0.000684 0.155256 0.987874 0.0 -0.016201 -0.216475 0.057007 1.0]
233
	ConcatTransform [1.1 0.0 0.0 0.0 0.0 1.1 0.0 0.0 0.0 0.0 1.1 0.0 -9.609 0.05 6.704 1.0]
	ConcatTransform [0.454978 0.864351 -0.214226 0.0 -0.889853 0.450479 -0.072312 0.0 0.034001 0.22353 0.974104 0.0 -0.012711 -0.276415 0.08101 1.0]
234
	ConcatTransform [1.1 0.0 0.0 0.0 0.0 1.1 0.0 0.0 0.0 0.0 1.1 0.0 -9.609 0.05 6.704 1.0]
	ConcatTransform [0.314716 0.864497 -0.391916 0.0 -0.941257 0.337501 -0.011381 0.0 0.122433 0.372475 0.919931 0.0 -0.00464 -0.360439 0.138142 1.0]
235
	ConcatTransform [1.1 0.0 0.0 0.0 0.0 1.1 0.0 0.0 0.0 0.0 1.1 0.0 -9.609 0.05 6.704 1.0]
	ConcatTransform [0.367313 0.825508 -0.428505 0.0 -0.924686 0.373736 -0.072642 0.0 0.100181 0.422916 0.900614 0.0 -0.005532 -0.405744 0.178324 1.0]
236
	ConcatTransform [1.1 0.0 0.0 0.0 0.0 1.1 0.0 0.0 0.0 0.0 1.1 0.0 -9.609 0.05 6.704 1.0]
	ConcatTransform [0.469821 0.761547 -0.446447 0.0 -0.877121 0.459799 -0.138721 0.0 0.099633 0.456762 0.883992 0.0 -0.023802 -0.440318 0.236639 1.0]
237
	ConcatTransform [1.1 0.0 0.0 0.0 0.0 1.1 0.0 0.0 0.0 0.0 1.1 0.0 -9.609 0.05 6.704 1.0]
	ConcatTransform [0.561621 0.68397 -0.465582 0.0 -0.820628 0.532288 -0.20794 0.0 0.105599 0.498854 0.860229 0.0 -0.041108 -0.450323 0.272195 1.0]
238
	ConcatTransform [1.1 0.0 0.0 0.0 0.0 1.1 0.0 0.0 0.0 0.0 1.1 0.0 -9.609 0.05 6.704 1.0]
	ConcatTransform [0.682601 0.591136 -0.429668 0.0 -0.728668 0.595335 -0.338554 0.0 0.055665 0.544182 0.837118 0.0 -0.079994 -0.43812 0.313636 1.0]
239
	ConcatTransform [1.1 0.0 0.0 0.0 0.0 1.1 0.0 0.0 0.0 0.0 1.1 0.0 -9.609 0.05 6.704 1.0]
	ConcatTransform [0.708867 0.55643 -0.433466 0.0 -0.701928 0.616899 -0.355997 0.0 0.069317 0.556616 0.827873 0.0 -0.110823 -0.429662 0.333135 1.0]
240
	ConcatTransform [1.1 0.0 0.0 0.0 0.0 1.1 0.0 0.0 0.0 0.0 1.1 0.0 -9.609 0.05 6.704 1.0]
	ConcatTransform [0.757688 0.500105 -0.41929 0.0 -0.644115 0.676426 -0.357161 0.0 0.105 0.540687 0.834645 0.0 -0.15671 -0.425268 0.359891 1.0]
241
	ConcatTransform [1.1 0.0 0.0 0.0 0.0 1.1 0.0 0.0 0.0 0.0 1.1 0.0 -9.609 0.05 6.704 1.0]
	ConcatTransform [0.775431 0.473599 -0.417626 0.0 -0.622703 0.683161 -0.381488 0.0 0.104634 0.555874 0.824655 0.0 -0.188334 -0.431347 0.374207 1.0]
242
	ConcatTransform [1.1 0.0 0.0 0.0 0.0 1.1 0.0 0.0 0.0 0.0 1.1 0.0 -9.609 0.05 6.704 1.0]
	ConcatTransform [0.803492 0.426083 -0.415756 0.0 -0.581691 0.710473 -0.396059 0.0 0.12663 0.560073 0.818708 0.0 -0.23001 -0.430211 0.394489 1.0]
243
	ConcatTransform [1.1 0.0 0.0 0.0 0.0 1.1 0.0 0.0 0.0 0.0 1.1 0.0 -9.609 0.05 6.704 1.0]
	ConcatTransform [0.810591 0.413827 -0.414355 0.0 -0.569921 0.720157 -0.395682 0.0 0.134657 0.556885 0.819601 0.0 -0.256672 -0.427392 0.407583 1.0]
244
	ConcatTransform [1.1 0.0 0.0 0.0 0.0 1.1 0.0 0.0 0.0 0.0 1.1 0.0 -9.609 0.05 6.704 1.0]
	ConcatTransform [0.823977 0.373731 -0.425895 0.0 -0.546923 0.721054 -0.425389 0.0 0.148113 0.583443 0.798534 0.0 -0.294992 -0.422943 0.427802 1.0]
245
	ConcatTransform [1.1 0.0 0.0 0.0 0.0 1.1 0.0 0.0 0.0 0.0 1.1 0.0 -9.609 0.05 6.704 1.0]
	ConcatTransform [0.842285 0.339166 -0.418954 0.0 -0.515895 0.732502 -0.444177 0.0 0.156235 0.59026 0.791949 0.0 -0.318616 -0.418611 0.441407 1.0]
246
	ConcatTransform [1.1 0.0 0.0 0.0 0.0 1.1 0.0 0.0 0.0 0.0 1.1 0.0 -9.609 0.05 6.704 1.0]
	ConcatTransform [0.866594 0.274216 -0.416917 0.0 -0.465794 0.744243 -0.478683 0.0 0.179025 0.609022 0.772685 0.0 -0.350512 -0.416063 0.462786 1.0]
247
	ConcatTransform [1.1 0.0 0.0 0.0 0.0 1.1 0.0 0.0 0.0 0.0 1.1 0.0 -9.609 0.05 6.704 1.0]
	ConcatTransform [0.877123 0.252514 -0.408525 0.0 -0.445958 0.743956 -0.497645 0.0 0.178262 0.618681 0.765151 0.0 -0.369555 -0.417895 0.479127 1.0]
248
	ConcatTransform [1.1 0.0 0.0 0.0 0.0 1.1 0.0 0.0 0.0 0.0 1.1 0.0 -9.609 0.05 6.704 1.0]
	ConcatTransform [0.90164 0.188218 -0.389384 0.0 -0.38891 0.746712 -0.539602 0.0 0.189195 0.637962 0.746465 0.0 -0.392728 -0.426185 0.503023 1.0]
249
	ConcatTransform [1.1 0.0 0.0 0.0 0.0 1.1 0.0 0.0 0.0 0.0 1.1 0.0 -9.609 0.05 6.704 1.0]
	ConcatTransform [0.91395 0.14883 -0.377552 0.0 -0.354471 0.745742 -0.564108 0.0 0.1976 0.649398 0.734327 0.0 -0.40637 -0.438406 0.518449 1.0]
250
	ConcatTransform [1.1 0.0 0.0 0.0 0.0 1.1 0.0 0.0 0.0 0.0 1.1 0.0 -9.609 0.05 6.704 1.0]
	ConcatTransform [0.897761 0.177229 -0.403255 0.0 -0.402481 0.702038 -0.587496 0.0 0.178979 0.689733 0.701594 0.0 -0.417853 -0.442475 0.530133 1.0]
251
	ConcatTransform [1.1 0.0 0.0 0.0 0.0 1.1 0.0 0.0 0.0 0.0 1.1 0.0 -9.609 0.05 6.704 1.0]
	ConcatTransform [0.881988 0.193473 -0.429727 0.0 -0.434257 0.68788 -0.581586 0.0 0.18308 0.699563 0.690719 0.0 -0.419683 -0.44513 0.535884 1.0]
252
	ConcatTransform [1.1 0.0 0.0 0.0 0.0 1.1 0.0 0.0 0.0 0.0 1.1 0.0 -9.609 0.05 6.704 1.0]
	ConcatTransform [0.865836 0.22537 -0.446694 0.0 -0.468584 0.678214 -0.566087 0.0 0.175375 0.699452 0.692827 0.0 -0.415866 -0.451877 0.539537 1.0]
253
	ConcatTransform [1.1 0.0 0.0 0.0 0.0 1.1 0.0 0.0 0.0 0.0 1.1 0.0 -9.609 0.05 6.704 1.0]
	ConcatTransform [0.854272 0.239216 -0.461514 0.0 -0.487124 0.678319 -0.550085 0.0 0.181465 0.694736 0.695997 0.0 -0.408703 -0.454964 0.539343 1.0]
254
	ConcatTransform [1.1 0.0 0.0 0.0 0.0 1.1 0.0 0.0 0.0 0.0 1.1 0.0 -9.609 0.05 6.704 1.0]
	ConcatTransform [0.828809 0.266965 -0.491738 0.0 -0.526203 0.67067 -0.522792 0.0 0.190227 0.692049 0.696335 0.0 -0.39429 -0.46039 0.537917 1.0]
255
	ConcatTransform [1.1 0.0 0.0 0.0 0.0 1.1 0.0 0.0 0.0 0.0 1.1 0.0 -9.609 0.05 6.704 1.0]
	ConcatTransform [0.811096 0.288242 -0.508959 0.0 -0.551064 0.668286 -0.499722 0.0 0.19609 0.685792 0.700884 0.0 -0.382138 -0.464754 0.536379 1.0]
256
	ConcatTransform [1.1 0.0 0.0 0.0 0.0 1.1 0.0 0.0 0.0 0.0 1.1 0.0 -9.609 0.05 6.704 1.0]
	ConcatTransform [0.771008 0.344483 -0.53561 0.0 -0.603717 0.663043 -0.442606 0.0 0.202662 0.664609 0.719182 0.0 -0.361089 -0.475873 0.529804 1.0]
257
	ConcatTransform [1.1 0.0 0.0 0.0 0.0 1.1 0.0 0.0 0.0 0.0 1.1 0.0 -9.609 0.05 6.704 1.0]
	ConcatTransform [0.738924 0.388715 -0.550357 0.0 -0.641569 0.65547 -0.398432 0.0 0.205866 0.647502 0.73373 0.0 -0.344812 -0.483376 0.521348 1.0]
258
	ConcatTransform [1.1 0.0 0.0 0.0 0.0 1.1 0.0 0.0 0.0 0.0 1.1 0.0 -9.609 0.05 6.704 1.0]
	ConcatTransform [0.682712 0.461969 -0.566117 0.0 -0.699808 0.636249 -0.324739 0.0 0.210172 0.617877 0.757665 0.0 -0.318105 -0.493307 0.50292 1.0]
259
	ConcatTransform [1.1 0.0 0.0 0.0 0.0 1.1 0.0 0.0 0.0 0.0 1.1 0.0 -9.609 0.05 6.704 1.0]
	ConcatTransform [0.643901 0.512607 -0.568001 0.0 -0.734335 0.622478 -0.270691 0.0 0.21481 0.591402 0.777239 0.0 -0.299261 -0.498675 0.487615 1.0]
260
	ConcatTransform [1.1 0.0 0.0 0.0 0.0 1.1 0.0 0.0 0.0 0.0 1.1 0.0 -9.609 0.05 6.704 1.0]
	ConcatTransform [0.583668 0.571391 -0.576927 0.0 -0.78505 0.578601 -0.221173 0.0 0.207435 0.582008 0.786281 0.0 -0.271521 -0.498595 0.465789 1.0]
261
	ConcatTransform [1.1 0.0 0.0 0.0 0.0 1.1 0.0 0.0 0.0 0.0 1.1 0.0 -9.609 0.05 6.704 1.0]
	ConcatTransform [0.55226 0.598725 -0.580119 0.0 -0.812537 0.542259 -0.213867 0.0 0.186527 0.589478 0.785954 0.0 -0.253654 -0.496188 0.45688 1.0]
262
	ConcatTransform [1.1 0.0 0.0 0.0 0.0 1.1 0.0 0.0 0.0 0.0 1.1 0.0 -9.609 0.05 6.704 1.0]
	ConcatTransform [0.514318 0.623652 -0.588673 0.0 -0.842807 0.494505 -0.212464 0.0 0.158598 0.605411 0.779951 0.0 -0.227953 -0.493558 0.450058 1.0]
263
	ConcatTransform [1.1 0.0 0.0 0.0 0.0 1.1 0.0 0.0 0.0 0.0 1.1 0.0 -9.609 0.05 6.704 1.0]
	ConcatTransform [0.495557 0.635309 -0.592289 0.0 -0.856054 0.472612 -0.209305 0.0 0.146949 0.610754 0.778065 0.0 -0.21207 -0.491584 0.448989 1.0]
264
	ConcatTransform [1.1 0.0 0.0 0.0 0.0 1.1 0.0 0.0 0.0 0.0 1.1 0.0 -9.609 0.05 6.704 1.0]
	ConcatTransform [0.463214 0.653055 -0.599126 0.0 -0.875106 0.443893 -0.192739 0.0 0.140078 0.613578 0.77711 0.0 -0.1921 -0.487777 0.447136 1.0]
265
	ConcatTransform [1.1 0.0 0.0 0.0 0.0 1.1 0.0 0.0 0.0 0.0 1.1 0.0 -9.609 0.05 6.704 1.0]
	ConcatTransform [0.441013 0.665344 -0.602349 0.0 -0.887108 0.424988 -0.180065 0.0 0.136186 0.61376 0.777658 0.0 -0.18186 -0.4855 0.444658 1.0]
266
	ConcatTransform [1.1 0.0 0.0 0.0 0.0 1.1 0.0 0.0 0.0 0.0 1.1 0.0 -9.609 0.05 6.704 1.0]
	ConcatTransform [0.415715 0.675657 -0.608826 0.0 -0.898855 0.407314 -0.161725 0.0 0.138713 0.614478 0.776644 0.0 -0.170495 -0.483016 0.440396 1.0]
267
	ConcatTransform [1.1 0.0 0.0 0.0 0.0 1.1 0.0 0.0 0.0 0.0 1.1 0.0 -9.609 0.05 6.704 1.0]
	ConcatTransform [0.4014 0.681561 -0.611844 0.0 -0.904867 0.398488 -0.149744 0.0 0.141753 0.613744 0.776675 0.0 -0.166345 -0.481807 0.437726 1.0]
268
	ConcatTransform [1.1 0.0 0.0 0.0 0.0 1.1 0.0 0.0 0.0 0.0 1.1 0.0 -9.609 0.05 6.704 1.0]
	ConcatTransform [0.397256 0.683023 -0.612917 0.0 -0.90595 0.398446 -0.143162 0.0 0.146431 0.612144 0.77707 0.0 -0.165456 -0.481476 0.434958 1.0]
269
	ConcatTransform [1.1 0.0 0.0 0.0 0.0 1.1 0.0 0.0 0.0 0.0 1.1 0.0 -9.609 0.05 6.704 1.0]
	ConcatTransform [0.397928 0.680468 -0.615318 0.0 -0.904799 0.401947 -0.140631 0.0 0.15163 0.6127 0.775633 0.0 -0.167722 -0.482161 0.435025 1.0]
270
	ConcatTransform [1.1 0.0 0.0 0.0 0.0 1.1 0.0 0.0 0.0 0.0 1.1 0.0 -9.609 0.05 6.704 1.0]
	ConcatTransform [0.406624 0.671399 -0.619581 0.0 -0.898123 0.418052 -0.136412 0.0 0.16743 0.611928 0.772989 0.0 -0.175412 -0.484516 0.434851 1.0]
271
	ConcatTransform [1.1 0.0 0.0 0.0 0.0 1.1 0.0 0.0 0.0 0.0 1.1 0.0 -9.609 0.05 6.704 1.0]
	ConcatTransform [0.422516 0.660683 -0.620466 0.0 -0.888825 0.436024 -0.140974 0.0 0.177398 0.611049 0.771459 0.0 -0.182704 -0.486831 0.436022 1.0]
272
	ConcatTransform [1.1 0.0 0.0 0.0 0.0 1.1 0.0 0.0 0.0 0.0 1.1 0.0 -9.609 0.05 6.704 1.0]
	ConcatTransform [0.446236 0.64326 -0.622166 0.0 -0.873496 0.464268 -0.14649 0.0 0.194621 0.608828 0.769058 0.0 -0.197008 -0.490224 0.43842 1.0]
273
	ConcatTransform [1.1 0.0 0.0 0.0 0.0 1.1 0.0 0.0 0.0 0.0 1.1 0.0 -9.609 0.05 6.704 1.0]
	ConcatTransform [0.461976 0.628881 -0.62537 0.0 -0.861414 0.485967 -0.147652 0.0 0.211053 0.606914 0.766232 0.0 -0.20853 -0.49248 0.440242 1.0]
274
	ConcatTransform [1.1 0.0 0.0 0.0 0.0 1.1 0.0 0.0 0.0 0.0 1.1 0.0 -9.609 0.05 6.704 1.0]
	ConcatTransform [0.487153 0.605855 -0.628985 0.0 -0.840537 0.520746 -0.149405 0.0 0.237024 0.601468 0.762926 0.0 -0.227734 -0.495556 0.4431 1.0]
275
	ConcatTransform [1.1 0.0 0.0 0.0 0.0 1.1 0.0 0.0 0.0 0.0 1.1 0.0 -9.609 0.05 6.704 1.0]
	ConcatTransform [0.504021 0.588839 -0.631848 0.0 -0.825157 0.544375 -0.150902 0.0 0.255105 0.597432 0.760261 0.0 -0.241495 -0.496957 0.446013 1.0]
276
	ConcatTransform [1.1 0.0 0.0 0.0 0.0 1.1 0.0 0.0 0.0 0.0 1.1 0.0 -9.609 0.05 6.704 1.0]
	ConcatTransform [0.532481 0.558678 -0.63588 0.0 -0.798074 0.581682 -0.157241 0.0 0.282032 0.591207 0.755601 0.0 -0.262642 -0.49886 0.452094 1.0]
277
	ConcatTransform [1.1 0.0 0.0 0.0 0.0 1.1 0.0 0.0 0.0 0.0 1.1 0.0 -9.609 0.05 6.704 1.0]
	ConcatTransform [0.551659 0.538067 -0.637303 0.0 -0.778362 0.606673 -0.161556 0.0 0.299707 0.585177 0.753488 0.0 -0.277377 -0.499415 0.455124 1.0]
278
	ConcatTransform [1.1 0.0 0.0 0.0 0.0 1.1 0.0 0.0 0.0 0.0 1.1 0.0 -9.609 0.05 6.704 1.0]
	ConcatTransform [0.577733 0.506201 -0.640301 0.0 -0.747687 0.642866 -0.166396 0.0 0.327398 0.574877 0.749884 0.0 -0.299351 -0.499196 0.458571 1.0]
279
	ConcatTransform [1.1 0.0 0.0 0.0 0.0 1.1 0.0 0.0 0.0 0.0 1.1 0.0 -9.609 0.05 6.704 1.0]
	ConcatTransform [0.594085 0.489818 -0.638076 0.0 -0.731429 0.659061 -0.175074 0.0 0.334776 0.570716 0.749806 0.0 -0.312809 -0.498526 0.460681 1.0]
280
	ConcatTransform [1.1 0.0 0.0 0.0 0.0 1.1 0.0 0.0 0.0 0.0 1.1 0.0 -9.609 0.05 6.704 1.0]
	ConcatTransform [0.617442 0.466788 -0.633147 0.0 -0.707154 0.681919 -0.186869 0.0 0.344526 0.563113 0.751136 0.0 -0.330404 -0.497217 0.462938 1.0]
281
	ConcatTransform [1.1 0.0 0.0 0.0 0.0 1.1 0.0 0.0 0.0 0.0 1.1 0.0 -9.609 0.05 6.704 1.0]
	ConcatTransform [0.630296 0.456312 -0.628098 0.0 -0.694762 0.69257 -0.194043 0.0 0.346457 0.558683 0.753552 0.0 -0.34049 -0.496493 0.46379 1.0]
282
	ConcatTransform [1.1 0.0 0.0 0.0 0.0 1.1 0.0 0.0 0.0 0.0 1.1 0.0 -9.609 0.05 6.704 1.0]
	ConcatTransform [0.644983 0.442786 -0.622846 0.0 -0.677983 0.707621 -0.199026 0.0 0.352614 0.550647 0.756605 0.0 -0.353338 -0.49544 0.462157 1.0]
283
	ConcatTransform [1.1 0.0 0.0 0.0 0.0 1.1 0.0 0.0 0.0 0.0 1.1 0.0 -9.609 0.05 6.704 1.0]
	ConcatTransform [0.649681 0.43528 -0.623254 0.0 -0.670169 0.714961 -0.199257 0.0 0.35887 0.547139 0.756208 0.0 -0.359991 -0.494639 0.460831 1.0]
284
	ConcatTransform [1.1 0.0 0.0 0.0 0.0 1.1 0.0 0.0 0.0 0.0 1.1 0.0 -9.609 0.05 6.704 1.0]
	ConcatTransform [0.645887 0.431253 -0.629961 0.0 -0.668351 0.718216 -0.193577 0.0 0.368967 0.546064 0.752115 0.0 -0.367516 -0.49416 0.459639 1.0]
285
	ConcatTransform [1.1 0.0 0.0 0.0 0.0 1.1 0.0 0.0 0.0 0.0 1.1 0.0 -9.609 0.05 6.704 1.0]
	ConcatTransform [0.644319 0.429517 -0.632747 0.0 -0.667167 0.720128 -0.190536 0.0 0.37382 0.544913 0.750552 0.0 -0.370578 -0.493935 0.459169 1.0]
286
	ConcatTransform [1.1 0.0 0.0 0.0 0.0 1.1 0.0 0.0 0.0 0.0 1.1 0.0 -9.609 0.05 6.704 1.0]
	ConcatTransform [0.642506 0.430129 -0.634173 0.0 -0.668246 0.719531 -0.189004 0.0 0.375011 0.54522 0.749735 0.0 -0.372364 -0.493989 0.458928 1.0]
287
	ConcatTransform [1.1 0.0 0.0 0.0 0.0 1.1 0.0 0.0 0.0 0.0 1.1 0.0 -9.609 0.05 6.704 1.0]
	ConcatTransform [0.639172 0.434657 -0.634454 0.0 -0.673347 0.714864 -0.18861 0.0 0.371568 0.547762 0.749596 0.0 -0.371854 -0.494518 0.459262 1.0]
288
	ConcatTransform [1.1 0.0 0.0 0.0 0.0 1.1 0.0 0.0 0.0 0.0 1.1 0.0 -9.609 0.05 6.704 1.0]
	ConcatTransform [0.630555 0.44432 -0.63638 0.0 -0.683746 0.705994 -0.184564 0.0 0.367275 0.5515 0.74897 0.0 -0.368128 -0.49542 0.459198 1.0]
289
	ConcatTransform [1.1 0.0 0.0 0.0 0.0 1.1 0.0 0.0 0.0 0.0 1.1 0.0 -9.609 0.05 6.704 1.0]
	ConcatTransform [0.622782 0.451274 -0.639136 0.0 -0.691842 0.699121 -0.180512 0.0 0.365373 0.554601 0.74761 0.0 -0.363894 -0.496025 0.458854 1.0]
290
	ConcatTransform [1.1 0.0 0.0 0.0 0.0 1.1 0.0 0.0 0.0 0.0 1.1 0.0 -9.609 0.05 6.704 1.0]
	ConcatTransform [0.611318 0.468047 -0.63814 0.0 -0.70842 0.683069 -0.177643 0.0 0.352748 0.560668 0.749147 0.0 -0.355716 -0.497293 0.457703 1.0]
291
	ConcatTransform [1.1 0.0 0.0 0.0 0.0 1.1 0.0 0.0 0.0 0.0 1.1 0.0 -9.609 0.05 6.704 1.0]
	ConcatTransform [0.603966 0.479087 -0.636946 0.0 -0.719114 0.672153 -0.176312 0.0 0.343657 0.564523 0.750476 0.0 -0.349058 -0.497954 0.456274 1.0]
292
	ConcatTransform [1.1 0.0 0.0 0.0 0.0 1.1 0.0 0.0 0.0 0.0 1.1 0.0 -9.609 0.05 6.704 1.0]
	ConcatTransform [0.590737 0.496873 -0.635725 0.0 -0.736609 0.653661 -0.173591 0.0 0.329296 0.570828 0.752143 0.0 -0.337727 -0.498787 0.454253 1.0]
293
	ConcatTransform [1.1 0.0 0.0 0.0 0.0 1.1 0.0 0.0 0.0 0.0 1.1 0.0 -9.609 0.05 6.704 1.0]
	ConcatTransform [0.58104 0.509534 -0.63464 0.0 -0.749022 0.639809 -0.172078 0.0 0.318369 0.575343 0.753406 0.0 -0.329531 -0.49919 0.453251 1.0]
294
	ConcatTransform [1.1 0.0 0.0 0.0 0.0 1.1 0.0 0.0 0.0 0.0 1.1 0.0 -9.609 0.05 6.704 1.0]
	ConcatTransform [0.565437 0.528556 -0.633173 0.0 -0.767674 0.617966 -0.169687 0.0 0.301591 0.582019 0.75518 0.0 -0.316725 -0.499398 0.451868 1.0]
295
	ConcatTransform [1.1 0.0 0.0 0.0 0.0 1.1 0.0 0.0 0.0 0.0 1.1 0.0 -9.609 0.05 6.704 1.0]
	ConcatTransform [0.555105 0.540805 -0.631971 0.0 -0.779231 0.603889 -0.16768 0.0 0.290958 0.585532 0.756634 0.0 -0.308117 -0.499295 0.450785 1.0]
296
	ConcatTransform [1.1 0.0 0.0 0.0 0.0 1.1 0.0 0.0 0.0 0.0 1.1 0.0 -9.609 0.05 6.704 1.0]
	ConcatTransform [0.541058 0.55776 -0.629412 0.0 -0.7947 0.58396 -0.165661 0.0 0.275152 0.589826 0.759208 0.0 -0.295559 -0.498888 0.448989 1.0]
297
	ConcatTransform [1.1 0.0 0.0 0.0 0.0 1.1 0.0 0.0 0.0 0.0 1.1 0.0 -9.609 0.05 6.704 1.0]
	ConcatTransform [0.531565 0.56845 -0.627935 0.0 -0.804577 0.570593 -0.164557 0.0 0.264753 0.592695 0.760669 0.0 -0.28773 -0.49842 0.447852 1.0]
298
	ConcatTransform [1.1 0.0 0.0 0.0 0.0 1.1 0.0 0.0 0.0 0.0 1.1 0.0 -9.609 0.05 6.704 1.0]
	ConcatTransform [0.520768 0.58118 -0.625324 0.0 -0.816153 0.553775 -0.165007 0.0 0.25039 0.59629 0.762721 0.0 -0.277034 -0.497615 0.446527 1.0]
299
	ConcatTransform [1.1 0.0 0.0 0.0 0.0 1.1 0.0 0.0 0.0 0.0 1.1 0.0 -9.609 0.05 6.704 1.0]
	ConcatTransform [0.513879 0.589353 -0.623371 0.0 -0.823366 0.542831 -0.165538 0.0 0.240825 0.598329 0.764203 0.0 -0.270969 -0.496981 0.445776 1.0]
300
	ConcatTransform [1.1 0.0 0.0 0.0 0.0 1.1 0.0 0.0 0.0 0.0 1.1 0.0 -9.609 0.05 6.704 1.0]
	ConcatTransform [0.506392 0.598688 -0.620596 0.0 -0.831477 0.529727 -0.16744 0.0 0.228502 0.600801 0.766045 0.0 -0.263604 -0.496102 0.445182 1.0]
301
	ConcatTransform [1.1 0.0 0.0 0.0 0.0 1.1 0.0 0.0 0.0 0.0 1.1 0.0 -9.609 0.05 6.704 1.0]
	ConcatTransform [0.502418 0.602903 -0.619745 0.0 -0.835438 0.523175 -0.168319 0.0 0.222755 0.602325 0.766541 0.0 -0.260005 -0.495597 0.445122 1.0]
302
	ConcatTransform [1.1 0.0 0.0 0.0 0.0 1.1 0.0 0.0 0.0 0.0 1.1 0.0 -9.609 0.05 6.704 1.0]
	ConcatTransform [0.496492 0.606903 -0.620617 0.0 -0.839391 0.517842 -0.165112 0.0 0.221175 0.602917 0.766533 0.0 -0.256856 -0.495203 0.444527 1.0]
303
	ConcatTransform [1.1 0.0 0.0 0.0 0.0 1.1 0.0 0.0 0.0 0.0 1.1 0.0 -9.609 0.05 6.704 1.0]
	ConcatTransform [0.492981 0.607497 -0.622831 0.0 -0.840332 0.517936 -0.159952 0.0 0.225416 0.602238 0.765831 0.0 -0.256246 -0.495241 0.444271 1.0]
304
	ConcatTransform [1.1 0.0 0.0 0.0 0.0 1.1 0.0 0.0 0.0 0.0 1.1 0.0 -9.609 0.05 6.704 1.0]
	ConcatTransform [0.488465 0.605122 -0.628673 0.0 -0.840067 0.520968 -0.151261 0.0 0.235987 0.602013 0.762817 0.0 -0.257786 -0.495433 0.443429 1.0]
305
	ConcatTransform [1.1 0.0 0.0 0.0 0.0 1.1 0.0 0.0 0.0 0.0 1.1 0.0 -9.609 0.05 6.704 1.0]
	ConcatTransform [0.48821 0.602801 -0.631095 0.0 -0.838353 0.524878 -0.147196 0.0 0.242518 0.600943 0.761611 0.0 -0.260373 -0.495731 0.443417 1.0]
306
	ConcatTransform [1.1 0.0 0.0 0.0 0.0 1.1 0.0 0.0 0.0 0.0 1.1 0.0 -9.609 0.05 6.704 1.0]
	ConcatTransform [0.495481 0.594727 -0.633086 0.0 -0.831388 0.535803 -0.147342 0.0 0.251581 0.599345 0.759929 0.0 -0.266362 -0.496478 0.443837 1.0]
307
	ConcatTransform [1.1 0.0 0.0 0.0 0.0 1.1 0.0 0.0 0.0 0.0 1.1 0.0 -9.609 0.05 6.704 1.0]
	ConcatTransform [0.501638 0.587273 -0.635193 0.0 -0.825002 0.545665 -0.147039 0.0 0.260251 0.597796 0.758228 0.0 -0.271707 -0.497102 0.443847 1.0]
308
	ConcatTransform [1.1 0.0 0.0 0.0 0.0 1.1 0.0 0.0 0.0 0.0 1.1 0.0 -9.609 0.05 6.704 1.0]
	ConcatTransform [0.512383 0.57356 -0.639135 0.0 -0.812954 0.563782 -0.145792 0.0 0.276712 0.594289 0.75515 0.0 -0.281465 -0.497997 0.443472 1.0]
309
	ConcatTransform [1.1 0.0 0.0 0.0 0.0 1.1 0.0 0.0 0.0 0.0 1.1 0.0 -9.609 0.05 6.704 1.0]
	ConcatTransform [0.519758 0.563572 -0.642058 0.0 -0.804086 0.576611 -0.144796 0.0 0.288614 0.591528 0.752858 0.0 -0.28894 -0.49855 0.443276 1.0]
310
	ConcatTransform [1.1 0.0 0.0 0.0 0.0 1.1 0.0 0.0 0.0 0.0 1.1 0.0 -9.609 0.05 6.704 1.0]
	ConcatTransform [0.530599 0.547426 -0.64714 0.0 -0.78994 0.596191 -0.143355 0.0 0.307343 0.587265 0.748772 0.0 -0.301175 -0.499152 0.443217 1.0]
311
	ConcatTransform [1.1 0.0 0.0 0.0 0.0 1.1 0.0 0.0 0.0 0.0 1.1 0.0 -9.609 0.05 6.704 1.0]
	ConcatTransform [0.538693 0.534945 -0.650879 0.0 -0.778729 0.611001 -0.142337 0.0 0.321545 0.583534 0.745719 0.0 -0.309608 -0.499347 0.44343 1.0]
312
	ConcatTransform [1.1 0.0 0.0 0.0 0.0 1.1 0.0 0.0 0.0 0.0 1.1 0.0 -9.609 0.05 6.704 1.0]
	ConcatTransform [0.550508 0.516049 -0.656227 0.0 -0.761304 0.632886 -0.140963 0.0 0.342573 0.57719 0.74128 0.0 -0.322321 -0.499288 0.444125 1.0]
313
	ConcatTransform [1.1 0.0 0.0 0.0 0.0 1.1 0.0 0.0 0.0 0.0 1.1 0.0 -9.609 0.05 6.704 1.0]
	ConcatTransform [0.557437 0.504359 -0.659459 0.0 -0.750383 0.64595 -0.140267 0.0 0.355233 0.573037 0.738538 0.0 -0.33061 -0.499035 0.444867 1.0]
314
	ConcatTransform [1.1 0.0 0.0 0.0 0.0 1.1 0.0 0.0 0.0 0.0 1.1 0.0 -9.609 0.05 6.704 1.0]
	ConcatTransform [0.567784 0.488211 -0.662776 0.0 -0.736279 0.661252 -0.143664 0.0 0.368123 0.569558 0.734907 0.0 -0.34117 -0.498241 0.447135 1.0]
315
	ConcatTransform [1.1 0.0 0.0 0.0 0.0 1.1 0.0 0.0 0.0 0.0 1.1 0.0 -9.609 0.05 6.704 1.0]
	ConcatTransform [0.571574 0.481832 -0.664184 0.0 -0.73087 0.666902 -0.145158 0.0 0.373004 0.568401 0.73334 0.0 -0.34648 -0.497889 0.448315 1.0]
316
	ConcatTransform [1.1 0.0 0.0 0.0 0.0 1.1 0.0 0.0 0.0 0.0 1.1 0.0 -9.609 0.05 6.704 1.0]
	ConcatTransform [0.577053 0.476303 -0.663434 0.0 -0.723697 0.674696 -0.145081 0.0 0.378514 0.563845 0.734034 0.0 -0.351978 -0.497694 0.448819 1.0]
317
	ConcatTransform [1.1 0.0 0.0 0.0 0.0 1.1 0.0 0.0 0.0 0.0 1.1 0.0 -9.609 0.05 6.704 1.0]
	ConcatTransform [0.57959 0.473875 -0.662961 0.0 -0.720815 0.677615 -0.14582 0.0 0.380132 0.562388 0.734315 0.0 -0.35427 -0.497543 0.44866 1.0]
318
	ConcatTransform [1.1 0.0 0.0 0.0 0.0 1.1 0.0 0.0 0.0 0.0 1.1 0.0 -9.609 0.05 6.704 1.0]
	ConcatTransform [0.580606 0.472347 -0.663162 0.0 -0.719569 0.678788 -0.146514 0.0 0.380941 0.562258 0.733996 0.0 -0.355588 -0.497483 0.449297 1.0]
319
	ConcatTransform [1.1 0.0 0.0 0.0 0.0 1.1 0.0 0.0 0.0 0.0 1.1 0.0 -9.609 0.05 6.704 1.0]
	ConcatTransform [0.578248 0.474591 -0.663621 0.0 -0.722093 0.676316 -0.145527 0.0 0.379751 0.563347 0.733777 0.0 -0.355437 -0.497638 0.449435 1.0]
320
	ConcatTransform [1.1 0.0 0.0 0.0 0.0 1.1 0.0 0.0 0.0 0.0 1.1 0.0 -9.609 0.05 6.704 1.0]
	ConcatTransform [0.575605 0.480008 -0.662021 0.0 -0.726901 0.671181 -0.145367 0.0 0.374558 0.564897 0.735253 0.0 -0.353706 -0.497926 0.449119 1.0]
321
	ConcatTransform [1.1 0.0 0.0 0.0 0.0 1.1 0.0 0.0 0.0 0.0 1.1 0.0 -9.609 0.05 6.704 1.0]
	ConcatTransform [0.571302 0.485208 -0.661957 0.0 -0.732032 0.665956 -0.143641 0.0 0.371138 0.566636 0.73565 0.0 -0.351447 -0.498161 0.448666 1.0]
322
	ConcatTransform [1.1 0.0 0.0 0.0 0.0 1.1 0.0 0.0 0.0 0.0 1.1 0.0 -9.609 0.05 6.704 1.0]
	ConcatTransform [0.564452 0.493407 -0.661773 0.0 -0.740252 0.657311 -0.14131 0.0 0.365267 0.569642 0.736266 0.0 -0.346865 -0.498559 0.44733 1.0]
323
	ConcatTransform [1.1 0.0 0.0 0.0 0.0 1.1 0.0 0.0 0.0 0.0 1.1 0.0 -9.609 0.05 6.704 1.0]
	ConcatTransform [0.558744 0.500204 -0.661514 0.0 -0.747033 0.649988 -0.139488 0.0 0.360204 0.572111 0.736846 0.0 -0.343183 -0.498807 0.446267 1.0]
324
	ConcatTransform [1.1 0.0 0.0 0.0 0.0 1.1 0.0 0.0 0.0 0.0 1.1 0.0 -9.609 0.05 6.704 1.0]
	ConcatTransform [0.549018 0.511633 -0.660916 0.0 -0.758404 0.637299 -0.13665 0.0 0.351287 0.576265 0.737914 0.0 -0.336906 -0.49909 0.444672 1.0]
325
	ConcatTransform [1.1 0.0 0.0 0.0 0.0 1.1 0.0 0.0 0.0 0.0 1.1 0.0 -9.609 0.05 6.704 1.0]
	ConcatTransform [0.543456 0.518991 -0.659776 0.0 -0.765192 0.629458 -0.135145 0.0 0.345162 0.5783 0.73921 0.0 -0.332292 -0.49922 0.443598 1.0]
326
	ConcatTransform [1.1 0.0 0.0 0.0 0.0 1.1 0.0 0.0 0.0 0.0 1.1 0.0 -9.609 0.05 6.704 1.0]
	ConcatTransform [0.534585 0.529841 -0.658398 0.0 -0.775523 0.617141 -0.133044 0.0 0.335832 0.581726 0.740818 0.0 -0.325093 -0.499275 0.441998 1.0]
327
	ConcatTransform [1.1 0.0 0.0 0.0 0.0 1.1 0.0 0.0 0.0 0.0 1.1 0.0 -9.609 0.05 6.704 1.0]
	ConcatTransform [0.528735 0.536914 -0.657391 0.0 -0.782178 0.60897 -0.131734 0.0 0.329602 0.583849 0.741945 0.0 -0.32026 -0.49924 0.441018 1.0]
328
	ConcatTransform [1.1 0.0 0.0 0.0 0.0 1.1 0.0 0.0 0.0 0.0 1.1 0.0 -9.609 0.05 6.704 1.0]
	ConcatTransform [0.520887 0.546477 -0.655774 0.0 -0.791024 0.597776 -0.130173 0.0 0.320869 0.586538 0.74365 0.0 -0.313174 -0.499102 0.439779 1.0]
329
	ConcatTransform [1.1 0.0 0.0 0.0 0.0 1.1 0.0 0.0 0.0 0.0 1.1 0.0 -9.609 0.05 6.704 1.0]
	ConcatTransform [0.515533 0.552597 -0.654876 0.0 -0.796785 0.590302 -0.129139 0.0 0.315213 0.588371 0.744621 0.0 -0.308776 -0.498943 0.439023 1.0]
330
	ConcatTransform [1.1 0.0 0.0 0.0 0.0 1.1 0.0 0.0 0.0 0.0 1.1 0.0 -9.609 0.05 6.704 1.0]
	ConcatTransform [0.509579 0.559787 -0.653427 0.0 -0.803305 0.581605 -0.128205 0.0 0.308269 0.590232 0.746054 0.0 -0.302768 -0.498705 0.438036 1.0]
331
	ConcatTransform [1.1 0.0 0.0 0.0 0.0 1.1 0.0 0.0 0.0 0.0 1.1 0.0 -9.609 0.05 6.704 1.0]
	ConcatTransform [0.505572 0.564314 -0.652646 0.0 -0.807606 0.575702 -0.127828 0.0 0.303594 0.591707 0.746802 0.0 -0.299372 -0.498496 0.437559 1.0]
332
	ConcatTransform [1.1 0.0 0.0 0.0 0.0 1.1 0.0 0.0 0.0 0.0 1.1 0.0 -9.609 0.05 6.704 1.0]
	ConcatTransform [0.501811 0.569601 -0.650953 0.0 -0.812251 0.569039 -0.128229 0.0 0.297379 0.593084 0.748209 0.0 -0.295279 -0.498239 0.436958 1.0]
333
	ConcatTransform [1.1 0.0 0.0 0.0 0.0 1.1 0.0 0.0 0.0 0.0 1.1 0.0 -9.609 0.05 6.704 1.0]
	ConcatTransform [0.499896 0.571732 -0.650558 0.0 -0.814191 0.56633 -0.127924 0.0 0.295292 0.593627 0.748605 0.0 -0.293244 -0.498128 0.436682 1.0]
334
	ConcatTransform [1.1 0.0 0.0 0.0 0.0 1.1 0.0 0.0 0.0 0.0 1.1 0.0 -9.609 0.05 6.704 1.0]
	ConcatTransform [0.499453 0.574105 -0.648807 0.0 -0.816045 0.56322 -0.129822 0.0 0.29089 0.594296 0.749797 0.0 -0.291529 -0.497977 0.436459 1.0]
335
	ConcatTransform [1.1 0.0 0.0 0.0 0.0 1.1 0.0 0.0 0.0 0.0 1.1 0.0 -9.609 0.05 6.704 1.0]
	ConcatTransform [0.499907 0.574258 -0.648321 0.0 -0.816275 0.562593 -0.131089 0.0 0.289462 0.594741 0.749997 0.0 -0.291188 -0.497929 0.436655 1.0]
336
	ConcatTransform [1.1 0.0 0.0 0.0 0.0 1.1 0.0 0.0 0.0 0.0 1.1 0.0 -9.609 0.05 6.704 1.0]
	ConcatTransform [0.503657 0.573282 -0.646279 0.0 -0.814627 0.564204 -0.134376 0.0 0.287598 0.594156 0.751177 0.0 -0.291986 -0.498025 0.437064 1.0]
337
	ConcatTransform [1.1 0.0 0.0 0.0 0.0 1.1 0.0 0.0 0.0 0.0 1.1 0.0 -9.609 0.05 6.704 1.0]
	ConcatTransform [0.507147 0.571623 -0.645018 0.0 -0.812561 0.56661 -0.136741 0.0 0.287309 0.593464 0.751833 0.0 -0.293379 -0.498136 0.437386 1.0]
338
	ConcatTransform [1.1 0.0 0.0 0.0 0.0 1.1 0.0 0.0 0.0 0.0 1.1 0.0 -9.609 0.05 6.704 1.0]
	ConcatTransform [0.512744 0.567671 -0.644083 0.0 -0.808417 0.571819 -0.139588 0.0 0.289059 0.592261 0.752112 0.0 -0.296567 -0.498347 0.43819 1.0]
339
	ConcatTransform [1.1 0.0 0.0 0.0 0.0 1.1 0.0 0.0 0.0 0.0 1.1 0.0 -9.609 0.05 6.704 1.0]
	ConcatTransform [0.515509 0.564478 -0.644682 0.0 -0.805674 0.575493 -0.140347 0.0 0.291787 0.591754 0.751457 0.0 -0.299218 -0.498479 0.438802 1.0]
340
	ConcatTransform [1.1 0.0 0.0 0.0 0.0 1.1 0.0 0.0 0.0 0.0 1.1 0.0 -9.609 0.05 6.704 1.0]
	ConcatTransform [0.520215 0.559548 -0.6452 0.0 -0.800734 0.582275 -0.140645 0.0 0.296986 0.589799 0.750957 0.0 -0.303938 -0.498756 0.439862 1.0]
341
	ConcatTransform [1.1 0.0 0.0 0.0 0.0 1.1 0.0 0.0 0.0 0.0 1.1 0.0 -9.609 0.05 6.704 1.0]
	ConcatTransform [0.524304 0.554955 -0.645857 0.0 -0.796524 0.587806 -0.14154 0.0 0.30109 0.58865 0.750224 0.0 -0.307486 -0.498885 0.440629 1.0]
342
	ConcatTransform [1.1 0.0 0.0 0.0 0.0 1.1 0.0 0.0 0.0 0.0 1.1 0.0 -9.609 0.05 6.704 1.0]
	ConcatTransform [0.529739 0.548333 -0.647076 0.0 -0.790803 0.595104 -0.143112 0.0 0.306605 0.587522 0.748873 0.0 -0.31303 -0.499025 0.441579 1.0]
343
	ConcatTransform [1.1 0.0 0.0 0.0 0.0 1.1 0.0 0.0 0.0 0.0 1.1 0.0 -9.609 0.05 6.704 1.0]
	ConcatTransform [0.53353 0.544121 -0.647517 0.0 -0.786782 0.600222 -0.143901 0.0 0.310354 0.58623 0.748341 0.0 -0.316689 -0.499152 0.442491 1.0]
344
	ConcatTransform [1.1 0.0 0.0 0.0 0.0 1.1 0.0 0.0 0.0 0.0 1.1 0.0 -9.609 0.05 6.704 1.0]
	ConcatTransform [0.538328 0.538478 -0.648263 0.0 -0.781298 0.60722 -0.144416 0.0 0.315873 0.58423 0.747596 0.0 -0.322038 -0.499241 0.443735 1.0]
345
	ConcatTransform [1.1 0.0 0.0 0.0 0.0 1.1 0.0 0.0 0.0 0.0 1.1 0.0 -9.609 0.05 6.704 1.0]
	ConcatTransform [0.541895 0.534374 -0.648687 0.0 -0.77731 0.612167 -0.145054 0.0 0.319592 0.582835 0.747104 0.0 -0.325493 -0.499262 0.444691 1.0]
346
	ConcatTransform [1.1 0.0 0.0 0.0 0.0 1.1 0.0 0.0 0.0 0.0 1.1 0.0 -9.609 0.05 6.704 1.0]
	ConcatTransform [0.545669 0.528946 -0.64997 0.0 -0.772795 0.617589 -0.14619 0.0 0.324088 0.582065 0.745767 0.0 -0.33062 -0.499239 0.445646 1.0]
347
	ConcatTransform [1.1 0.0 0.0 0.0 0.0 1.1 0.0 0.0 0.0 0.0 1.1 0.0 -9.609 0.05 6.704 1.0]
	ConcatTransform [0.549324 0.525101 -0.650009 0.0 -0.768918 0.62217 -0.147203 0.0 0.32712 0.580666 0.745533 0.0 -0.333902 -0.499232 0.445966 1.0]
348
	ConcatTransform [1.1 0.0 0.0 0.0 0.0 1.1 0.0 0.0 0.0 0.0 1.1 0.0 -9.609 0.05 6.704 1.0]
	ConcatTransform [0.553838 0.520033 -0.650254 0.0 -0.763703 0.628394 -0.147914 0.0 0.331696 0.578521 0.745179 0.0 -0.338438 -0.499229 0.446617 1.0]
349
	ConcatTransform [1.1 0.0 0.0 0.0 0.0 1.1 0.0 0.0 0.0 0.0 1.1 0.0 -9.609 0.05 6.704 1.0]
	ConcatTransform [0.556403 0.516325 -0.651018 0.0 -0.760374 0.63231 -0.148378 0.0 0.335034 0.577575 0.744419 0.0 -0.341117 -0.499154 0.447338 1.0]
350
	ConcatTransform [1.1 0.0 0.0 0.0 0.0 1.1 0.0 0.0 0.0 0.0 1.1 0.0 -9.609 0.05 6.704 1.0]
	ConcatTransform [0.559697 0.511035 -0.652366 0.0 -0.755807 0.637627 -0.148956 0.0 0.339844 0.576433 0.743122 0.0 -0.344649 -0.499029 0.448129 1.0]
351
	ConcatTransform [1.1 0.0 0.0 0.0 0.0 1.1 0.0 0.0 0.0 0.0 1.1 0.0 -9.609 0.05 6.704 1.0]
	ConcatTransform [0.561347 0.509167 -0.65241 0.0 -0.753756 0.640029 -0.149042 0.0 0.341674 0.575423 0.743067 0.0 -0.346704 -0.499005 0.448369 1.0]
352
	ConcatTransform [1.1 0.0 0.0 0.0 0.0 1.1 0.0 0.0 0.0 0.0 1.1 0.0 -9.609 0.05 6.704 1.0]
	ConcatTransform [0.562978 0.50716 -0.652568 0.0 -0.751581 0.642595 -0.148989 0.0 0.343776 0.574335 0.742939 0.0 -0.349024 -0.498972 0.448915 1.0]
353
	ConcatTransform [1.1 0.0 0.0 0.0 0.0 1.1 0.0 0.0 0.0 0.0 1.1 0.0 -9.609 0.05 6.704 1.0]
	ConcatTransform [0.563452 0.505625 -0.653349 0.0 -0.750421 0.643997 -0.14878 0.0 0.345528 0.574117 0.742294 0.0 -0.350047 -0.498913 0.449224 1.0]
354
	ConcatTransform [1.1 0.0 0.0 0.0 0.0 1.1 0.0 0.0 0.0 0.0 1.1 0.0 -9.609 0.05 6.704 1.0]
	ConcatTransform [0.563704 0.505055 -0.653573 0.0 -0.749744 0.644896 -0.148301 0.0 0.346586 0.57361 0.742192 0.0 -0.350886 -0.498907 0.449488 1.0]
355
	ConcatTransform [1.1 0.0 0.0 0.0 0.0 1.1 0.0 0.0 0.0 0.0 1.1 0.0 -9.609 0.05 6.704 1.0]
	ConcatTransform [0.563938 0.504928 -0.65347 0.0 -0.749646 0.64494 -0.1486 0.0 0.346417 0.573672 0.742223 0.0 -0.350954 -0.498897 0.449565 1.0]
356
	ConcatTransform [1.1 0.0 0.0 0.0 0.0 1.1 0.0 0.0 0.0 0.0 1.1 0.0 -9.609 0.05 6.704 1.0]
	ConcatTransform [0.562402 0.506614 -0.653488 0.0 -0.751336 0.643097 -0.148053 0.0 0.345251 0.574254 0.742317 0.0 -0.350437 -0.498945 0.449454 1.0]
357
	ConcatTransform [1.1 0.0 0.0 0.0 0.0 1.1 0.0 0.0 0.0 0.0 1.1 0.0 -9.609 0.05 6.704 1.0]
	ConcatTransform [0.561091 0.508362 -0.653257 0.0 -0.752926 0.641337 -0.147612 0.0 0.343918 0.574678 0.742607 0.0 -0.349683 -0.498994 0.449243 1.0]
358
	ConcatTransform [1.1 0.0 0.0 0.0 0.0 1.1 0.0 0.0 0.0 0.0 1.1 0.0 -9.609 0.05 6.704 1.0]
	ConcatTransform [0.557747 0.510871 -0.654163 0.0 -0.755681 0.638544 -0.145628 0.0 0.343315 0.575562 0.742201 0.0 -0.347906 -0.499045 0.448859 1.0]
359
	ConcatTransform [1.1 0.0 0.0 0.0 0.0 1.1 0.0 0.0 0.0 0.0 1.1 0.0 -9.609 0.05 6.704 1.0]
	ConcatTransform [0.554487 0.513089 -0.655197 0.0 -0.758125 0.63614 -0.14343 0.0 0.343205 0.576252 0.741717 0.0 -0.346363 -0.499092 0.448599 1.0]
360
	ConcatTransform [1.1 0.0 0.0 0.0 0.0 1.1 0.0 0.0 0.0 0.0 1.1 0.0 -9.609 0.05 6.704 1.0]
	ConcatTransform [0.588428 0.515012 -0.62331 0.0 -0.750957 0.633845 -0.185215 0.0 0.299694 0.577065 0.759723 0.0 -0.65475 -0.499239 1.602685 1.0]
