228
	ConcatTransform [1.1 0.0 0.0 0.0 0.0 1.1 0.0 0.0 0.0 0.0 1.1 0.0 -9.609 0.05 6.704 1.0]
	ConcatTransform [0.222665 0.96907 0.106414 0.0 -0.935653 0.181767 0.302514 0.0 0.273815 -0.166926 0.947186 0.0 -0.072022 0.05196 0.116143 1.0]
229
	ConcatTransform [1.1 0.0 0.0 0.0 0.0 1.1 0.0 0.0 0.0 0.0 1.1 0.0 -9.609 0.05 6.704 1.0]
	ConcatTransform [-0.009088 0.991898 0.12671 0.0 -0.950823 -0.047805 0.306024 0.0 0.309602 -0.117697 0.943554 0.0 -0.109395 0.085562 0.154705 1.0]
230
	ConcatTransform [1.1 0.0 0.0 0.0 0.0 1.1 0.0 0.0 0.0 0.0 1.1 0.0 -9.609 0.05 6.704 1.0]
	ConcatTransform [0.111249 0.993792 0.00131 0.0 -0.931937 0.103867 0.347425 0.0 0.345132 -0.039872 0.937707 0.0 -0.156304 0.129187 0.212563 1.0]
231
	ConcatTransform [1.1 0.0 0.0 0.0 0.0 1.1 0.0 0.0 0.0 0.0 1.1 0.0 -9.609 0.05 6.704 1.0]
	ConcatTransform [0.279659 0.937009 -0.209298 0.0 -0.872849 0.338931 0.351085 0.0 0.399907 0.084501 0.912652 0.0 -0.188791 0.151844 0.260801 1.0]
232
	ConcatTransform [1.1 0.0 0.0 0.0 0.0 1.1 0.0 0.0 0.0 0.0 1.1 0.0 -9.609 0.05 6.704 1.0]
	ConcatTransform [0.559477 0.691268 -0.457312 0.0 -0.71535 0.681397 0.15483 0.0 0.41864 0.240514 0.875725 0.0 -0.253392 0.176376 0.356394 1.0]
233
	ConcatTransform [1.1 0.0 0.0 0.0 0.0 1.1 0.0 0.0 0.0 0.0 1.1 0.0 -9.609 0.05 6.704 1.0]
	ConcatTransform [0.707761 0.51836 -0.479976 0.0 -0.64491 0.751428 -0.139449 0.0 0.288383 0.408238 0.866128 0.0 -0.312612 0.199295 0.435733 1.0]
234
	ConcatTransform [1.1 0.0 0.0 0.0 0.0 1.1 0.0 0.0 0.0 0.0 1.1 0.0 -9.609 0.05 6.704 1.0]
	ConcatTransform [0.855208 0.393732 -0.337037 0.0 -0.513445 0.732277 -0.447375 0.0 0.070659 0.555649 0.828409 0.0 -0.40946 0.235671 0.579797 1.0]
235
	ConcatTransform [1.1 0.0 0.0 0.0 0.0 1.1 0.0 0.0 0.0 0.0 1.1 0.0 -9.609 0.05 6.704 1.0]
	ConcatTransform [0.884781 0.4222 -0.197255 0.0 -0.453756 0.684111 -0.57105 0.0 -0.106154 0.59476 0.796864 0.0 -0.478961 0.251823 0.681657 1.0]
236
	ConcatTransform [1.1 0.0 0.0 0.0 0.0 1.1 0.0 0.0 0.0 0.0 1.1 0.0 -9.609 0.05 6.704 1.0]
	ConcatTransform [0.850923 0.525121 0.01337 0.0 -0.370452 0.617948 -0.693473 0.0 -0.372419 0.58514 0.720358 0.0 -0.586278 0.260141 0.837763 1.0]
237
	ConcatTransform [1.1 0.0 0.0 0.0 0.0 1.1 0.0 0.0 0.0 0.0 1.1 0.0 -9.609 0.05 6.704 1.0]
	ConcatTransform [0.837156 0.532123 0.12655 0.0 -0.287758 0.625238 -0.725446 0.0 -0.46515 0.570896 0.676545 0.0 -0.658097 0.258252 0.945627 1.0]
238
	ConcatTransform [1.1 0.0 0.0 0.0 0.0 1.1 0.0 0.0 0.0 0.0 1.1 0.0 -9.609 0.05 6.704 1.0]
	ConcatTransform [0.866712 0.422899 0.264512 0.0 -0.113358 0.683405 -0.721185 0.0 -0.485757 0.595075 0.640254 0.0 -0.765393 0.244058 1.111503 1.0]
239
	ConcatTransform [1.1 0.0 0.0 0.0 0.0 1.1 0.0 0.0 0.0 0.0 1.1 0.0 -9.609 0.05 6.704 1.0]
	ConcatTransform [0.868001 0.346453 0.355732 0.0 0.007163 0.707578 -0.706599 0.0 -0.496511 0.615877 0.611696 0.0 -0.836986 0.222343 1.221864 1.0]
240
	ConcatTransform [1.1 0.0 0.0 0.0 0.0 1.1 0.0 0.0 0.0 0.0 1.1 0.0 -9.609 0.05 6.704 1.0]
	ConcatTransform [0.842225 0.230021 0.487594 0.0 0.187131 0.723458 -0.664523 0.0 -0.505608 0.650921 0.56627 0.0 -0.944468 0.171342 1.387285 1.0]
241
	ConcatTransform [1.1 0.0 0.0 0.0 0.0 1.1 0.0 0.0 0.0 0.0 1.1 0.0 -9.609 0.05 6.704 1.0]
	ConcatTransform [0.806479 0.154326 0.570768 0.0 0.304339 0.719285 -0.624505 0.0 -0.506922 0.677357 0.533121 0.0 -1.016158 0.125049 1.497382 1.0]
242
	ConcatTransform [1.1 0.0 0.0 0.0 0.0 1.1 0.0 0.0 0.0 0.0 1.1 0.0 -9.609 0.05 6.704 1.0]
	ConcatTransform [0.727654 0.044215 0.684518 0.0 0.471182 0.693013 -0.545638 0.0 -0.498505 0.719568 0.48344 0.0 -1.12365 0.037103 1.662425 1.0]
243
	ConcatTransform [1.1 0.0 0.0 0.0 0.0 1.1 0.0 0.0 0.0 0.0 1.1 0.0 -9.609 0.05 6.704 1.0]
	ConcatTransform [0.659576 -0.025613 0.751201 0.0 0.573492 0.663183 -0.480931 0.0 -0.485866 0.748019 0.452108 0.0 -1.195277 -0.03392 1.772439 1.0]
244
	ConcatTransform [1.1 0.0 0.0 0.0 0.0 1.1 0.0 0.0 0.0 0.0 1.1 0.0 -9.609 0.05 6.704 1.0]
	ConcatTransform [0.536589 -0.121677 0.835025 0.0 0.709398 0.600926 -0.368295 0.0 -0.456976 0.789989 0.408768 0.0 -1.302688 -0.159016 1.937434 1.0]
245
	ConcatTransform [1.1 0.0 0.0 0.0 0.0 1.1 0.0 0.0 0.0 0.0 1.1 0.0 -9.609 0.05 6.704 1.0]
	ConcatTransform [0.44255 -0.178376 0.878824 0.0 0.786068 0.548804 -0.28445 0.0 -0.431563 0.816698 0.383089 0.0 -1.374283 -0.254786 2.047421 1.0]
246
	ConcatTransform [1.1 0.0 0.0 0.0 0.0 1.1 0.0 0.0 0.0 0.0 1.1 0.0 -9.609 0.05 6.704 1.0]
	ConcatTransform [0.287184 -0.250199 0.924622 0.0 0.876909 0.457083 -0.14868 0.0 -0.385429 0.853508 0.350669 0.0 -1.481675 -0.417001 2.2124 1.0]
247
	ConcatTransform [1.1 0.0 0.0 0.0 0.0 1.1 0.0 0.0 0.0 0.0 1.1 0.0 -9.609 0.05 6.704 1.0]
	ConcatTransform [0.283749 -0.06079 0.95697 0.0 0.832535 0.5108 -0.214405 0.0 -0.475786 0.857548 0.195549 0.0 -1.552025 -0.512894 2.318784 1.0]
248
	ConcatTransform [1.1 0.0 0.0 0.0 0.0 1.1 0.0 0.0 0.0 0.0 1.1 0.0 -9.609 0.05 6.704 1.0]
	ConcatTransform [0.445316 0.07876 0.891903 0.0 0.822291 0.358198 -0.44219 0.0 -0.354305 0.930318 0.094748 0.0 -1.589494 -0.477358 2.483329 1.0]
249
	ConcatTransform [1.1 0.0 0.0 0.0 0.0 1.1 0.0 0.0 0.0 0.0 1.1 0.0 -9.609 0.05 6.704 1.0]
	ConcatTransform [0.596878 0.183112 0.781158 0.0 0.751525 0.213362 -0.62425 0.0 -0.280976 0.95966 -0.010262 0.0 -1.601701 -0.43413 2.583093 1.0]
250
	ConcatTransform [1.1 0.0 0.0 0.0 0.0 1.1 0.0 0.0 0.0 0.0 1.1 0.0 -9.609 0.05 6.704 1.0]
	ConcatTransform [0.776099 0.250626 0.578668 0.0 0.596883 0.004133 -0.802318 0.0 -0.203474 0.968075 -0.146386 0.0 -1.60814 -0.359724 2.718468 1.0]
251
	ConcatTransform [1.1 0.0 0.0 0.0 0.0 1.1 0.0 0.0 0.0 0.0 1.1 0.0 -9.609 0.05 6.704 1.0]
	ConcatTransform [0.855338 0.237612 0.460366 0.0 0.495891 -0.118282 -0.860291 0.0 -0.149963 0.964132 -0.219001 0.0 -1.606903 -0.312071 2.801461 1.0]
252
	ConcatTransform [1.1 0.0 0.0 0.0 0.0 1.1 0.0 0.0 0.0 0.0 1.1 0.0 -9.609 0.05 6.704 1.0]
	ConcatTransform [0.93741 0.175199 0.300945 0.0 0.339039 -0.261968 -0.903562 0.0 -0.079465 0.94904 -0.304971 0.0 -1.602355 -0.252685 2.920074 1.0]
253
	ConcatTransform [1.1 0.0 0.0 0.0 0.0 1.1 0.0 0.0 0.0 0.0 1.1 0.0 -9.609 0.05 6.704 1.0]
	ConcatTransform [0.971411 0.115397 0.207472 0.0 0.234497 -0.330046 -0.914375 0.0 -0.037041 0.936885 -0.34767 0.0 -1.598364 -0.222855 2.996718 1.0]
254
	ConcatTransform [1.1 0.0 0.0 0.0 0.0 1.1 0.0 0.0 0.0 0.0 1.1 0.0 -9.609 0.05 6.704 1.0]
	ConcatTransform [0.996297 0.01038 0.085345 0.0 0.082586 -0.391468 -0.916478 0.0 0.023897 0.920133 -0.390876 0.0 -1.591446 -0.19376 3.108927 1.0]
255
	ConcatTransform [1.1 0.0 0.0 0.0 0.0 1.1 0.0 0.0 0.0 0.0 1.1 0.0 -9.609 0.05 6.704 1.0]
	ConcatTransform [0.9978 -0.064794 0.014004 0.0 -0.013533 -0.405894 -0.91382 0.0 0.064894 0.91162 -0.405878 0.0 -1.586352 -0.184997 3.182063 1.0]
256
	ConcatTransform [1.1 0.0 0.0 0.0 0.0 1.1 0.0 0.0 0.0 0.0 1.1 0.0 -9.609 0.05 6.704 1.0]
	ConcatTransform [0.980399 -0.178559 -0.083274 0.0 -0.147995 -0.388411 -0.909524 0.0 0.130059 0.904021 -0.407224 0.0 -1.578148 -0.187872 3.289287 1.0]
257
	ConcatTransform [1.1 0.0 0.0 0.0 0.0 1.1 0.0 0.0 0.0 0.0 1.1 0.0 -9.609 0.05 6.704 1.0]
	ConcatTransform [0.956796 -0.251628 -0.145686 0.0 -0.230416 -0.350578 -0.907746 0.0 0.17734 0.902097 -0.393411 0.0 -1.572385 -0.20039 3.359023 1.0]
258
	ConcatTransform [1.1 0.0 0.0 0.0 0.0 1.1 0.0 0.0 0.0 0.0 1.1 0.0 -9.609 0.05 6.704 1.0]
	ConcatTransform [0.904268 -0.350531 -0.243776 0.0 -0.341887 -0.252451 -0.905197 0.0 0.255758 0.901885 -0.348125 0.0 -1.563435 -0.23461 3.460525 1.0]
259
	ConcatTransform [1.1 0.0 0.0 0.0 0.0 1.1 0.0 0.0 0.0 0.0 1.1 0.0 -9.609 0.05 6.704 1.0]
	ConcatTransform [0.857874 -0.40421 -0.317282 0.0 -0.407296 -0.158402 -0.899455 0.0 0.31331 0.900846 -0.300522 0.0 -1.557385 -0.267267 3.525665 1.0]
260
	ConcatTransform [1.1 0.0 0.0 0.0 0.0 1.1 0.0 0.0 0.0 0.0 1.1 0.0 -9.609 0.05 6.704 1.0]
	ConcatTransform [0.770923 -0.453022 -0.447716 0.0 -0.490408 0.026348 -0.871095 0.0 0.406421 0.89111 -0.201853 0.0 -1.548522 -0.329176 3.617743 1.0]
261
	ConcatTransform [1.1 0.0 0.0 0.0 0.0 1.1 0.0 0.0 0.0 0.0 1.1 0.0 -9.609 0.05 6.704 1.0]
	ConcatTransform [0.701377 -0.453427 -0.549977 0.0 -0.535574 0.173909 -0.826387 0.0 0.470352 0.874162 -0.120868 0.0 -1.543219 -0.3759 3.672233 1.0]
262
	ConcatTransform [1.1 0.0 0.0 0.0 0.0 1.1 0.0 0.0 0.0 0.0 1.1 0.0 -9.609 0.05 6.704 1.0]
	ConcatTransform [0.572426 -0.407173 -0.711715 0.0 -0.627679 0.340896 -0.699864 0.0 0.527586 0.847349 -0.060437 0.0 -1.539089 -0.428978 3.718605 1.0]
263
	ConcatTransform [1.1 0.0 0.0 0.0 0.0 1.1 0.0 0.0 0.0 0.0 1.1 0.0 -9.609 0.05 6.704 1.0]
	ConcatTransform [0.485646 -0.388899 -0.782883 0.0 -0.641122 0.45034 -0.621415 0.0 0.594231 0.803711 -0.030626 0.0 -1.53052 -0.445345 3.723819 1.0]
264
	ConcatTransform [1.1 0.0 0.0 0.0 0.0 1.1 0.0 0.0 0.0 0.0 1.1 0.0 -9.609 0.05 6.704 1.0]
	ConcatTransform [0.31812 -0.325127 -0.890557 0.0 -0.718831 0.529739 -0.450176 0.0 0.618127 0.78337 -0.065191 0.0 -1.520598 -0.463862 3.713098 1.0]
265
	ConcatTransform [1.1 0.0 0.0 0.0 0.0 1.1 0.0 0.0 0.0 0.0 1.1 0.0 -9.609 0.05 6.704 1.0]
	ConcatTransform [0.201979 -0.27269 -0.940662 0.0 -0.743912 0.581994 -0.328448 0.0 0.637024 0.766109 -0.085307 0.0 -1.512115 -0.475447 3.699152 1.0]
266
	ConcatTransform [1.1 0.0 0.0 0.0 0.0 1.1 0.0 0.0 0.0 0.0 1.1 0.0 -9.609 0.05 6.704 1.0]
	ConcatTransform [0.021419 -0.180387 -0.983362 0.0 -0.754824 0.642049 -0.134218 0.0 0.655578 0.74514 -0.122408 0.0 -1.498337 -0.490576 3.669197 1.0]
267
	ConcatTransform [1.1 0.0 0.0 0.0 0.0 1.1 0.0 0.0 0.0 0.0 1.1 0.0 -9.609 0.05 6.704 1.0]
	ConcatTransform [-0.103937 -0.110445 -0.988433 0.0 -0.752942 0.658063 0.005644 0.0 0.649827 0.744819 -0.151555 0.0 -1.489652 -0.499289 3.644609 1.0]
268
	ConcatTransform [1.1 0.0 0.0 0.0 0.0 1.1 0.0 0.0 0.0 0.0 1.1 0.0 -9.609 0.05 6.704 1.0]
	ConcatTransform [-0.28853 -0.018248 -0.957297 0.0 -0.73022 0.650882 0.207682 0.0 0.619297 0.75896 -0.201124 0.0 -1.478751 -0.503343 3.603102 1.0]
269
	ConcatTransform [1.1 0.0 0.0 0.0 0.0 1.1 0.0 0.0 0.0 0.0 1.1 0.0 -9.609 0.05 6.704 1.0]
	ConcatTransform [-0.403572 0.026285 -0.91457 0.0 -0.702601 0.631386 0.328182 0.0 0.586073 0.775023 -0.236342 0.0 -1.473515 -0.501553 3.574681 1.0]
270
	ConcatTransform [1.1 0.0 0.0 0.0 0.0 1.1 0.0 0.0 0.0 0.0 1.1 0.0 -9.609 0.05 6.704 1.0]
	ConcatTransform [-0.561265 0.070861 -0.824597 0.0 -0.64297 0.590009 0.488342 0.0 0.521124 0.804281 -0.285591 0.0 -1.468108 -0.49666 3.533174 1.0]
271
	ConcatTransform [1.1 0.0 0.0 0.0 0.0 1.1 0.0 0.0 0.0 0.0 1.1 0.0 -9.609 0.05 6.704 1.0]
	ConcatTransform [-0.655733 0.088616 -0.749774 0.0 -0.591806 0.556319 0.58333 0.0 0.468806 0.82623 -0.312353 0.0 -1.466112 -0.492257 3.507346 1.0]
272
	ConcatTransform [1.1 0.0 0.0 0.0 0.0 1.1 0.0 0.0 0.0 0.0 1.1 0.0 -9.609 0.05 6.704 1.0]
	ConcatTransform [-0.778839 0.098984 -0.619364 0.0 -0.498485 0.501651 0.707007 0.0 0.380687 0.859388 -0.341363 0.0 -1.46531 -0.484416 3.472833 1.0]
273
	ConcatTransform [1.1 0.0 0.0 0.0 0.0 1.1 0.0 0.0 0.0 0.0 1.1 0.0 -9.609 0.05 6.704 1.0]
	ConcatTransform [-0.846433 0.091296 -0.524611 0.0 -0.428317 0.468618 0.77262 0.0 0.316379 0.878671 -0.35755 0.0 -1.466061 -0.479395 3.452788 1.0]
274
	ConcatTransform [1.1 0.0 0.0 0.0 0.0 1.1 0.0 0.0 0.0 0.0 1.1 0.0 -9.609 0.05 6.704 1.0]
	ConcatTransform [-0.924909 0.061565 -0.375172 0.0 -0.314745 0.429535 0.846425 0.0 0.21326 0.900949 -0.377903 0.0 -1.468914 -0.473221 3.427703 1.0]
275
	ConcatTransform [1.1 0.0 0.0 0.0 0.0 1.1 0.0 0.0 0.0 0.0 1.1 0.0 -9.609 0.05 6.704 1.0]
	ConcatTransform [-0.961964 0.035658 -0.270837 0.0 -0.23311 0.409746 0.881911 0.0 0.142422 0.911502 -0.385849 0.0 -1.471818 -0.469833 3.415049 1.0]
276
	ConcatTransform [1.1 0.0 0.0 0.0 0.0 1.1 0.0 0.0 0.0 0.0 1.1 0.0 -9.609 0.05 6.704 1.0]
	ConcatTransform [-0.994041 -0.006648 -0.108803 0.0 -0.102655 0.3928 0.913876 0.0 0.036662 0.9196 -0.391142 0.0 -1.477247 -0.466539 3.402391 1.0]
277
	ConcatTransform [1.1 0.0 0.0 0.0 0.0 1.1 0.0 0.0 0.0 0.0 1.1 0.0 -9.609 0.05 6.704 1.0]
	ConcatTransform [-0.999318 -0.03693 0.000288 0.0 -0.014304 0.394246 0.918893 0.0 -0.034048 0.918262 -0.394506 0.0 -1.481452 -0.466476 3.397636 1.0]
278
	ConcatTransform [1.1 0.0 0.0 0.0 0.0 1.1 0.0 0.0 0.0 0.0 1.1 0.0 -9.609 0.05 6.704 1.0]
	ConcatTransform [-0.983258 -0.081838 0.162805 0.0 0.114716 0.416167 0.902023 0.0 -0.141573 0.905598 -0.399811 0.0 -1.488536 -0.469665 3.395995 1.0]
279
	ConcatTransform [1.1 0.0 0.0 0.0 0.0 1.1 0.0 0.0 0.0 0.0 1.1 0.0 -9.609 0.05 6.704 1.0]
	ConcatTransform [-0.95669 -0.102805 0.27235 0.0 0.201705 0.440485 0.874807 0.0 -0.209901 0.891854 -0.400672 0.0 -1.493348 -0.473378 3.398881 1.0]
280
	ConcatTransform [1.1 0.0 0.0 0.0 0.0 1.1 0.0 0.0 0.0 0.0 1.1 0.0 -9.609 0.05 6.704 1.0]
	ConcatTransform [-0.892696 -0.113978 0.436009 0.0 0.331746 0.488631 0.80696 0.0 -0.305023 0.865013 -0.398387 0.0 -1.500226 -0.480947 3.408698 1.0]
281
	ConcatTransform [1.1 0.0 0.0 0.0 0.0 1.1 0.0 0.0 0.0 0.0 1.1 0.0 -9.609 0.05 6.704 1.0]
	ConcatTransform [-0.835079 -0.115736 0.537817 0.0 0.406878 0.528044 0.7454 0.0 -0.370261 0.841294 -0.393868 0.0 -1.504897 -0.486578 3.418684 1.0]
282
	ConcatTransform [1.1 0.0 0.0 0.0 0.0 1.1 0.0 0.0 0.0 0.0 1.1 0.0 -9.609 0.05 6.704 1.0]
	ConcatTransform [-0.728298 -0.108991 0.676537 0.0 0.5018 0.587515 0.634841 0.0 -0.466667 0.80184 -0.373194 0.0 -1.511534 -0.493761 3.438937 1.0]
283
	ConcatTransform [1.1 0.0 0.0 0.0 0.0 1.1 0.0 0.0 0.0 0.0 1.1 0.0 -9.609 0.05 6.704 1.0]
	ConcatTransform [-0.643776 -0.088843 0.760039 0.0 0.560177 0.621924 0.547185 0.0 -0.5213 0.778021 -0.350612 0.0 -1.515098 -0.497572 3.455215 1.0]
284
	ConcatTransform [1.1 0.0 0.0 0.0 0.0 1.1 0.0 0.0 0.0 0.0 1.1 0.0 -9.609 0.05 6.704 1.0]
	ConcatTransform [-0.50008 -0.041935 0.864963 0.0 0.633375 0.663439 0.398352 0.0 -0.590555 0.747054 -0.305213 0.0 -1.519332 -0.501433 3.482524 1.0]
285
	ConcatTransform [1.1 0.0 0.0 0.0 0.0 1.1 0.0 0.0 0.0 0.0 1.1 0.0 -9.609 0.05 6.704 1.0]
	ConcatTransform [-0.395486 -0.006551 0.918449 0.0 0.670653 0.681175 0.293643 0.0 -0.627548 0.732091 -0.265002 0.0 -1.521362 -0.502463 3.502122 1.0]
286
	ConcatTransform [1.1 0.0 0.0 0.0 0.0 1.1 0.0 0.0 0.0 0.0 1.1 0.0 -9.609 0.05 6.704 1.0]
	ConcatTransform [-0.229234 0.048525 0.972161 0.0 0.708489 0.693179 0.132461 0.0 -0.667454 0.71913 -0.193279 0.0 -1.523211 -0.502155 3.532163 1.0]
287
	ConcatTransform [1.1 0.0 0.0 0.0 0.0 1.1 0.0 0.0 0.0 0.0 1.1 0.0 -9.609 0.05 6.704 1.0]
	ConcatTransform [-0.114451 0.084572 0.989823 0.0 0.722673 0.690754 0.024542 0.0 -0.681648 0.718127 -0.140175 0.0 -1.523556 -0.500951 3.551875 1.0]
288
	ConcatTransform [1.1 0.0 0.0 0.0 0.0 1.1 0.0 0.0 0.0 0.0 1.1 0.0 -9.609 0.05 6.704 1.0]
	ConcatTransform [0.059639 0.13431 0.989143 0.0 0.72389 0.676478 -0.135501 0.0 -0.687333 0.724112 -0.056881 0.0 -1.523114 -0.498038 3.579756 1.0]
289
	ConcatTransform [1.1 0.0 0.0 0.0 0.0 1.1 0.0 0.0 0.0 0.0 1.1 0.0 -9.609 0.05 6.704 1.0]
	ConcatTransform [0.174081 0.159004 0.971809 0.0 0.712317 0.661076 -0.235761 0.0 -0.679927 0.733278 0.00182 0.0 -1.522191 -0.495811 3.596854 1.0]
290
	ConcatTransform [1.1 0.0 0.0 0.0 0.0 1.1 0.0 0.0 0.0 0.0 1.1 0.0 -9.609 0.05 6.704 1.0]
	ConcatTransform [0.339367 0.179824 0.923306 0.0 0.678109 0.633499 -0.372624 0.0 -0.65192 0.752558 0.093048 0.0 -1.520012 -0.492824 3.61966 1.0]
291
	ConcatTransform [1.1 0.0 0.0 0.0 0.0 1.1 0.0 0.0 0.0 0.0 1.1 0.0 -9.609 0.05 6.704 1.0]
	ConcatTransform [0.443925 0.187396 0.876249 0.0 0.643693 0.613601 -0.457333 0.0 -0.62337 0.767057 0.151768 0.0 -1.518187 -0.490862 3.632345 1.0]
292
	ConcatTransform [1.1 0.0 0.0 0.0 0.0 1.1 0.0 0.0 0.0 0.0 1.1 0.0 -9.609 0.05 6.704 1.0]
	ConcatTransform [0.589126 0.189653 0.785469 0.0 0.574967 0.584614 -0.572399 0.0 -0.567753 0.788834 0.235367 0.0 -1.515153 -0.488241 3.647147 1.0]
293
	ConcatTransform [1.1 0.0 0.0 0.0 0.0 1.1 0.0 0.0 0.0 0.0 1.1 0.0 -9.609 0.05 6.704 1.0]
	ConcatTransform [0.676004 0.180262 0.71451 0.0 0.520842 0.569036 -0.636334 0.0 -0.521289 0.802311 0.290783 0.0 -1.512966 -0.487434 3.65443 1.0]
294
	ConcatTransform [1.1 0.0 0.0 0.0 0.0 1.1 0.0 0.0 0.0 0.0 1.1 0.0 -9.609 0.05 6.704 1.0]
	ConcatTransform [0.789254 0.151268 0.595144 0.0 0.430894 0.554086 -0.712264 0.0 -0.437503 0.818601 0.372134 0.0 -1.509541 -0.487816 3.661395 1.0]
295
	ConcatTransform [1.1 0.0 0.0 0.0 0.0 1.1 0.0 0.0 0.0 0.0 1.1 0.0 -9.609 0.05 6.704 1.0]
	ConcatTransform [0.852675 0.129412 0.50616 0.0 0.362978 0.550069 -0.752111 0.0 -0.375755 0.825031 0.422056 0.0 -1.507435 -0.488623 3.663112 1.0]
296
	ConcatTransform [1.1 0.0 0.0 0.0 0.0 1.1 0.0 0.0 0.0 0.0 1.1 0.0 -9.609 0.05 6.704 1.0]
	ConcatTransform [0.927788 0.097302 0.360198 0.0 0.249845 0.554974 -0.793462 0.0 -0.277106 0.826158 0.490587 0.0 -1.504793 -0.490695 3.661635 1.0]
297
	ConcatTransform [1.1 0.0 0.0 0.0 0.0 1.1 0.0 0.0 0.0 0.0 1.1 0.0 -9.609 0.05 6.704 1.0]
	ConcatTransform [0.963434 0.071376 0.258264 0.0 0.174226 0.565408 -0.8062 0.0 -0.203567 0.821717 0.532298 0.0 -1.503124 -0.492799 3.658284 1.0]
298
	ConcatTransform [1.1 0.0 0.0 0.0 0.0 1.1 0.0 0.0 0.0 0.0 1.1 0.0 -9.609 0.05 6.704 1.0]
	ConcatTransform [0.994513 0.030229 0.100151 0.0 0.063319 0.588135 -0.80628 0.0 -0.083276 0.808198 0.582994 0.0 -1.50079 -0.49606 3.649694 1.0]
299
	ConcatTransform [1.1 0.0 0.0 0.0 0.0 1.1 0.0 0.0 0.0 0.0 1.1 0.0 -9.609 0.05 6.704 1.0]
	ConcatTransform [0.999891 0.011332 -0.009455 0.0 -0.014393 0.607157 -0.794452 0.0 -0.003262 0.794501 0.607254 0.0 -1.499703 -0.497939 3.641851 1.0]
300
	ConcatTransform [1.1 0.0 0.0 0.0 0.0 1.1 0.0 0.0 0.0 0.0 1.1 0.0 -9.609 0.05 6.704 1.0]
	ConcatTransform [0.984476 -0.005163 -0.175443 0.0 -0.131598 0.639706 -0.75727 0.0 0.116142 0.768603 0.629096 0.0 -1.498584 -0.500326 3.627636 1.0]
301
	ConcatTransform [1.1 0.0 0.0 0.0 0.0 1.1 0.0 0.0 0.0 0.0 1.1 0.0 -9.609 0.05 6.704 1.0]
	ConcatTransform [0.958592 -0.008425 -0.284658 0.0 -0.208329 0.66076 -0.721107 0.0 0.194166 0.75055 0.631645 0.0 -1.498139 -0.501417 3.616737 1.0]
302
	ConcatTransform [1.1 0.0 0.0 0.0 0.0 1.1 0.0 0.0 0.0 0.0 1.1 0.0 -9.609 0.05 6.704 1.0]
	ConcatTransform [0.89693 -0.002216 -0.442167 0.0 -0.318846 0.689591 -0.650231 0.0 0.306355 0.724195 0.617809 0.0 -1.497921 -0.502298 3.599022 1.0]
303
	ConcatTransform [1.1 0.0 0.0 0.0 0.0 1.1 0.0 0.0 0.0 0.0 1.1 0.0 -9.609 0.05 6.704 1.0]
	ConcatTransform [0.841262 0.00903 -0.540552 0.0 -0.387485 0.707323 -0.591227 0.0 0.377007 0.706833 0.598543 0.0 -1.498028 -0.502463 3.586853 1.0]
304
	ConcatTransform [1.1 0.0 0.0 0.0 0.0 1.1 0.0 0.0 0.0 0.0 1.1 0.0 -9.609 0.05 6.704 1.0]
	ConcatTransform [0.737679 0.033636 -0.674314 0.0 -0.481107 0.726898 -0.490057 0.0 0.473674 0.685921 0.5524 0.0 -1.498621 -0.502029 3.568518 1.0]
305
	ConcatTransform [1.1 0.0 0.0 0.0 0.0 1.1 0.0 0.0 0.0 0.0 1.1 0.0 -9.609 0.05 6.704 1.0]
	ConcatTransform [0.656518 0.053832 -0.752387 0.0 -0.536339 0.734681 -0.415433 0.0 0.5304 0.676274 0.511204 0.0 -1.499305 -0.501393 3.556646 1.0]
306
	ConcatTransform [1.1 0.0 0.0 0.0 0.0 1.1 0.0 0.0 0.0 0.0 1.1 0.0 -9.609 0.05 6.704 1.0]
	ConcatTransform [0.519327 0.086595 -0.850177 0.0 -0.605683 0.739122 -0.294696 0.0 0.602866 0.667982 0.436296 0.0 -1.50066 -0.500059 3.540071 1.0]
307
	ConcatTransform [1.1 0.0 0.0 0.0 0.0 1.1 0.0 0.0 0.0 0.0 1.1 0.0 -9.609 0.05 6.704 1.0]
	ConcatTransform [0.419469 0.106953 -0.901447 0.0 -0.641756 0.737268 -0.211153 0.0 0.642025 0.667081 0.377899 0.0 -1.50175 -0.49909 3.530083 1.0]
308
	ConcatTransform [1.1 0.0 0.0 0.0 0.0 1.1 0.0 0.0 0.0 0.0 1.1 0.0 -9.609 0.05 6.704 1.0]
	ConcatTransform [0.26069 0.130907 -0.956506 0.0 -0.681384 0.726828 -0.086234 0.0 0.683927 0.674228 0.278675 0.0 -1.503762 -0.49791 3.517029 1.0]
309
	ConcatTransform [1.1 0.0 0.0 0.0 0.0 1.1 0.0 0.0 0.0 0.0 1.1 0.0 -9.609 0.05 6.704 1.0]
	ConcatTransform [0.150723 0.142703 -0.978222 0.0 -0.696586 0.717468 -0.002665 0.0 0.701463 0.681817 0.207544 0.0 -1.50517 -0.497271 3.509954 1.0]
310
	ConcatTransform [1.1 0.0 0.0 0.0 0.0 1.1 0.0 0.0 0.0 0.0 1.1 0.0 -9.609 0.05 6.704 1.0]
	ConcatTransform [-0.017051 0.154622 -0.987827 0.0 -0.70199 0.701669 0.121948 0.0 0.711983 0.695524 0.096578 0.0 -1.507255 -0.496509 3.502098 1.0]
311
	ConcatTransform [1.1 0.0 0.0 0.0 0.0 1.1 0.0 0.0 0.0 0.0 1.1 0.0 -9.609 0.05 6.704 1.0]
	ConcatTransform [-0.128353 0.154539 -0.979614 0.0 -0.695172 0.690458 0.200008 0.0 0.707291 0.706672 0.018809 0.0 -1.508674 -0.49646 3.498559 1.0]
312
	ConcatTransform [1.1 0.0 0.0 0.0 0.0 1.1 0.0 0.0 0.0 0.0 1.1 0.0 -9.609 0.05 6.704 1.0]
	ConcatTransform [-0.291082 0.142419 -0.946038 0.0 -0.670975 0.67449 0.307988 0.0 0.681956 0.724417 -0.100772 0.0 -1.510818 -0.497046 3.495861 1.0]
313
	ConcatTransform [1.1 0.0 0.0 0.0 0.0 1.1 0.0 0.0 0.0 0.0 1.1 0.0 -9.609 0.05 6.704 1.0]
	ConcatTransform [-0.39527 0.131012 -0.909174 0.0 -0.643844 0.666429 0.375948 0.0 0.655153 0.733968 -0.179068 0.0 -1.512046 -0.497547 3.495942 1.0]
314
	ConcatTransform [1.1 0.0 0.0 0.0 0.0 1.1 0.0 0.0 0.0 0.0 1.1 0.0 -9.609 0.05 6.704 1.0]
	ConcatTransform [-0.541962 0.109993 -0.833174 0.0 -0.586854 0.660115 0.468882 0.0 0.601564 0.743068 -0.293208 0.0 -1.51349 -0.49849 3.498583 1.0]
315
	ConcatTransform [1.1 0.0 0.0 0.0 0.0 1.1 0.0 0.0 0.0 0.0 1.1 0.0 -9.609 0.05 6.704 1.0]
	ConcatTransform [-0.631442 0.09185 -0.769964 0.0 -0.541583 0.658394 0.52269 0.0 0.554949 0.747048 -0.365993 0.0 -1.514386 -0.499266 3.501848 1.0]
316
	ConcatTransform [1.1 0.0 0.0 0.0 0.0 1.1 0.0 0.0 0.0 0.0 1.1 0.0 -9.609 0.05 6.704 1.0]
	ConcatTransform [-0.750904 0.064656 -0.657238 0.0 -0.461884 0.659891 0.592627 0.0 0.472023 0.748574 -0.465651 0.0 -1.515488 -0.500303 3.508864 1.0]
317
	ConcatTransform [1.1 0.0 0.0 0.0 0.0 1.1 0.0 0.0 0.0 0.0 1.1 0.0 -9.609 0.05 6.704 1.0]
	ConcatTransform [-0.81935 0.048435 -0.571244 0.0 -0.399876 0.665733 0.629999 0.0 0.41081 0.744617 -0.5261 0.0 -1.51591 -0.500956 3.514599 1.0]
318
	ConcatTransform [1.1 0.0 0.0 0.0 0.0 1.1 0.0 0.0 0.0 0.0 1.1 0.0 -9.609 0.05 6.704 1.0]
	ConcatTransform [-0.902938 0.025641 -0.429005 0.0 -0.299084 0.679357 0.670092 0.0 0.308629 0.73336 -0.605748 0.0 -1.516321 -0.501792 3.524398 1.0]
319
	ConcatTransform [1.1 0.0 0.0 0.0 0.0 1.1 0.0 0.0 0.0 0.0 1.1 0.0 -9.609 0.05 6.704 1.0]
	ConcatTransform [-0.945012 0.014522 -0.326712 0.0 -0.227058 0.689847 0.687427 0.0 0.235364 0.723809 -0.648617 0.0 -1.516427 -0.502124 3.531611 1.0]
320
	ConcatTransform [1.1 0.0 0.0 0.0 0.0 1.1 0.0 0.0 0.0 0.0 1.1 0.0 -9.609 0.05 6.704 1.0]
	ConcatTransform [-0.986219 0.005027 -0.165367 0.0 -0.113434 0.707062 0.697994 0.0 0.120434 0.707134 -0.696748 0.0 -1.516337 -0.502322 3.542939 1.0]
321
	ConcatTransform [1.1 0.0 0.0 0.0 0.0 1.1 0.0 0.0 0.0 0.0 1.1 0.0 -9.609 0.05 6.704 1.0]
	ConcatTransform [-0.998501 0.003119 -0.054651 0.0 -0.03578 0.718399 0.694711 0.0 0.041428 0.695624 -0.71721 0.0 -1.516157 -0.50227 3.550601 1.0]
322
	ConcatTransform [1.1 0.0 0.0 0.0 0.0 1.1 0.0 0.0 0.0 0.0 1.1 0.0 -9.609 0.05 6.704 1.0]
	ConcatTransform [-0.993612 0.007806 0.112582 0.0 0.08218 0.733768 0.674412 0.0 -0.077345 0.679356 -0.729722 0.0 -1.515677 -0.501969 3.56186 1.0]
323
	ConcatTransform [1.1 0.0 0.0 0.0 0.0 1.1 0.0 0.0 0.0 0.0 1.1 0.0 -9.609 0.05 6.704 1.0]
	ConcatTransform [-0.974811 0.014057 0.22259 0.0 0.159323 0.742293 0.650859 0.0 -0.156078 0.669928 -0.725835 0.0 -1.515279 -0.501662 3.568987 1.0]
324
	ConcatTransform [1.1 0.0 0.0 0.0 0.0 1.1 0.0 0.0 0.0 0.0 1.1 0.0 -9.609 0.05 6.704 1.0]
	ConcatTransform [-0.923766 0.028832 0.38187 0.0 0.271996 0.751346 0.601246 0.0 -0.269582 0.659278 -0.70191 0.0 -1.514497 -0.501119 3.578778 1.0]
325
	ConcatTransform [1.1 0.0 0.0 0.0 0.0 1.1 0.0 0.0 0.0 0.0 1.1 0.0 -9.609 0.05 6.704 1.0]
	ConcatTransform [-0.875184 0.039131 0.482204 0.0 0.342526 0.754011 0.560485 0.0 -0.341655 0.655695 -0.673302 0.0 -1.513924 -0.500803 3.584627 1.0]
326
	ConcatTransform [1.1 0.0 0.0 0.0 0.0 1.1 0.0 0.0 0.0 0.0 1.1 0.0 -9.609 0.05 6.704 1.0]
	ConcatTransform [-0.782155 0.052157 0.620897 0.0 0.437871 0.754952 0.488176 0.0 -0.443286 0.653703 -0.613328 0.0 -1.513133 -0.500437 3.592057 1.0]
327
	ConcatTransform [1.1 0.0 0.0 0.0 0.0 1.1 0.0 0.0 0.0 0.0 1.1 0.0 -9.609 0.05 6.704 1.0]
	ConcatTransform [-0.70772 0.061344 0.703825 0.0 0.4957 0.752961 0.432817 0.0 -0.503402 0.6552 -0.563294 0.0 -1.512534 -0.500263 3.595999 1.0]
328
	ConcatTransform [1.1 0.0 0.0 0.0 0.0 1.1 0.0 0.0 0.0 0.0 1.1 0.0 -9.609 0.05 6.704 1.0]
	ConcatTransform [-0.579826 0.074234 0.811351 0.0 0.57221 0.746002 0.340671 0.0 -0.579981 0.661793 -0.475029 0.0 -1.511548 -0.500134 3.600277 1.0]
329
	ConcatTransform [1.1 0.0 0.0 0.0 0.0 1.1 0.0 0.0 0.0 0.0 1.1 0.0 -9.609 0.05 6.704 1.0]
	ConcatTransform [-0.485507 0.078916 0.870664 0.0 0.613361 0.740411 0.274918 0.0 -0.622954 0.667506 -0.407878 0.0 -1.51101 -0.500171 3.602027 1.0]
330
	ConcatTransform [1.1 0.0 0.0 0.0 0.0 1.1 0.0 0.0 0.0 0.0 1.1 0.0 -9.609 0.05 6.704 1.0]
	ConcatTransform [-0.333478 0.079364 0.939411 0.0 0.659552 0.73164 0.172321 0.0 -0.673634 0.677056 -0.296331 0.0 -1.510417 -0.500431 3.60305 1.0]
331
	ConcatTransform [1.1 0.0 0.0 0.0 0.0 1.1 0.0 0.0 0.0 0.0 1.1 0.0 -9.609 0.05 6.704 1.0]
	ConcatTransform [-0.22678 0.077452 0.970862 0.0 0.681417 0.724845 0.101344 0.0 -0.695875 0.684544 -0.217157 0.0 -1.510054 -0.500665 3.602654 1.0]
332
	ConcatTransform [1.1 0.0 0.0 0.0 0.0 1.1 0.0 0.0 0.0 0.0 1.1 0.0 -9.609 0.05 6.704 1.0]
	ConcatTransform [-0.061987 0.071554 0.995509 0.0 0.69926 0.714824 -0.007839 0.0 -0.712175 0.695634 -0.094345 0.0 -1.509666 -0.501024 3.600511 1.0]
333
	ConcatTransform [1.1 0.0 0.0 0.0 0.0 1.1 0.0 0.0 0.0 0.0 1.1 0.0 -9.609 0.05 6.704 1.0]
	ConcatTransform [0.048857 0.06341 0.996791 0.0 0.700026 0.709683 -0.079458 0.0 -0.712444 0.701662 -0.009716 0.0 -1.509602 -0.501323 3.598258 1.0]
334
	ConcatTransform [1.1 0.0 0.0 0.0 0.0 1.1 0.0 0.0 0.0 0.0 1.1 0.0 -9.609 0.05 6.704 1.0]
	ConcatTransform [0.213288 0.046634 0.975876 0.0 0.685776 0.70429 -0.183539 0.0 -0.695859 0.708379 0.118236 0.0 -1.509713 -0.501771 3.593842 1.0]
335
	ConcatTransform [1.1 0.0 0.0 0.0 0.0 1.1 0.0 0.0 0.0 0.0 1.1 0.0 -9.609 0.05 6.704 1.0]
	ConcatTransform [0.320189 0.037955 0.946593 0.0 0.665215 0.702418 -0.253176 0.0 -0.674513 0.710752 0.199659 0.0 -1.509972 -0.501932 3.590156 1.0]
336
	ConcatTransform [1.1 0.0 0.0 0.0 0.0 1.1 0.0 0.0 0.0 0.0 1.1 0.0 -9.609 0.05 6.704 1.0]
	ConcatTransform [0.4725 0.021608 0.881066 0.0 0.619584 0.702823 -0.349508 0.0 -0.626785 0.711037 0.318695 0.0 -1.510561 -0.502164 3.584113 1.0]
337
	ConcatTransform [1.1 0.0 0.0 0.0 0.0 1.1 0.0 0.0 0.0 0.0 1.1 0.0 -9.609 0.05 6.704 1.0]
	ConcatTransform [0.567084 0.011429 0.823581 0.0 0.579739 0.704735 -0.408964 0.0 -0.58508 0.709379 0.393018 0.0 -1.511062 -0.502247 3.579799 1.0]
338
	ConcatTransform [1.1 0.0 0.0 0.0 0.0 1.1 0.0 0.0 0.0 0.0 1.1 0.0 -9.609 0.05 6.704 1.0]
	ConcatTransform [0.695655 -0.001562 0.718374 0.0 0.506744 0.709873 -0.489174 0.0 -0.50919 0.704328 0.494619 0.0 -1.511949 -0.502266 3.57316 1.0]
339
	ConcatTransform [1.1 0.0 0.0 0.0 0.0 1.1 0.0 0.0 0.0 0.0 1.1 0.0 -9.609 0.05 6.704 1.0]
	ConcatTransform [0.770971 -0.008002 0.63682 0.0 0.449921 0.714546 -0.53572 0.0 -0.45075 0.699543 0.554494 0.0 -1.512612 -0.502222 3.568774 1.0]
340
	ConcatTransform [1.1 0.0 0.0 0.0 0.0 1.1 0.0 0.0 0.0 0.0 1.1 0.0 -9.609 0.05 6.704 1.0]
	ConcatTransform [0.865953 -0.014393 0.499917 0.0 0.354582 0.722599 -0.593399 0.0 -0.352699 0.691117 0.630841 0.0 -1.513635 -0.502088 3.562484 1.0]
341
	ConcatTransform [1.1 0.0 0.0 0.0 0.0 1.1 0.0 0.0 0.0 0.0 1.1 0.0 -9.609 0.05 6.704 1.0]
	ConcatTransform [0.916129 -0.015995 0.400565 0.0 0.285256 0.728069 -0.623333 0.0 -0.281668 0.685317 0.671568 0.0 -1.514317 -0.501974 3.558579 1.0]
342
	ConcatTransform [1.1 0.0 0.0 0.0 0.0 1.1 0.0 0.0 0.0 0.0 1.1 0.0 -9.609 0.05 6.704 1.0]
	ConcatTransform [0.968563 0.00307 0.24875 0.0 0.165932 0.737018 -0.655188 0.0 -0.185345 0.675866 0.713339 0.0 -1.515553 -0.501893 3.554373 1.0]
343
	ConcatTransform [1.1 0.0 0.0 0.0 0.0 1.1 0.0 0.0 0.0 0.0 1.1 0.0 -9.609 0.05 6.704 1.0]
	ConcatTransform [0.988906 0.009833 0.148215 0.0 0.092436 0.740329 -0.665859 0.0 -0.116276 0.672172 0.731207 0.0 -1.515721 -0.501805 3.552876 1.0]
344
	ConcatTransform [1.1 0.0 0.0 0.0 0.0 1.1 0.0 0.0 0.0 0.0 1.1 0.0 -9.609 0.05 6.704 1.0]
	ConcatTransform [0.999823 0.018732 0.00149 0.0 -0.012921 0.742884 -0.669295 0.0 -0.013644 0.669158 0.742995 0.0 -1.516153 -0.501613 3.551458 1.0]
345
	ConcatTransform [1.1 0.0 0.0 0.0 0.0 1.1 0.0 0.0 0.0 0.0 1.1 0.0 -9.609 0.05 6.704 1.0]
	ConcatTransform [0.995219 0.022604 -0.095021 0.0 -0.080503 0.74073 -0.666962 0.0 0.055309 0.671423 0.739008 0.0 -1.516565 -0.50164 3.550859 1.0]
346
	ConcatTransform [1.1 0.0 0.0 0.0 0.0 1.1 0.0 0.0 0.0 0.0 1.1 0.0 -9.609 0.05 6.704 1.0]
	ConcatTransform [0.97089 0.029456 -0.237706 0.0 -0.181951 0.736113 -0.651945 0.0 0.155774 0.676218 0.720044 0.0 -1.517366 -0.501913 3.550992 1.0]
347
	ConcatTransform [1.1 0.0 0.0 0.0 0.0 1.1 0.0 0.0 0.0 0.0 1.1 0.0 -9.609 0.05 6.704 1.0]
	ConcatTransform [0.943495 0.031291 -0.329906 0.0 -0.2461 0.732864 -0.634307 0.0 0.221929 0.679655 0.699154 0.0 -1.517918 -0.50188 3.551779 1.0]
348
	ConcatTransform [1.1 0.0 0.0 0.0 0.0 1.1 0.0 0.0 0.0 0.0 1.1 0.0 -9.609 0.05 6.704 1.0]
	ConcatTransform [0.88632 0.031525 -0.461999 0.0 -0.337846 0.726338 -0.598576 0.0 0.316697 0.686615 0.654418 0.0 -1.519039 -0.501946 3.553668 1.0]
349
	ConcatTransform [1.1 0.0 0.0 0.0 0.0 1.1 0.0 0.0 0.0 0.0 1.1 0.0 -9.609 0.05 6.704 1.0]
	ConcatTransform [0.838066 0.02912 -0.544791 0.0 -0.394659 0.721814 -0.568531 0.0 0.376682 0.691474 0.616421 0.0 -1.519906 -0.502026 3.55538 1.0]
350
	ConcatTransform [1.1 0.0 0.0 0.0 0.0 1.1 0.0 0.0 0.0 0.0 1.1 0.0 -9.609 0.05 6.704 1.0]
	ConcatTransform [0.751605 0.022439 -0.659231 0.0 -0.472632 0.715475 -0.514505 0.0 0.460118 0.698278 0.54836 0.0 -1.521366 -0.502152 3.558515 1.0]
351
	ConcatTransform [1.1 0.0 0.0 0.0 0.0 1.1 0.0 0.0 0.0 0.0 1.1 0.0 -9.609 0.05 6.704 1.0]
	ConcatTransform [0.68528 0.017206 -0.728076 0.0 -0.519557 0.712109 -0.472188 0.0 0.510345 0.701858 0.496934 0.0 -1.522425 -0.502208 3.56095 1.0]
352
	ConcatTransform [1.1 0.0 0.0 0.0 0.0 1.1 0.0 0.0 0.0 0.0 1.1 0.0 -9.609 0.05 6.704 1.0]
	ConcatTransform [0.574305 0.008163 -0.818601 0.0 -0.580584 0.709029 -0.400249 0.0 0.577145 0.705132 0.411938 0.0 -1.524027 -0.502251 3.56495 1.0]
353
	ConcatTransform [1.1 0.0 0.0 0.0 0.0 1.1 0.0 0.0 0.0 0.0 1.1 0.0 -9.609 0.05 6.704 1.0]
	ConcatTransform [0.49365 0.00149 -0.869659 0.0 -0.614833 0.70783 -0.347789 0.0 0.615053 0.706381 0.350337 0.0 -1.525098 -0.502256 3.567713 1.0]
354
	ConcatTransform [1.1 0.0 0.0 0.0 0.0 1.1 0.0 0.0 0.0 0.0 1.1 0.0 -9.609 0.05 6.704 1.0]
	ConcatTransform [0.3644 -0.008006 -0.931208 0.0 -0.655802 0.707747 -0.262713 0.0 0.661163 0.706421 0.252652 0.0 -1.526638 -0.502227 3.571885 1.0]
355
	ConcatTransform [1.1 0.0 0.0 0.0 0.0 1.1 0.0 0.0 0.0 0.0 1.1 0.0 -9.609 0.05 6.704 1.0]
	ConcatTransform [0.273851 -0.013731 -0.961674 0.0 -0.675796 0.708709 -0.202562 0.0 0.684329 0.705367 0.184801 0.0 -1.527591 -0.502187 3.574591 1.0]
356
	ConcatTransform [1.1 0.0 0.0 0.0 0.0 1.1 0.0 0.0 0.0 0.0 1.1 0.0 -9.609 0.05 6.704 1.0]
	ConcatTransform [0.133394 -0.019804 -0.990865 0.0 -0.694715 0.71117 -0.107739 0.0 0.706807 0.702741 0.081108 0.0 -1.5289 -0.502122 3.578433 1.0]
357
	ConcatTransform [1.1 0.0 0.0 0.0 0.0 1.1 0.0 0.0 0.0 0.0 1.1 0.0 -9.609 0.05 6.704 1.0]
	ConcatTransform [0.037987 -0.022875 -0.999016 0.0 -0.699521 0.713321 -0.042932 0.0 0.713601 0.700464 0.011096 0.0 -1.529662 -0.502075 3.580747 1.0]
358
	ConcatTransform [1.1 0.0 0.0 0.0 0.0 1.1 0.0 0.0 0.0 0.0 1.1 0.0 -9.609 0.05 6.704 1.0]
	ConcatTransform [-0.105563 -0.026226 -0.994067 0.0 -0.694846 0.717062 0.05487 0.0 0.711368 0.696516 -0.093919 0.0 -1.530613 -0.502001 3.583733 1.0]
359
	ConcatTransform [1.1 0.0 0.0 0.0 0.0 1.1 0.0 0.0 0.0 0.0 1.1 0.0 -9.609 0.05 6.704 1.0]
	ConcatTransform [-0.198536 -0.022672 -0.979831 0.0 -0.679514 0.723626 0.120941 0.0 0.706289 0.68982 -0.159071 0.0 -1.530563 -0.501766 3.58526 1.0]
360
	ConcatTransform [1.1 0.0 0.0 0.0 0.0 1.1 0.0 0.0 0.0 0.0 1.1 0.0 -9.609 0.05 6.704 1.0]
	ConcatTransform [-0.131042 0.844066 -0.519982 0.0 -0.618693 0.340202 0.708154 0.0 0.774627 0.414507 0.477637 0.0 -14.720047 -155.067459 7.335427 1.0]
