228
	ConcatTransform [1.1 0.0 0.0 0.0 0.0 1.1 0.0 0.0 0.0 0.0 1.1 0.0 -9.609 0.05 6.704 1.0]
	ConcatTransform [0.992051 0.124137 0.020593 0.0 -0.122864 0.990925 -0.054517 0.0 -0.027174 0.051554 0.9983 0.0 -0.013559 -0.027503 0.011796 1.0]
229
	ConcatTransform [1.1 0.0 0.0 0.0 0.0 1.1 0.0 0.0 0.0 0.0 1.1 0.0 -9.609 0.05 6.704 1.0]
	ConcatTransform [0.970543 0.226951 0.080863 0.0 -0.22085 0.972195 -0.077855 0.0 -0.096283 0.057703 0.99368 0.0 -0.024599 -0.060248 0.021364 1.0]
230
	ConcatTransform [1.1 0.0 0.0 0.0 0.0 1.1 0.0 0.0 0.0 0.0 1.1 0.0 -9.609 0.05 6.704 1.0]
	ConcatTransform [0.892526 0.406378 0.195588 0.0 -0.387007 0.912794 -0.130511 0.0 -0.231568 0.040791 0.971963 0.0 -0.037096 -0.122234 0.027979 1.0]
231
	ConcatTransform [1.1 0.0 0.0 0.0 0.0 1.1 0.0 0.0 0.0 0.0 1.1 0.0 -9.609 0.05 6.704 1.0]
	ConcatTransform [0.813309 0.505484 0.288124 0.0 -0.473042 0.862792 -0.178387 0.0 -0.338763 0.008789 0.940831 0.0 -0.043735 -0.17459 0.029572 1.0]
232
	ConcatTransform [1.1 0.0 0.0 0.0 0.0 1.1 0.0 0.0 0.0 0.0 1.1 0.0 -9.609 0.05 6.704 1.0]
	ConcatTransform [0.660316 0.618963 0.425286 0.0 -0.565227 0.782481 -0.261231 0.0 -0.49447 -0.067888 0.866539 0.0 -0.055263 -0.275668 0.034511 1.0]
233
	ConcatTransform [1.1 0.0 0.0 0.0 0.0 1.1 0.0 0.0 0.0 0.0 1.1 0.0 -9.609 0.05 6.704 1.0]
	ConcatTransform [0.516124 0.66397 0.541073 0.0 -0.602163 0.730531 -0.322062 0.0 -0.60911 -0.15959 0.776863 0.0 -0.059315 -0.349783 0.035066 1.0]
234
	ConcatTransform [1.1 0.0 0.0 0.0 0.0 1.1 0.0 0.0 0.0 0.0 1.1 0.0 -9.609 0.05 6.704 1.0]
	ConcatTransform [0.362026 0.685182 0.632031 0.0 -0.739392 0.623966 -0.252916 0.0 -0.567659 -0.375756 0.73251 0.0 -0.029623 -0.430979 -0.000117 1.0]
235
	ConcatTransform [1.1 0.0 0.0 0.0 0.0 1.1 0.0 0.0 0.0 0.0 1.1 0.0 -9.609 0.05 6.704 1.0]
	ConcatTransform [0.444413 0.604473 0.661143 0.0 -0.791396 0.610732 -0.026416 0.0 -0.419749 -0.511486 0.749795 0.0 0.013575 -0.466738 -0.048193 1.0]
236
	ConcatTransform [1.1 0.0 0.0 0.0 0.0 1.1 0.0 0.0 0.0 0.0 1.1 0.0 -9.609 0.05 6.704 1.0]
	ConcatTransform [0.462647 0.532257 0.708985 0.0 -0.8464 0.503104 0.174622 0.0 -0.263749 -0.680873 0.683263 0.0 0.096887 -0.494617 -0.151535 1.0]
237
	ConcatTransform [1.1 0.0 0.0 0.0 0.0 1.1 0.0 0.0 0.0 0.0 1.1 0.0 -9.609 0.05 6.704 1.0]
	ConcatTransform [0.449059 0.492978 0.745197 0.0 -0.878914 0.393812 0.269115 0.0 -0.1608 -0.775812 0.61013 0.0 0.14512 -0.477452 -0.221783 1.0]
238
	ConcatTransform [1.1 0.0 0.0 0.0 0.0 1.1 0.0 0.0 0.0 0.0 1.1 0.0 -9.609 0.05 6.704 1.0]
	ConcatTransform [0.316061 0.460971 0.829224 0.0 -0.947135 0.204116 0.247533 0.0 -0.055152 -0.863622 0.501114 0.0 0.205772 -0.412987 -0.325923 1.0]
239
	ConcatTransform [1.1 0.0 0.0 0.0 0.0 1.1 0.0 0.0 0.0 0.0 1.1 0.0 -9.609 0.05 6.704 1.0]
	ConcatTransform [0.269262 0.396676 0.87758 0.0 -0.963004 0.121313 0.240638 0.0 -0.011007 -0.909907 0.414666 0.0 0.2453 -0.37389 -0.393028 1.0]
240
	ConcatTransform [1.1 0.0 0.0 0.0 0.0 1.1 0.0 0.0 0.0 0.0 1.1 0.0 -9.609 0.05 6.704 1.0]
	ConcatTransform [0.231962 0.209248 0.949952 0.0 -0.970424 -0.017354 0.240784 0.0 0.066869 -0.977709 0.199033 0.0 0.299004 -0.322227 -0.487243 1.0]
241
	ConcatTransform [1.1 0.0 0.0 0.0 0.0 1.1 0.0 0.0 0.0 0.0 1.1 0.0 -9.609 0.05 6.704 1.0]
	ConcatTransform [0.261883 0.080638 0.961725 0.0 -0.961892 -0.059369 0.266906 0.0 0.078619 -0.994974 0.062017 0.0 0.321518 -0.279025 -0.535269 1.0]
242
	ConcatTransform [1.1 0.0 0.0 0.0 0.0 1.1 0.0 0.0 0.0 0.0 1.1 0.0 -9.609 0.05 6.704 1.0]
	ConcatTransform [0.23832 -0.081857 0.967731 0.0 -0.967644 -0.105048 0.229413 0.0 0.082879 -0.991093 -0.104243 0.0 0.34376 -0.21973 -0.594025 1.0]
243
	ConcatTransform [1.1 0.0 0.0 0.0 0.0 1.1 0.0 0.0 0.0 0.0 1.1 0.0 -9.609 0.05 6.704 1.0]
	ConcatTransform [0.220582 -0.177571 0.959068 0.0 -0.972429 -0.116314 0.202119 0.0 0.075663 -0.97721 -0.198332 0.0 0.35276 -0.186371 -0.624751 1.0]
244
	ConcatTransform [1.1 0.0 0.0 0.0 0.0 1.1 0.0 0.0 0.0 0.0 1.1 0.0 -9.609 0.05 6.704 1.0]
	ConcatTransform [0.172837 -0.283695 0.94321 0.0 -0.98217 -0.121542 0.143419 0.0 0.073953 -0.951181 -0.299644 0.0 0.35962 -0.148361 -0.660856 1.0]
245
	ConcatTransform [1.1 0.0 0.0 0.0 0.0 1.1 0.0 0.0 0.0 0.0 1.1 0.0 -9.609 0.05 6.704 1.0]
	ConcatTransform [0.142605 -0.337712 0.930384 0.0 -0.987405 -0.113613 0.110105 0.0 0.06852 -0.934368 -0.34966 0.0 0.363304 -0.134118 -0.683331 1.0]
246
	ConcatTransform [1.1 0.0 0.0 0.0 0.0 1.1 0.0 0.0 0.0 0.0 1.1 0.0 -9.609 0.05 6.704 1.0]
	ConcatTransform [0.107046 -0.389747 0.91468 0.0 -0.993294 -0.082341 0.081161 0.0 0.043683 -0.917234 -0.395947 0.0 0.36507 -0.127856 -0.710699 1.0]
247
	ConcatTransform [1.1 0.0 0.0 0.0 0.0 1.1 0.0 0.0 0.0 0.0 1.1 0.0 -9.609 0.05 6.704 1.0]
	ConcatTransform [0.083419 -0.404706 0.910634 0.0 -0.996189 -0.057226 0.065824 0.0 0.025472 -0.912654 -0.407937 0.0 0.361526 -0.132665 -0.722321 1.0]
248
	ConcatTransform [1.1 0.0 0.0 0.0 0.0 1.1 0.0 0.0 0.0 0.0 1.1 0.0 -9.609 0.05 6.704 1.0]
	ConcatTransform [0.059759 -0.394119 0.917114 0.0 -0.997761 0.004051 0.066754 0.0 -0.030024 -0.91905 -0.392995 0.0 0.353327 -0.155291 -0.734491 1.0]
249
	ConcatTransform [1.1 0.0 0.0 0.0 0.0 1.1 0.0 0.0 0.0 0.0 1.1 0.0 -9.609 0.05 6.704 1.0]
	ConcatTransform [0.048183 -0.375476 0.925579 0.0 -0.995409 0.058669 0.075619 0.0 -0.082696 -0.924973 -0.370926 0.0 0.34684 -0.181396 -0.740697 1.0]
250
	ConcatTransform [1.1 0.0 0.0 0.0 0.0 1.1 0.0 0.0 0.0 0.0 1.1 0.0 -9.609 0.05 6.704 1.0]
	ConcatTransform [0.008547 -0.315058 0.949034 0.0 -0.985853 0.156221 0.06074 0.0 -0.167396 -0.936127 -0.309265 0.0 0.331266 -0.234124 -0.742482 1.0]
251
	ConcatTransform [1.1 0.0 0.0 0.0 0.0 1.1 0.0 0.0 0.0 0.0 1.1 0.0 -9.609 0.05 6.704 1.0]
	ConcatTransform [-0.013669 -0.241167 0.970387 0.0 -0.972858 0.22741 0.042814 0.0 -0.231001 -0.943464 -0.237729 0.0 0.315862 -0.276373 -0.736484 1.0]
252
	ConcatTransform [1.1 0.0 0.0 0.0 0.0 1.1 0.0 0.0 0.0 0.0 1.1 0.0 -9.609 0.05 6.704 1.0]
	ConcatTransform [-0.038456 -0.112132 0.992949 0.0 -0.949458 0.313891 -0.001324 0.0 -0.31153 -0.942814 -0.118535 0.0 0.281185 -0.340538 -0.709497 1.0]
253
	ConcatTransform [1.1 0.0 0.0 0.0 0.0 1.1 0.0 0.0 0.0 0.0 1.1 0.0 -9.609 0.05 6.704 1.0]
	ConcatTransform [-0.030347 0.006502 0.999518 0.0 -0.931568 0.362273 -0.03064 0.0 -0.362298 -0.932049 -0.004937 0.0 0.25138 -0.380277 -0.680256 1.0]
254
	ConcatTransform [1.1 0.0 0.0 0.0 0.0 1.1 0.0 0.0 0.0 0.0 1.1 0.0 -9.609 0.05 6.704 1.0]
	ConcatTransform [0.0091 0.191747 0.981402 0.0 -0.899815 0.42967 -0.075605 0.0 -0.436177 -0.882392 0.176447 0.0 0.198129 -0.426148 -0.620128 1.0]
255
	ConcatTransform [1.1 0.0 0.0 0.0 0.0 1.1 0.0 0.0 0.0 0.0 1.1 0.0 -9.609 0.05 6.704 1.0]
	ConcatTransform [0.047428 0.299306 0.952978 0.0 -0.877905 0.467589 -0.103166 0.0 -0.47648 -0.831731 0.284939 0.0 0.15912 -0.446114 -0.572226 1.0]
256
	ConcatTransform [1.1 0.0 0.0 0.0 0.0 1.1 0.0 0.0 0.0 0.0 1.1 0.0 -9.609 0.05 6.704 1.0]
	ConcatTransform [0.103845 0.426451 0.89853 0.0 -0.855157 0.499586 -0.138276 0.0 -0.507861 -0.754025 0.416562 0.0 0.099033 -0.458675 -0.494533 1.0]
257
	ConcatTransform [1.1 0.0 0.0 0.0 0.0 1.1 0.0 0.0 0.0 0.0 1.1 0.0 -9.609 0.05 6.704 1.0]
	ConcatTransform [0.11829 0.525225 0.842702 0.0 -0.860197 0.478159 -0.177273 0.0 -0.496053 -0.70392 0.508358 0.0 0.058457 -0.46911 -0.442323 1.0]
258
	ConcatTransform [1.1 0.0 0.0 0.0 0.0 1.1 0.0 0.0 0.0 0.0 1.1 0.0 -9.609 0.05 6.704 1.0]
	ConcatTransform [0.200992 0.61998 0.758437 0.0 -0.822721 0.527095 -0.212842 0.0 -0.531726 -0.581203 0.616012 0.0 -0.000604 -0.500755 -0.364142 1.0]
259
	ConcatTransform [1.1 0.0 0.0 0.0 0.0 1.1 0.0 0.0 0.0 0.0 1.1 0.0 -9.609 0.05 6.704 1.0]
	ConcatTransform [0.294912 0.65934 0.69159 0.0 -0.76856 0.593735 -0.238314 0.0 -0.567752 -0.461247 0.681842 0.0 -0.042596 -0.502516 -0.315684 1.0]
260
	ConcatTransform [1.1 0.0 0.0 0.0 0.0 1.1 0.0 0.0 0.0 0.0 1.1 0.0 -9.609 0.05 6.704 1.0]
	ConcatTransform [0.413636 0.661207 0.625868 0.0 -0.718294 0.6594 -0.221913 0.0 -0.559428 -0.357766 0.747692 0.0 -0.098145 -0.478176 -0.25817 1.0]
261
	ConcatTransform [1.1 0.0 0.0 0.0 0.0 1.1 0.0 0.0 0.0 0.0 1.1 0.0 -9.609 0.05 6.704 1.0]
	ConcatTransform [0.495996 0.642145 0.584498 0.0 -0.682141 0.704657 -0.195299 0.0 -0.537281 -0.301843 0.787541 0.0 -0.131053 -0.461613 -0.225633 1.0]
262
	ConcatTransform [1.1 0.0 0.0 0.0 0.0 1.1 0.0 0.0 0.0 0.0 1.1 0.0 -9.609 0.05 6.704 1.0]
	ConcatTransform [0.605161 0.585714 0.539184 0.0 -0.616794 0.773159 -0.147613 0.0 -0.503334 -0.243236 0.829151 0.0 -0.174455 -0.44022 -0.184439 1.0]
263
	ConcatTransform [1.1 0.0 0.0 0.0 0.0 1.1 0.0 0.0 0.0 0.0 1.1 0.0 -9.609 0.05 6.704 1.0]
	ConcatTransform [0.668016 0.559526 0.490597 0.0 -0.58879 0.800581 -0.111342 0.0 -0.455061 -0.21448 0.864244 0.0 -0.199518 -0.428393 -0.163069 1.0]
264
	ConcatTransform [1.1 0.0 0.0 0.0 0.0 1.1 0.0 0.0 0.0 0.0 1.1 0.0 -9.609 0.05 6.704 1.0]
	ConcatTransform [0.761131 0.451125 0.466011 0.0 -0.486277 0.872358 -0.050261 0.0 -0.429202 -0.188355 0.88335 0.0 -0.228025 -0.413973 -0.140771 1.0]
265
	ConcatTransform [1.1 0.0 0.0 0.0 0.0 1.1 0.0 0.0 0.0 0.0 1.1 0.0 -9.609 0.05 6.704 1.0]
	ConcatTransform [0.803577 0.402071 0.438866 0.0 -0.447939 0.894063 0.001087 0.0 -0.391937 -0.197459 0.898552 0.0 -0.24422 -0.4104 -0.129966 1.0]
266
	ConcatTransform [1.1 0.0 0.0 0.0 0.0 1.1 0.0 0.0 0.0 0.0 1.1 0.0 -9.609 0.05 6.704 1.0]
	ConcatTransform [0.834885 0.377137 0.400917 0.0 -0.431188 0.900847 0.050508 0.0 -0.342117 -0.215039 0.914721 0.0 -0.262943 -0.411805 -0.120095 1.0]
267
	ConcatTransform [1.1 0.0 0.0 0.0 0.0 1.1 0.0 0.0 0.0 0.0 1.1 0.0 -9.609 0.05 6.704 1.0]
	ConcatTransform [0.845054 0.361172 0.394258 0.0 -0.419593 0.904985 0.070317 0.0 -0.331401 -0.22485 0.916306 0.0 -0.269045 -0.413663 -0.119508 1.0]
268
	ConcatTransform [1.1 0.0 0.0 0.0 0.0 1.1 0.0 0.0 0.0 0.0 1.1 0.0 -9.609 0.05 6.704 1.0]
	ConcatTransform [0.847706 0.349883 0.398718 0.0 -0.416743 0.904308 0.092482 0.0 -0.328206 -0.24456 0.912399 0.0 -0.269394 -0.417231 -0.127017 1.0]
269
	ConcatTransform [1.1 0.0 0.0 0.0 0.0 1.1 0.0 0.0 0.0 0.0 1.1 0.0 -9.609 0.05 6.704 1.0]
	ConcatTransform [0.844652 0.349408 0.405558 0.0 -0.424434 0.898801 0.109602 0.0 -0.32622 -0.264708 0.907474 0.0 -0.265655 -0.422877 -0.135119 1.0]
270
	ConcatTransform [1.1 0.0 0.0 0.0 0.0 1.1 0.0 0.0 0.0 0.0 1.1 0.0 -9.609 0.05 6.704 1.0]
	ConcatTransform [0.831578 0.364424 0.419134 0.0 -0.452589 0.882037 0.131051 0.0 -0.321934 -0.298674 0.898417 0.0 -0.254454 -0.435908 -0.151682 1.0]
271
	ConcatTransform [1.1 0.0 0.0 0.0 0.0 1.1 0.0 0.0 0.0 0.0 1.1 0.0 -9.609 0.05 6.704 1.0]
	ConcatTransform [0.822975 0.370428 0.430692 0.0 -0.471735 0.868042 0.154819 0.0 -0.316509 -0.330585 0.889121 0.0 -0.24264 -0.446381 -0.165792 1.0]
272
	ConcatTransform [1.1 0.0 0.0 0.0 0.0 1.1 0.0 0.0 0.0 0.0 1.1 0.0 -9.609 0.05 6.704 1.0]
	ConcatTransform [0.803552 0.397937 0.442663 0.0 -0.520249 0.830871 0.19747 0.0 -0.289215 -0.388973 0.874674 0.0 -0.221012 -0.467278 -0.189042 1.0]
273
	ConcatTransform [1.1 0.0 0.0 0.0 0.0 1.1 0.0 0.0 0.0 0.0 1.1 0.0 -9.609 0.05 6.704 1.0]
	ConcatTransform [0.773417 0.425848 0.469552 0.0 -0.56559 0.798073 0.207814 0.0 -0.286239 -0.426301 0.858099 0.0 -0.203038 -0.481597 -0.20704 1.0]
274
	ConcatTransform [1.1 0.0 0.0 0.0 0.0 1.1 0.0 0.0 0.0 0.0 1.1 0.0 -9.609 0.05 6.704 1.0]
	ConcatTransform [0.732577 0.456277 0.505116 0.0 -0.626845 0.741472 0.239342 0.0 -0.265323 -0.491966 0.829201 0.0 -0.1716 -0.501347 -0.237723 1.0]
275
	ConcatTransform [1.1 0.0 0.0 0.0 0.0 1.1 0.0 0.0 0.0 0.0 1.1 0.0 -9.609 0.05 6.704 1.0]
	ConcatTransform [0.702206 0.469753 0.535012 0.0 -0.667473 0.69585 0.26509 0.0 -0.247761 -0.543254 0.802178 0.0 -0.148208 -0.51159 -0.260085 1.0]
276
	ConcatTransform [1.1 0.0 0.0 0.0 0.0 1.1 0.0 0.0 0.0 0.0 1.1 0.0 -9.609 0.05 6.704 1.0]
	ConcatTransform [0.643435 0.485964 0.591464 0.0 -0.730212 0.621532 0.283706 0.0 -0.229743 -0.61444 0.754772 0.0 -0.110428 -0.508313 -0.293257 1.0]
277
	ConcatTransform [1.1 0.0 0.0 0.0 0.0 1.1 0.0 0.0 0.0 0.0 1.1 0.0 -9.609 0.05 6.704 1.0]
	ConcatTransform [0.599488 0.491857 0.631419 0.0 -0.769597 0.570927 0.285943 0.0 -0.219851 -0.657358 0.720796 0.0 -0.085377 -0.50389 -0.313706 1.0]
278
	ConcatTransform [1.1 0.0 0.0 0.0 0.0 1.1 0.0 0.0 0.0 0.0 1.1 0.0 -9.609 0.05 6.704 1.0]
	ConcatTransform [0.544141 0.493631 0.678409 0.0 -0.810821 0.517181 0.27403 0.0 -0.215591 -0.699179 0.681666 0.0 -0.048831 -0.496903 -0.341982 1.0]
279
	ConcatTransform [1.1 0.0 0.0 0.0 0.0 1.1 0.0 0.0 0.0 0.0 1.1 0.0 -9.609 0.05 6.704 1.0]
	ConcatTransform [0.50629 0.499389 0.703051 0.0 -0.835927 0.484517 0.257818 0.0 -0.211889 -0.71823 0.662759 0.0 -0.02607 -0.492415 -0.35887 1.0]
280
	ConcatTransform [1.1 0.0 0.0 0.0 0.0 1.1 0.0 0.0 0.0 0.0 1.1 0.0 -9.609 0.05 6.704 1.0]
	ConcatTransform [0.446411 0.502837 0.740184 0.0 -0.871665 0.431348 0.232677 0.0 -0.202278 -0.749062 0.630864 0.0 0.004035 -0.483952 -0.379991 1.0]
281
	ConcatTransform [1.1 0.0 0.0 0.0 0.0 1.1 0.0 0.0 0.0 0.0 1.1 0.0 -9.609 0.05 6.704 1.0]
	ConcatTransform [0.414603 0.499636 0.760571 0.0 -0.88789 0.405235 0.217799 0.0 -0.19939 -0.765603 0.611633 0.0 0.021451 -0.478896 -0.391514 1.0]
282
	ConcatTransform [1.1 0.0 0.0 0.0 0.0 1.1 0.0 0.0 0.0 0.0 1.1 0.0 -9.609 0.05 6.704 1.0]
	ConcatTransform [0.379858 0.491999 0.783355 0.0 -0.902454 0.383106 0.196995 0.0 -0.203186 -0.781772 0.589532 0.0 0.043297 -0.473726 -0.405081 1.0]
283
	ConcatTransform [1.1 0.0 0.0 0.0 0.0 1.1 0.0 0.0 0.0 0.0 1.1 0.0 -9.609 0.05 6.704 1.0]
	ConcatTransform [0.359019 0.488802 0.795096 0.0 -0.909905 0.372967 0.181571 0.0 -0.207793 -0.788649 0.578666 0.0 0.054336 -0.471411 -0.4114 1.0]
284
	ConcatTransform [1.1 0.0 0.0 0.0 0.0 1.1 0.0 0.0 0.0 0.0 1.1 0.0 -9.609 0.05 6.704 1.0]
	ConcatTransform [0.329925 0.48749 0.808395 0.0 -0.919052 0.361469 0.157109 0.0 -0.215621 -0.794792 0.567287 0.0 0.064908 -0.469103 -0.416552 1.0]
285
	ConcatTransform [1.1 0.0 0.0 0.0 0.0 1.1 0.0 0.0 0.0 0.0 1.1 0.0 -9.609 0.05 6.704 1.0]
	ConcatTransform [0.316737 0.491347 0.81133 0.0 -0.920776 0.36462 0.138647 0.0 -0.227703 -0.790968 0.567909 0.0 0.068676 -0.470123 -0.417721 1.0]
286
	ConcatTransform [1.1 0.0 0.0 0.0 0.0 1.1 0.0 0.0 0.0 0.0 1.1 0.0 -9.609 0.05 6.704 1.0]
	ConcatTransform [0.311454 0.499611 0.808323 0.0 -0.914251 0.389496 0.111528 0.0 -0.259117 -0.773745 0.57808 0.0 0.069596 -0.475672 -0.416182 1.0]
287
	ConcatTransform [1.1 0.0 0.0 0.0 0.0 1.1 0.0 0.0 0.0 0.0 1.1 0.0 -9.609 0.05 6.704 1.0]
	ConcatTransform [0.307691 0.512727 0.801522 0.0 -0.908171 0.409531 0.086658 0.0 -0.283817 -0.754583 0.591652 0.0 0.066421 -0.480468 -0.41291 1.0]
288
	ConcatTransform [1.1 0.0 0.0 0.0 0.0 1.1 0.0 0.0 0.0 0.0 1.1 0.0 -9.609 0.05 6.704 1.0]
	ConcatTransform [0.304995 0.536663 0.786747 0.0 -0.895522 0.442719 0.045172 0.0 -0.324065 -0.718326 0.615621 0.0 0.056018 -0.487851 -0.404956 1.0]
289
	ConcatTransform [1.1 0.0 0.0 0.0 0.0 1.1 0.0 0.0 0.0 0.0 1.1 0.0 -9.609 0.05 6.704 1.0]
	ConcatTransform [0.314281 0.547082 0.775841 0.0 -0.879787 0.474881 0.021527 0.0 -0.356655 -0.68934 0.630561 0.0 0.046065 -0.493304 -0.398048 1.0]
290
	ConcatTransform [1.1 0.0 0.0 0.0 0.0 1.1 0.0 0.0 0.0 0.0 1.1 0.0 -9.609 0.05 6.704 1.0]
	ConcatTransform [0.34171 0.553551 0.759483 0.0 -0.844589 0.535319 -0.010167 0.0 -0.412193 -0.637977 0.650447 0.0 0.027129 -0.501037 -0.385891 1.0]
291
	ConcatTransform [1.1 0.0 0.0 0.0 0.0 1.1 0.0 0.0 0.0 0.0 1.1 0.0 -9.609 0.05 6.704 1.0]
	ConcatTransform [0.350897 0.558923 0.751317 0.0 -0.827047 0.561262 -0.031271 0.0 -0.439164 -0.610401 0.659201 0.0 0.011733 -0.503425 -0.376981 1.0]
292
	ConcatTransform [1.1 0.0 0.0 0.0 0.0 1.1 0.0 0.0 0.0 0.0 1.1 0.0 -9.609 0.05 6.704 1.0]
	ConcatTransform [0.386318 0.549695 0.740671 0.0 -0.796292 0.604015 -0.032946 0.0 -0.465487 -0.577062 0.67106 0.0 -0.012635 -0.5058 -0.363583 1.0]
293
	ConcatTransform [1.1 0.0 0.0 0.0 0.0 1.1 0.0 0.0 0.0 0.0 1.1 0.0 -9.609 0.05 6.704 1.0]
	ConcatTransform [0.417735 0.546183 0.726073 0.0 -0.774771 0.631561 -0.029334 0.0 -0.474581 -0.550287 0.686992 0.0 -0.029522 -0.506631 -0.354912 1.0]
294
	ConcatTransform [1.1 0.0 0.0 0.0 0.0 1.1 0.0 0.0 0.0 0.0 1.1 0.0 -9.609 0.05 6.704 1.0]
	ConcatTransform [0.46652 0.540527 0.700135 0.0 -0.739598 0.672531 -0.026401 0.0 -0.485133 -0.505502 0.713522 0.0 -0.055201 -0.506463 -0.342295 1.0]
295
	ConcatTransform [1.1 0.0 0.0 0.0 0.0 1.1 0.0 0.0 0.0 0.0 1.1 0.0 -9.609 0.05 6.704 1.0]
	ConcatTransform [0.49519 0.528636 0.689443 0.0 -0.717765 0.696049 -0.018169 0.0 -0.48949 -0.48586 0.724112 0.0 -0.071511 -0.504473 -0.334771 1.0]
296
	ConcatTransform [1.1 0.0 0.0 0.0 0.0 1.1 0.0 0.0 0.0 0.0 1.1 0.0 -9.609 0.05 6.704 1.0]
	ConcatTransform [0.51503 0.501952 0.69483 0.0 -0.700082 0.714056 0.003082 0.0 -0.4946 -0.488025 0.719168 0.0 -0.092743 -0.503428 -0.326672 1.0]
297
	ConcatTransform [1.1 0.0 0.0 0.0 0.0 1.1 0.0 0.0 0.0 0.0 1.1 0.0 -9.609 0.05 6.704 1.0]
	ConcatTransform [0.51593 0.503819 0.692808 0.0 -0.707628 0.706462 0.013217 0.0 -0.482783 -0.497069 0.721001 0.0 -0.106133 -0.5058 -0.322312 1.0]
298
	ConcatTransform [1.1 0.0 0.0 0.0 0.0 1.1 0.0 0.0 0.0 0.0 1.1 0.0 -9.609 0.05 6.704 1.0]
	ConcatTransform [0.520501 0.488829 0.700089 0.0 -0.695785 0.718074 0.015915 0.0 -0.494936 -0.495395 0.713878 0.0 -0.121699 -0.504742 -0.318556 1.0]
299
	ConcatTransform [1.1 0.0 0.0 0.0 0.0 1.1 0.0 0.0 0.0 0.0 1.1 0.0 -9.609 0.05 6.704 1.0]
	ConcatTransform [0.526908 0.47379 0.705614 0.0 -0.686791 0.726421 0.025091 0.0 -0.500685 -0.49783 0.708152 0.0 -0.129154 -0.504222 -0.318131 1.0]
300
	ConcatTransform [1.1 0.0 0.0 0.0 0.0 1.1 0.0 0.0 0.0 0.0 1.1 0.0 -9.609 0.05 6.704 1.0]
	ConcatTransform [0.521326 0.45194 0.723857 0.0 -0.681823 0.730687 0.034849 0.0 -0.513163 -0.51171 0.689069 0.0 -0.135815 -0.50549 -0.320384 1.0]
301
	ConcatTransform [1.1 0.0 0.0 0.0 0.0 1.1 0.0 0.0 0.0 0.0 1.1 0.0 -9.609 0.05 6.704 1.0]
	ConcatTransform [0.507136 0.456212 0.731221 0.0 -0.68663 0.726648 0.022851 0.0 -0.520915 -0.513667 0.681758 0.0 -0.137761 -0.50502 -0.322903 1.0]
302
	ConcatTransform [1.1 0.0 0.0 0.0 0.0 1.1 0.0 0.0 0.0 0.0 1.1 0.0 -9.609 0.05 6.704 1.0]
	ConcatTransform [0.490948 0.452399 0.744517 0.0 -0.686892 0.72667 0.011395 0.0 -0.535863 -0.516997 0.667506 0.0 -0.138544 -0.504184 -0.325939 1.0]
303
	ConcatTransform [1.1 0.0 0.0 0.0 0.0 1.1 0.0 0.0 0.0 0.0 1.1 0.0 -9.609 0.05 6.704 1.0]
	ConcatTransform [0.48153 0.451708 0.751059 0.0 -0.688826 0.724905 0.005652 0.0 -0.541893 -0.520071 0.660211 0.0 -0.137862 -0.504014 -0.3275 1.0]
304
	ConcatTransform [1.1 0.0 0.0 0.0 0.0 1.1 0.0 0.0 0.0 0.0 1.1 0.0 -9.609 0.05 6.704 1.0]
	ConcatTransform [0.46758 0.45172 0.759814 0.0 -0.693866 0.720103 -0.001114 0.0 -0.547648 -0.526689 0.650139 0.0 -0.135062 -0.504016 -0.329046 1.0]
305
	ConcatTransform [1.1 0.0 0.0 0.0 0.0 1.1 0.0 0.0 0.0 0.0 1.1 0.0 -9.609 0.05 6.704 1.0]
	ConcatTransform [0.458331 0.453512 0.764369 0.0 -0.698207 0.71587 -0.006078 0.0 -0.549945 -0.530902 0.644751 0.0 -0.132094 -0.504183 -0.329522 1.0]
306
	ConcatTransform [1.1 0.0 0.0 0.0 0.0 1.1 0.0 0.0 0.0 0.0 1.1 0.0 -9.609 0.05 6.704 1.0]
	ConcatTransform [0.443327 0.459715 0.769496 0.0 -0.706678 0.707366 -0.015461 0.0 -0.551423 -0.536932 0.638465 0.0 -0.12615 -0.504666 -0.329328 1.0]
307
	ConcatTransform [1.1 0.0 0.0 0.0 0.0 1.1 0.0 0.0 0.0 0.0 1.1 0.0 -9.609 0.05 6.704 1.0]
	ConcatTransform [0.432693 0.465641 0.771982 0.0 -0.712792 0.700989 -0.023303 0.0 -0.552001 -0.540179 0.635218 0.0 -0.121262 -0.50505 -0.328585 1.0]
308
	ConcatTransform [1.1 0.0 0.0 0.0 0.0 1.1 0.0 0.0 0.0 0.0 1.1 0.0 -9.609 0.05 6.704 1.0]
	ConcatTransform [0.41422 0.475154 0.776306 0.0 -0.724065 0.68883 -0.035268 0.0 -0.5515 -0.547487 0.629369 0.0 -0.112896 -0.505436 -0.326486 1.0]
309
	ConcatTransform [1.1 0.0 0.0 0.0 0.0 1.1 0.0 0.0 0.0 0.0 1.1 0.0 -9.609 0.05 6.704 1.0]
	ConcatTransform [0.402784 0.482615 0.77772 0.0 -0.732539 0.679414 -0.042226 0.0 -0.548773 -0.552702 0.627191 0.0 -0.106794 -0.505702 -0.324556 1.0]
310
	ConcatTransform [1.1 0.0 0.0 0.0 0.0 1.1 0.0 0.0 0.0 0.0 1.1 0.0 -9.609 0.05 6.704 1.0]
	ConcatTransform [0.38558 0.4973 0.777188 0.0 -0.7466 0.663087 -0.053885 0.0 -0.542141 -0.559471 0.626957 0.0 -0.0972 -0.506051 -0.320948 1.0]
311
	ConcatTransform [1.1 0.0 0.0 0.0 0.0 1.1 0.0 0.0 0.0 0.0 1.1 0.0 -9.609 0.05 6.704 1.0]
	ConcatTransform [0.373943 0.507293 0.776415 0.0 -0.755927 0.651737 -0.061756 0.0 -0.537347 -0.56382 0.627189 0.0 -0.090718 -0.506147 -0.318069 1.0]
312
	ConcatTransform [1.1 0.0 0.0 0.0 0.0 1.1 0.0 0.0 0.0 0.0 1.1 0.0 -9.609 0.05 6.704 1.0]
	ConcatTransform [0.357952 0.522491 0.773869 0.0 -0.767532 0.63663 -0.07481 0.0 -0.531756 -0.567191 0.628912 0.0 -0.081126 -0.506332 -0.313229 1.0]
313
	ConcatTransform [1.1 0.0 0.0 0.0 0.0 1.1 0.0 0.0 0.0 0.0 1.1 0.0 -9.609 0.05 6.704 1.0]
	ConcatTransform [0.348805 0.532257 0.771387 0.0 -0.773584 0.628151 -0.083626 0.0 -0.529058 -0.567564 0.630847 0.0 -0.07501 -0.506162 -0.309729 1.0]
314
	ConcatTransform [1.1 0.0 0.0 0.0 0.0 1.1 0.0 0.0 0.0 0.0 1.1 0.0 -9.609 0.05 6.704 1.0]
	ConcatTransform [0.339881 0.544078 0.767111 0.0 -0.777953 0.620984 -0.095752 0.0 -0.52846 -0.564232 0.634328 0.0 -0.066421 -0.505967 -0.304253 1.0]
315
	ConcatTransform [1.1 0.0 0.0 0.0 0.0 1.1 0.0 0.0 0.0 0.0 1.1 0.0 -9.609 0.05 6.704 1.0]
	ConcatTransform [0.334419 0.551711 0.764054 0.0 -0.780452 0.616569 -0.103618 0.0 -0.52826 -0.561656 0.636777 0.0 -0.061275 -0.505818 -0.300574 1.0]
316
	ConcatTransform [1.1 0.0 0.0 0.0 0.0 1.1 0.0 0.0 0.0 0.0 1.1 0.0 -9.609 0.05 6.704 1.0]
	ConcatTransform [0.32594 0.562194 0.760066 0.0 -0.784533 0.609452 -0.114357 0.0 -0.527514 -0.559023 0.639704 0.0 -0.054593 -0.505528 -0.295191 1.0]
317
	ConcatTransform [1.1 0.0 0.0 0.0 0.0 1.1 0.0 0.0 0.0 0.0 1.1 0.0 -9.609 0.05 6.704 1.0]
	ConcatTransform [0.321431 0.567282 0.758204 0.0 -0.786347 0.606008 -0.120048 0.0 -0.527579 -0.557625 0.640871 0.0 -0.050807 -0.505357 -0.291815 1.0]
318
	ConcatTransform [1.1 0.0 0.0 0.0 0.0 1.1 0.0 0.0 0.0 0.0 1.1 0.0 -9.609 0.05 6.704 1.0]
	ConcatTransform [0.318076 0.573664 0.75481 0.0 -0.787946 0.60271 -0.126027 0.0 -0.527228 -0.554663 0.643723 0.0 -0.046375 -0.505154 -0.287128 1.0]
319
	ConcatTransform [1.1 0.0 0.0 0.0 0.0 1.1 0.0 0.0 0.0 0.0 1.1 0.0 -9.609 0.05 6.704 1.0]
	ConcatTransform [0.319576 0.576978 0.751643 0.0 -0.789082 0.601223 -0.126019 0.0 -0.524616 -0.552835 0.647419 0.0 -0.044251 -0.505044 -0.28436 1.0]
320
	ConcatTransform [1.1 0.0 0.0 0.0 0.0 1.1 0.0 0.0 0.0 0.0 1.1 0.0 -9.609 0.05 6.704 1.0]
	ConcatTransform [0.32646 0.579331 0.746859 0.0 -0.790774 0.600242 -0.119946 0.0 -0.517784 -0.551439 0.654075 0.0 -0.042317 -0.504961 -0.280829 1.0]
321
	ConcatTransform [1.1 0.0 0.0 0.0 0.0 1.1 0.0 0.0 0.0 0.0 1.1 0.0 -9.609 0.05 6.704 1.0]
	ConcatTransform [0.335632 0.580297 0.742029 0.0 -0.790608 0.6018 -0.113027 0.0 -0.512142 -0.548718 0.660771 0.0 -0.041828 -0.50499 -0.278957 1.0]
322
	ConcatTransform [1.1 0.0 0.0 0.0 0.0 1.1 0.0 0.0 0.0 0.0 1.1 0.0 -9.609 0.05 6.704 1.0]
	ConcatTransform [0.355613 0.577271 0.73505 0.0 -0.786632 0.60957 -0.098157 0.0 -0.504727 -0.543308 0.670871 0.0 -0.04216 -0.505584 -0.276827 1.0]
323
	ConcatTransform [1.1 0.0 0.0 0.0 0.0 1.1 0.0 0.0 0.0 0.0 1.1 0.0 -9.609 0.05 6.704 1.0]
	ConcatTransform [0.370024 0.574536 0.730062 0.0 -0.783976 0.614744 -0.086435 0.0 -0.498461 -0.540368 0.677893 0.0 -0.04317 -0.505651 -0.275881 1.0]
324
	ConcatTransform [1.1 0.0 0.0 0.0 0.0 1.1 0.0 0.0 0.0 0.0 1.1 0.0 -9.609 0.05 6.704 1.0]
	ConcatTransform [0.391703 0.567511 0.724224 0.0 -0.77974 0.622599 -0.066148 0.0 -0.48844 -0.538796 0.686385 0.0 -0.045656 -0.505847 -0.275072 1.0]
325
	ConcatTransform [1.1 0.0 0.0 0.0 0.0 1.1 0.0 0.0 0.0 0.0 1.1 0.0 -9.609 0.05 6.704 1.0]
	ConcatTransform [0.407476 0.561493 0.720201 0.0 -0.774977 0.629802 -0.052547 0.0 -0.483089 -0.536727 0.691772 0.0 -0.04776 -0.50602 -0.274979 1.0]
326
	ConcatTransform [1.1 0.0 0.0 0.0 0.0 1.1 0.0 0.0 0.0 0.0 1.1 0.0 -9.609 0.05 6.704 1.0]
	ConcatTransform [0.430973 0.552029 0.713811 0.0 -0.765883 0.642073 -0.034139 0.0 -0.477165 -0.531983 0.699505 0.0 -0.051409 -0.506224 -0.275428 1.0]
327
	ConcatTransform [1.1 0.0 0.0 0.0 0.0 1.1 0.0 0.0 0.0 0.0 1.1 0.0 -9.609 0.05 6.704 1.0]
	ConcatTransform [0.444296 0.545853 0.710384 0.0 -0.761126 0.648229 -0.022062 0.0 -0.472534 -0.530889 0.703468 0.0 -0.054125 -0.506294 -0.276001 1.0]
328
	ConcatTransform [1.1 0.0 0.0 0.0 0.0 1.1 0.0 0.0 0.0 0.0 1.1 0.0 -9.609 0.05 6.704 1.0]
	ConcatTransform [0.462211 0.536577 0.706007 0.0 -0.754807 0.655932 -0.00436 0.0 -0.465432 -0.530884 0.708192 0.0 -0.058383 -0.506342 -0.277172 1.0]
329
	ConcatTransform [1.1 0.0 0.0 0.0 0.0 1.1 0.0 0.0 0.0 0.0 1.1 0.0 -9.609 0.05 6.704 1.0]
	ConcatTransform [0.473159 0.531303 0.702736 0.0 -0.750948 0.660331 0.006377 0.0 -0.46065 -0.530735 0.711422 0.0 -0.061228 -0.506337 -0.278133 1.0]
330
	ConcatTransform [1.1 0.0 0.0 0.0 0.0 1.1 0.0 0.0 0.0 0.0 1.1 0.0 -9.609 0.05 6.704 1.0]
	ConcatTransform [0.487555 0.525024 0.697596 0.0 -0.746548 0.664991 0.021282 0.0 -0.452722 -0.531165 0.716175 0.0 -0.06538 -0.506305 -0.279728 1.0]
331
	ConcatTransform [1.1 0.0 0.0 0.0 0.0 1.1 0.0 0.0 0.0 0.0 1.1 0.0 -9.609 0.05 6.704 1.0]
	ConcatTransform [0.49644 0.521126 0.694244 0.0 -0.744008 0.667451 0.031012 0.0 -0.447213 -0.531919 0.719071 0.0 -0.067988 -0.506277 -0.28083 1.0]
332
	ConcatTransform [1.1 0.0 0.0 0.0 0.0 1.1 0.0 0.0 0.0 0.0 1.1 0.0 -9.609 0.05 6.704 1.0]
	ConcatTransform [0.509449 0.515715 0.68884 0.0 -0.740069 0.671026 0.044958 0.0 -0.439044 -0.532693 0.723518 0.0 -0.071542 -0.506219 -0.282483 1.0]
333
	ConcatTransform [1.1 0.0 0.0 0.0 0.0 1.1 0.0 0.0 0.0 0.0 1.1 0.0 -9.609 0.05 6.704 1.0]
	ConcatTransform [0.516876 0.513387 0.685035 0.0 -0.73855 0.672066 0.053587 0.0 -0.432878 -0.53363 0.726537 0.0 -0.073665 -0.506193 -0.283542 1.0]
334
	ConcatTransform [1.1 0.0 0.0 0.0 0.0 1.1 0.0 0.0 0.0 0.0 1.1 0.0 -9.609 0.05 6.704 1.0]
	ConcatTransform [0.52534 0.51229 0.679394 0.0 -0.738936 0.67056 0.065752 0.0 -0.42189 -0.53657 0.730822 0.0 -0.076443 -0.506524 -0.285012 1.0]
335
	ConcatTransform [1.1 0.0 0.0 0.0 0.0 1.1 0.0 0.0 0.0 0.0 1.1 0.0 -9.609 0.05 6.704 1.0]
	ConcatTransform [0.531566 0.51139 0.675217 0.0 -0.738367 0.670375 0.073559 0.0 -0.415032 -0.53766 0.733942 0.0 -0.077934 -0.506401 -0.285898 1.0]
336
	ConcatTransform [1.1 0.0 0.0 0.0 0.0 1.1 0.0 0.0 0.0 0.0 1.1 0.0 -9.609 0.05 6.704 1.0]
	ConcatTransform [0.541056 0.510605 0.668237 0.0 -0.737096 0.670486 0.084486 0.0 -0.404905 -0.538267 0.739135 0.0 -0.079692 -0.506447 -0.287062 1.0]
337
	ConcatTransform [1.1 0.0 0.0 0.0 0.0 1.1 0.0 0.0 0.0 0.0 1.1 0.0 -9.609 0.05 6.704 1.0]
	ConcatTransform [0.546496 0.510943 0.663535 0.0 -0.737094 0.669569 0.09149 0.0 -0.397536 -0.539087 0.74253 0.0 -0.080589 -0.506363 -0.287695 1.0]
338
	ConcatTransform [1.1 0.0 0.0 0.0 0.0 1.1 0.0 0.0 0.0 0.0 1.1 0.0 -9.609 0.05 6.704 1.0]
	ConcatTransform [0.553412 0.512566 0.656514 0.0 -0.738266 0.666794 0.101732 0.0 -0.385616 -0.540982 0.747422 0.0 -0.081562 -0.506313 -0.288421 1.0]
339
	ConcatTransform [1.1 0.0 0.0 0.0 0.0 1.1 0.0 0.0 0.0 0.0 1.1 0.0 -9.609 0.05 6.704 1.0]
	ConcatTransform [0.5584 0.513672 0.651407 0.0 -0.738476 0.665538 0.108222 0.0 -0.377945 -0.54148 0.750971 0.0 -0.081947 -0.506298 -0.288772 1.0]
340
	ConcatTransform [1.1 0.0 0.0 0.0 0.0 1.1 0.0 0.0 0.0 0.0 1.1 0.0 -9.609 0.05 6.704 1.0]
	ConcatTransform [0.566236 0.515501 0.643145 0.0 -0.738174 0.66431 0.117436 0.0 -0.366709 -0.541249 0.756686 0.0 -0.08218 -0.506291 -0.289106 1.0]
341
	ConcatTransform [1.1 0.0 0.0 0.0 0.0 1.1 0.0 0.0 0.0 0.0 1.1 0.0 -9.609 0.05 6.704 1.0]
	ConcatTransform [0.570864 0.516897 0.637912 0.0 -0.738499 0.662787 0.123825 0.0 -0.358795 -0.541785 0.760089 0.0 -0.082157 -0.506626 -0.289192 1.0]
342
	ConcatTransform [1.1 0.0 0.0 0.0 0.0 1.1 0.0 0.0 0.0 0.0 1.1 0.0 -9.609 0.05 6.704 1.0]
	ConcatTransform [0.576852 0.520037 0.629924 0.0 -0.739822 0.659522 0.133019 0.0 -0.346273 -0.542764 0.765181 0.0 -0.081864 -0.506532 -0.289159 1.0]
343
	ConcatTransform [1.1 0.0 0.0 0.0 0.0 1.1 0.0 0.0 0.0 0.0 1.1 0.0 -9.609 0.05 6.704 1.0]
	ConcatTransform [0.581553 0.521709 0.624192 0.0 -0.739768 0.658354 0.138971 0.0 -0.338437 -0.542577 0.768811 0.0 -0.081529 -0.506459 -0.289043 1.0]
344
	ConcatTransform [1.1 0.0 0.0 0.0 0.0 1.1 0.0 0.0 0.0 0.0 1.1 0.0 -9.609 0.05 6.704 1.0]
	ConcatTransform [0.58877 0.524239 0.615242 0.0 -0.739281 0.657013 0.147641 0.0 -0.326823 -0.541763 0.774389 0.0 -0.080893 -0.506399 -0.288745 1.0]
345
	ConcatTransform [1.1 0.0 0.0 0.0 0.0 1.1 0.0 0.0 0.0 0.0 1.1 0.0 -9.609 0.05 6.704 1.0]
	ConcatTransform [0.593442 0.525846 0.609354 0.0 -0.738969 0.656004 0.153569 0.0 -0.318985 -0.541428 0.777884 0.0 -0.080415 -0.506377 -0.288471 1.0]
346
	ConcatTransform [1.1 0.0 0.0 0.0 0.0 1.1 0.0 0.0 0.0 0.0 1.1 0.0 -9.609 0.05 6.704 1.0]
	ConcatTransform [0.600514 0.527987 0.600511 0.0 -0.738215 0.654673 0.162611 0.0 -0.307282 -0.540956 0.782908 0.0 -0.079647 -0.506358 -0.287978 1.0]
347
	ConcatTransform [1.1 0.0 0.0 0.0 0.0 1.1 0.0 0.0 0.0 0.0 1.1 0.0 -9.609 0.05 6.704 1.0]
	ConcatTransform [0.605335 0.529307 0.594478 0.0 -0.737448 0.654025 0.168589 0.0 -0.299568 -0.540449 0.78624 0.0 -0.079119 -0.506349 -0.287619 1.0]
348
	ConcatTransform [1.1 0.0 0.0 0.0 0.0 1.1 0.0 0.0 0.0 0.0 1.1 0.0 -9.609 0.05 6.704 1.0]
	ConcatTransform [0.612562 0.531102 0.585405 0.0 -0.736084 0.65316 0.177659 0.0 -0.288008 -0.539734 0.791036 0.0 -0.078339 -0.506341 -0.287055 1.0]
349
	ConcatTransform [1.1 0.0 0.0 0.0 0.0 1.1 0.0 0.0 0.0 0.0 1.1 0.0 -9.609 0.05 6.704 1.0]
	ConcatTransform [0.617472 0.532032 0.579371 0.0 -0.734928 0.652749 0.183844 0.0 -0.280373 -0.539315 0.79406 0.0 -0.077841 -0.506337 -0.286675 1.0]
350
	ConcatTransform [1.1 0.0 0.0 0.0 0.0 1.1 0.0 0.0 0.0 0.0 1.1 0.0 -9.609 0.05 6.704 1.0]
	ConcatTransform [0.624698 0.53339 0.570305 0.0 -0.733128 0.652077 0.193181 0.0 -0.268842 -0.538787 0.798394 0.0 -0.077143 -0.506703 -0.286128 1.0]
351
	ConcatTransform [1.1 0.0 0.0 0.0 0.0 1.1 0.0 0.0 0.0 0.0 1.1 0.0 -9.609 0.05 6.704 1.0]
	ConcatTransform [0.62971 0.533871 0.564311 0.0 -0.731566 0.651892 0.199621 0.0 -0.261298 -0.538534 0.801065 0.0 -0.076712 -0.506567 -0.285789 1.0]
352
	ConcatTransform [1.1 0.0 0.0 0.0 0.0 1.1 0.0 0.0 0.0 0.0 1.1 0.0 -9.609 0.05 6.704 1.0]
	ConcatTransform [0.637189 0.534389 0.555354 0.0 -0.729042 0.651641 0.20943 0.0 -0.249974 -0.538323 0.804811 0.0 -0.076156 -0.506448 -0.285321 1.0]
353
	ConcatTransform [1.1 0.0 0.0 0.0 0.0 1.1 0.0 0.0 0.0 0.0 1.1 0.0 -9.609 0.05 6.704 1.0]
	ConcatTransform [0.642268 0.534587 0.54928 0.0 -0.727105 0.651678 0.21595 0.0 -0.24251 -0.538081 0.807253 0.0 -0.075845 -0.506403 -0.285047 1.0]
354
	ConcatTransform [1.1 0.0 0.0 0.0 0.0 1.1 0.0 0.0 0.0 0.0 1.1 0.0 -9.609 0.05 6.704 1.0]
	ConcatTransform [0.649988 0.534728 0.539983 0.0 -0.723851 0.652015 0.225645 0.0 -0.231419 -0.537534 0.810865 0.0 -0.075471 -0.506365 -0.284703 1.0]
355
	ConcatTransform [1.1 0.0 0.0 0.0 0.0 1.1 0.0 0.0 0.0 0.0 1.1 0.0 -9.609 0.05 6.704 1.0]
	ConcatTransform [0.655075 0.534629 0.5339 0.0 -0.721596 0.652175 0.232306 0.0 -0.223998 -0.537438 0.81301 0.0 -0.075288 -0.506351 -0.284509 1.0]
356
	ConcatTransform [1.1 0.0 0.0 0.0 0.0 1.1 0.0 0.0 0.0 0.0 1.1 0.0 -9.609 0.05 6.704 1.0]
	ConcatTransform [0.662646 0.534187 0.524923 0.0 -0.718048 0.652354 0.242573 0.0 -0.212856 -0.53766 0.815851 0.0 -0.075104 -0.506339 -0.284276 1.0]
357
	ConcatTransform [1.1 0.0 0.0 0.0 0.0 1.1 0.0 0.0 0.0 0.0 1.1 0.0 -9.609 0.05 6.704 1.0]
	ConcatTransform [0.667704 0.533881 0.51879 0.0 -0.715511 0.652603 0.249305 0.0 -0.205465 -0.537661 0.817743 0.0 -0.075036 -0.506336 -0.284167 1.0]
358
	ConcatTransform [1.1 0.0 0.0 0.0 0.0 1.1 0.0 0.0 0.0 0.0 1.1 0.0 -9.609 0.05 6.704 1.0]
	ConcatTransform [0.675249 0.533412 0.509421 0.0 -0.711512 0.653088 0.259281 0.0 -0.194393 -0.537538 0.820527 0.0 -0.07501 -0.506333 -0.284068 1.0]
359
	ConcatTransform [1.1 0.0 0.0 0.0 0.0 1.1 0.0 0.0 0.0 0.0 1.1 0.0 -9.609 0.05 6.704 1.0]
	ConcatTransform [0.680202 0.53299 0.503236 0.0 -0.708775 0.653343 0.266048 0.0 -0.186986 -0.537647 0.822175 0.0 -0.075039 -0.506332 -0.284034 1.0]
360
	ConcatTransform [1.1 0.0 0.0 0.0 0.0 1.1 0.0 0.0 0.0 0.0 1.1 0.0 -9.609 0.05 6.704 1.0]
	ConcatTransform [-0.127269 0.52873 0.839194 0.0 -0.568616 0.654348 -0.498502 0.0 -0.812699 -0.540623 0.217366 0.0 -0.433841 -0.506385 0.019744 1.0]
