228
	ConcatTransform [1.1 0.0 0.0 0.0 0.0 1.1 0.0 0.0 0.0 0.0 1.1 0.0 -9.609 0.05 6.704 1.0]
	ConcatTransform [0.981687 0.11118 -0.154693 0.0 -0.099442 0.991685 0.081677 0.0 0.162488 -0.064798 0.984581 0.0 -0.003547 -0.000759 -0.003846 1.0]
229
	ConcatTransform [1.1 0.0 0.0 0.0 0.0 1.1 0.0 0.0 0.0 0.0 1.1 0.0 -9.609 0.05 6.704 1.0]
	ConcatTransform [0.932684 0.225878 -0.281212 0.0 -0.169861 0.962832 0.210003 0.0 0.318195 -0.148099 0.936386 0.0 -0.008871 -0.008512 -0.010425 1.0]
230
	ConcatTransform [1.1 0.0 0.0 0.0 0.0 1.1 0.0 0.0 0.0 0.0 1.1 0.0 -9.609 0.05 6.704 1.0]
	ConcatTransform [0.920608 0.222195 -0.321107 0.0 -0.097221 0.926853 0.362618 0.0 0.378191 -0.30261 0.87487 0.0 -0.015386 -0.032392 -0.023884 1.0]
231
	ConcatTransform [1.1 0.0 0.0 0.0 0.0 1.1 0.0 0.0 0.0 0.0 1.1 0.0 -9.609 0.05 6.704 1.0]
	ConcatTransform [0.878101 0.296952 -0.375177 0.0 -0.122259 0.89733 0.424088 0.0 0.462591 -0.326523 0.824252 0.0 -0.023102 -0.059867 -0.034676 1.0]
232
	ConcatTransform [1.1 0.0 0.0 0.0 0.0 1.1 0.0 0.0 0.0 0.0 1.1 0.0 -9.609 0.05 6.704 1.0]
	ConcatTransform [0.817944 0.376708 -0.434808 0.0 -0.091091 0.831067 0.548662 0.0 0.56804 -0.409168 0.714081 0.0 -0.036578 -0.115503 -0.051671 1.0]
233
	ConcatTransform [1.1 0.0 0.0 0.0 0.0 1.1 0.0 0.0 0.0 0.0 1.1 0.0 -9.609 0.05 6.704 1.0]
	ConcatTransform [0.78419 0.405926 -0.46933 0.0 -0.04818 0.793896 0.606141 0.0 0.618648 -0.452717 0.642123 0.0 -0.046563 -0.164425 -0.064198 1.0]
234
	ConcatTransform [1.1 0.0 0.0 0.0 0.0 1.1 0.0 0.0 0.0 0.0 1.1 0.0 -9.609 0.05 6.704 1.0]
	ConcatTransform [0.795596 0.307949 -0.521723 0.0 0.110129 0.77331 0.62439 0.0 0.595734 -0.554219 0.581328 0.0 -0.067995 -0.246072 -0.087025 1.0]
235
	ConcatTransform [1.1 0.0 0.0 0.0 0.0 1.1 0.0 0.0 0.0 0.0 1.1 0.0 -9.609 0.05 6.704 1.0]
	ConcatTransform [0.801507 0.190398 -0.566865 0.0 0.235253 0.771119 0.591634 0.0 0.549767 -0.607555 0.573265 0.0 -0.088991 -0.303991 -0.105318 1.0]
236
	ConcatTransform [1.1 0.0 0.0 0.0 0.0 1.1 0.0 0.0 0.0 0.0 1.1 0.0 -9.609 0.05 6.704 1.0]
	ConcatTransform [0.800209 -0.011574 -0.59961 0.0 0.396106 0.7609 0.513936 0.0 0.450295 -0.648766 0.613463 0.0 -0.137223 -0.375577 -0.135334 1.0]
237
	ConcatTransform [1.1 0.0 0.0 0.0 0.0 1.1 0.0 0.0 0.0 0.0 1.1 0.0 -9.609 0.05 6.704 1.0]
	ConcatTransform [0.779963 -0.067557 -0.622169 0.0 0.446709 0.756365 0.477874 0.0 0.438303 -0.650652 0.620114 0.0 -0.179203 -0.396143 -0.160372 1.0]
238
	ConcatTransform [1.1 0.0 0.0 0.0 0.0 1.1 0.0 0.0 0.0 0.0 1.1 0.0 -9.609 0.05 6.704 1.0]
	ConcatTransform [0.772994 -0.174747 -0.609872 0.0 0.524653 0.716552 0.459666 0.0 0.35668 -0.67529 0.645572 0.0 -0.241459 -0.42102 -0.201364 1.0]
239
	ConcatTransform [1.1 0.0 0.0 0.0 0.0 1.1 0.0 0.0 0.0 0.0 1.1 0.0 -9.609 0.05 6.704 1.0]
	ConcatTransform [0.776106 -0.177818 -0.605012 0.0 0.542231 0.677989 0.496304 0.0 0.32194 -0.713241 0.622609 0.0 -0.279082 -0.419832 -0.234433 1.0]
240
	ConcatTransform [1.1 0.0 0.0 0.0 0.0 1.1 0.0 0.0 0.0 0.0 1.1 0.0 -9.609 0.05 6.704 1.0]
	ConcatTransform [0.795911 -0.180598 -0.57785 0.0 0.552778 0.606044 0.571968 0.0 0.246906 -0.774658 0.582188 0.0 -0.331311 -0.416704 -0.287042 1.0]
241
	ConcatTransform [1.1 0.0 0.0 0.0 0.0 1.1 0.0 0.0 0.0 0.0 1.1 0.0 -9.609 0.05 6.704 1.0]
	ConcatTransform [0.823875 -0.167546 -0.541441 0.0 0.533435 0.552027 0.640869 0.0 0.191515 -0.816819 0.544176 0.0 -0.365303 -0.415007 -0.322831 1.0]
242
	ConcatTransform [1.1 0.0 0.0 0.0 0.0 1.1 0.0 0.0 0.0 0.0 1.1 0.0 -9.609 0.05 6.704 1.0]
	ConcatTransform [0.854667 -0.191595 -0.48253 0.0 0.512379 0.46118 0.724418 0.0 0.083738 -0.866374 0.492324 0.0 -0.413271 -0.411879 -0.377568 1.0]
243
	ConcatTransform [1.1 0.0 0.0 0.0 0.0 1.1 0.0 0.0 0.0 0.0 1.1 0.0 -9.609 0.05 6.704 1.0]
	ConcatTransform [0.863012 -0.206295 -0.461143 0.0 0.504634 0.394588 0.767883 0.0 0.023551 -0.895401 0.444637 0.0 -0.443585 -0.406759 -0.412997 1.0]
244
	ConcatTransform [1.1 0.0 0.0 0.0 0.0 1.1 0.0 0.0 0.0 0.0 1.1 0.0 -9.609 0.05 6.704 1.0]
	ConcatTransform [0.865708 -0.237871 -0.440417 0.0 0.494639 0.271725 0.825529 0.0 -0.076697 -0.932514 0.352895 0.0 -0.485871 -0.387905 -0.459263 1.0]
245
	ConcatTransform [1.1 0.0 0.0 0.0 0.0 1.1 0.0 0.0 0.0 0.0 1.1 0.0 -9.609 0.05 6.704 1.0]
	ConcatTransform [0.878927 -0.244717 -0.409391 0.0 0.459508 0.204428 0.864327 0.0 -0.127824 -0.947799 0.292126 0.0 -0.510931 -0.369956 -0.483517 1.0]
246
	ConcatTransform [1.1 0.0 0.0 0.0 0.0 1.1 0.0 0.0 0.0 0.0 1.1 0.0 -9.609 0.05 6.704 1.0]
	ConcatTransform [0.904949 -0.212936 -0.368409 0.0 0.399029 0.123953 0.908522 0.0 -0.147792 -0.969172 0.197139 0.0 -0.544005 -0.346299 -0.511964 1.0]
247
	ConcatTransform [1.1 0.0 0.0 0.0 0.0 1.1 0.0 0.0 0.0 0.0 1.1 0.0 -9.609 0.05 6.704 1.0]
	ConcatTransform [0.901713 -0.187785 -0.389424 0.0 0.407474 0.068087 0.910675 0.0 -0.144496 -0.979847 0.137912 0.0 -0.560995 -0.333433 -0.525455 1.0]
248
	ConcatTransform [1.1 0.0 0.0 0.0 0.0 1.1 0.0 0.0 0.0 0.0 1.1 0.0 -9.609 0.05 6.704 1.0]
	ConcatTransform [0.889477 -0.17783 -0.420959 0.0 0.431682 0.024729 0.901687 0.0 -0.149937 -0.98375 0.098762 0.0 -0.581183 -0.32137 -0.538984 1.0]
249
	ConcatTransform [1.1 0.0 0.0 0.0 0.0 1.1 0.0 0.0 0.0 0.0 1.1 0.0 -9.609 0.05 6.704 1.0]
	ConcatTransform [0.875263 -0.182081 -0.448064 0.0 0.45967 0.0251 0.887735 0.0 -0.150393 -0.982963 0.105666 0.0 -0.591937 -0.320232 -0.544971 1.0]
250
	ConcatTransform [1.1 0.0 0.0 0.0 0.0 1.1 0.0 0.0 0.0 0.0 1.1 0.0 -9.609 0.05 6.704 1.0]
	ConcatTransform [0.869961 -0.159126 -0.466741 0.0 0.48203 0.074796 0.872956 0.0 -0.104 -0.984421 0.141774 0.0 -0.603241 -0.324147 -0.545548 1.0]
251
	ConcatTransform [1.1 0.0 0.0 0.0 0.0 1.1 0.0 0.0 0.0 0.0 1.1 0.0 -9.609 0.05 6.704 1.0]
	ConcatTransform [0.866263 -0.143267 -0.478604 0.0 0.495101 0.118085 0.860774 0.0 -0.066805 -0.982614 0.173224 0.0 -0.608523 -0.334033 -0.542707 1.0]
252
	ConcatTransform [1.1 0.0 0.0 0.0 0.0 1.1 0.0 0.0 0.0 0.0 1.1 0.0 -9.609 0.05 6.704 1.0]
	ConcatTransform [0.867553 -0.102386 -0.486691 0.0 0.497096 0.209402 0.842049 0.0 0.0157 -0.972455 0.232563 0.0 -0.613208 -0.356649 -0.532318 1.0]
253
	ConcatTransform [1.1 0.0 0.0 0.0 0.0 1.1 0.0 0.0 0.0 0.0 1.1 0.0 -9.609 0.05 6.704 1.0]
	ConcatTransform [0.863891 -0.084425 -0.496552 0.0 0.497973 0.29113 0.816864 0.0 0.075598 -0.952951 0.293546 0.0 -0.613332 -0.374599 -0.521132 1.0]
254
	ConcatTransform [1.1 0.0 0.0 0.0 0.0 1.1 0.0 0.0 0.0 0.0 1.1 0.0 -9.609 0.05 6.704 1.0]
	ConcatTransform [0.85221 -0.075863 -0.517671 0.0 0.498904 0.415847 0.760372 0.0 0.157588 -0.906265 0.392238 0.0 -0.609532 -0.404624 -0.498826 1.0]
255
	ConcatTransform [1.1 0.0 0.0 0.0 0.0 1.1 0.0 0.0 0.0 0.0 1.1 0.0 -9.609 0.05 6.704 1.0]
	ConcatTransform [0.840895 -0.094456 -0.532892 0.0 0.495472 0.530487 0.687817 0.0 0.217723 -0.842414 0.492884 0.0 -0.604384 -0.421006 -0.480599 1.0]
256
	ConcatTransform [1.1 0.0 0.0 0.0 0.0 1.1 0.0 0.0 0.0 0.0 1.1 0.0 -9.609 0.05 6.704 1.0]
	ConcatTransform [0.840192 -0.046155 -0.540321 0.0 0.438325 0.644453 0.62654 0.0 0.319293 -0.76325 0.561695 0.0 -0.592535 -0.423914 -0.446216 1.0]
257
	ConcatTransform [1.1 0.0 0.0 0.0 0.0 1.1 0.0 0.0 0.0 0.0 1.1 0.0 -9.609 0.05 6.704 1.0]
	ConcatTransform [0.837672 -0.014192 -0.545989 0.0 0.401997 0.692746 0.59875 0.0 0.369734 -0.721042 0.585999 0.0 -0.583189 -0.422117 -0.422446 1.0]
258
	ConcatTransform [1.1 0.0 0.0 0.0 0.0 1.1 0.0 0.0 0.0 0.0 1.1 0.0 -9.609 0.05 6.704 1.0]
	ConcatTransform [0.831159 0.027519 -0.555354 0.0 0.368922 0.71998 0.587815 0.0 0.41602 -0.693449 0.588265 0.0 -0.568634 -0.424133 -0.386425 1.0]
259
	ConcatTransform [1.1 0.0 0.0 0.0 0.0 1.1 0.0 0.0 0.0 0.0 1.1 0.0 -9.609 0.05 6.704 1.0]
	ConcatTransform [0.823334 0.074354 -0.562666 0.0 0.331947 0.741051 0.583656 0.0 0.460361 -0.667319 0.585451 0.0 -0.560043 -0.429212 -0.362754 1.0]
260
	ConcatTransform [1.1 0.0 0.0 0.0 0.0 1.1 0.0 0.0 0.0 0.0 1.1 0.0 -9.609 0.05 6.704 1.0]
	ConcatTransform [0.820877 0.096 -0.562979 0.0 0.291552 0.777198 0.557639 0.0 0.491079 -0.62189 0.609995 0.0 -0.546803 -0.454094 -0.328116 1.0]
261
	ConcatTransform [1.1 0.0 0.0 0.0 0.0 1.1 0.0 0.0 0.0 0.0 1.1 0.0 -9.609 0.05 6.704 1.0]
	ConcatTransform [0.836825 0.05125 -0.545067 0.0 0.306241 0.781456 0.543639 0.0 0.453807 -0.621852 0.638247 0.0 -0.544974 -0.468711 -0.306526 1.0]
262
	ConcatTransform [1.1 0.0 0.0 0.0 0.0 1.1 0.0 0.0 0.0 0.0 1.1 0.0 -9.609 0.05 6.704 1.0]
	ConcatTransform [0.869916 -0.009092 -0.493116 0.0 0.317457 0.775497 0.545734 0.0 0.377448 -0.631286 0.677504 0.0 -0.559468 -0.48149 -0.277321 1.0]
263
	ConcatTransform [1.1 0.0 0.0 0.0 0.0 1.1 0.0 0.0 0.0 0.0 1.1 0.0 -9.609 0.05 6.704 1.0]
	ConcatTransform [0.890817 -0.063446 -0.449911 0.0 0.330975 0.769011 0.54688 0.0 0.311289 -0.636079 0.706047 0.0 -0.574662 -0.492012 -0.259951 1.0]
264
	ConcatTransform [1.1 0.0 0.0 0.0 0.0 1.1 0.0 0.0 0.0 0.0 1.1 0.0 -9.609 0.05 6.704 1.0]
	ConcatTransform [0.909926 -0.130561 -0.393687 0.0 0.347955 0.756888 0.553216 0.0 0.225748 -0.640371 0.734141 0.0 -0.60542 -0.501092 -0.239343 1.0]
265
	ConcatTransform [1.1 0.0 0.0 0.0 0.0 1.1 0.0 0.0 0.0 0.0 1.1 0.0 -9.609 0.05 6.704 1.0]
	ConcatTransform [0.909546 -0.168667 -0.379839 0.0 0.36964 0.746086 0.553825 0.0 0.18998 -0.644133 0.740946 0.0 -0.626128 -0.498324 -0.229585 1.0]
266
	ConcatTransform [1.1 0.0 0.0 0.0 0.0 1.1 0.0 0.0 0.0 0.0 1.1 0.0 -9.609 0.05 6.704 1.0]
	ConcatTransform [0.898387 -0.225997 -0.376597 0.0 0.414687 0.718945 0.557811 0.0 0.144689 -0.657301 0.739608 0.0 -0.655127 -0.494035 -0.218303 1.0]
267
	ConcatTransform [1.1 0.0 0.0 0.0 0.0 1.1 0.0 0.0 0.0 0.0 1.1 0.0 -9.609 0.05 6.704 1.0]
	ConcatTransform [0.890113 -0.256532 -0.376684 0.0 0.438944 0.704897 0.557179 0.0 0.122589 -0.661295 0.740041 0.0 -0.67299 -0.490774 -0.213283 1.0]
268
	ConcatTransform [1.1 0.0 0.0 0.0 0.0 1.1 0.0 0.0 0.0 0.0 1.1 0.0 -9.609 0.05 6.704 1.0]
	ConcatTransform [0.88067 -0.29473 -0.370883 0.0 0.465384 0.684562 0.561064 0.0 0.08853 -0.666716 0.740036 0.0 -0.697038 -0.485998 -0.209138 1.0]
269
	ConcatTransform [1.1 0.0 0.0 0.0 0.0 1.1 0.0 0.0 0.0 0.0 1.1 0.0 -9.609 0.05 6.704 1.0]
	ConcatTransform [0.875248 -0.316862 -0.365431 0.0 0.479353 0.669036 0.567988 0.0 0.064513 -0.672301 0.737461 0.0 -0.710746 -0.482984 -0.208539 1.0]
270
	ConcatTransform [1.1 0.0 0.0 0.0 0.0 1.1 0.0 0.0 0.0 0.0 1.1 0.0 -9.609 0.05 6.704 1.0]
	ConcatTransform [0.867597 -0.343481 -0.359577 0.0 0.496259 0.644097 0.582122 0.0 0.031655 -0.683491 0.729272 0.0 -0.727403 -0.479078 -0.210671 1.0]
271
	ConcatTransform [1.1 0.0 0.0 0.0 0.0 1.1 0.0 0.0 0.0 0.0 1.1 0.0 -9.609 0.05 6.704 1.0]
	ConcatTransform [0.863474 -0.354354 -0.35895 0.0 0.504133 0.629157 0.591618 0.0 0.016194 -0.691805 0.721902 0.0 -0.735919 -0.477299 -0.213927 1.0]
272
	ConcatTransform [1.1 0.0 0.0 0.0 0.0 1.1 0.0 0.0 0.0 0.0 1.1 0.0 -9.609 0.05 6.704 1.0]
	ConcatTransform [0.859342 -0.361639 -0.36159 0.0 0.5114 0.608888 0.606404 0.0 0.000868 -0.706026 0.708186 0.0 -0.744419 -0.475897 -0.221241 1.0]
273
	ConcatTransform [1.1 0.0 0.0 0.0 0.0 1.1 0.0 0.0 0.0 0.0 1.1 0.0 -9.609 0.05 6.704 1.0]
	ConcatTransform [0.85791 -0.360759 -0.365846 0.0 0.513776 0.595502 0.617585 0.0 -0.004938 -0.717795 0.696237 0.0 -0.746994 -0.475833 -0.227493 1.0]
274
	ConcatTransform [1.1 0.0 0.0 0.0 0.0 1.1 0.0 0.0 0.0 0.0 1.1 0.0 -9.609 0.05 6.704 1.0]
	ConcatTransform [0.858967 -0.350151 -0.373592 0.0 0.512001 0.579373 0.634178 0.0 -0.005609 -0.736017 0.67694 0.0 -0.746471 -0.477124 -0.238556 1.0]
275
	ConcatTransform [1.1 0.0 0.0 0.0 0.0 1.1 0.0 0.0 0.0 0.0 1.1 0.0 -9.609 0.05 6.704 1.0]
	ConcatTransform [0.862993 -0.336873 -0.37651 0.0 0.505214 0.573145 0.645185 0.0 -0.00155 -0.747008 0.664813 0.0 -0.743176 -0.479015 -0.246784 1.0]
276
	ConcatTransform [1.1 0.0 0.0 0.0 0.0 1.1 0.0 0.0 0.0 0.0 1.1 0.0 -9.609 0.05 6.704 1.0]
	ConcatTransform [0.874 -0.313136 -0.371578 0.0 0.485901 0.5709 0.661795 0.0 0.004902 -0.758959 0.65112 0.0 -0.733449 -0.482697 -0.260113 1.0]
277
	ConcatTransform [1.1 0.0 0.0 0.0 0.0 1.1 0.0 0.0 0.0 0.0 1.1 0.0 -9.609 0.05 6.704 1.0]
	ConcatTransform [0.875321 -0.285596 -0.390191 0.0 0.482678 0.564308 0.66976 0.0 0.028907 -0.774591 0.631801 0.0 -0.725467 -0.485632 -0.269546 1.0]
278
	ConcatTransform [1.1 0.0 0.0 0.0 0.0 1.1 0.0 0.0 0.0 0.0 1.1 0.0 -9.609 0.05 6.704 1.0]
	ConcatTransform [0.871993 -0.247765 -0.422186 0.0 0.484954 0.554745 0.676076 0.0 0.066697 -0.794274 0.603888 0.0 -0.710386 -0.489136 -0.284658 1.0]
279
	ConcatTransform [1.1 0.0 0.0 0.0 0.0 1.1 0.0 0.0 0.0 0.0 1.1 0.0 -9.609 0.05 6.704 1.0]
	ConcatTransform [0.87246 -0.222714 -0.434985 0.0 0.480474 0.553423 0.680344 0.0 0.089208 -0.802572 0.589847 0.0 -0.699047 -0.491617 -0.29495 1.0]
280
	ConcatTransform [1.1 0.0 0.0 0.0 0.0 1.1 0.0 0.0 0.0 0.0 1.1 0.0 -9.609 0.05 6.704 1.0]
	ConcatTransform [0.87482 -0.180436 -0.449592 0.0 0.467287 0.559117 0.684859 0.0 0.127801 -0.809216 0.573442 0.0 -0.680321 -0.495703 -0.309943 1.0]
281
	ConcatTransform [1.1 0.0 0.0 0.0 0.0 1.1 0.0 0.0 0.0 0.0 1.1 0.0 -9.609 0.05 6.704 1.0]
	ConcatTransform [0.878506 -0.153261 -0.452481 0.0 0.453929 0.563033 0.69061 0.0 0.148918 -0.812099 0.564198 0.0 -0.666541 -0.497763 -0.319267 1.0]
282
	ConcatTransform [1.1 0.0 0.0 0.0 0.0 1.1 0.0 0.0 0.0 0.0 1.1 0.0 -9.609 0.05 6.704 1.0]
	ConcatTransform [0.88673 -0.111778 -0.44857 0.0 0.427503 0.567538 0.703663 0.0 0.175926 -0.815725 0.551039 0.0 -0.643908 -0.500312 -0.331971 1.0]
283
	ConcatTransform [1.1 0.0 0.0 0.0 0.0 1.1 0.0 0.0 0.0 0.0 1.1 0.0 -9.609 0.05 6.704 1.0]
	ConcatTransform [0.891655 -0.07988 -0.445612 0.0 0.405177 0.579893 0.706793 0.0 0.201949 -0.810767 0.54943 0.0 -0.629335 -0.498479 -0.338402 1.0]
284
	ConcatTransform [1.1 0.0 0.0 0.0 0.0 1.1 0.0 0.0 0.0 0.0 1.1 0.0 -9.609 0.05 6.704 1.0]
	ConcatTransform [0.894289 -0.039255 -0.445764 0.0 0.37877 0.596844 0.707326 0.0 0.238286 -0.801396 0.54862 0.0 -0.609269 -0.495584 -0.344571 1.0]
285
	ConcatTransform [1.1 0.0 0.0 0.0 0.0 1.1 0.0 0.0 0.0 0.0 1.1 0.0 -9.609 0.05 6.704 1.0]
	ConcatTransform [0.892601 -0.019959 -0.450406 0.0 0.368005 0.609387 0.702296 0.0 0.260455 -0.792622 0.551284 0.0 -0.597435 -0.493864 -0.346438 1.0]
286
	ConcatTransform [1.1 0.0 0.0 0.0 0.0 1.1 0.0 0.0 0.0 0.0 1.1 0.0 -9.609 0.05 6.704 1.0]
	ConcatTransform [0.885142 -0.004698 -0.465298 0.0 0.364123 0.629588 0.686319 0.0 0.289722 -0.776915 0.558985 0.0 -0.582493 -0.492835 -0.346268 1.0]
287
	ConcatTransform [1.1 0.0 0.0 0.0 0.0 1.1 0.0 0.0 0.0 0.0 1.1 0.0 -9.609 0.05 6.704 1.0]
	ConcatTransform [0.877281 0.002955 -0.479968 0.0 0.365002 0.645268 0.671121 0.0 0.311691 -0.763951 0.565002 0.0 -0.575081 -0.49208 -0.343965 1.0]
288
	ConcatTransform [1.1 0.0 0.0 0.0 0.0 1.1 0.0 0.0 0.0 0.0 1.1 0.0 -9.609 0.05 6.704 1.0]
	ConcatTransform [0.858805 0.001561 -0.512299 0.0 0.383174 0.6618 0.644359 0.0 0.340045 -0.749679 0.56776 0.0 -0.567462 -0.492416 -0.33798 1.0]
289
	ConcatTransform [1.1 0.0 0.0 0.0 0.0 1.1 0.0 0.0 0.0 0.0 1.1 0.0 -9.609 0.05 6.704 1.0]
	ConcatTransform [0.843343 -0.006467 -0.537337 0.0 0.400747 0.673748 0.620858 0.0 0.358015 -0.738932 0.570793 0.0 -0.565077 -0.493262 -0.332577 1.0]
290
	ConcatTransform [1.1 0.0 0.0 0.0 0.0 1.1 0.0 0.0 0.0 0.0 1.1 0.0 -9.609 0.05 6.704 1.0]
	ConcatTransform [0.815171 -0.033926 -0.578226 0.0 0.436828 0.691566 0.575255 0.0 0.380365 -0.721516 0.578565 0.0 -0.565243 -0.496095 -0.322799 1.0]
291
	ConcatTransform [1.1 0.0 0.0 0.0 0.0 1.1 0.0 0.0 0.0 0.0 1.1 0.0 -9.609 0.05 6.704 1.0]
	ConcatTransform [0.792124 -0.060051 -0.607398 0.0 0.467623 0.69926 0.540707 0.0 0.392259 -0.712341 0.581982 0.0 -0.567803 -0.498562 -0.315144 1.0]
292
	ConcatTransform [1.1 0.0 0.0 0.0 0.0 1.1 0.0 0.0 0.0 0.0 1.1 0.0 -9.609 0.05 6.704 1.0]
	ConcatTransform [0.749779 -0.106972 -0.652984 0.0 0.523372 0.699688 0.486331 0.0 0.404862 -0.706394 0.580598 0.0 -0.574885 -0.502554 -0.302073 1.0]
293
	ConcatTransform [1.1 0.0 0.0 0.0 0.0 1.1 0.0 0.0 0.0 0.0 1.1 0.0 -9.609 0.05 6.704 1.0]
	ConcatTransform [0.721058 -0.121283 -0.682177 0.0 0.548903 0.700816 0.455591 0.0 0.422825 -0.702956 0.571901 0.0 -0.581041 -0.50258 -0.293225 1.0]
294
	ConcatTransform [1.1 0.0 0.0 0.0 0.0 1.1 0.0 0.0 0.0 0.0 1.1 0.0 -9.609 0.05 6.704 1.0]
	ConcatTransform [0.681009 -0.142618 -0.718253 0.0 0.589634 0.688435 0.422362 0.0 0.434234 -0.711138 0.552922 0.0 -0.588978 -0.501689 -0.281904 1.0]
295
	ConcatTransform [1.1 0.0 0.0 0.0 0.0 1.1 0.0 0.0 0.0 0.0 1.1 0.0 -9.609 0.05 6.704 1.0]
	ConcatTransform [0.653904 -0.151003 -0.741355 0.0 0.612475 0.680914 0.401535 0.0 0.444166 -0.716627 0.537738 0.0 -0.593719 -0.501293 -0.275785 1.0]
296
	ConcatTransform [1.1 0.0 0.0 0.0 0.0 1.1 0.0 0.0 0.0 0.0 1.1 0.0 -9.609 0.05 6.704 1.0]
	ConcatTransform [0.612411 -0.153564 -0.775481 0.0 0.640226 0.671793 0.372565 0.0 0.46375 -0.724646 0.509729 0.0 -0.599882 -0.501317 -0.268716 1.0]
297
	ConcatTransform [1.1 0.0 0.0 0.0 0.0 1.1 0.0 0.0 0.0 0.0 1.1 0.0 -9.609 0.05 6.704 1.0]
	ConcatTransform [0.584064 -0.157485 -0.796284 0.0 0.659452 0.664048 0.352368 0.0 0.473278 -0.730917 0.4917 0.0 -0.60301 -0.501074 -0.26562 1.0]
298
	ConcatTransform [1.1 0.0 0.0 0.0 0.0 1.1 0.0 0.0 0.0 0.0 1.1 0.0 -9.609 0.05 6.704 1.0]
	ConcatTransform [0.548966 -0.165332 -0.81933 0.0 0.67751 0.662089 0.320341 0.0 0.489507 -0.730961 0.475478 0.0 -0.606664 -0.500601 -0.263322 1.0]
299
	ConcatTransform [1.1 0.0 0.0 0.0 0.0 1.1 0.0 0.0 0.0 0.0 1.1 0.0 -9.609 0.05 6.704 1.0]
	ConcatTransform [0.532783 -0.166583 -0.829694 0.0 0.684967 0.660639 0.307207 0.0 0.496953 -0.731988 0.466082 0.0 -0.608346 -0.500514 -0.263075 1.0]
300
	ConcatTransform [1.1 0.0 0.0 0.0 0.0 1.1 0.0 0.0 0.0 0.0 1.1 0.0 -9.609 0.05 6.704 1.0]
	ConcatTransform [0.520658 -0.164472 -0.837773 0.0 0.690695 0.657943 0.300084 0.0 0.501852 -0.734887 0.456164 0.0 -0.609697 -0.500677 -0.26472 1.0]
301
	ConcatTransform [1.1 0.0 0.0 0.0 0.0 1.1 0.0 0.0 0.0 0.0 1.1 0.0 -9.609 0.05 6.704 1.0]
	ConcatTransform [0.51706 -0.158734 -0.841102 0.0 0.693242 0.654041 0.302732 0.0 0.502061 -0.739618 0.44822 0.0 -0.609719 -0.501024 -0.267164 1.0]
302
	ConcatTransform [1.1 0.0 0.0 0.0 0.0 1.1 0.0 0.0 0.0 0.0 1.1 0.0 -9.609 0.05 6.704 1.0]
	ConcatTransform [0.520704 -0.14507 -0.841322 0.0 0.689499 0.65258 0.314214 0.0 0.503447 -0.743703 0.439827 0.0 -0.608561 -0.501927 -0.272841 1.0]
303
	ConcatTransform [1.1 0.0 0.0 0.0 0.0 1.1 0.0 0.0 0.0 0.0 1.1 0.0 -9.609 0.05 6.704 1.0]
	ConcatTransform [0.528061 -0.132035 -0.838879 0.0 0.683943 0.651661 0.327963 0.0 0.503362 -0.746931 0.434421 0.0 -0.606957 -0.50268 -0.277783 1.0]
304
	ConcatTransform [1.1 0.0 0.0 0.0 0.0 1.1 0.0 0.0 0.0 0.0 1.1 0.0 -9.609 0.05 6.704 1.0]
	ConcatTransform [0.544835 -0.105557 -0.831873 0.0 0.669844 0.651573 0.356035 0.0 0.504444 -0.751206 0.425707 0.0 -0.603464 -0.503927 -0.286602 1.0]
305
	ConcatTransform [1.1 0.0 0.0 0.0 0.0 1.1 0.0 0.0 0.0 0.0 1.1 0.0 -9.609 0.05 6.704 1.0]
	ConcatTransform [0.555832 -0.104575 -0.824691 0.0 0.665468 0.650519 0.366028 0.0 0.4982 -0.752256 0.431171 0.0 -0.601123 -0.503541 -0.292301 1.0]
306
	ConcatTransform [1.1 0.0 0.0 0.0 0.0 1.1 0.0 0.0 0.0 0.0 1.1 0.0 -9.609 0.05 6.704 1.0]
	ConcatTransform [0.568359 -0.105793 -0.815951 0.0 0.658725 0.652723 0.374212 0.0 0.493001 -0.750174 0.44067 0.0 -0.598713 -0.503319 -0.299051 1.0]
307
	ConcatTransform [1.1 0.0 0.0 0.0 0.0 1.1 0.0 0.0 0.0 0.0 1.1 0.0 -9.609 0.05 6.704 1.0]
	ConcatTransform [0.575238 -0.108405 -0.810771 0.0 0.656768 0.652053 0.378791 0.0 0.487603 -0.750383 0.446283 0.0 -0.597604 -0.50338 -0.302441 1.0]
308
	ConcatTransform [1.1 0.0 0.0 0.0 0.0 1.1 0.0 0.0 0.0 0.0 1.1 0.0 -9.609 0.05 6.704 1.0]
	ConcatTransform [0.584167 -0.112471 -0.803803 0.0 0.656137 0.648376 0.386126 0.0 0.477738 -0.752967 0.452556 0.0 -0.596469 -0.5035 -0.306162 1.0]
309
	ConcatTransform [1.1 0.0 0.0 0.0 0.0 1.1 0.0 0.0 0.0 0.0 1.1 0.0 -9.609 0.05 6.704 1.0]
	ConcatTransform [0.590055 -0.113183 -0.79939 0.0 0.65364 0.648156 0.390702 0.0 0.473909 -0.753049 0.456429 0.0 -0.596001 -0.503485 -0.308013 1.0]
310
	ConcatTransform [1.1 0.0 0.0 0.0 0.0 1.1 0.0 0.0 0.0 0.0 1.1 0.0 -9.609 0.05 6.704 1.0]
	ConcatTransform [0.598299 -0.113955 -0.793128 0.0 0.64965 0.648399 0.396905 0.0 0.469035 -0.752723 0.461967 0.0 -0.595451 -0.503477 -0.310089 1.0]
311
	ConcatTransform [1.1 0.0 0.0 0.0 0.0 1.1 0.0 0.0 0.0 0.0 1.1 0.0 -9.609 0.05 6.704 1.0]
	ConcatTransform [0.602926 -0.114516 -0.789535 0.0 0.647803 0.647901 0.400719 0.0 0.465652 -0.753067 0.46482 0.0 -0.595084 -0.503474 -0.311073 1.0]
312
	ConcatTransform [1.1 0.0 0.0 0.0 0.0 1.1 0.0 0.0 0.0 0.0 1.1 0.0 -9.609 0.05 6.704 1.0]
	ConcatTransform [0.608533 -0.114861 -0.785171 0.0 0.645377 0.647354 0.405488 0.0 0.461709 -0.753485 0.468065 0.0 -0.594495 -0.503425 -0.312042 1.0]
313
	ConcatTransform [1.1 0.0 0.0 0.0 0.0 1.1 0.0 0.0 0.0 0.0 1.1 0.0 -9.609 0.05 6.704 1.0]
	ConcatTransform [0.611701 -0.114921 -0.782698 0.0 0.64354 0.647703 0.407845 0.0 0.460085 -0.753176 0.470156 0.0 -0.594072 -0.503434 -0.312391 1.0]
314
	ConcatTransform [1.1 0.0 0.0 0.0 0.0 1.1 0.0 0.0 0.0 0.0 1.1 0.0 -9.609 0.05 6.704 1.0]
	ConcatTransform [0.615276 -0.11447 -0.779957 0.0 0.640755 0.648963 0.41022 0.0 0.459205 -0.752159 0.472638 0.0 -0.593313 -0.503449 -0.312568 1.0]
315
	ConcatTransform [1.1 0.0 0.0 0.0 0.0 1.1 0.0 0.0 0.0 0.0 1.1 0.0 -9.609 0.05 6.704 1.0]
	ConcatTransform [0.616854 -0.114549 -0.778698 0.0 0.639339 0.649961 0.410848 0.0 0.459061 -0.751285 0.474167 0.0 -0.592729 -0.503471 -0.312461 1.0]
316
	ConcatTransform [1.1 0.0 0.0 0.0 0.0 1.1 0.0 0.0 0.0 0.0 1.1 0.0 -9.609 0.05 6.704 1.0]
	ConcatTransform [0.616353 -0.114634 -0.779082 0.0 0.638791 0.651332 0.409528 0.0 0.460495 -0.750084 0.474677 0.0 -0.591894 -0.503481 -0.311809 1.0]
317
	ConcatTransform [1.1 0.0 0.0 0.0 0.0 1.1 0.0 0.0 0.0 0.0 1.1 0.0 -9.609 0.05 6.704 1.0]
	ConcatTransform [0.614713 -0.114896 -0.780338 0.0 0.638849 0.652769 0.407142 0.0 0.462602 -0.748793 0.474667 0.0 -0.591295 -0.503496 -0.311198 1.0]
318
	ConcatTransform [1.1 0.0 0.0 0.0 0.0 1.1 0.0 0.0 0.0 0.0 1.1 0.0 -9.609 0.05 6.704 1.0]
	ConcatTransform [0.611813 -0.1148 -0.782627 0.0 0.638804 0.655212 0.40327 0.0 0.466491 -0.746671 0.474202 0.0 -0.590136 -0.503508 -0.310351 1.0]
319
	ConcatTransform [1.1 0.0 0.0 0.0 0.0 1.1 0.0 0.0 0.0 0.0 1.1 0.0 -9.609 0.05 6.704 1.0]
	ConcatTransform [0.610648 -0.11472 -0.783548 0.0 0.638271 0.656975 0.40124 0.0 0.468742 -0.745133 0.474403 0.0 -0.589308 -0.503519 -0.309708 1.0]
320
	ConcatTransform [1.1 0.0 0.0 0.0 0.0 1.1 0.0 0.0 0.0 0.0 1.1 0.0 -9.609 0.05 6.704 1.0]
	ConcatTransform [0.610353 -0.114687 -0.783783 0.0 0.636687 0.659705 0.399274 0.0 0.471274 -0.742722 0.475673 0.0 -0.588001 -0.503524 -0.308692 1.0]
321
	ConcatTransform [1.1 0.0 0.0 0.0 0.0 1.1 0.0 0.0 0.0 0.0 1.1 0.0 -9.609 0.05 6.704 1.0]
	ConcatTransform [0.610698 -0.114543 -0.783536 0.0 0.63536 0.661441 0.398513 0.0 0.472616 -0.741199 0.476717 0.0 -0.587132 -0.503516 -0.307999 1.0]
322
	ConcatTransform [1.1 0.0 0.0 0.0 0.0 1.1 0.0 0.0 0.0 0.0 1.1 0.0 -9.609 0.05 6.704 1.0]
	ConcatTransform [0.610952 -0.114786 -0.783302 0.0 0.633418 0.664397 0.396685 0.0 0.47489 -0.738513 0.478622 0.0 -0.586 -0.503519 -0.306846 1.0]
323
	ConcatTransform [1.1 0.0 0.0 0.0 0.0 1.1 0.0 0.0 0.0 0.0 1.1 0.0 -9.609 0.05 6.704 1.0]
	ConcatTransform [0.610405 -0.114712 -0.783739 0.0 0.632693 0.665912 0.395298 0.0 0.476556 -0.737158 0.479054 0.0 -0.585352 -0.503513 -0.306043 1.0]
324
	ConcatTransform [1.1 0.0 0.0 0.0 0.0 1.1 0.0 0.0 0.0 0.0 1.1 0.0 -9.609 0.05 6.704 1.0]
	ConcatTransform [0.611917 -0.114859 -0.782537 0.0 0.630523 0.668157 0.394977 0.0 0.477491 -0.735102 0.481278 0.0 -0.584428 -0.5035 -0.305016 1.0]
325
	ConcatTransform [1.1 0.0 0.0 0.0 0.0 1.1 0.0 0.0 0.0 0.0 1.1 0.0 -9.609 0.05 6.704 1.0]
	ConcatTransform [0.612092 -0.114782 -0.782412 0.0 0.629717 0.669221 0.394461 0.0 0.47833 -0.734145 0.481905 0.0 -0.583957 -0.503492 -0.304544 1.0]
326
	ConcatTransform [1.1 0.0 0.0 0.0 0.0 1.1 0.0 0.0 0.0 0.0 1.1 0.0 -9.609 0.05 6.704 1.0]
	ConcatTransform [0.612694 -0.114758 -0.781944 0.0 0.628947 0.669924 0.394495 0.0 0.478572 -0.733507 0.482635 0.0 -0.583451 -0.503487 -0.304128 1.0]
327
	ConcatTransform [1.1 0.0 0.0 0.0 0.0 1.1 0.0 0.0 0.0 0.0 1.1 0.0 -9.609 0.05 6.704 1.0]
	ConcatTransform [0.611498 -0.114723 -0.782885 0.0 0.629365 0.67019 0.393377 0.0 0.479553 -0.733269 0.482022 0.0 -0.583474 -0.503482 -0.303904 1.0]
328
	ConcatTransform [1.1 0.0 0.0 0.0 0.0 1.1 0.0 0.0 0.0 0.0 1.1 0.0 -9.609 0.05 6.704 1.0]
	ConcatTransform [0.60793 -0.114961 -0.785624 0.0 0.631464 0.669827 0.390621 0.0 0.481326 -0.733564 0.479801 0.0 -0.583953 -0.503484 -0.303455 1.0]
329
	ConcatTransform [1.1 0.0 0.0 0.0 0.0 1.1 0.0 0.0 0.0 0.0 1.1 0.0 -9.609 0.05 6.704 1.0]
	ConcatTransform [0.606213 -0.114627 -0.786998 0.0 0.632329 0.669641 0.38954 0.0 0.482354 -0.733786 0.478427 0.0 -0.584534 -0.503483 -0.303066 1.0]
330
	ConcatTransform [1.1 0.0 0.0 0.0 0.0 1.1 0.0 0.0 0.0 0.0 1.1 0.0 -9.609 0.05 6.704 1.0]
	ConcatTransform [0.605998 -0.115223 -0.787077 0.0 0.633069 0.66897 0.38949 0.0 0.481653 -0.734304 0.478339 0.0 -0.585658 -0.503453 -0.302484 1.0]
331
	ConcatTransform [1.1 0.0 0.0 0.0 0.0 1.1 0.0 0.0 0.0 0.0 1.1 0.0 -9.609 0.05 6.704 1.0]
	ConcatTransform [0.607527 -0.114994 -0.785931 0.0 0.632963 0.667859 0.391564 0.0 0.479864 -0.735351 0.478529 0.0 -0.586138 -0.503474 -0.302861 1.0]
332
	ConcatTransform [1.1 0.0 0.0 0.0 0.0 1.1 0.0 0.0 0.0 0.0 1.1 0.0 -9.609 0.05 6.704 1.0]
	ConcatTransform [0.608619 -0.114582 -0.785146 0.0 0.63361 0.665818 0.393985 0.0 0.477621 -0.737263 0.47783 0.0 -0.586783 -0.503509 -0.304 1.0]
333
	ConcatTransform [1.1 0.0 0.0 0.0 0.0 1.1 0.0 0.0 0.0 0.0 1.1 0.0 -9.609 0.05 6.704 1.0]
	ConcatTransform [0.60942 -0.114738 -0.784501 0.0 0.634484 0.663919 0.395781 0.0 0.475434 -0.73895 0.477405 0.0 -0.587249 -0.503523 -0.30476 1.0]
334
	ConcatTransform [1.1 0.0 0.0 0.0 0.0 1.1 0.0 0.0 0.0 0.0 1.1 0.0 -9.609 0.05 6.704 1.0]
	ConcatTransform [0.607227 -0.114432 -0.786245 0.0 0.636975 0.661606 0.395652 0.0 0.474908 -0.741069 0.474635 0.0 -0.588152 -0.503527 -0.305589 1.0]
335
	ConcatTransform [1.1 0.0 0.0 0.0 0.0 1.1 0.0 0.0 0.0 0.0 1.1 0.0 -9.609 0.05 6.704 1.0]
	ConcatTransform [0.604473 -0.114611 -0.788338 0.0 0.638819 0.660973 0.393733 0.0 0.475944 -0.741606 0.472756 0.0 -0.588618 -0.503532 -0.305882 1.0]
336
	ConcatTransform [1.1 0.0 0.0 0.0 0.0 1.1 0.0 0.0 0.0 0.0 1.1 0.0 -9.609 0.05 6.704 1.0]
	ConcatTransform [0.600871 -0.11445 -0.79111 0.0 0.640871 0.660486 0.391207 0.0 0.477744 -0.742064 0.470215 0.0 -0.588767 -0.503513 -0.306229 1.0]
337
	ConcatTransform [1.1 0.0 0.0 0.0 0.0 1.1 0.0 0.0 0.0 0.0 1.1 0.0 -9.609 0.05 6.704 1.0]
	ConcatTransform [0.600496 -0.114573 -0.791377 0.0 0.641189 0.660341 0.390931 0.0 0.477788 -0.742174 0.469995 0.0 -0.58882 -0.503507 -0.306362 1.0]
338
	ConcatTransform [1.1 0.0 0.0 0.0 0.0 1.1 0.0 0.0 0.0 0.0 1.1 0.0 -9.609 0.05 6.704 1.0]
	ConcatTransform [0.596756 -0.114839 -0.794163 0.0 0.643338 0.659987 0.387985 0.0 0.479581 -0.742448 0.467732 0.0 -0.588842 -0.503514 -0.306416 1.0]
339
	ConcatTransform [1.1 0.0 0.0 0.0 0.0 1.1 0.0 0.0 0.0 0.0 1.1 0.0 -9.609 0.05 6.704 1.0]
	ConcatTransform [0.592252 -0.114494 -0.797576 0.0 0.645325 0.660127 0.384433 0.0 0.482487 -0.742377 0.464848 0.0 -0.58875 -0.50353 -0.306497 1.0]
340
	ConcatTransform [1.1 0.0 0.0 0.0 0.0 1.1 0.0 0.0 0.0 0.0 1.1 0.0 -9.609 0.05 6.704 1.0]
	ConcatTransform [0.58721 -0.114529 -0.801291 0.0 0.647638 0.660295 0.380232 0.0 0.48554 -0.742222 0.461905 0.0 -0.588617 -0.503532 -0.306591 1.0]
341
	ConcatTransform [1.1 0.0 0.0 0.0 0.0 1.1 0.0 0.0 0.0 0.0 1.1 0.0 -9.609 0.05 6.704 1.0]
	ConcatTransform [0.585074 -0.114638 -0.802837 0.0 0.648537 0.660515 0.378312 0.0 0.486917 -0.74201 0.460797 0.0 -0.588563 -0.503503 -0.306476 1.0]
342
	ConcatTransform [1.1 0.0 0.0 0.0 0.0 1.1 0.0 0.0 0.0 0.0 1.1 0.0 -9.609 0.05 6.704 1.0]
	ConcatTransform [0.583283 -0.114429 -0.804169 0.0 0.648995 0.661 0.376675 0.0 0.488453 -0.741609 0.459814 0.0 -0.588328 -0.50353 -0.306374 1.0]
343
	ConcatTransform [1.1 0.0 0.0 0.0 0.0 1.1 0.0 0.0 0.0 0.0 1.1 0.0 -9.609 0.05 6.704 1.0]
	ConcatTransform [0.582166 -0.114496 -0.804968 0.0 0.64929 0.661376 0.375505 0.0 0.489393 -0.741264 0.459372 0.0 -0.588167 -0.503508 -0.306225 1.0]
344
	ConcatTransform [1.1 0.0 0.0 0.0 0.0 1.1 0.0 0.0 0.0 0.0 1.1 0.0 -9.609 0.05 6.704 1.0]
	ConcatTransform [0.579912 -0.114484 -0.806595 0.0 0.649882 0.662059 0.373271 0.0 0.49128 -0.740656 0.458337 0.0 -0.587834 -0.503521 -0.305916 1.0]
345
	ConcatTransform [1.1 0.0 0.0 0.0 0.0 1.1 0.0 0.0 0.0 0.0 1.1 0.0 -9.609 0.05 6.704 1.0]
	ConcatTransform [0.577807 -0.114752 -0.808067 0.0 0.650472 0.662755 0.371002 0.0 0.492977 -0.739992 0.457587 0.0 -0.58765 -0.503486 -0.305551 1.0]
346
	ConcatTransform [1.1 0.0 0.0 0.0 0.0 1.1 0.0 0.0 0.0 0.0 1.1 0.0 -9.609 0.05 6.704 1.0]
	ConcatTransform [0.575486 -0.114835 -0.809709 0.0 0.650852 0.663812 0.368437 0.0 0.495185 -0.739031 0.456754 0.0 -0.587284 -0.503522 -0.305108 1.0]
347
	ConcatTransform [1.1 0.0 0.0 0.0 0.0 1.1 0.0 0.0 0.0 0.0 1.1 0.0 -9.609 0.05 6.704 1.0]
	ConcatTransform [0.574457 -0.114778 -0.810448 0.0 0.651038 0.664205 0.367398 0.0 0.496134 -0.738686 0.456282 0.0 -0.587024 -0.503512 -0.304893 1.0]
348
	ConcatTransform [1.1 0.0 0.0 0.0 0.0 1.1 0.0 0.0 0.0 0.0 1.1 0.0 -9.609 0.05 6.704 1.0]
	ConcatTransform [0.573836 -0.114543 -0.81092 0.0 0.650863 0.664777 0.366674 0.0 0.497081 -0.738208 0.456025 0.0 -0.586628 -0.503521 -0.304717 1.0]
349
	ConcatTransform [1.1 0.0 0.0 0.0 0.0 1.1 0.0 0.0 0.0 0.0 1.1 0.0 -9.609 0.05 6.704 1.0]
	ConcatTransform [0.57401 -0.114388 -0.81082 0.0 0.650511 0.665112 0.366689 0.0 0.497341 -0.73793 0.456192 0.0 -0.586434 -0.503497 -0.30462 1.0]
350
	ConcatTransform [1.1 0.0 0.0 0.0 0.0 1.1 0.0 0.0 0.0 0.0 1.1 0.0 -9.609 0.05 6.704 1.0]
	ConcatTransform [0.573813 -0.114703 -0.810914 0.0 0.650737 0.665051 0.3664 0.0 0.497272 -0.737937 0.456257 0.0 -0.586251 -0.503516 -0.304493 1.0]
351
	ConcatTransform [1.1 0.0 0.0 0.0 0.0 1.1 0.0 0.0 0.0 0.0 1.1 0.0 -9.609 0.05 6.704 1.0]
	ConcatTransform [0.57365 -0.114773 -0.81102 0.0 0.650795 0.665106 0.366197 0.0 0.497384 -0.737876 0.456232 0.0 -0.586235 -0.503518 -0.304389 1.0]
352
	ConcatTransform [1.1 0.0 0.0 0.0 0.0 1.1 0.0 0.0 0.0 0.0 1.1 0.0 -9.609 0.05 6.704 1.0]
	ConcatTransform [0.574078 -0.114721 -0.810724 0.0 0.650468 0.665281 0.36646 0.0 0.497319 -0.737726 0.456546 0.0 -0.586231 -0.503516 -0.304405 1.0]
353
	ConcatTransform [1.1 0.0 0.0 0.0 0.0 1.1 0.0 0.0 0.0 0.0 1.1 0.0 -9.609 0.05 6.704 1.0]
	ConcatTransform [0.574492 -0.114578 -0.810451 0.0 0.650282 0.665213 0.366911 0.0 0.497083 -0.73781 0.456668 0.0 -0.586252 -0.503519 -0.304501 1.0]
354
	ConcatTransform [1.1 0.0 0.0 0.0 0.0 1.1 0.0 0.0 0.0 0.0 1.1 0.0 -9.609 0.05 6.704 1.0]
	ConcatTransform [0.57442 -0.114414 -0.810525 0.0 0.650584 0.66474 0.367235 0.0 0.496771 -0.738262 0.456276 0.0 -0.586417 -0.50351 -0.304636 1.0]
355
	ConcatTransform [1.1 0.0 0.0 0.0 0.0 1.1 0.0 0.0 0.0 0.0 1.1 0.0 -9.609 0.05 6.704 1.0]
	ConcatTransform [0.574082 -0.114505 -0.810752 0.0 0.650918 0.664513 0.367053 0.0 0.496726 -0.738451 0.456019 0.0 -0.586591 -0.503523 -0.30477 1.0]
356
	ConcatTransform [1.1 0.0 0.0 0.0 0.0 1.1 0.0 0.0 0.0 0.0 1.1 0.0 -9.609 0.05 6.704 1.0]
	ConcatTransform [0.573746 -0.11442 -0.811002 0.0 0.651632 0.663638 0.36737 0.0 0.496177 -0.739251 0.455319 0.0 -0.586914 -0.503503 -0.305019 1.0]
357
	ConcatTransform [1.1 0.0 0.0 0.0 0.0 1.1 0.0 0.0 0.0 0.0 1.1 0.0 -9.609 0.05 6.704 1.0]
	ConcatTransform [0.573062 -0.114799 -0.811431 0.0 0.652397 0.663129 0.366929 0.0 0.495961 -0.739649 0.454909 0.0 -0.587171 -0.503521 -0.305207 1.0]
358
	ConcatTransform [1.1 0.0 0.0 0.0 0.0 1.1 0.0 0.0 0.0 0.0 1.1 0.0 -9.609 0.05 6.704 1.0]
	ConcatTransform [0.573027 -0.114315 -0.811525 0.0 0.652948 0.662113 0.367785 0.0 0.495277 -0.740634 0.45405 0.0 -0.587615 -0.503501 -0.305582 1.0]
359
	ConcatTransform [1.1 0.0 0.0 0.0 0.0 1.1 0.0 0.0 0.0 0.0 1.1 0.0 -9.609 0.05 6.704 1.0]
	ConcatTransform [0.572923 -0.114541 -0.811566 0.0 0.653894 0.660868 0.368343 0.0 0.494147 -0.74171 0.453524 0.0 -0.587918 -0.503515 -0.305871 1.0]
360
	ConcatTransform [1.1 0.0 0.0 0.0 0.0 1.1 0.0 0.0 0.0 0.0 1.1 0.0 -9.609 0.05 6.704 1.0]
	ConcatTransform [0.411947 -0.112929 0.904183 0.0 -0.675894 0.627629 0.386327 0.0 -0.611119 -0.770279 0.182221 0.0 -0.137335 -0.503013 0.326238 1.0]
