228
	ConcatTransform [1.1 0.0 0.0 0.0 0.0 1.1 0.0 0.0 0.0 0.0 1.1 0.0 -9.609 0.05 6.704 1.0]
	ConcatTransform [0.996841 0.074418 0.027763 0.0 -0.072723 0.99568 -0.057731 0.0 -0.031939 0.05553 0.997946 0.0 0.010151 0.014777 0.011763 1.0]
229
	ConcatTransform [1.1 0.0 0.0 0.0 0.0 1.1 0.0 0.0 0.0 0.0 1.1 0.0 -9.609 0.05 6.704 1.0]
	ConcatTransform [0.986586 0.145601 0.073812 0.0 -0.13829 0.985726 -0.096021 0.0 -0.086739 0.084525 0.992639 0.0 0.025726 0.023697 0.033494 1.0]
230
	ConcatTransform [1.1 0.0 0.0 0.0 0.0 1.1 0.0 0.0 0.0 0.0 1.1 0.0 -9.609 0.05 6.704 1.0]
	ConcatTransform [0.95885 0.246735 0.140458 0.0 -0.223894 0.96134 -0.160302 0.0 -0.17458 0.122258 0.977023 0.0 0.049152 0.018386 0.065969 1.0]
231
	ConcatTransform [1.1 0.0 0.0 0.0 0.0 1.1 0.0 0.0 0.0 0.0 1.1 0.0 -9.609 0.05 6.704 1.0]
	ConcatTransform [0.928446 0.324456 0.180879 0.0 -0.287094 0.93574 -0.204862 0.0 -0.235724 0.138274 0.961933 0.0 0.064491 0.002617 0.087722 1.0]
232
	ConcatTransform [1.1 0.0 0.0 0.0 0.0 1.1 0.0 0.0 0.0 0.0 1.1 0.0 -9.609 0.05 6.704 1.0]
	ConcatTransform [0.867604 0.439207 0.233154 0.0 -0.374184 0.885457 -0.275594 0.0 -0.32749 0.151864 0.93257 0.0 0.087472 -0.03958 0.12036 1.0]
233
	ConcatTransform [1.1 0.0 0.0 0.0 0.0 1.1 0.0 0.0 0.0 0.0 1.1 0.0 -9.609 0.05 6.704 1.0]
	ConcatTransform [0.817602 0.512737 0.26197 0.0 -0.425588 0.844603 -0.324839 0.0 -0.387818 0.154098 0.908764 0.0 0.102789 -0.080084 0.142119 1.0]
234
	ConcatTransform [1.1 0.0 0.0 0.0 0.0 1.1 0.0 0.0 0.0 0.0 1.1 0.0 -9.609 0.05 6.704 1.0]
	ConcatTransform [0.729712 0.616628 0.295448 0.0 -0.491295 0.773367 -0.400666 0.0 -0.475552 0.147219 0.867282 0.0 0.125766 -0.159401 0.174758 1.0]
235
	ConcatTransform [1.1 0.0 0.0 0.0 0.0 1.1 0.0 0.0 0.0 0.0 1.1 0.0 -9.609 0.05 6.704 1.0]
	ConcatTransform [0.665037 0.686185 0.294748 0.0 -0.531576 0.712157 -0.45854 0.0 -0.52455 0.148265 0.838371 0.0 0.144085 -0.218622 0.19379 1.0]
236
	ConcatTransform [1.1 0.0 0.0 0.0 0.0 1.1 0.0 0.0 0.0 0.0 1.1 0.0 -9.609 0.05 6.704 1.0]
	ConcatTransform [0.639559 0.701309 0.314849 0.0 -0.542294 0.701879 -0.461825 0.0 -0.544868 0.124623 0.829209 0.0 0.179957 -0.27662 0.217719 1.0]
237
	ConcatTransform [1.1 0.0 0.0 0.0 0.0 1.1 0.0 0.0 0.0 0.0 1.1 0.0 -9.609 0.05 6.704 1.0]
	ConcatTransform [0.70219 0.653769 0.281985 0.0 -0.529709 0.74434 -0.406653 0.0 -0.47575 0.136177 0.868975 0.0 0.202304 -0.300816 0.238964 1.0]
238
	ConcatTransform [1.1 0.0 0.0 0.0 0.0 1.1 0.0 0.0 0.0 0.0 1.1 0.0 -9.609 0.05 6.704 1.0]
	ConcatTransform [0.774291 0.594591 0.216646 0.0 -0.533657 0.797492 -0.281454 0.0 -0.340123 0.102313 0.934799 0.0 0.236666 -0.301937 0.268667 1.0]
239
	ConcatTransform [1.1 0.0 0.0 0.0 0.0 1.1 0.0 0.0 0.0 0.0 1.1 0.0 -9.609 0.05 6.704 1.0]
	ConcatTransform [0.799896 0.581833 0.147094 0.0 -0.554174 0.810175 -0.19107 0.0 -0.230342 0.071321 0.970493 0.0 0.259066 -0.304499 0.287738 1.0]
240
	ConcatTransform [1.1 0.0 0.0 0.0 0.0 1.1 0.0 0.0 0.0 0.0 1.1 0.0 -9.609 0.05 6.704 1.0]
	ConcatTransform [0.801415 0.598109 4.6e-05 0.0 -0.59489 0.797111 -0.103535 0.0 -0.061962 0.082947 0.994626 0.0 0.292751 -0.311668 0.313472 1.0]
241
	ConcatTransform [1.1 0.0 0.0 0.0 0.0 1.1 0.0 0.0 0.0 0.0 1.1 0.0 -9.609 0.05 6.704 1.0]
	ConcatTransform [0.779824 0.621287 -0.076662 0.0 -0.625415 0.778519 -0.052565 0.0 0.027024 0.088937 0.995671 0.0 0.315887 -0.313213 0.33142 1.0]
242
	ConcatTransform [1.1 0.0 0.0 0.0 0.0 1.1 0.0 0.0 0.0 0.0 1.1 0.0 -9.609 0.05 6.704 1.0]
	ConcatTransform [0.715855 0.678389 -0.165347 0.0 -0.689651 0.723977 -0.015436 0.0 0.109236 0.125082 0.986115 0.0 0.351241 -0.316652 0.357526 1.0]
243
	ConcatTransform [1.1 0.0 0.0 0.0 0.0 1.1 0.0 0.0 0.0 0.0 1.1 0.0 -9.609 0.05 6.704 1.0]
	ConcatTransform [0.672332 0.710574 -0.207495 0.0 -0.727878 0.685626 -0.010542 0.0 0.134773 0.158119 0.978179 0.0 0.374963 -0.317224 0.374128 1.0]
244
	ConcatTransform [1.1 0.0 0.0 0.0 0.0 1.1 0.0 0.0 0.0 0.0 1.1 0.0 -9.609 0.05 6.704 1.0]
	ConcatTransform [0.617145 0.746897 -0.24754 0.0 -0.775771 0.630167 -0.032696 0.0 0.131571 0.212213 0.968326 0.0 0.410091 -0.318268 0.397119 1.0]
245
	ConcatTransform [1.1 0.0 0.0 0.0 0.0 1.1 0.0 0.0 0.0 0.0 1.1 0.0 -9.609 0.05 6.704 1.0]
	ConcatTransform [0.593843 0.761774 -0.258942 0.0 -0.795448 0.604221 -0.046694 0.0 0.120887 0.233704 0.964764 0.0 0.433044 -0.317327 0.409933 1.0]
246
	ConcatTransform [1.1 0.0 0.0 0.0 0.0 1.1 0.0 0.0 0.0 0.0 1.1 0.0 -9.609 0.05 6.704 1.0]
	ConcatTransform [0.563696 0.774757 -0.286355 0.0 -0.81812 0.571424 -0.064453 0.0 0.113695 0.270605 0.955953 0.0 0.465506 -0.321095 0.426924 1.0]
247
	ConcatTransform [1.1 0.0 0.0 0.0 0.0 1.1 0.0 0.0 0.0 0.0 1.1 0.0 -9.609 0.05 6.704 1.0]
	ConcatTransform [0.543927 0.780258 -0.308773 0.0 -0.83206 0.549176 -0.077988 0.0 0.10872 0.299338 0.947933 0.0 0.485366 -0.324581 0.43705 1.0]
248
	ConcatTransform [1.1 0.0 0.0 0.0 0.0 1.1 0.0 0.0 0.0 0.0 1.1 0.0 -9.609 0.05 6.704 1.0]
	ConcatTransform [0.522665 0.786796 -0.328288 0.0 -0.846408 0.524988 -0.08934 0.0 0.102055 0.32456 0.940343 0.0 0.511298 -0.330097 0.450891 1.0]
249
	ConcatTransform [1.1 0.0 0.0 0.0 0.0 1.1 0.0 0.0 0.0 0.0 1.1 0.0 -9.609 0.05 6.704 1.0]
	ConcatTransform [0.513706 0.791137 -0.331978 0.0 -0.852741 0.513446 -0.095946 0.0 0.094547 0.332379 0.938395 0.0 0.526628 -0.337306 0.458733 1.0]
250
	ConcatTransform [1.1 0.0 0.0 0.0 0.0 1.1 0.0 0.0 0.0 0.0 1.1 0.0 -9.609 0.05 6.704 1.0]
	ConcatTransform [0.522614 0.787172 -0.327469 0.0 -0.848833 0.516332 -0.113506 0.0 0.079734 0.337286 0.93802 0.0 0.544044 -0.343323 0.465578 1.0]
251
	ConcatTransform [1.1 0.0 0.0 0.0 0.0 1.1 0.0 0.0 0.0 0.0 1.1 0.0 -9.609 0.05 6.704 1.0]
	ConcatTransform [0.536203 0.781606 -0.318712 0.0 -0.840453 0.529381 -0.115735 0.0 0.078261 0.32992 0.940759 0.0 0.550511 -0.344952 0.467084 1.0]
252
	ConcatTransform [1.1 0.0 0.0 0.0 0.0 1.1 0.0 0.0 0.0 0.0 1.1 0.0 -9.609 0.05 6.704 1.0]
	ConcatTransform [0.555875 0.768005 -0.318074 0.0 -0.824574 0.55789 -0.093996 0.0 0.105261 0.314526 0.943395 0.0 0.555265 -0.350423 0.464274 1.0]
253
	ConcatTransform [1.1 0.0 0.0 0.0 0.0 1.1 0.0 0.0 0.0 0.0 1.1 0.0 -9.609 0.05 6.704 1.0]
	ConcatTransform [0.572077 0.751798 -0.327913 0.0 -0.806996 0.587374 -0.061227 0.0 0.146577 0.299652 0.942722 0.0 0.554896 -0.35523 0.457963 1.0]
254
	ConcatTransform [1.1 0.0 0.0 0.0 0.0 1.1 0.0 0.0 0.0 0.0 1.1 0.0 -9.609 0.05 6.704 1.0]
	ConcatTransform [0.600532 0.727673 -0.331443 0.0 -0.77215 0.635427 -0.003975 0.0 0.207715 0.258311 0.943467 0.0 0.549305 -0.364476 0.443018 1.0]
255
	ConcatTransform [1.1 0.0 0.0 0.0 0.0 1.1 0.0 0.0 0.0 0.0 1.1 0.0 -9.609 0.05 6.704 1.0]
	ConcatTransform [0.619149 0.715289 -0.324062 0.0 -0.749075 0.661822 0.029642 0.0 0.235674 0.224394 0.945572 0.0 0.542959 -0.371388 0.429185 1.0]
256
	ConcatTransform [1.1 0.0 0.0 0.0 0.0 1.1 0.0 0.0 0.0 0.0 1.1 0.0 -9.609 0.05 6.704 1.0]
	ConcatTransform [0.640528 0.700679 -0.314281 0.0 -0.718128 0.691514 0.078112 0.0 0.272061 0.175661 0.946111 0.0 0.530901 -0.377649 0.403512 1.0]
257
	ConcatTransform [1.1 0.0 0.0 0.0 0.0 1.1 0.0 0.0 0.0 0.0 1.1 0.0 -9.609 0.05 6.704 1.0]
	ConcatTransform [0.659054 0.693955 -0.289956 0.0 -0.6988 0.707558 0.105073 0.0 0.278077 0.133373 0.951254 0.0 0.521493 -0.380792 0.386247 1.0]
258
	ConcatTransform [1.1 0.0 0.0 0.0 0.0 1.1 0.0 0.0 0.0 0.0 1.1 0.0 -9.609 0.05 6.704 1.0]
	ConcatTransform [0.68566 0.685413 -0.24511 0.0 -0.675472 0.724603 0.136705 0.0 0.271307 0.071832 0.959809 0.0 0.506252 -0.38157 0.359867 1.0]
259
	ConcatTransform [1.1 0.0 0.0 0.0 0.0 1.1 0.0 0.0 0.0 0.0 1.1 0.0 -9.609 0.05 6.704 1.0]
	ConcatTransform [0.702944 0.677132 -0.217625 0.0 -0.660154 0.735031 0.154678 0.0 0.264699 0.034936 0.963698 0.0 0.49652 -0.382337 0.341618 1.0]
260
	ConcatTransform [1.1 0.0 0.0 0.0 0.0 1.1 0.0 0.0 0.0 0.0 1.1 0.0 -9.609 0.05 6.704 1.0]
	ConcatTransform [0.718044 0.668277 -0.194469 0.0 -0.639127 0.743732 0.195907 0.0 0.275553 -0.01638 0.961146 0.0 0.482544 -0.380042 0.315417 1.0]
261
	ConcatTransform [1.1 0.0 0.0 0.0 0.0 1.1 0.0 0.0 0.0 0.0 1.1 0.0 -9.609 0.05 6.704 1.0]
	ConcatTransform [0.722818 0.664605 -0.189298 0.0 -0.625936 0.74575 0.228168 0.0 0.292811 -0.046436 0.955042 0.0 0.473966 -0.37856 0.299112 1.0]
262
	ConcatTransform [1.1 0.0 0.0 0.0 0.0 1.1 0.0 0.0 0.0 0.0 1.1 0.0 -9.609 0.05 6.704 1.0]
	ConcatTransform [0.726071 0.656063 -0.205919 0.0 -0.601592 0.751118 0.271863 0.0 0.333029 -0.073513 0.940047 0.0 0.461909 -0.378432 0.2765 1.0]
263
	ConcatTransform [1.1 0.0 0.0 0.0 0.0 1.1 0.0 0.0 0.0 0.0 1.1 0.0 -9.609 0.05 6.704 1.0]
	ConcatTransform [0.725104 0.651436 -0.223281 0.0 -0.585105 0.753787 0.299092 0.0 0.363146 -0.08623 0.927733 0.0 0.454665 -0.377378 0.263765 1.0]
264
	ConcatTransform [1.1 0.0 0.0 0.0 0.0 1.1 0.0 0.0 0.0 0.0 1.1 0.0 -9.609 0.05 6.704 1.0]
	ConcatTransform [0.727478 0.640008 -0.247317 0.0 -0.551689 0.75992 0.343745 0.0 0.40794 -0.113625 0.905911 0.0 0.445761 -0.374799 0.249156 1.0]
265
	ConcatTransform [1.1 0.0 0.0 0.0 0.0 1.1 0.0 0.0 0.0 0.0 1.1 0.0 -9.609 0.05 6.704 1.0]
	ConcatTransform [0.724833 0.634738 -0.267815 0.0 -0.532694 0.762891 0.366381 0.0 0.43687 -0.122901 0.891089 0.0 0.440675 -0.374448 0.241667 1.0]
266
	ConcatTransform [1.1 0.0 0.0 0.0 0.0 1.1 0.0 0.0 0.0 0.0 1.1 0.0 -9.609 0.05 6.704 1.0]
	ConcatTransform [0.713325 0.631577 -0.303773 0.0 -0.511211 0.765404 0.390922 0.0 0.479406 -0.123563 0.868851 0.0 0.434554 -0.376001 0.233954 1.0]
267
	ConcatTransform [1.1 0.0 0.0 0.0 0.0 1.1 0.0 0.0 0.0 0.0 1.1 0.0 -9.609 0.05 6.704 1.0]
	ConcatTransform [0.707095 0.629914 -0.321286 0.0 -0.495279 0.76548 0.410778 0.0 0.504693 -0.131333 0.853251 0.0 0.432346 -0.377275 0.23199 1.0]
268
	ConcatTransform [1.1 0.0 0.0 0.0 0.0 1.1 0.0 0.0 0.0 0.0 1.1 0.0 -9.609 0.05 6.704 1.0]
	ConcatTransform [0.694895 0.628586 -0.349285 0.0 -0.478838 0.766841 0.427398 0.0 0.536503 -0.129745 0.833865 0.0 0.430906 -0.382667 0.232181 1.0]
269
	ConcatTransform [1.1 0.0 0.0 0.0 0.0 1.1 0.0 0.0 0.0 0.0 1.1 0.0 -9.609 0.05 6.704 1.0]
	ConcatTransform [0.68702 0.628275 -0.365067 0.0 -0.47346 0.768166 0.430995 0.0 0.551215 -0.123258 0.825209 0.0 0.431588 -0.387188 0.234698 1.0]
270
	ConcatTransform [1.1 0.0 0.0 0.0 0.0 1.1 0.0 0.0 0.0 0.0 1.1 0.0 -9.609 0.05 6.704 1.0]
	ConcatTransform [0.672563 0.63131 -0.386143 0.0 -0.474529 0.768296 0.429585 0.0 0.567874 -0.105687 0.816303 0.0 0.436164 -0.393128 0.241716 1.0]
271
	ConcatTransform [1.1 0.0 0.0 0.0 0.0 1.1 0.0 0.0 0.0 0.0 1.1 0.0 -9.609 0.05 6.704 1.0]
	ConcatTransform [0.660132 0.634842 -0.4015 0.0 -0.482104 0.767977 0.421649 0.0 0.576023 -0.084779 0.813025 0.0 0.441652 -0.39757 0.247723 1.0]
272
	ConcatTransform [1.1 0.0 0.0 0.0 0.0 1.1 0.0 0.0 0.0 0.0 1.1 0.0 -9.609 0.05 6.704 1.0]
	ConcatTransform [0.644168 0.637757 -0.422271 0.0 -0.496949 0.768638 0.402787 0.0 0.581454 -0.049616 0.812065 0.0 0.452708 -0.403473 0.258529 1.0]
273
	ConcatTransform [1.1 0.0 0.0 0.0 0.0 1.1 0.0 0.0 0.0 0.0 1.1 0.0 -9.609 0.05 6.704 1.0]
	ConcatTransform [0.626541 0.646266 -0.435645 0.0 -0.501152 0.762141 0.409863 0.0 0.596904 -0.038471 0.80139 0.0 0.461291 -0.404976 0.265661 1.0]
274
	ConcatTransform [1.1 0.0 0.0 0.0 0.0 1.1 0.0 0.0 0.0 0.0 1.1 0.0 -9.609 0.05 6.704 1.0]
	ConcatTransform [0.597021 0.654158 -0.464374 0.0 -0.502811 0.756177 0.41878 0.0 0.625097 -0.016529 0.780372 0.0 0.475499 -0.407689 0.276055 1.0]
275
	ConcatTransform [1.1 0.0 0.0 0.0 0.0 1.1 0.0 0.0 0.0 0.0 1.1 0.0 -9.609 0.05 6.704 1.0]
	ConcatTransform [0.58097 0.656866 -0.480626 0.0 -0.509493 0.753996 0.414615 0.0 0.634737 0.003997 0.772718 0.0 0.485742 -0.410184 0.28286 1.0]
276
	ConcatTransform [1.1 0.0 0.0 0.0 0.0 1.1 0.0 0.0 0.0 0.0 1.1 0.0 -9.609 0.05 6.704 1.0]
	ConcatTransform [0.57493 0.658535 -0.485579 0.0 -0.523544 0.752163 0.400191 0.0 0.628775 0.02414 0.777213 0.0 0.501261 -0.410078 0.291607 1.0]
277
	ConcatTransform [1.1 0.0 0.0 0.0 0.0 1.1 0.0 0.0 0.0 0.0 1.1 0.0 -9.609 0.05 6.704 1.0]
	ConcatTransform [0.569942 0.662474 -0.486101 0.0 -0.537565 0.748042 0.389174 0.0 0.621442 0.039505 0.782464 0.0 0.510666 -0.409939 0.29529 1.0]
278
	ConcatTransform [1.1 0.0 0.0 0.0 0.0 1.1 0.0 0.0 0.0 0.0 1.1 0.0 -9.609 0.05 6.704 1.0]
	ConcatTransform [0.564947 0.672907 -0.477526 0.0 -0.555356 0.738118 0.383094 0.0 0.610257 0.04877 0.790701 0.0 0.523404 -0.409137 0.297779 1.0]
279
	ConcatTransform [1.1 0.0 0.0 0.0 0.0 1.1 0.0 0.0 0.0 0.0 1.1 0.0 -9.609 0.05 6.704 1.0]
	ConcatTransform [0.563998 0.679468 -0.469285 0.0 -0.566446 0.731849 0.378861 0.0 0.60087 0.052148 0.797644 0.0 0.530734 -0.408487 0.29716 1.0]
280
	ConcatTransform [1.1 0.0 0.0 0.0 0.0 1.1 0.0 0.0 0.0 0.0 1.1 0.0 -9.609 0.05 6.704 1.0]
	ConcatTransform [0.562335 0.691018 -0.454173 0.0 -0.584429 0.720685 0.372901 0.0 0.584997 0.055737 0.809118 0.0 0.540254 -0.408946 0.29411 1.0]
281
	ConcatTransform [1.1 0.0 0.0 0.0 0.0 1.1 0.0 0.0 0.0 0.0 1.1 0.0 -9.609 0.05 6.704 1.0]
	ConcatTransform [0.555882 0.699977 -0.448361 0.0 -0.599115 0.711269 0.367639 0.0 0.576244 0.064256 0.814748 0.0 0.54577 -0.409143 0.291541 1.0]
282
	ConcatTransform [1.1 0.0 0.0 0.0 0.0 1.1 0.0 0.0 0.0 0.0 1.1 0.0 -9.609 0.05 6.704 1.0]
	ConcatTransform [0.553665 0.702077 -0.447819 0.0 -0.602821 0.708918 0.366117 0.0 0.57451 0.067249 0.81573 0.0 0.552875 -0.409562 0.286378 1.0]
283
	ConcatTransform [1.1 0.0 0.0 0.0 0.0 1.1 0.0 0.0 0.0 0.0 1.1 0.0 -9.609 0.05 6.704 1.0]
	ConcatTransform [0.55386 0.700795 -0.449584 0.0 -0.600627 0.71024 0.367161 0.0 0.576617 0.066676 0.814289 0.0 0.556861 -0.410001 0.281934 1.0]
284
	ConcatTransform [1.1 0.0 0.0 0.0 0.0 1.1 0.0 0.0 0.0 0.0 1.1 0.0 -9.609 0.05 6.704 1.0]
	ConcatTransform [0.550712 0.704392 -0.447826 0.0 -0.596599 0.707401 0.379016 0.0 0.583768 0.058444 0.809814 0.0 0.562151 -0.411132 0.273706 1.0]
285
	ConcatTransform [1.1 0.0 0.0 0.0 0.0 1.1 0.0 0.0 0.0 0.0 1.1 0.0 -9.609 0.05 6.704 1.0]
	ConcatTransform [0.547149 0.707872 -0.446705 0.0 -0.592794 0.704477 0.390266 0.0 0.590952 0.05127 0.805076 0.0 0.564994 -0.412263 0.267221 1.0]
286
	ConcatTransform [1.1 0.0 0.0 0.0 0.0 1.1 0.0 0.0 0.0 0.0 1.1 0.0 -9.609 0.05 6.704 1.0]
	ConcatTransform [0.538398 0.712952 -0.449252 0.0 -0.588619 0.699675 0.404946 0.0 0.603038 0.046416 0.796361 0.0 0.568997 -0.415843 0.25571 1.0]
287
	ConcatTransform [1.1 0.0 0.0 0.0 0.0 1.1 0.0 0.0 0.0 0.0 1.1 0.0 -9.609 0.05 6.704 1.0]
	ConcatTransform [0.527751 0.721626 -0.448034 0.0 -0.586662 0.691122 0.42211 0.0 0.614252 0.040075 0.788092 0.0 0.571076 -0.416521 0.24662 1.0]
288
	ConcatTransform [1.1 0.0 0.0 0.0 0.0 1.1 0.0 0.0 0.0 0.0 1.1 0.0 -9.609 0.05 6.704 1.0]
	ConcatTransform [0.513546 0.731908 -0.447863 0.0 -0.576313 0.680906 0.451919 0.0 0.635716 0.026028 0.771484 0.0 0.573076 -0.417742 0.231647 1.0]
289
	ConcatTransform [1.1 0.0 0.0 0.0 0.0 1.1 0.0 0.0 0.0 0.0 1.1 0.0 -9.609 0.05 6.704 1.0]
	ConcatTransform [0.504156 0.736767 -0.450558 0.0 -0.564306 0.675974 0.473938 0.0 0.653747 0.015314 0.756558 0.0 0.572918 -0.418536 0.221591 1.0]
290
	ConcatTransform [1.1 0.0 0.0 0.0 0.0 1.1 0.0 0.0 0.0 0.0 1.1 0.0 -9.609 0.05 6.704 1.0]
	ConcatTransform [0.492328 0.740219 -0.457919 0.0 -0.536933 0.672348 0.50956 0.0 0.685066 -0.004999 0.728463 0.0 0.571118 -0.419464 0.207364 1.0]
291
	ConcatTransform [1.1 0.0 0.0 0.0 0.0 1.1 0.0 0.0 0.0 0.0 1.1 0.0 -9.609 0.05 6.704 1.0]
	ConcatTransform [0.48466 0.740928 -0.464898 0.0 -0.517015 0.67137 0.530997 0.0 0.705549 -0.016994 0.708457 0.0 0.569281 -0.419563 0.198127 1.0]
292
	ConcatTransform [1.1 0.0 0.0 0.0 0.0 1.1 0.0 0.0 0.0 0.0 1.1 0.0 -9.609 0.05 6.704 1.0]
	ConcatTransform [0.464501 0.750706 -0.469765 0.0 -0.494726 0.659944 0.565439 0.0 0.734497 -0.030242 0.677938 0.0 0.566072 -0.420062 0.184359 1.0]
293
	ConcatTransform [1.1 0.0 0.0 0.0 0.0 1.1 0.0 0.0 0.0 0.0 1.1 0.0 -9.609 0.05 6.704 1.0]
	ConcatTransform [0.457142 0.753888 -0.471883 0.0 -0.475127 0.655519 0.586983 0.0 0.751848 -0.04413 0.657858 0.0 0.564183 -0.419589 0.175564 1.0]
294
	ConcatTransform [1.1 0.0 0.0 0.0 0.0 1.1 0.0 0.0 0.0 0.0 1.1 0.0 -9.609 0.05 6.704 1.0]
	ConcatTransform [0.451546 0.758502 -0.469874 0.0 -0.445029 0.647896 0.618208 0.0 0.773341 -0.070042 0.63011 0.0 0.561572 -0.418843 0.163599 1.0]
295
	ConcatTransform [1.1 0.0 0.0 0.0 0.0 1.1 0.0 0.0 0.0 0.0 1.1 0.0 -9.609 0.05 6.704 1.0]
	ConcatTransform [0.451438 0.76161 -0.464923 0.0 -0.436143 0.642893 0.629657 0.0 0.778449 -0.081479 0.622397 0.0 0.55971 -0.418036 0.157145 1.0]
296
	ConcatTransform [1.1 0.0 0.0 0.0 0.0 1.1 0.0 0.0 0.0 0.0 1.1 0.0 -9.609 0.05 6.704 1.0]
	ConcatTransform [0.459267 0.763931 -0.453302 0.0 -0.434679 0.638306 0.635311 0.0 0.774679 -0.094736 0.625218 0.0 0.556981 -0.41671 0.150136 1.0]
297
	ConcatTransform [1.1 0.0 0.0 0.0 0.0 1.1 0.0 0.0 0.0 0.0 1.1 0.0 -9.609 0.05 6.704 1.0]
	ConcatTransform [0.466677 0.763761 -0.445961 0.0 -0.435387 0.637298 0.635838 0.0 0.769838 -0.102565 0.629944 0.0 0.555505 -0.416282 0.147169 1.0]
298
	ConcatTransform [1.1 0.0 0.0 0.0 0.0 1.1 0.0 0.0 0.0 0.0 1.1 0.0 -9.609 0.05 6.704 1.0]
	ConcatTransform [0.475144 0.763677 -0.437077 0.0 -0.439496 0.636306 0.634002 0.0 0.762287 -0.109148 0.63797 0.0 0.55438 -0.41626 0.144754 1.0]
299
	ConcatTransform [1.1 0.0 0.0 0.0 0.0 1.1 0.0 0.0 0.0 0.0 1.1 0.0 -9.609 0.05 6.704 1.0]
	ConcatTransform [0.477598 0.76316 -0.4353 0.0 -0.442371 0.636956 0.631344 0.0 0.759083 -0.108964 0.641809 0.0 0.554336 -0.41646 0.144391 1.0]
300
	ConcatTransform [1.1 0.0 0.0 0.0 0.0 1.1 0.0 0.0 0.0 0.0 1.1 0.0 -9.609 0.05 6.704 1.0]
	ConcatTransform [0.478466 0.761868 -0.436608 0.0 -0.447288 0.639334 0.625448 0.0 0.755648 -0.103966 0.646674 0.0 0.555366 -0.416886 0.145776 1.0]
301
	ConcatTransform [1.1 0.0 0.0 0.0 0.0 1.1 0.0 0.0 0.0 0.0 1.1 0.0 -9.609 0.05 6.704 1.0]
	ConcatTransform [0.473319 0.762715 -0.440721 0.0 -0.453504 0.639902 0.620371 0.0 0.755184 -0.093765 0.648772 0.0 0.556673 -0.41776 0.147636 1.0]
302
	ConcatTransform [1.1 0.0 0.0 0.0 0.0 1.1 0.0 0.0 0.0 0.0 1.1 0.0 -9.609 0.05 6.704 1.0]
	ConcatTransform [0.466497 0.761342 -0.450264 0.0 -0.462562 0.643875 0.609476 0.0 0.753934 -0.076044 0.652534 0.0 0.559784 -0.418792 0.15184 1.0]
303
	ConcatTransform [1.1 0.0 0.0 0.0 0.0 1.1 0.0 0.0 0.0 0.0 1.1 0.0 -9.609 0.05 6.704 1.0]
	ConcatTransform [0.460906 0.75953 -0.458998 0.0 -0.470363 0.647664 0.599408 0.0 0.752545 -0.060375 0.655767 0.0 0.562341 -0.419133 0.155462 1.0]
304
	ConcatTransform [1.1 0.0 0.0 0.0 0.0 1.1 0.0 0.0 0.0 0.0 1.1 0.0 -9.609 0.05 6.704 1.0]
	ConcatTransform [0.457294 0.755906 -0.468497 0.0 -0.475433 0.653002 0.589535 0.0 0.751562 -0.046852 0.657996 0.0 0.566191 -0.419283 0.162034 1.0]
305
	ConcatTransform [1.1 0.0 0.0 0.0 0.0 1.1 0.0 0.0 0.0 0.0 1.1 0.0 -9.609 0.05 6.704 1.0]
	ConcatTransform [0.455266 0.752821 -0.475387 0.0 -0.478185 0.65713 0.582683 0.0 0.751047 -0.037952 0.659157 0.0 0.568456 -0.419547 0.166922 1.0]
306
	ConcatTransform [1.1 0.0 0.0 0.0 0.0 1.1 0.0 0.0 0.0 0.0 1.1 0.0 -9.609 0.05 6.704 1.0]
	ConcatTransform [0.452651 0.746981 -0.486957 0.0 -0.481231 0.664394 0.571838 0.0 0.750683 -0.024504 0.660208 0.0 0.571685 -0.419873 0.174721 1.0]
307
	ConcatTransform [1.1 0.0 0.0 0.0 0.0 1.1 0.0 0.0 0.0 0.0 1.1 0.0 -9.609 0.05 6.704 1.0]
	ConcatTransform [0.451317 0.741893 -0.495892 0.0 -0.482371 0.670344 0.563876 0.0 0.750754 -0.015283 0.660405 0.0 0.57371 -0.419997 0.180045 1.0]
308
	ConcatTransform [1.1 0.0 0.0 0.0 0.0 1.1 0.0 0.0 0.0 0.0 1.1 0.0 -9.609 0.05 6.704 1.0]
	ConcatTransform [0.449159 0.73481 -0.508243 0.0 -0.478231 0.678231 0.557941 0.0 0.754686 -0.007547 0.656042 0.0 0.576102 -0.420024 0.18724 1.0]
309
	ConcatTransform [1.1 0.0 0.0 0.0 0.0 1.1 0.0 0.0 0.0 0.0 1.1 0.0 -9.609 0.05 6.704 1.0]
	ConcatTransform [0.444725 0.731543 -0.516783 0.0 -0.475425 0.681794 0.555993 0.0 0.759072 -0.001572 0.651005 0.0 0.576843 -0.419824 0.19146 1.0]
310
	ConcatTransform [1.1 0.0 0.0 0.0 0.0 1.1 0.0 0.0 0.0 0.0 1.1 0.0 -9.609 0.05 6.704 1.0]
	ConcatTransform [0.442984 0.724203 -0.528483 0.0 -0.467378 0.689584 0.553202 0.0 0.765064 0.001942 0.643951 0.0 0.576886 -0.420158 0.196955 1.0]
311
	ConcatTransform [1.1 0.0 0.0 0.0 0.0 1.1 0.0 0.0 0.0 0.0 1.1 0.0 -9.609 0.05 6.704 1.0]
	ConcatTransform [0.439262 0.719651 -0.537728 0.0 -0.4582 0.694331 0.554938 0.0 0.772724 0.002624 0.634737 0.0 0.576383 -0.420817 0.200147 1.0]
312
	ConcatTransform [1.1 0.0 0.0 0.0 0.0 1.1 0.0 0.0 0.0 0.0 1.1 0.0 -9.609 0.05 6.704 1.0]
	ConcatTransform [0.434054 0.709985 -0.554544 0.0 -0.444046 0.704193 0.554017 0.0 0.78385 0.005769 0.620924 0.0 0.575051 -0.421267 0.204835 1.0]
313
	ConcatTransform [1.1 0.0 0.0 0.0 0.0 1.1 0.0 0.0 0.0 0.0 1.1 0.0 -9.609 0.05 6.704 1.0]
	ConcatTransform [0.431626 0.702869 -0.565397 0.0 -0.4359 0.711269 0.551441 0.0 0.78974 0.00844 0.613383 0.0 0.574075 -0.421776 0.207612 1.0]
314
	ConcatTransform [1.1 0.0 0.0 0.0 0.0 1.1 0.0 0.0 0.0 0.0 1.1 0.0 -9.609 0.05 6.704 1.0]
	ConcatTransform [0.429111 0.694406 -0.577636 0.0 -0.424874 0.719518 0.549341 0.0 0.797086 0.009694 0.603788 0.0 0.572452 -0.422328 0.211161 1.0]
315
	ConcatTransform [1.1 0.0 0.0 0.0 0.0 1.1 0.0 0.0 0.0 0.0 1.1 0.0 -9.609 0.05 6.704 1.0]
	ConcatTransform [0.4248 0.69002 -0.586018 0.0 -0.419653 0.72367 0.547898 0.0 0.802145 0.013178 0.596984 0.0 0.571269 -0.422229 0.213071 1.0]
316
	ConcatTransform [1.1 0.0 0.0 0.0 0.0 1.1 0.0 0.0 0.0 0.0 1.1 0.0 -9.609 0.05 6.704 1.0]
	ConcatTransform [0.417359 0.684433 -0.597799 0.0 -0.41195 0.728853 0.546873 0.0 0.810005 0.018021 0.586146 0.0 0.569568 -0.422032 0.215315 1.0]
317
	ConcatTransform [1.1 0.0 0.0 0.0 0.0 1.1 0.0 0.0 0.0 0.0 1.1 0.0 -9.609 0.05 6.704 1.0]
	ConcatTransform [0.412087 0.681562 -0.604697 0.0 -0.405971 0.731494 0.547817 0.0 0.815703 0.019741 0.578133 0.0 0.568609 -0.422036 0.216358 1.0]
318
	ConcatTransform [1.1 0.0 0.0 0.0 0.0 1.1 0.0 0.0 0.0 0.0 1.1 0.0 -9.609 0.05 6.704 1.0]
	ConcatTransform [0.4038 0.679446 -0.612616 0.0 -0.397361 0.733432 0.551526 0.0 0.824045 0.020724 0.566146 0.0 0.567503 -0.421934 0.217181 1.0]
319
	ConcatTransform [1.1 0.0 0.0 0.0 0.0 1.1 0.0 0.0 0.0 0.0 1.1 0.0 -9.609 0.05 6.704 1.0]
	ConcatTransform [0.39945 0.677986 -0.617069 0.0 -0.39312 0.734752 0.552807 0.0 0.828189 0.021763 0.560027 0.0 0.566992 -0.421844 0.217262 1.0]
320
	ConcatTransform [1.1 0.0 0.0 0.0 0.0 1.1 0.0 0.0 0.0 0.0 1.1 0.0 -9.609 0.05 6.704 1.0]
	ConcatTransform [0.396002 0.677483 -0.619838 0.0 -0.389714 0.735211 0.554605 0.0 0.831448 0.021935 0.55517 0.0 0.566615 -0.422167 0.217086 1.0]
321
	ConcatTransform [1.1 0.0 0.0 0.0 0.0 1.1 0.0 0.0 0.0 0.0 1.1 0.0 -9.609 0.05 6.704 1.0]
	ConcatTransform [0.392279 0.676549 -0.623216 0.0 -0.389388 0.735959 0.553843 0.0 0.833363 0.025412 0.552141 0.0 0.566728 -0.421747 0.216589 1.0]
322
	ConcatTransform [1.1 0.0 0.0 0.0 0.0 1.1 0.0 0.0 0.0 0.0 1.1 0.0 -9.609 0.05 6.704 1.0]
	ConcatTransform [0.38721 0.677863 -0.624956 0.0 -0.3872 0.734718 0.557015 0.0 0.836747 0.026301 0.546958 0.0 0.567659 -0.421359 0.215373 1.0]
323
	ConcatTransform [1.1 0.0 0.0 0.0 0.0 1.1 0.0 0.0 0.0 0.0 1.1 0.0 -9.609 0.05 6.704 1.0]
	ConcatTransform [0.385657 0.679718 -0.623901 0.0 -0.388198 0.732985 0.558601 0.0 0.837001 0.026769 0.546546 0.0 0.568426 -0.4211 0.214133 1.0]
324
	ConcatTransform [1.1 0.0 0.0 0.0 0.0 1.1 0.0 0.0 0.0 0.0 1.1 0.0 -9.609 0.05 6.704 1.0]
	ConcatTransform [0.386623 0.682346 -0.620424 0.0 -0.39134 0.730551 0.559597 0.0 0.83509 0.026444 0.549477 0.0 0.569738 -0.420684 0.21171 1.0]
325
	ConcatTransform [1.1 0.0 0.0 0.0 0.0 1.1 0.0 0.0 0.0 0.0 1.1 0.0 -9.609 0.05 6.704 1.0]
	ConcatTransform [0.386553 0.68468 -0.617892 0.0 -0.394811 0.728326 0.560058 0.0 0.833488 0.027458 0.551856 0.0 0.570583 -0.420633 0.209718 1.0]
326
	ConcatTransform [1.1 0.0 0.0 0.0 0.0 1.1 0.0 0.0 0.0 0.0 1.1 0.0 -9.609 0.05 6.704 1.0]
	ConcatTransform [0.388327 0.689032 -0.611913 0.0 -0.397617 0.724314 0.563267 0.0 0.831326 0.024575 0.555241 0.0 0.571716 -0.420799 0.206343 1.0]
327
	ConcatTransform [1.1 0.0 0.0 0.0 0.0 1.1 0.0 0.0 0.0 0.0 1.1 0.0 -9.609 0.05 6.704 1.0]
	ConcatTransform [0.388109 0.691333 -0.60945 0.0 -0.398335 0.722161 0.56552 0.0 0.831084 0.023282 0.555659 0.0 0.572379 -0.420879 0.203824 1.0]
328
	ConcatTransform [1.1 0.0 0.0 0.0 0.0 1.1 0.0 0.0 0.0 0.0 1.1 0.0 -9.609 0.05 6.704 1.0]
	ConcatTransform [0.390477 0.694774 -0.604001 0.0 -0.400859 0.718939 0.567837 0.0 0.828758 0.020392 0.559236 0.0 0.573631 -0.421217 0.20004 1.0]
329
	ConcatTransform [1.1 0.0 0.0 0.0 0.0 1.1 0.0 0.0 0.0 0.0 1.1 0.0 -9.609 0.05 6.704 1.0]
	ConcatTransform [0.3901 0.697741 -0.600816 0.0 -0.404227 0.716047 0.569102 0.0 0.827298 0.02086 0.561375 0.0 0.574427 -0.421307 0.197636 1.0]
330
	ConcatTransform [1.1 0.0 0.0 0.0 0.0 1.1 0.0 0.0 0.0 0.0 1.1 0.0 -9.609 0.05 6.704 1.0]
	ConcatTransform [0.388941 0.701663 -0.596987 0.0 -0.408102 0.712185 0.571179 0.0 0.82594 0.021477 0.563348 0.0 0.575626 -0.421402 0.194024 1.0]
331
	ConcatTransform [1.1 0.0 0.0 0.0 0.0 1.1 0.0 0.0 0.0 0.0 1.1 0.0 -9.609 0.05 6.704 1.0]
	ConcatTransform [0.388788 0.705377 -0.592695 0.0 -0.410206 0.708553 0.57418 0.0 0.824969 0.019893 0.564827 0.0 0.576446 -0.421465 0.191647 1.0]
332
	ConcatTransform [1.1 0.0 0.0 0.0 0.0 1.1 0.0 0.0 0.0 0.0 1.1 0.0 -9.609 0.05 6.704 1.0]
	ConcatTransform [0.387956 0.709015 -0.588887 0.0 -0.412151 0.704944 0.577223 0.0 0.824392 0.018774 0.565708 0.0 0.577674 -0.421357 0.187994 1.0]
333
	ConcatTransform [1.1 0.0 0.0 0.0 0.0 1.1 0.0 0.0 0.0 0.0 1.1 0.0 -9.609 0.05 6.704 1.0]
	ConcatTransform [0.384853 0.711289 -0.58818 0.0 -0.412333 0.702633 0.579904 0.0 0.825754 0.019348 0.563698 0.0 0.578531 -0.421275 0.185527 1.0]
334
	ConcatTransform [1.1 0.0 0.0 0.0 0.0 1.1 0.0 0.0 0.0 0.0 1.1 0.0 -9.609 0.05 6.704 1.0]
	ConcatTransform [0.381879 0.712188 -0.589031 0.0 -0.41117 0.701704 0.581851 0.0 0.827712 0.019995 0.560796 0.0 0.579973 -0.4213 0.181768 1.0]
335
	ConcatTransform [1.1 0.0 0.0 0.0 0.0 1.1 0.0 0.0 0.0 0.0 1.1 0.0 -9.609 0.05 6.704 1.0]
	ConcatTransform [0.379231 0.714311 -0.58817 0.0 -0.409127 0.699585 0.585829 0.0 0.829939 0.018472 0.557548 0.0 0.581329 -0.421029 0.179388 1.0]
336
	ConcatTransform [1.1 0.0 0.0 0.0 0.0 1.1 0.0 0.0 0.0 0.0 1.1 0.0 -9.609 0.05 6.704 1.0]
	ConcatTransform [0.37156 0.718325 -0.588177 0.0 -0.409291 0.695383 0.590698 0.0 0.833321 0.021256 0.55238 0.0 0.583221 -0.421278 0.176039 1.0]
337
	ConcatTransform [1.1 0.0 0.0 0.0 0.0 1.1 0.0 0.0 0.0 0.0 1.1 0.0 -9.609 0.05 6.704 1.0]
	ConcatTransform [0.367221 0.720514 -0.588225 0.0 -0.407616 0.693108 0.594517 0.0 0.836061 0.021451 0.548217 0.0 0.584404 -0.421387 0.173996 1.0]
338
	ConcatTransform [1.1 0.0 0.0 0.0 0.0 1.1 0.0 0.0 0.0 0.0 1.1 0.0 -9.609 0.05 6.704 1.0]
	ConcatTransform [0.362667 0.72438 -0.586299 0.0 -0.406036 0.6891 0.60023 0.0 0.838813 0.020375 0.544038 0.0 0.585673 -0.421517 0.17106 1.0]
339
	ConcatTransform [1.1 0.0 0.0 0.0 0.0 1.1 0.0 0.0 0.0 0.0 1.1 0.0 -9.609 0.05 6.704 1.0]
	ConcatTransform [0.359339 0.725356 -0.587141 0.0 -0.403517 0.688078 0.603094 0.0 0.841457 0.020206 0.539947 0.0 0.586153 -0.421576 0.169341 1.0]
340
	ConcatTransform [1.1 0.0 0.0 0.0 0.0 1.1 0.0 0.0 0.0 0.0 1.1 0.0 -9.609 0.05 6.704 1.0]
	ConcatTransform [0.353041 0.727222 -0.588651 0.0 -0.399567 0.686094 0.607964 0.0 0.845995 0.020569 0.532794 0.0 0.586553 -0.421433 0.166907 1.0]
341
	ConcatTransform [1.1 0.0 0.0 0.0 0.0 1.1 0.0 0.0 0.0 0.0 1.1 0.0 -9.609 0.05 6.704 1.0]
	ConcatTransform [0.350971 0.728356 -0.588487 0.0 -0.397978 0.684908 0.61034 0.0 0.847604 0.019993 0.530252 0.0 0.586675 -0.421358 0.165442 1.0]
342
	ConcatTransform [1.1 0.0 0.0 0.0 0.0 1.1 0.0 0.0 0.0 0.0 1.1 0.0 -9.609 0.05 6.704 1.0]
	ConcatTransform [0.348074 0.730062 -0.588094 0.0 -0.395561 0.683119 0.613906 0.0 0.849927 0.018943 0.52656 0.0 0.586666 -0.42126 0.163395 1.0]
343
	ConcatTransform [1.1 0.0 0.0 0.0 0.0 1.1 0.0 0.0 0.0 0.0 1.1 0.0 -9.609 0.05 6.704 1.0]
	ConcatTransform [0.345566 0.730962 -0.588455 0.0 -0.393578 0.682163 0.616238 0.0 0.851869 0.018652 0.523423 0.0 0.58661 -0.42127 0.162186 1.0]
344
	ConcatTransform [1.1 0.0 0.0 0.0 0.0 1.1 0.0 0.0 0.0 0.0 1.1 0.0 -9.609 0.05 6.704 1.0]
	ConcatTransform [0.342007 0.731285 -0.59013 0.0 -0.38992 0.681823 0.618934 0.0 0.854982 0.018424 0.518331 0.0 0.586268 -0.421223 0.160767 1.0]
345
	ConcatTransform [1.1 0.0 0.0 0.0 0.0 1.1 0.0 0.0 0.0 0.0 1.1 0.0 -9.609 0.05 6.704 1.0]
	ConcatTransform [0.342924 0.729747 -0.5915 0.0 -0.385308 0.683545 0.619922 0.0 0.856704 0.015324 0.515581 0.0 0.585611 -0.421691 0.160366 1.0]
346
	ConcatTransform [1.1 0.0 0.0 0.0 0.0 1.1 0.0 0.0 0.0 0.0 1.1 0.0 -9.609 0.05 6.704 1.0]
	ConcatTransform [0.344415 0.727148 -0.59383 0.0 -0.381355 0.686354 0.619263 0.0 0.857874 0.013177 0.513692 0.0 0.584399 -0.421722 0.160269 1.0]
347
	ConcatTransform [1.1 0.0 0.0 0.0 0.0 1.1 0.0 0.0 0.0 0.0 1.1 0.0 -9.609 0.05 6.704 1.0]
	ConcatTransform [0.341814 0.726835 -0.595713 0.0 -0.381493 0.686632 0.61887 0.0 0.858852 0.015722 0.511983 0.0 0.583618 -0.421724 0.160487 1.0]
348
	ConcatTransform [1.1 0.0 0.0 0.0 0.0 1.1 0.0 0.0 0.0 0.0 1.1 0.0 -9.609 0.05 6.704 1.0]
	ConcatTransform [0.340032 0.726719 -0.596873 0.0 -0.380828 0.68673 0.61917 0.0 0.859853 0.016768 0.510266 0.0 0.582799 -0.421202 0.160969 1.0]
349
	ConcatTransform [1.1 0.0 0.0 0.0 0.0 1.1 0.0 0.0 0.0 0.0 1.1 0.0 -9.609 0.05 6.704 1.0]
	ConcatTransform [0.340203 0.725712 -0.598 0.0 -0.380487 0.687783 0.61821 0.0 0.859937 0.017214 0.51011 0.0 0.582345 -0.420795 0.161457 1.0]
350
	ConcatTransform [1.1 0.0 0.0 0.0 0.0 1.1 0.0 0.0 0.0 0.0 1.1 0.0 -9.609 0.05 6.704 1.0]
	ConcatTransform [0.344227 0.722964 -0.599025 0.0 -0.382234 0.69066 0.61391 0.0 0.857557 0.017643 0.514086 0.0 0.581622 -0.420742 0.16251 1.0]
351
	ConcatTransform [1.1 0.0 0.0 0.0 0.0 1.1 0.0 0.0 0.0 0.0 1.1 0.0 -9.609 0.05 6.704 1.0]
	ConcatTransform [0.347132 0.721439 -0.599188 0.0 -0.383671 0.692252 0.611216 0.0 0.855743 0.017718 0.517097 0.0 0.58114 -0.420851 0.16336 1.0]
352
	ConcatTransform [1.1 0.0 0.0 0.0 0.0 1.1 0.0 0.0 0.0 0.0 1.1 0.0 -9.609 0.05 6.704 1.0]
	ConcatTransform [0.351674 0.720046 -0.598213 0.0 -0.387774 0.693679 0.606993 0.0 0.852031 0.018508 0.523164 0.0 0.580604 -0.421079 0.164563 1.0]
353
	ConcatTransform [1.1 0.0 0.0 0.0 0.0 1.1 0.0 0.0 0.0 0.0 1.1 0.0 -9.609 0.05 6.704 1.0]
	ConcatTransform [0.35553 0.718918 -0.59729 0.0 -0.389977 0.694859 0.604226 0.0 0.849421 0.018109 0.527405 0.0 0.580341 -0.421178 0.165283 1.0]
354
	ConcatTransform [1.1 0.0 0.0 0.0 0.0 1.1 0.0 0.0 0.0 0.0 1.1 0.0 -9.609 0.05 6.704 1.0]
	ConcatTransform [0.361492 0.716818 -0.596235 0.0 -0.393263 0.697035 0.599572 0.0 0.845381 0.017737 0.53387 0.0 0.57979 -0.421547 0.166486 1.0]
355
	ConcatTransform [1.1 0.0 0.0 0.0 0.0 1.1 0.0 0.0 0.0 0.0 1.1 0.0 -9.609 0.05 6.704 1.0]
	ConcatTransform [0.365432 0.715277 -0.595683 0.0 -0.395469 0.698617 0.59627 0.0 0.842653 0.017678 0.538167 0.0 0.579374 -0.421674 0.167497 1.0]
356
	ConcatTransform [1.1 0.0 0.0 0.0 0.0 1.1 0.0 0.0 0.0 0.0 1.1 0.0 -9.609 0.05 6.704 1.0]
	ConcatTransform [0.36946 0.713401 -0.595448 0.0 -0.39796 0.700522 0.592365 0.0 0.839718 0.01811 0.54272 0.0 0.578799 -0.421824 0.169322 1.0]
357
	ConcatTransform [1.1 0.0 0.0 0.0 0.0 1.1 0.0 0.0 0.0 0.0 1.1 0.0 -9.609 0.05 6.704 1.0]
	ConcatTransform [0.371602 0.71134 -0.59658 0.0 -0.398529 0.7026 0.589515 0.0 0.838502 0.01869 0.544577 0.0 0.57845 -0.422057 0.170748 1.0]
358
	ConcatTransform [1.1 0.0 0.0 0.0 0.0 1.1 0.0 0.0 0.0 0.0 1.1 0.0 -9.609 0.05 6.704 1.0]
	ConcatTransform [0.373149 0.707851 -0.599756 0.0 -0.399 0.70605 0.585057 0.0 0.837591 0.020989 0.545895 0.0 0.578058 -0.422192 0.172919 1.0]
359
	ConcatTransform [1.1 0.0 0.0 0.0 0.0 1.1 0.0 0.0 0.0 0.0 1.1 0.0 -9.609 0.05 6.704 1.0]
	ConcatTransform [0.373657 0.706102 -0.601499 0.0 -0.399007 0.707763 0.582979 0.0 0.837361 0.022168 0.546201 0.0 0.578037 -0.422334 0.174292 1.0]
360
	ConcatTransform [1.1 0.0 0.0 0.0 0.0 1.1 0.0 0.0 0.0 0.0 1.1 0.0 -9.609 0.05 6.704 1.0]
	ConcatTransform [0.452957 -0.88882 0.069495 0.0 0.535726 0.209049 -0.818105 0.0 0.71262 0.407797 0.570854 0.0 -21.868727 -69.280083 42.083786 1.0]
