228
	ConcatTransform [1.1 0.0 0.0 0.0 0.0 1.1 0.0 0.0 0.0 0.0 1.1 0.0 -9.609 0.05 6.704 1.0]
	ConcatTransform [0.940016 0.340771 0.015633 0.0 -0.339135 0.928591 0.150685 0.0 0.036833 -0.146949 0.988458 0.0 0.032217 0.01772 -0.015741 1.0]
229
	ConcatTransform [1.1 0.0 0.0 0.0 0.0 1.1 0.0 0.0 0.0 0.0 1.1 0.0 -9.609 0.05 6.704 1.0]
	ConcatTransform [0.706941 0.698135 0.113325 0.0 -0.689331 0.644245 0.331317 0.0 0.158295 -0.31234 0.936689 0.0 0.057617 0.023853 -0.028297 1.0]
230
	ConcatTransform [1.1 0.0 0.0 0.0 0.0 1.1 0.0 0.0 0.0 0.0 1.1 0.0 -9.609 0.05 6.704 1.0]
	ConcatTransform [0.360048 0.91779 0.167411 0.0 -0.870148 0.265649 0.415057 0.0 0.336463 -0.295113 0.89426 0.0 0.097614 0.016456 -0.04918 1.0]
231
	ConcatTransform [1.1 0.0 0.0 0.0 0.0 1.1 0.0 0.0 0.0 0.0 1.1 0.0 -9.609 0.05 6.704 1.0]
	ConcatTransform [0.276108 0.941272 0.194348 0.0 -0.862092 0.153143 0.483058 0.0 0.424926 -0.300922 0.853747 0.0 0.124342 0.003276 -0.062782 1.0]
232
	ConcatTransform [1.1 0.0 0.0 0.0 0.0 1.1 0.0 0.0 0.0 0.0 1.1 0.0 -9.609 0.05 6.704 1.0]
	ConcatTransform [0.18994 0.954718 0.228991 0.0 -0.82455 0.02851 0.56507 0.0 0.532953 -0.296144 0.792628 0.0 0.162953 -0.0315 -0.082906 1.0]
233
	ConcatTransform [1.1 0.0 0.0 0.0 0.0 1.1 0.0 0.0 0.0 0.0 1.1 0.0 -9.609 0.05 6.704 1.0]
	ConcatTransform [0.177734 0.951118 0.252555 0.0 -0.787228 -0.016578 0.616439 0.0 0.590493 -0.308381 0.745801 0.0 0.188956 -0.066709 -0.096256 1.0]
234
	ConcatTransform [1.1 0.0 0.0 0.0 0.0 1.1 0.0 0.0 0.0 0.0 1.1 0.0 -9.609 0.05 6.704 1.0]
	ConcatTransform [0.139181 0.955951 0.258431 0.0 -0.756113 -0.065935 0.651111 0.0 0.63947 -0.286025 0.71363 0.0 0.227782 -0.138091 -0.116772 1.0]
235
	ConcatTransform [1.1 0.0 0.0 0.0 0.0 1.1 0.0 0.0 0.0 0.0 1.1 0.0 -9.609 0.05 6.704 1.0]
	ConcatTransform [0.134564 0.960926 0.241896 0.0 -0.736803 -0.066201 0.672859 0.0 0.662582 -0.268772 0.699105 0.0 0.253133 -0.197021 -0.130206 1.0]
236
	ConcatTransform [1.1 0.0 0.0 0.0 0.0 1.1 0.0 0.0 0.0 0.0 1.1 0.0 -9.609 0.05 6.704 1.0]
	ConcatTransform [0.244261 0.949806 0.195461 0.0 -0.667601 0.018519 0.744289 0.0 0.703311 -0.31229 0.638615 0.0 0.289505 -0.300009 -0.148455 1.0]
237
	ConcatTransform [1.1 0.0 0.0 0.0 0.0 1.1 0.0 0.0 0.0 0.0 1.1 0.0 -9.609 0.05 6.704 1.0]
	ConcatTransform [0.372825 0.927438 0.029321 0.0 -0.676342 0.249981 0.692871 0.0 0.635266 -0.278151 0.720465 0.0 0.304367 -0.365268 -0.155974 1.0]
238
	ConcatTransform [1.1 0.0 0.0 0.0 0.0 1.1 0.0 0.0 0.0 0.0 1.1 0.0 -9.609 0.05 6.704 1.0]
	ConcatTransform [0.437384 0.898498 -0.03737 0.0 -0.584088 0.315437 0.747891 0.0 0.683766 -0.305288 0.662769 0.0 0.30144 -0.413849 -0.148489 1.0]
239
	ConcatTransform [1.1 0.0 0.0 0.0 0.0 1.1 0.0 0.0 0.0 0.0 1.1 0.0 -9.609 0.05 6.704 1.0]
	ConcatTransform [0.450663 0.888726 -0.084078 0.0 -0.545248 0.348611 0.762348 0.0 0.706829 -0.297719 0.641682 0.0 0.28915 -0.423874 -0.137456 1.0]
240
	ConcatTransform [1.1 0.0 0.0 0.0 0.0 1.1 0.0 0.0 0.0 0.0 1.1 0.0 -9.609 0.05 6.704 1.0]
	ConcatTransform [0.41504 0.895752 -0.159277 0.0 -0.519067 0.376914 0.767141 0.0 0.747202 -0.235719 0.62139 0.0 0.268157 -0.447041 -0.119933 1.0]
241
	ConcatTransform [1.1 0.0 0.0 0.0 0.0 1.1 0.0 0.0 0.0 0.0 1.1 0.0 -9.609 0.05 6.704 1.0]
	ConcatTransform [0.418061 0.881798 -0.218306 0.0 -0.488427 0.420814 0.764431 0.0 0.76594 -0.212953 0.606619 0.0 0.254092 -0.472977 -0.108159 1.0]
242
	ConcatTransform [1.1 0.0 0.0 0.0 0.0 1.1 0.0 0.0 0.0 0.0 1.1 0.0 -9.609 0.05 6.704 1.0]
	ConcatTransform [0.493344 0.827845 -0.266992 0.0 -0.394276 0.486429 0.779701 0.0 0.775343 -0.279392 0.566377 0.0 0.230395 -0.512668 -0.089371 1.0]
243
	ConcatTransform [1.1 0.0 0.0 0.0 0.0 1.1 0.0 0.0 0.0 0.0 1.1 0.0 -9.609 0.05 6.704 1.0]
	ConcatTransform [0.528557 0.79382 -0.300794 0.0 -0.356001 0.528949 0.770374 0.0 0.770643 -0.300103 0.562181 0.0 0.208436 -0.516576 -0.075147 1.0]
244
	ConcatTransform [1.1 0.0 0.0 0.0 0.0 1.1 0.0 0.0 0.0 0.0 1.1 0.0 -9.609 0.05 6.704 1.0]
	ConcatTransform [0.589821 0.72289 -0.359919 0.0 -0.284201 0.603008 0.745393 0.0 0.755871 -0.337359 0.561113 0.0 0.173897 -0.519403 -0.053071 1.0]
245
	ConcatTransform [1.1 0.0 0.0 0.0 0.0 1.1 0.0 0.0 0.0 0.0 1.1 0.0 -9.609 0.05 6.704 1.0]
	ConcatTransform [0.612852 0.689741 -0.385577 0.0 -0.241116 0.627908 0.739996 0.0 0.752513 -0.360539 0.551123 0.0 0.150588 -0.518794 -0.038197 1.0]
246
	ConcatTransform [1.1 0.0 0.0 0.0 0.0 1.1 0.0 0.0 0.0 0.0 1.1 0.0 -9.609 0.05 6.704 1.0]
	ConcatTransform [0.632587 0.644824 -0.428994 0.0 -0.18446 0.663406 0.725167 0.0 0.752202 -0.379599 0.538606 0.0 0.117332 -0.515898 -0.016651 1.0]
247
	ConcatTransform [1.1 0.0 0.0 0.0 0.0 1.1 0.0 0.0 0.0 0.0 1.1 0.0 -9.609 0.05 6.704 1.0]
	ConcatTransform [0.629951 0.628546 -0.45617 0.0 -0.157725 0.678668 0.71731 0.0 0.76045 -0.379921 0.526665 0.0 0.096734 -0.513852 -0.003242 1.0]
248
	ConcatTransform [1.1 0.0 0.0 0.0 0.0 1.1 0.0 0.0 0.0 0.0 1.1 0.0 -9.609 0.05 6.704 1.0]
	ConcatTransform [0.615774 0.603319 -0.506784 0.0 -0.12371 0.709241 0.694026 0.0 0.778151 -0.364669 0.511369 0.0 0.068795 -0.510557 0.014817 1.0]
249
	ConcatTransform [1.1 0.0 0.0 0.0 0.0 1.1 0.0 0.0 0.0 0.0 1.1 0.0 -9.609 0.05 6.704 1.0]
	ConcatTransform [0.604917 0.593807 -0.530536 0.0 -0.103976 0.71946 0.686707 0.0 0.789471 -0.360238 0.496955 0.0 0.05213 -0.509085 0.025598 1.0]
250
	ConcatTransform [1.1 0.0 0.0 0.0 0.0 1.1 0.0 0.0 0.0 0.0 1.1 0.0 -9.609 0.05 6.704 1.0]
	ConcatTransform [0.592611 0.587834 -0.550693 0.0 -0.0742 0.720608 0.689361 0.0 0.802064 -0.367661 0.470657 0.0 0.030168 -0.508066 0.039475 1.0]
251
	ConcatTransform [1.1 0.0 0.0 0.0 0.0 1.1 0.0 0.0 0.0 0.0 1.1 0.0 -9.609 0.05 6.704 1.0]
	ConcatTransform [0.580765 0.583324 -0.567843 0.0 -0.05644 0.724708 0.686741 0.0 0.812113 -0.366785 0.453808 0.0 0.017633 -0.507365 0.046616 1.0]
252
	ConcatTransform [1.1 0.0 0.0 0.0 0.0 1.1 0.0 0.0 0.0 0.0 1.1 0.0 -9.609 0.05 6.704 1.0]
	ConcatTransform [0.558041 0.58189 -0.591603 0.0 -0.035723 0.729119 0.683454 0.0 0.829044 -0.360262 0.427665 0.0 0.001535 -0.508053 0.054353 1.0]
253
	ConcatTransform [1.1 0.0 0.0 0.0 0.0 1.1 0.0 0.0 0.0 0.0 1.1 0.0 -9.609 0.05 6.704 1.0]
	ConcatTransform [0.548775 0.584938 -0.597238 0.0 -0.01903 0.722981 0.690605 0.0 0.835753 -0.367622 0.407885 0.0 -0.007161 -0.508958 0.057587 1.0]
254
	ConcatTransform [1.1 0.0 0.0 0.0 0.0 1.1 0.0 0.0 0.0 0.0 1.1 0.0 -9.609 0.05 6.704 1.0]
	ConcatTransform [0.525411 0.603632 -0.599642 0.0 -0.00412 0.706555 0.707646 0.0 0.850838 -0.369334 0.373719 0.0 -0.01768 -0.511427 0.059482 1.0]
255
	ConcatTransform [1.1 0.0 0.0 0.0 0.0 1.1 0.0 0.0 0.0 0.0 1.1 0.0 -9.609 0.05 6.704 1.0]
	ConcatTransform [0.510953 0.608215 -0.607455 0.0 0.00589 0.704171 0.710006 0.0 0.859589 -0.366358 0.356215 0.0 -0.022626 -0.51151 0.058329 1.0]
256
	ConcatTransform [1.1 0.0 0.0 0.0 0.0 1.1 0.0 0.0 0.0 0.0 1.1 0.0 -9.609 0.05 6.704 1.0]
	ConcatTransform [0.520634 0.611999 -0.595314 0.0 0.016283 0.690024 0.723603 0.0 0.853625 -0.386426 0.349284 0.0 -0.027201 -0.511567 0.05395 1.0]
257
	ConcatTransform [1.1 0.0 0.0 0.0 0.0 1.1 0.0 0.0 0.0 0.0 1.1 0.0 -9.609 0.05 6.704 1.0]
	ConcatTransform [0.52708 0.618061 -0.583255 0.0 0.010673 0.681463 0.731775 0.0 0.849749 -0.391929 0.352589 0.0 -0.028489 -0.512332 0.049419 1.0]
258
	ConcatTransform [1.1 0.0 0.0 0.0 0.0 1.1 0.0 0.0 0.0 0.0 1.1 0.0 -9.609 0.05 6.704 1.0]
	ConcatTransform [0.530484 0.643655 -0.551629 0.0 -0.014005 0.657306 0.753493 0.0 0.847579 -0.391991 0.357705 0.0 -0.027829 -0.5144 0.040742 1.0]
259
	ConcatTransform [1.1 0.0 0.0 0.0 0.0 1.1 0.0 0.0 0.0 0.0 1.1 0.0 -9.609 0.05 6.704 1.0]
	ConcatTransform [0.530668 0.659808 -0.53202 0.0 -0.025278 0.639734 0.768181 0.0 0.847203 -0.394201 0.356165 0.0 -0.025826 -0.516983 0.033932 1.0]
260
	ConcatTransform [1.1 0.0 0.0 0.0 0.0 1.1 0.0 0.0 0.0 0.0 1.1 0.0 -9.609 0.05 6.704 1.0]
	ConcatTransform [0.520304 0.683306 -0.512226 0.0 -0.0351 0.616415 0.786639 0.0 0.853259 -0.391313 0.344707 0.0 -0.019969 -0.517448 0.022481 1.0]
261
	ConcatTransform [1.1 0.0 0.0 0.0 0.0 1.1 0.0 0.0 0.0 0.0 1.1 0.0 -9.609 0.05 6.704 1.0]
	ConcatTransform [0.512734 0.699227 -0.498183 0.0 -0.042357 0.600158 0.798759 0.0 0.857502 -0.388449 0.337339 0.0 -0.01468 -0.517638 0.014499 1.0]
262
	ConcatTransform [1.1 0.0 0.0 0.0 0.0 1.1 0.0 0.0 0.0 0.0 1.1 0.0 -9.609 0.05 6.704 1.0]
	ConcatTransform [0.491587 0.737656 -0.462824 0.0 -0.068387 0.562535 0.82394 0.0 0.868139 -0.373387 0.326981 0.0 -0.005481 -0.521459 0.002709 1.0]
263
	ConcatTransform [1.1 0.0 0.0 0.0 0.0 1.1 0.0 0.0 0.0 0.0 1.1 0.0 -9.609 0.05 6.704 1.0]
	ConcatTransform [0.482099 0.747654 -0.456721 0.0 -0.08278 0.557842 0.825809 0.0 0.872197 -0.360314 0.330826 0.0 0.001687 -0.520134 -0.00485 1.0]
264
	ConcatTransform [1.1 0.0 0.0 0.0 0.0 1.1 0.0 0.0 0.0 0.0 1.1 0.0 -9.609 0.05 6.704 1.0]
	ConcatTransform [0.474631 0.75684 -0.449354 0.0 -0.102538 0.55459 0.825782 0.0 0.874192 -0.345866 0.34083 0.0 0.012402 -0.518673 -0.015355 1.0]
265
	ConcatTransform [1.1 0.0 0.0 0.0 0.0 1.1 0.0 0.0 0.0 0.0 1.1 0.0 -9.609 0.05 6.704 1.0]
	ConcatTransform [0.472212 0.762403 -0.442445 0.0 -0.114259 0.550637 0.826888 0.0 0.874048 -0.339914 0.347129 0.0 0.019326 -0.517974 -0.021685 1.0]
266
	ConcatTransform [1.1 0.0 0.0 0.0 0.0 1.1 0.0 0.0 0.0 0.0 1.1 0.0 -9.609 0.05 6.704 1.0]
	ConcatTransform [0.470456 0.773848 -0.424065 0.0 -0.1285 0.535525 0.834686 0.0 0.873017 -0.33819 0.35138 0.0 0.029125 -0.516909 -0.029978 1.0]
267
	ConcatTransform [1.1 0.0 0.0 0.0 0.0 1.1 0.0 0.0 0.0 0.0 1.1 0.0 -9.609 0.05 6.704 1.0]
	ConcatTransform [0.472405 0.779048 -0.412211 0.0 -0.1393 0.527803 0.837866 0.0 0.870304 -0.338391 0.357858 0.0 0.035092 -0.516306 -0.034689 1.0]
268
	ConcatTransform [1.1 0.0 0.0 0.0 0.0 1.1 0.0 0.0 0.0 0.0 1.1 0.0 -9.609 0.05 6.704 1.0]
	ConcatTransform [0.478865 0.783621 -0.39576 0.0 -0.163205 0.522415 0.836927 0.0 0.862585 -0.336185 0.378058 0.0 0.043025 -0.51574 -0.0404 1.0]
269
	ConcatTransform [1.1 0.0 0.0 0.0 0.0 1.1 0.0 0.0 0.0 0.0 1.1 0.0 -9.609 0.05 6.704 1.0]
	ConcatTransform [0.489743 0.783109 -0.383264 0.0 -0.176656 0.519602 0.835947 0.0 0.853782 -0.341693 0.392813 0.0 0.047697 -0.515583 -0.043141 1.0]
270
	ConcatTransform [1.1 0.0 0.0 0.0 0.0 1.1 0.0 0.0 0.0 0.0 1.1 0.0 -9.609 0.05 6.704 1.0]
	ConcatTransform [0.505726 0.783796 -0.360422 0.0 -0.206504 0.515626 0.831556 0.0 0.837614 -0.346111 0.422623 0.0 0.053607 -0.515366 -0.045548 1.0]
271
	ConcatTransform [1.1 0.0 0.0 0.0 0.0 1.1 0.0 0.0 0.0 0.0 1.1 0.0 -9.609 0.05 6.704 1.0]
	ConcatTransform [0.515143 0.785197 -0.343647 0.0 -0.234755 0.514865 0.824503 0.0 0.824329 -0.344064 0.449558 0.0 0.05674 -0.515236 -0.045986 1.0]
272
	ConcatTransform [1.1 0.0 0.0 0.0 0.0 1.1 0.0 0.0 0.0 0.0 1.1 0.0 -9.609 0.05 6.704 1.0]
	ConcatTransform [0.534249 0.782377 -0.320099 0.0 -0.279666 0.520933 0.806484 0.0 0.797725 -0.341343 0.497112 0.0 0.060258 -0.51567 -0.044927 1.0]
273
	ConcatTransform [1.1 0.0 0.0 0.0 0.0 1.1 0.0 0.0 0.0 0.0 1.1 0.0 -9.609 0.05 6.704 1.0]
	ConcatTransform [0.54447 0.781553 -0.304511 0.0 -0.307405 0.52371 0.7945 0.0 0.780419 -0.338973 0.525398 0.0 0.061792 -0.515766 -0.043108 1.0]
274
	ConcatTransform [1.1 0.0 0.0 0.0 0.0 1.1 0.0 0.0 0.0 0.0 1.1 0.0 -9.609 0.05 6.704 1.0]
	ConcatTransform [0.562608 0.77742 -0.281231 0.0 -0.34539 0.530095 0.774406 0.0 0.751118 -0.338553 0.566748 0.0 0.062915 -0.516063 -0.038915 1.0]
275
	ConcatTransform [1.1 0.0 0.0 0.0 0.0 1.1 0.0 0.0 0.0 0.0 1.1 0.0 -9.609 0.05 6.704 1.0]
	ConcatTransform [0.570206 0.775309 -0.271589 0.0 -0.363562 0.534623 0.76289 0.0 0.736674 -0.336265 0.586718 0.0 0.06299 -0.517702 -0.035345 1.0]
276
	ConcatTransform [1.1 0.0 0.0 0.0 0.0 1.1 0.0 0.0 0.0 0.0 1.1 0.0 -9.609 0.05 6.704 1.0]
	ConcatTransform [0.583235 0.768941 -0.261854 0.0 -0.384649 0.545363 0.744732 0.0 0.71546 -0.333632 0.613846 0.0 0.062253 -0.517574 -0.02872 1.0]
277
	ConcatTransform [1.1 0.0 0.0 0.0 0.0 1.1 0.0 0.0 0.0 0.0 1.1 0.0 -9.609 0.05 6.704 1.0]
	ConcatTransform [0.592275 0.764081 -0.255714 0.0 -0.398651 0.553689 0.731099 0.0 0.700205 -0.331071 0.632538 0.0 0.061051 -0.517544 -0.023747 1.0]
278
	ConcatTransform [1.1 0.0 0.0 0.0 0.0 1.1 0.0 0.0 0.0 0.0 1.1 0.0 -9.609 0.05 6.704 1.0]
	ConcatTransform [0.604957 0.756228 -0.249292 0.0 -0.416687 0.567451 0.710191 0.0 0.678527 -0.325759 0.658394 0.0 0.058234 -0.517634 -0.015677 1.0]
279
	ConcatTransform [1.1 0.0 0.0 0.0 0.0 1.1 0.0 0.0 0.0 0.0 1.1 0.0 -9.609 0.05 6.704 1.0]
	ConcatTransform [0.613758 0.750278 -0.245732 0.0 -0.427695 0.5776 0.695309 0.0 0.66361 -0.321653 0.675397 0.0 0.055726 -0.517704 -0.010094 1.0]
280
	ConcatTransform [1.1 0.0 0.0 0.0 0.0 1.1 0.0 0.0 0.0 0.0 1.1 0.0 -9.609 0.05 6.704 1.0]
	ConcatTransform [0.627281 0.74014 -0.242306 0.0 -0.440957 0.593994 0.672851 0.0 0.641932 -0.31522 0.698971 0.0 0.051163 -0.517756 -0.001701 1.0]
281
	ConcatTransform [1.1 0.0 0.0 0.0 0.0 1.1 0.0 0.0 0.0 0.0 1.1 0.0 -9.609 0.05 6.704 1.0]
	ConcatTransform [0.636069 0.732747 -0.241864 0.0 -0.446335 0.605067 0.659302 0.0 0.629445 -0.311409 0.711915 0.0 0.047708 -0.517713 0.003749 1.0]
282
	ConcatTransform [1.1 0.0 0.0 0.0 0.0 1.1 0.0 0.0 0.0 0.0 1.1 0.0 -9.609 0.05 6.704 1.0]
	ConcatTransform [0.648302 0.722651 -0.23975 0.0 -0.451847 0.618608 0.642774 0.0 0.612812 -0.308382 0.727573 0.0 0.0421 -0.517572 0.011425 1.0]
283
	ConcatTransform [1.1 0.0 0.0 0.0 0.0 1.1 0.0 0.0 0.0 0.0 1.1 0.0 -9.609 0.05 6.704 1.0]
	ConcatTransform [0.655718 0.715659 -0.240553 0.0 -0.45266 0.627643 0.633374 0.0 0.604261 -0.306426 0.735507 0.0 0.038185 -0.517392 0.016037 1.0]
284
	ConcatTransform [1.1 0.0 0.0 0.0 0.0 1.1 0.0 0.0 0.0 0.0 1.1 0.0 -9.609 0.05 6.704 1.0]
	ConcatTransform [0.665434 0.705962 -0.242518 0.0 -0.45161 0.639437 0.622229 0.0 0.594345 -0.304529 0.744323 0.0 0.032169 -0.517051 0.021925 1.0]
285
	ConcatTransform [1.1 0.0 0.0 0.0 0.0 1.1 0.0 0.0 0.0 0.0 1.1 0.0 -9.609 0.05 6.704 1.0]
	ConcatTransform [0.669854 0.700795 -0.245322 0.0 -0.449091 0.645516 0.617759 0.0 0.591282 -0.303637 0.747122 0.0 0.028153 -0.516827 0.025063 1.0]
286
	ConcatTransform [1.1 0.0 0.0 0.0 0.0 1.1 0.0 0.0 0.0 0.0 1.1 0.0 -9.609 0.05 6.704 1.0]
	ConcatTransform [0.675825 0.694595 -0.246573 0.0 -0.440993 0.649107 0.619827 0.0 0.590581 -0.310157 0.744994 0.0 0.022341 -0.516791 0.02855 1.0]
287
	ConcatTransform [1.1 0.0 0.0 0.0 0.0 1.1 0.0 0.0 0.0 0.0 1.1 0.0 -9.609 0.05 6.704 1.0]
	ConcatTransform [0.67742 0.692559 -0.247921 0.0 -0.434663 0.648767 0.624635 0.0 0.59344 -0.315378 0.740517 0.0 0.018655 -0.516866 0.03001 1.0]
288
	ConcatTransform [1.1 0.0 0.0 0.0 0.0 1.1 0.0 0.0 0.0 0.0 1.1 0.0 -9.609 0.05 6.704 1.0]
	ConcatTransform [0.673451 0.69676 -0.246958 0.0 -0.429085 0.64048 0.636924 0.0 0.601955 -0.322971 0.730301 0.0 0.013449 -0.51725 0.031011 1.0]
289
	ConcatTransform [1.1 0.0 0.0 0.0 0.0 1.1 0.0 0.0 0.0 0.0 1.1 0.0 -9.609 0.05 6.704 1.0]
	ConcatTransform [0.668462 0.701955 -0.245802 0.0 -0.426977 0.632797 0.645955 0.0 0.608974 -0.326845 0.722719 0.0 0.010381 -0.517711 0.031084 1.0]
290
	ConcatTransform [1.1 0.0 0.0 0.0 0.0 1.1 0.0 0.0 0.0 0.0 1.1 0.0 -9.609 0.05 6.704 1.0]
	ConcatTransform [0.668706 0.702624 -0.243214 0.0 -0.416245 0.624809 0.660571 0.0 0.616095 -0.340491 0.710277 0.0 0.006513 -0.518568 0.030527 1.0]
291
	ConcatTransform [1.1 0.0 0.0 0.0 0.0 1.1 0.0 0.0 0.0 0.0 1.1 0.0 -9.609 0.05 6.704 1.0]
	ConcatTransform [0.663143 0.707146 -0.24533 0.0 -0.413645 0.6194 0.667265 0.0 0.623811 -0.341012 0.703257 0.0 0.004245 -0.518537 0.029677 1.0]
292
	ConcatTransform [1.1 0.0 0.0 0.0 0.0 1.1 0.0 0.0 0.0 0.0 1.1 0.0 -9.609 0.05 6.704 1.0]
	ConcatTransform [0.658582 0.710906 -0.246744 0.0 -0.406799 0.612193 0.678037 0.0 0.633076 -0.346168 0.692375 0.0 0.001314 -0.518511 0.027991 1.0]
293
	ConcatTransform [1.1 0.0 0.0 0.0 0.0 1.1 0.0 0.0 0.0 0.0 1.1 0.0 -9.609 0.05 6.704 1.0]
	ConcatTransform [0.657101 0.712235 -0.246858 0.0 -0.401209 0.607698 0.685371 0.0 0.638161 -0.351316 0.685074 0.0 -0.00046 -0.518341 0.026665 1.0]
294
	ConcatTransform [1.1 0.0 0.0 0.0 0.0 1.1 0.0 0.0 0.0 0.0 1.1 0.0 -9.609 0.05 6.704 1.0]
	ConcatTransform [0.654625 0.713194 -0.250641 0.0 -0.392674 0.604122 0.69343 0.0 0.645967 -0.355516 0.675525 0.0 -0.002532 -0.518147 0.024631 1.0]
295
	ConcatTransform [1.1 0.0 0.0 0.0 0.0 1.1 0.0 0.0 0.0 0.0 1.1 0.0 -9.609 0.05 6.704 1.0]
	ConcatTransform [0.650942 0.714363 -0.256827 0.0 -0.388333 0.604056 0.695927 0.0 0.652282 -0.353274 0.670616 0.0 -0.003534 -0.518095 0.023288 1.0]
296
	ConcatTransform [1.1 0.0 0.0 0.0 0.0 1.1 0.0 0.0 0.0 0.0 1.1 0.0 -9.609 0.05 6.704 1.0]
	ConcatTransform [0.642902 0.719607 -0.26238 0.0 -0.383863 0.599134 0.702629 0.0 0.662817 -0.351003 0.661415 0.0 -0.004608 -0.51808 0.021399 1.0]
297
	ConcatTransform [1.1 0.0 0.0 0.0 0.0 1.1 0.0 0.0 0.0 0.0 1.1 0.0 -9.609 0.05 6.704 1.0]
	ConcatTransform [0.639875 0.720781 -0.266524 0.0 -0.378709 0.597542 0.70677 0.0 0.668685 -0.351309 0.655318 0.0 -0.00509 -0.518053 0.020177 1.0]
298
	ConcatTransform [1.1 0.0 0.0 0.0 0.0 1.1 0.0 0.0 0.0 0.0 1.1 0.0 -9.609 0.05 6.704 1.0]
	ConcatTransform [0.636737 0.721134 -0.273006 0.0 -0.369839 0.596293 0.712498 0.0 0.676598 -0.352705 0.646385 0.0 -0.005681 -0.51803 0.018383 1.0]
299
	ConcatTransform [1.1 0.0 0.0 0.0 0.0 1.1 0.0 0.0 0.0 0.0 1.1 0.0 -9.609 0.05 6.704 1.0]
	ConcatTransform [0.634343 0.721953 -0.276391 0.0 -0.36425 0.594492 0.716869 0.0 0.681858 -0.354066 0.640084 0.0 -0.006041 -0.518015 0.017237 1.0]
300
	ConcatTransform [1.1 0.0 0.0 0.0 0.0 1.1 0.0 0.0 0.0 0.0 1.1 0.0 -9.609 0.05 6.704 1.0]
	ConcatTransform [0.630413 0.723124 -0.282262 0.0 -0.356106 0.592502 0.722586 0.0 0.68976 -0.355012 0.631029 0.0 -0.006538 -0.518 0.015618 1.0]
301
	ConcatTransform [1.1 0.0 0.0 0.0 0.0 1.1 0.0 0.0 0.0 0.0 1.1 0.0 -9.609 0.05 6.704 1.0]
	ConcatTransform [0.627995 0.723431 -0.286828 0.0 -0.350415 0.591958 0.725807 0.0 0.694861 -0.355294 0.625247 0.0 -0.006834 -0.517995 0.014625 1.0]
302
	ConcatTransform [1.1 0.0 0.0 0.0 0.0 1.1 0.0 0.0 0.0 0.0 1.1 0.0 -9.609 0.05 6.704 1.0]
	ConcatTransform [0.624884 0.723007 -0.294587 0.0 -0.341274 0.592332 0.729846 0.0 0.702177 -0.355534 0.616882 0.0 -0.007245 -0.51799 0.013276 1.0]
303
	ConcatTransform [1.1 0.0 0.0 0.0 0.0 1.1 0.0 0.0 0.0 0.0 1.1 0.0 -9.609 0.05 6.704 1.0]
	ConcatTransform [0.622577 0.72286 -0.299785 0.0 -0.335291 0.592537 0.732448 0.0 0.707091 -0.35549 0.611268 0.0 -0.007502 -0.51799 0.012481 1.0]
304
	ConcatTransform [1.1 0.0 0.0 0.0 0.0 1.1 0.0 0.0 0.0 0.0 1.1 0.0 -9.609 0.05 6.704 1.0]
	ConcatTransform [0.617133 0.72429 -0.307493 0.0 -0.328162 0.592088 0.736031 0.0 0.715162 -0.353322 0.603081 0.0 -0.007885 -0.517993 0.011457 1.0]
305
	ConcatTransform [1.1 0.0 0.0 0.0 0.0 1.1 0.0 0.0 0.0 0.0 1.1 0.0 -9.609 0.05 6.704 1.0]
	ConcatTransform [0.615024 0.723803 -0.312818 0.0 -0.322441 0.592895 0.737907 0.0 0.719567 -0.352965 0.598029 0.0 -0.008132 -0.517994 0.010862 1.0]
306
	ConcatTransform [1.1 0.0 0.0 0.0 0.0 1.1 0.0 0.0 0.0 0.0 1.1 0.0 -9.609 0.05 6.704 1.0]
	ConcatTransform [0.612176 0.723457 -0.31914 0.0 -0.314031 0.592853 0.741559 0.0 0.72569 -0.353744 0.590118 0.0 -0.00851 -0.517995 0.010116 1.0]
307
	ConcatTransform [1.1 0.0 0.0 0.0 0.0 1.1 0.0 0.0 0.0 0.0 1.1 0.0 -9.609 0.05 6.704 1.0]
	ConcatTransform [0.61108 0.723159 -0.321906 0.0 -0.308431 0.592053 0.744542 0.0 0.729008 -0.355689 0.584836 0.0 -0.008751 -0.517988 0.009723 1.0]
308
	ConcatTransform [1.1 0.0 0.0 0.0 0.0 1.1 0.0 0.0 0.0 0.0 1.1 0.0 -9.609 0.05 6.704 1.0]
	ConcatTransform [0.610861 0.721139 -0.326815 0.0 -0.300283 0.592963 0.747145 0.0 0.732584 -0.358265 0.578764 0.0 -0.009064 -0.517981 0.009268 1.0]
309
	ConcatTransform [1.1 0.0 0.0 0.0 0.0 1.1 0.0 0.0 0.0 0.0 1.1 0.0 -9.609 0.05 6.704 1.0]
	ConcatTransform [0.610191 0.720562 -0.32933 0.0 -0.29615 0.593006 0.748758 0.0 0.734821 -0.359354 0.575241 0.0 -0.00923 -0.517976 0.009078 1.0]
310
	ConcatTransform [1.1 0.0 0.0 0.0 0.0 1.1 0.0 0.0 0.0 0.0 1.1 0.0 -9.609 0.05 6.704 1.0]
	ConcatTransform [0.609409 0.719454 -0.333178 0.0 -0.291283 0.593998 0.749881 0.0 0.737411 -0.359935 0.571552 0.0 -0.009339 -0.517973 0.008952 1.0]
311
	ConcatTransform [1.1 0.0 0.0 0.0 0.0 1.1 0.0 0.0 0.0 0.0 1.1 0.0 -9.609 0.05 6.704 1.0]
	ConcatTransform [0.608656 0.719561 -0.334319 0.0 -0.289686 0.593802 0.750654 0.0 0.738661 -0.360043 0.569868 0.0 -0.009268 -0.517972 0.009002 1.0]
312
	ConcatTransform [1.1 0.0 0.0 0.0 0.0 1.1 0.0 0.0 0.0 0.0 1.1 0.0 -9.609 0.05 6.704 1.0]
	ConcatTransform [0.604212 0.722938 -0.335096 0.0 -0.293097 0.592697 0.750203 0.0 0.740961 -0.355066 0.570005 0.0 -0.008857 -0.518028 0.009297 1.0]
313
	ConcatTransform [1.1 0.0 0.0 0.0 0.0 1.1 0.0 0.0 0.0 0.0 1.1 0.0 -9.609 0.05 6.704 1.0]
	ConcatTransform [0.602298 0.724855 -0.334399 0.0 -0.296352 0.592001 0.749473 0.0 0.741224 -0.352306 0.571373 0.0 -0.008341 -0.518019 0.00965 1.0]
314
	ConcatTransform [1.1 0.0 0.0 0.0 0.0 1.1 0.0 0.0 0.0 0.0 1.1 0.0 -9.609 0.05 6.704 1.0]
	ConcatTransform [0.602163 0.725076 -0.334164 0.0 -0.298178 0.592517 0.74834 0.0 0.740601 -0.350982 0.572993 0.0 -0.007516 -0.518007 0.010311 1.0]
315
	ConcatTransform [1.1 0.0 0.0 0.0 0.0 1.1 0.0 0.0 0.0 0.0 1.1 0.0 -9.609 0.05 6.704 1.0]
	ConcatTransform [0.602054 0.724919 -0.334699 0.0 -0.298914 0.593331 0.747402 0.0 0.740393 -0.34993 0.573906 0.0 -0.006997 -0.518004 0.010816 1.0]
316
	ConcatTransform [1.1 0.0 0.0 0.0 0.0 1.1 0.0 0.0 0.0 0.0 1.1 0.0 -9.609 0.05 6.704 1.0]
	ConcatTransform [0.602231 0.724265 -0.335795 0.0 -0.29933 0.594798 0.746068 0.0 0.740081 -0.348792 0.575 0.0 -0.006269 -0.518001 0.011649 1.0]
317
	ConcatTransform [1.1 0.0 0.0 0.0 0.0 1.1 0.0 0.0 0.0 0.0 1.1 0.0 -9.609 0.05 6.704 1.0]
	ConcatTransform [0.602271 0.723922 -0.336463 0.0 -0.299321 0.595514 0.7455 0.0 0.740052 -0.348282 0.575345 0.0 -0.005825 -0.518 0.012238 1.0]
318
	ConcatTransform [1.1 0.0 0.0 0.0 0.0 1.1 0.0 0.0 0.0 0.0 1.1 0.0 -9.609 0.05 6.704 1.0]
	ConcatTransform [0.601895 0.723635 -0.337749 0.0 -0.299312 0.596533 0.744688 0.0 0.740361 -0.347132 0.575643 0.0 -0.005226 -0.517998 0.013138 1.0]
319
	ConcatTransform [1.1 0.0 0.0 0.0 0.0 1.1 0.0 0.0 0.0 0.0 1.1 0.0 -9.609 0.05 6.704 1.0]
	ConcatTransform [0.601841 0.723311 -0.33854 0.0 -0.298978 0.597147 0.74433 0.0 0.74054 -0.346753 0.575642 0.0 -0.004866 -0.517997 0.013738 1.0]
320
	ConcatTransform [1.1 0.0 0.0 0.0 0.0 1.1 0.0 0.0 0.0 0.0 1.1 0.0 -9.609 0.05 6.704 1.0]
	ConcatTransform [0.60217 0.722329 -0.340048 0.0 -0.298154 0.598576 0.743513 0.0 0.740605 -0.346335 0.575809 0.0 -0.004381 -0.517996 0.014609 1.0]
321
	ConcatTransform [1.1 0.0 0.0 0.0 0.0 1.1 0.0 0.0 0.0 0.0 1.1 0.0 -9.609 0.05 6.704 1.0]
	ConcatTransform [0.60187 0.722224 -0.3408 0.0 -0.298108 0.599089 0.743118 0.0 0.740867 -0.345665 0.575874 0.0 -0.004091 -0.518005 0.015165 1.0]
322
	ConcatTransform [1.1 0.0 0.0 0.0 0.0 1.1 0.0 0.0 0.0 0.0 1.1 0.0 -9.609 0.05 6.704 1.0]
	ConcatTransform [0.598501 0.72426 -0.342409 0.0 -0.300687 0.599248 0.741949 0.0 0.742552 -0.341099 0.576426 0.0 -0.003494 -0.518098 0.015997 1.0]
323
	ConcatTransform [1.1 0.0 0.0 0.0 0.0 1.1 0.0 0.0 0.0 0.0 1.1 0.0 -9.609 0.05 6.704 1.0]
	ConcatTransform [0.599259 0.723666 -0.342341 0.0 -0.299722 0.599337 0.742268 0.0 0.742331 -0.342203 0.576057 0.0 -0.003096 -0.51806 0.016508 1.0]
324
	ConcatTransform [1.1 0.0 0.0 0.0 0.0 1.1 0.0 0.0 0.0 0.0 1.1 0.0 -9.609 0.05 6.704 1.0]
	ConcatTransform [0.600655 0.722384 -0.342602 0.0 -0.298012 0.599927 0.74248 0.0 0.741892 -0.343875 0.575628 0.0 -0.002611 -0.518029 0.017164 1.0]
325
	ConcatTransform [1.1 0.0 0.0 0.0 0.0 1.1 0.0 0.0 0.0 0.0 1.1 0.0 -9.609 0.05 6.704 1.0]
	ConcatTransform [0.600983 0.722203 -0.342408 0.0 -0.29733 0.599672 0.742959 0.0 0.741899 -0.344698 0.575125 0.0 -0.002359 -0.518017 0.017544 1.0]
326
	ConcatTransform [1.1 0.0 0.0 0.0 0.0 1.1 0.0 0.0 0.0 0.0 1.1 0.0 -9.609 0.05 6.704 1.0]
	ConcatTransform [0.600963 0.722461 -0.341897 0.0 -0.296644 0.598812 0.743926 0.0 0.74219 -0.34565 0.574178 0.0 -0.002064 -0.518008 0.018034 1.0]
327
	ConcatTransform [1.1 0.0 0.0 0.0 0.0 1.1 0.0 0.0 0.0 0.0 1.1 0.0 -9.609 0.05 6.704 1.0]
	ConcatTransform [0.600906 0.722483 -0.34195 0.0 -0.296201 0.598615 0.744261 0.0 0.742413 -0.345945 0.573712 0.0 -0.001902 -0.518005 0.018313 1.0]
328
	ConcatTransform [1.1 0.0 0.0 0.0 0.0 1.1 0.0 0.0 0.0 0.0 1.1 0.0 -9.609 0.05 6.704 1.0]
	ConcatTransform [0.60147 0.72185 -0.342295 0.0 -0.294935 0.598829 0.744592 0.0 0.74246 -0.346895 0.573076 0.0 -0.001707 -0.518002 0.018669 1.0]
329
	ConcatTransform [1.1 0.0 0.0 0.0 0.0 1.1 0.0 0.0 0.0 0.0 1.1 0.0 -9.609 0.05 6.704 1.0]
	ConcatTransform [0.601637 0.721833 -0.342038 0.0 -0.294215 0.598359 0.745255 0.0 0.742611 -0.34774 0.572369 0.0 -0.001576 -0.518808 0.018869 1.0]
330
	ConcatTransform [1.1 0.0 0.0 0.0 0.0 1.1 0.0 0.0 0.0 0.0 1.1 0.0 -9.609 0.05 6.704 1.0]
	ConcatTransform [0.601351 0.721934 -0.342327 0.0 -0.293459 0.598077 0.745779 0.0 0.743141 -0.348016 0.571512 0.0 -0.001424 -0.518413 0.019124 1.0]
331
	ConcatTransform [1.1 0.0 0.0 0.0 0.0 1.1 0.0 0.0 0.0 0.0 1.1 0.0 -9.609 0.05 6.704 1.0]
	ConcatTransform [0.59689 0.725487 -0.342624 0.0 -0.296583 0.596305 0.745962 0.0 0.745494 -0.343641 0.571096 0.0 -0.001234 -0.519241 0.019311 1.0]
332
	ConcatTransform [1.1 0.0 0.0 0.0 0.0 1.1 0.0 0.0 0.0 0.0 1.1 0.0 -9.609 0.05 6.704 1.0]
	ConcatTransform [0.592136 0.729203 -0.342985 0.0 -0.300238 0.594617 0.745847 0.0 0.747818 -0.338665 0.571029 0.0 -0.000671 -0.518675 0.019672 1.0]
333
	ConcatTransform [1.1 0.0 0.0 0.0 0.0 1.1 0.0 0.0 0.0 0.0 1.1 0.0 -9.609 0.05 6.704 1.0]
	ConcatTransform [0.59324 0.728495 -0.342581 0.0 -0.299514 0.594738 0.746042 0.0 0.747233 -0.339974 0.571017 0.0 -0.0003 -0.518426 0.019934 1.0]
334
	ConcatTransform [1.1 0.0 0.0 0.0 0.0 1.1 0.0 0.0 0.0 0.0 1.1 0.0 -9.609 0.05 6.704 1.0]
	ConcatTransform [0.595115 0.727014 -0.342475 0.0 -0.299048 0.595888 0.745311 0.0 0.745928 -0.341129 0.572034 0.0 7.9e-05 -0.51822 0.020302 1.0]
335
	ConcatTransform [1.1 0.0 0.0 0.0 0.0 1.1 0.0 0.0 0.0 0.0 1.1 0.0 -9.609 0.05 6.704 1.0]
	ConcatTransform [0.596847 0.725978 -0.341657 0.0 -0.298707 0.596256 0.745153 0.0 0.74468 -0.342687 0.572728 0.0 0.000224 -0.518145 0.020533 1.0]
336
	ConcatTransform [1.1 0.0 0.0 0.0 0.0 1.1 0.0 0.0 0.0 0.0 1.1 0.0 -9.609 0.05 6.704 1.0]
	ConcatTransform [0.599919 0.724056 -0.340354 0.0 -0.298179 0.597107 0.744683 0.0 0.742419 -0.345263 0.574114 0.0 0.000313 -0.518079 0.020846 1.0]
337
	ConcatTransform [1.1 0.0 0.0 0.0 0.0 1.1 0.0 0.0 0.0 0.0 1.1 0.0 -9.609 0.05 6.704 1.0]
	ConcatTransform [0.601373 0.723312 -0.339368 0.0 -0.29854 0.59742 0.744287 0.0 0.741097 -0.34628 0.575209 0.0 0.000287 -0.518051 0.021035 1.0]
338
	ConcatTransform [1.1 0.0 0.0 0.0 0.0 1.1 0.0 0.0 0.0 0.0 1.1 0.0 -9.609 0.05 6.704 1.0]
	ConcatTransform [0.603016 0.722776 -0.337588 0.0 -0.299715 0.597456 0.743786 0.0 0.739285 -0.347334 0.576903 0.0 0.000164 -0.518026 0.021294 1.0]
339
	ConcatTransform [1.1 0.0 0.0 0.0 0.0 1.1 0.0 0.0 0.0 0.0 1.1 0.0 -9.609 0.05 6.704 1.0]
	ConcatTransform [0.604235 0.722282 -0.336465 0.0 -0.300487 0.597644 0.743323 0.0 0.737975 -0.348039 0.578154 0.0 4.8e-05 -0.518016 0.021449 1.0]
340
	ConcatTransform [1.1 0.0 0.0 0.0 0.0 1.1 0.0 0.0 0.0 0.0 1.1 0.0 -9.609 0.05 6.704 1.0]
	ConcatTransform [0.601362 0.724803 -0.33619 0.0 -0.30579 0.597529 0.74125 0.0 0.738144 -0.342957 0.580969 0.0 -4.2e-05 -0.518212 0.021691 1.0]
341
	ConcatTransform [1.1 0.0 0.0 0.0 0.0 1.1 0.0 0.0 0.0 0.0 1.1 0.0 -9.609 0.05 6.704 1.0]
	ConcatTransform [0.598774 0.726935 -0.336209 0.0 -0.309861 0.597346 0.739705 0.0 0.73855 -0.338738 0.582923 0.0 0.000136 -0.518248 0.021912 1.0]
342
	ConcatTransform [1.1 0.0 0.0 0.0 0.0 1.1 0.0 0.0 0.0 0.0 1.1 0.0 -9.609 0.05 6.704 1.0]
	ConcatTransform [0.599564 0.727098 -0.334442 0.0 -0.311817 0.597084 0.739095 0.0 0.737084 -0.338849 0.584712 0.0 0.000534 -0.518109 0.022264 1.0]
343
	ConcatTransform [1.1 0.0 0.0 0.0 0.0 1.1 0.0 0.0 0.0 0.0 1.1 0.0 -9.609 0.05 6.704 1.0]
	ConcatTransform [0.601985 0.725797 -0.332916 0.0 -0.311434 0.597312 0.739072 0.0 0.735271 -0.341229 0.58561 0.0 0.000696 -0.518072 0.022449 1.0]
344
	ConcatTransform [1.1 0.0 0.0 0.0 0.0 1.1 0.0 0.0 0.0 0.0 1.1 0.0 -9.609 0.05 6.704 1.0]
	ConcatTransform [0.60571 0.723693 -0.330732 0.0 -0.311092 0.597961 0.738691 0.0 0.73235 -0.344545 0.587326 0.0 0.000779 -0.518041 0.022651 1.0]
345
	ConcatTransform [1.1 0.0 0.0 0.0 0.0 1.1 0.0 0.0 0.0 0.0 1.1 0.0 -9.609 0.05 6.704 1.0]
	ConcatTransform [0.607309 0.72309 -0.329113 0.0 -0.311738 0.597926 0.738447 0.0 0.730749 -0.345869 0.588541 0.0 0.000745 -0.518027 0.022749 1.0]
346
	ConcatTransform [1.1 0.0 0.0 0.0 0.0 1.1 0.0 0.0 0.0 0.0 1.1 0.0 -9.609 0.05 6.704 1.0]
	ConcatTransform [0.60916 0.722631 -0.326693 0.0 -0.313311 0.597728 0.737942 0.0 0.728533 -0.347168 0.59052 0.0 0.00061 -0.518014 0.022852 1.0]
347
	ConcatTransform [1.1 0.0 0.0 0.0 0.0 1.1 0.0 0.0 0.0 0.0 1.1 0.0 -9.609 0.05 6.704 1.0]
	ConcatTransform [0.610513 0.722187 -0.325146 0.0 -0.314337 0.597761 0.737478 0.0 0.726957 -0.348034 0.591951 0.0 0.000487 -0.518009 0.022899 1.0]
348
	ConcatTransform [1.1 0.0 0.0 0.0 0.0 1.1 0.0 0.0 0.0 0.0 1.1 0.0 -9.609 0.05 6.704 1.0]
	ConcatTransform [0.612178 0.721759 -0.322959 0.0 -0.316236 0.597829 0.736611 0.0 0.72473 -0.348805 0.594224 0.0 0.000286 -0.518007 0.022949 1.0]
349
	ConcatTransform [1.1 0.0 0.0 0.0 0.0 1.1 0.0 0.0 0.0 0.0 1.1 0.0 -9.609 0.05 6.704 1.0]
	ConcatTransform [0.613227 0.72154 -0.321454 0.0 -0.317571 0.597816 0.736046 0.0 0.723257 -0.349279 0.595738 0.0 0.00014 -0.518004 0.022973 1.0]
350
	ConcatTransform [1.1 0.0 0.0 0.0 0.0 1.1 0.0 0.0 0.0 0.0 1.1 0.0 -9.609 0.05 6.704 1.0]
	ConcatTransform [0.614657 0.721346 -0.31915 0.0 -0.319719 0.597712 0.735201 0.0 0.721094 -0.349858 0.598016 0.0 -8.7e-05 -0.518002 0.022997 1.0]
351
	ConcatTransform [1.1 0.0 0.0 0.0 0.0 1.1 0.0 0.0 0.0 0.0 1.1 0.0 -9.609 0.05 6.704 1.0]
	ConcatTransform [0.615562 0.721221 -0.317684 0.0 -0.321194 0.597701 0.734566 0.0 0.719665 -0.350133 0.599574 0.0 -0.000237 -0.518001 0.023008 1.0]
352
	ConcatTransform [1.1 0.0 0.0 0.0 0.0 1.1 0.0 0.0 0.0 0.0 1.1 0.0 -9.609 0.05 6.704 1.0]
	ConcatTransform [0.616164 0.721407 -0.316091 0.0 -0.32404 0.597977 0.73309 0.0 0.717872 -0.349278 0.602217 0.0 -0.000448 -0.519004 0.023005 1.0]
353
	ConcatTransform [1.1 0.0 0.0 0.0 0.0 1.1 0.0 0.0 0.0 0.0 1.1 0.0 -9.609 0.05 6.704 1.0]
	ConcatTransform [0.613528 0.723341 -0.316798 0.0 -0.328986 0.598836 0.730181 0.0 0.71788 -0.343765 0.605371 0.0 -0.000611 -0.518641 0.022955 1.0]
354
	ConcatTransform [1.1 0.0 0.0 0.0 0.0 1.1 0.0 0.0 0.0 0.0 1.1 0.0 -9.609 0.05 6.704 1.0]
	ConcatTransform [0.615326 0.723036 -0.313995 0.0 -0.331309 0.598658 0.729275 0.0 0.715268 -0.344712 0.607918 0.0 -0.000827 -0.518329 0.022879 1.0]
355
	ConcatTransform [1.1 0.0 0.0 0.0 0.0 1.1 0.0 0.0 0.0 0.0 1.1 0.0 -9.609 0.05 6.704 1.0]
	ConcatTransform [0.6163 0.722885 -0.312429 0.0 -0.332753 0.598613 0.728655 0.0 0.713757 -0.345109 0.609467 0.0 -0.001022 -0.518209 0.022782 1.0]
356
	ConcatTransform [1.1 0.0 0.0 0.0 0.0 1.1 0.0 0.0 0.0 0.0 1.1 0.0 -9.609 0.05 6.704 1.0]
	ConcatTransform [0.618364 0.722251 -0.309806 0.0 -0.333926 0.59832 0.728359 0.0 0.711421 -0.346939 0.611158 0.0 -0.001364 -0.518108 0.022586 1.0]
357
	ConcatTransform [1.1 0.0 0.0 0.0 0.0 1.1 0.0 0.0 0.0 0.0 1.1 0.0 -9.609 0.05 6.704 1.0]
	ConcatTransform [0.619572 0.721916 -0.308169 0.0 -0.334653 0.598073 0.728228 0.0 0.710027 -0.34806 0.61214 0.0 -0.001626 -0.518069 0.022423 1.0]
358
	ConcatTransform [1.1 0.0 0.0 0.0 0.0 1.1 0.0 0.0 0.0 0.0 1.1 0.0 -9.609 0.05 6.704 1.0]
	ConcatTransform [0.617701 0.724132 -0.306722 0.0 -0.338848 0.597039 0.727136 0.0 0.709667 -0.34522 0.614162 0.0 -0.001835 -0.51809 0.022241 1.0]
359
	ConcatTransform [1.1 0.0 0.0 0.0 0.0 1.1 0.0 0.0 0.0 0.0 1.1 0.0 -9.609 0.05 6.704 1.0]
	ConcatTransform [0.619022 0.723499 -0.305552 0.0 -0.339142 0.597157 0.726902 0.0 0.708375 -0.346342 0.615022 0.0 -0.00194 -0.518058 0.022127 1.0]
360
	ConcatTransform [1.1 0.0 0.0 0.0 0.0 1.1 0.0 0.0 0.0 0.0 1.1 0.0 -9.609 0.05 6.704 1.0]
	ConcatTransform [-0.684894 0.725931 -0.062802 0.0 0.67224 0.596277 -0.438802 0.0 -0.281092 -0.34275 -0.896387 0.0 -0.32869 -0.51807 0.14626 1.0]
