228
	ConcatTransform [1.1 0.0 0.0 0.0 0.0 1.1 0.0 0.0 0.0 0.0 1.1 0.0 -9.609 0.05 6.704 1.0]
	ConcatTransform [0.991074 0.038716 -0.12757 0.0 -0.026326 0.994896 0.097412 0.0 0.13069 -0.093184 0.987034 0.0 0.022285 0.016237 -0.027579 1.0]
229
	ConcatTransform [1.1 0.0 0.0 0.0 0.0 1.1 0.0 0.0 0.0 0.0 1.1 0.0 -9.609 0.05 6.704 1.0]
	ConcatTransform [0.959193 0.085764 -0.269433 0.0 -0.031402 0.979306 0.199932 0.0 0.281005 -0.183313 0.942037 0.0 0.04574 0.027719 -0.058539 1.0]
230
	ConcatTransform [1.1 0.0 0.0 0.0 0.0 1.1 0.0 0.0 0.0 0.0 1.1 0.0 -9.609 0.05 6.704 1.0]
	ConcatTransform [0.870857 0.232893 -0.432862 0.0 -0.038899 0.910521 0.411629 0.0 0.489995 -0.341632 0.801993 0.0 0.080496 0.026439 -0.104051 1.0]
231
	ConcatTransform [1.1 0.0 0.0 0.0 0.0 1.1 0.0 0.0 0.0 0.0 1.1 0.0 -9.609 0.05 6.704 1.0]
	ConcatTransform [0.785877 0.354553 -0.506646 0.0 -0.025499 0.83719 0.546317 0.0 0.617857 -0.416419 0.666969 0.0 0.103565 0.013282 -0.134351 1.0]
232
	ConcatTransform [1.1 0.0 0.0 0.0 0.0 1.1 0.0 0.0 0.0 0.0 1.1 0.0 -9.609 0.05 6.704 1.0]
	ConcatTransform [0.629983 0.540586 -0.557574 0.0 0.037449 0.695978 0.717086 0.0 0.775706 -0.472633 0.418209 0.0 0.138167 -0.025013 -0.179801 1.0]
233
	ConcatTransform [1.1 0.0 0.0 0.0 0.0 1.1 0.0 0.0 0.0 0.0 1.1 0.0 -9.609 0.05 6.704 1.0]
	ConcatTransform [0.514024 0.658713 -0.549434 0.0 0.105186 0.587293 0.80251 0.0 0.851302 -0.470302 0.232595 0.0 0.161236 -0.062918 -0.210101 1.0]
234
	ConcatTransform [1.1 0.0 0.0 0.0 0.0 1.1 0.0 0.0 0.0 0.0 1.1 0.0 -9.609 0.05 6.704 1.0]
	ConcatTransform [0.335227 0.813626 -0.475011 0.0 0.237746 0.414812 0.878298 0.0 0.911647 -0.407361 -0.05438 0.0 0.195839 -0.138334 -0.255551 1.0]
235
	ConcatTransform [1.1 0.0 0.0 0.0 0.0 1.1 0.0 0.0 0.0 0.0 1.1 0.0 -9.609 0.05 6.704 1.0]
	ConcatTransform [0.20117 0.882082 -0.425983 0.0 0.30976 0.355272 0.881947 0.0 0.929289 -0.309374 -0.201764 0.0 0.218495 -0.200771 -0.286309 1.0]
236
	ConcatTransform [1.1 0.0 0.0 0.0 0.0 1.1 0.0 0.0 0.0 0.0 1.1 0.0 -9.609 0.05 6.704 1.0]
	ConcatTransform [0.057691 0.888168 -0.455884 0.0 0.387285 0.400973 0.830199 0.0 0.920153 -0.224452 -0.320841 0.0 0.248116 -0.298008 -0.326529 1.0]
237
	ConcatTransform [1.1 0.0 0.0 0.0 0.0 1.1 0.0 0.0 0.0 0.0 1.1 0.0 -9.609 0.05 6.704 1.0]
	ConcatTransform [0.115479 0.903663 -0.41238 0.0 0.528937 0.295459 0.795569 0.0 0.840768 -0.309995 -0.443861 0.0 0.259309 -0.334379 -0.329145 1.0]
238
	ConcatTransform [1.1 0.0 0.0 0.0 0.0 1.1 0.0 0.0 0.0 0.0 1.1 0.0 -9.609 0.05 6.704 1.0]
	ConcatTransform [0.094881 0.873415 -0.477643 0.0 0.556859 0.351151 0.752729 0.0 0.82517 -0.337399 -0.453052 0.0 0.269726 -0.356173 -0.301867 1.0]
239
	ConcatTransform [1.1 0.0 0.0 0.0 0.0 1.1 0.0 0.0 0.0 0.0 1.1 0.0 -9.609 0.05 6.704 1.0]
	ConcatTransform [0.107131 0.827375 -0.551339 0.0 0.593015 0.391921 0.703372 0.0 0.798033 -0.402305 -0.448658 0.0 0.277125 -0.365663 -0.274532 1.0]
240
	ConcatTransform [1.1 0.0 0.0 0.0 0.0 1.1 0.0 0.0 0.0 0.0 1.1 0.0 -9.609 0.05 6.704 1.0]
	ConcatTransform [0.058264 0.784531 -0.617346 0.0 0.61045 0.46131 0.643851 0.0 0.789909 -0.414372 -0.452039 0.0 0.28746 -0.383098 -0.226538 1.0]
241
	ConcatTransform [1.1 0.0 0.0 0.0 0.0 1.1 0.0 0.0 0.0 0.0 1.1 0.0 -9.609 0.05 6.704 1.0]
	ConcatTransform [0.032781 0.731876 -0.680648 0.0 0.619483 0.519546 0.588484 0.0 0.784325 -0.440941 -0.436354 0.0 0.294654 -0.402505 -0.193571 1.0]
242
	ConcatTransform [1.1 0.0 0.0 0.0 0.0 1.1 0.0 0.0 0.0 0.0 1.1 0.0 -9.609 0.05 6.704 1.0]
	ConcatTransform [0.035111 0.596837 -0.801594 0.0 0.673264 0.578636 0.460321 0.0 0.738568 -0.555847 -0.381512 0.0 0.30658 -0.430667 -0.140016 1.0]
243
	ConcatTransform [1.1 0.0 0.0 0.0 0.0 1.1 0.0 0.0 0.0 0.0 1.1 0.0 -9.609 0.05 6.704 1.0]
	ConcatTransform [0.042866 0.522153 -0.851774 0.0 0.680335 0.609089 0.407622 0.0 0.731647 -0.596964 -0.32913 0.0 0.31587 -0.44018 -0.102127 1.0]
244
	ConcatTransform [1.1 0.0 0.0 0.0 0.0 1.1 0.0 0.0 0.0 0.0 1.1 0.0 -9.609 0.05 6.704 1.0]
	ConcatTransform [0.048281 0.423841 -0.904449 0.0 0.68287 0.646825 0.339567 0.0 0.728943 -0.634016 -0.258199 0.0 0.332397 -0.437632 -0.045605 1.0]
245
	ConcatTransform [1.1 0.0 0.0 0.0 0.0 1.1 0.0 0.0 0.0 0.0 1.1 0.0 -9.609 0.05 6.704 1.0]
	ConcatTransform [0.05746 0.367104 -0.928404 0.0 0.692569 0.655132 0.301912 0.0 0.719059 -0.660331 -0.216601 0.0 0.343855 -0.442328 -0.008296 1.0]
246
	ConcatTransform [1.1 0.0 0.0 0.0 0.0 1.1 0.0 0.0 0.0 0.0 1.1 0.0 -9.609 0.05 6.704 1.0]
	ConcatTransform [0.076271 0.266929 -0.960693 0.0 0.716679 0.655192 0.238944 0.0 0.69322 -0.706734 -0.141331 0.0 0.361245 -0.467392 0.047441 1.0]
247
	ConcatTransform [1.1 0.0 0.0 0.0 0.0 1.1 0.0 0.0 0.0 0.0 1.1 0.0 -9.609 0.05 6.704 1.0]
	ConcatTransform [0.019443 0.256429 -0.966368 0.0 0.641867 0.737867 0.208709 0.0 0.766569 -0.624337 -0.150247 0.0 0.374909 -0.479823 0.080155 1.0]
248
	ConcatTransform [1.1 0.0 0.0 0.0 0.0 1.1 0.0 0.0 0.0 0.0 1.1 0.0 -9.609 0.05 6.704 1.0]
	ConcatTransform [-0.048655 0.208054 -0.976906 0.0 0.628736 0.766351 0.131898 0.0 0.776095 -0.607799 -0.168098 0.0 0.403928 -0.472159 0.114113 1.0]
249
	ConcatTransform [1.1 0.0 0.0 0.0 0.0 1.1 0.0 0.0 0.0 0.0 1.1 0.0 -9.609 0.05 6.704 1.0]
	ConcatTransform [-0.120666 0.176531 -0.976871 0.0 0.622616 0.779903 0.064029 0.0 0.773168 -0.600489 -0.204019 0.0 0.424232 -0.466879 0.131244 1.0]
250
	ConcatTransform [1.1 0.0 0.0 0.0 0.0 1.1 0.0 0.0 0.0 0.0 1.1 0.0 -9.609 0.05 6.704 1.0]
	ConcatTransform [-0.22772 0.133573 -0.964521 0.0 0.617495 0.785705 -0.036979 0.0 0.75289 -0.604008 -0.261402 0.0 0.455422 -0.457217 0.148116 1.0]
251
	ConcatTransform [1.1 0.0 0.0 0.0 0.0 1.1 0.0 0.0 0.0 0.0 1.1 0.0 -9.609 0.05 6.704 1.0]
	ConcatTransform [-0.296814 0.112742 -0.948257 0.0 0.610167 0.78625 -0.097508 0.0 0.734573 -0.607537 -0.302161 0.0 0.476047 -0.453086 0.154612 1.0]
252
	ConcatTransform [1.1 0.0 0.0 0.0 0.0 1.1 0.0 0.0 0.0 0.0 1.1 0.0 -9.609 0.05 6.704 1.0]
	ConcatTransform [-0.369194 0.071996 -0.926559 0.0 0.568185 0.806447 -0.163734 0.0 0.735433 -0.586907 -0.338642 0.0 0.505315 -0.444723 0.152934 1.0]
253
	ConcatTransform [1.1 0.0 0.0 0.0 0.0 1.1 0.0 0.0 0.0 0.0 1.1 0.0 -9.609 0.05 6.704 1.0]
	ConcatTransform [-0.403311 0.062461 -0.912929 0.0 0.540713 0.821129 -0.182694 0.0 0.738221 -0.567315 -0.364943 0.0 0.523439 -0.440679 0.145504 1.0]
254
	ConcatTransform [1.1 0.0 0.0 0.0 0.0 1.1 0.0 0.0 0.0 0.0 1.1 0.0 -9.609 0.05 6.704 1.0]
	ConcatTransform [-0.451168 0.065855 -0.890006 0.0 0.504521 0.841438 -0.193494 0.0 0.736142 -0.536325 -0.412856 0.0 0.548939 -0.444497 0.129981 1.0]
255
	ConcatTransform [1.1 0.0 0.0 0.0 0.0 1.1 0.0 0.0 0.0 0.0 1.1 0.0 -9.609 0.05 6.704 1.0]
	ConcatTransform [-0.502899 0.076162 -0.860983 0.0 0.477794 0.85458 -0.203483 0.0 0.720282 -0.513704 -0.466157 0.0 0.562985 -0.448289 0.113908 1.0]
256
	ConcatTransform [1.1 0.0 0.0 0.0 0.0 1.1 0.0 0.0 0.0 0.0 1.1 0.0 -9.609 0.05 6.704 1.0]
	ConcatTransform [-0.576895 0.112062 -0.809095 0.0 0.45619 0.865866 -0.205344 0.0 0.677556 -0.487563 -0.550636 0.0 0.578742 -0.453898 0.081355 1.0]
257
	ConcatTransform [1.1 0.0 0.0 0.0 0.0 1.1 0.0 0.0 0.0 0.0 1.1 0.0 -9.609 0.05 6.704 1.0]
	ConcatTransform [-0.615955 0.146653 -0.774011 0.0 0.443613 0.876502 -0.186953 0.0 0.651005 -0.458515 -0.604943 0.0 0.586231 -0.460593 0.05618 1.0]
258
	ConcatTransform [1.1 0.0 0.0 0.0 0.0 1.1 0.0 0.0 0.0 0.0 1.1 0.0 -9.609 0.05 6.704 1.0]
	ConcatTransform [-0.645011 0.215819 -0.733064 0.0 0.446792 0.884749 -0.132649 0.0 0.61995 -0.413087 -0.667099 0.0 0.591519 -0.471251 0.013253 1.0]
259
	ConcatTransform [1.1 0.0 0.0 0.0 0.0 1.1 0.0 0.0 0.0 0.0 1.1 0.0 -9.609 0.05 6.704 1.0]
	ConcatTransform [-0.660255 0.267329 -0.701854 0.0 0.466183 0.878564 -0.103917 0.0 0.588843 -0.395804 -0.7047 0.0 0.590558 -0.478014 -0.01771 1.0]
260
	ConcatTransform [1.1 0.0 0.0 0.0 0.0 1.1 0.0 0.0 0.0 0.0 1.1 0.0 -9.609 0.05 6.704 1.0]
	ConcatTransform [-0.684804 0.342629 -0.643155 0.0 0.495518 0.866069 -0.066224 0.0 0.534327 -0.364046 -0.762867 0.0 0.581639 -0.486237 -0.065253 1.0]
261
	ConcatTransform [1.1 0.0 0.0 0.0 0.0 1.1 0.0 0.0 0.0 0.0 1.1 0.0 -9.609 0.05 6.704 1.0]
	ConcatTransform [-0.69853 0.38675 -0.602064 0.0 0.523889 0.849518 -0.062121 0.0 0.487439 -0.358808 -0.796028 0.0 0.571826 -0.491514 -0.096981 1.0]
262
	ConcatTransform [1.1 0.0 0.0 0.0 0.0 1.1 0.0 0.0 0.0 0.0 1.1 0.0 -9.609 0.05 6.704 1.0]
	ConcatTransform [-0.723945 0.464312 -0.510213 0.0 0.563031 0.825036 -0.048077 0.0 0.398622 -0.322071 -0.858703 0.0 0.550051 -0.492717 -0.142424 1.0]
263
	ConcatTransform [1.1 0.0 0.0 0.0 0.0 1.1 0.0 0.0 0.0 0.0 1.1 0.0 -9.609 0.05 6.704 1.0]
	ConcatTransform [-0.737861 0.5011 -0.452172 0.0 0.581728 0.811873 -0.049551 0.0 0.342276 -0.299603 -0.890553 0.0 0.532135 -0.49197 -0.170727 1.0]
264
	ConcatTransform [1.1 0.0 0.0 0.0 0.0 1.1 0.0 0.0 0.0 0.0 1.1 0.0 -9.609 0.05 6.704 1.0]
	ConcatTransform [-0.750637 0.551007 -0.364603 0.0 0.606242 0.793801 -0.048488 0.0 0.262705 -0.257434 -0.9299 0.0 0.501133 -0.488084 -0.208067 1.0]
265
	ConcatTransform [1.1 0.0 0.0 0.0 0.0 1.1 0.0 0.0 0.0 0.0 1.1 0.0 -9.609 0.05 6.704 1.0]
	ConcatTransform [-0.748907 0.582109 -0.31668 0.0 0.627652 0.776391 -0.057185 0.0 0.21258 -0.241592 -0.946807 0.0 0.478937 -0.485943 -0.229529 1.0]
266
	ConcatTransform [1.1 0.0 0.0 0.0 0.0 1.1 0.0 0.0 0.0 0.0 1.1 0.0 -9.609 0.05 6.704 1.0]
	ConcatTransform [-0.74462 0.619044 -0.249653 0.0 0.65192 0.754778 -0.072869 0.0 0.143323 -0.217013 -0.96559 0.0 0.443986 -0.484538 -0.256169 1.0]
267
	ConcatTransform [1.1 0.0 0.0 0.0 0.0 1.1 0.0 0.0 0.0 0.0 1.1 0.0 -9.609 0.05 6.704 1.0]
	ConcatTransform [-0.734388 0.642939 -0.217493 0.0 0.670465 0.737047 -0.085081 0.0 0.105601 -0.208304 -0.972347 0.0 0.42096 -0.482171 -0.269864 1.0]
268
	ConcatTransform [1.1 0.0 0.0 0.0 0.0 1.1 0.0 0.0 0.0 0.0 1.1 0.0 -9.609 0.05 6.704 1.0]
	ConcatTransform [-0.708205 0.684297 -0.173732 0.0 0.703956 0.703174 -0.099957 0.0 0.053763 -0.19309 -0.979707 0.0 0.387438 -0.476968 -0.283553 1.0]
269
	ConcatTransform [1.1 0.0 0.0 0.0 0.0 1.1 0.0 0.0 0.0 0.0 1.1 0.0 -9.609 0.05 6.704 1.0]
	ConcatTransform [-0.693411 0.705475 -0.146582 0.0 0.720239 0.684528 -0.112592 0.0 0.020908 -0.183647 -0.98277 0.0 0.366028 -0.473543 -0.287885 1.0]
270
	ConcatTransform [1.1 0.0 0.0 0.0 0.0 1.1 0.0 0.0 0.0 0.0 1.1 0.0 -9.609 0.05 6.704 1.0]
	ConcatTransform [-0.658686 0.743087 -0.118127 0.0 0.752036 0.645185 -0.134827 0.0 -0.023974 -0.177645 -0.983803 0.0 0.336562 -0.46895 -0.287154 1.0]
271
	ConcatTransform [1.1 0.0 0.0 0.0 0.0 1.1 0.0 0.0 0.0 0.0 1.1 0.0 -9.609 0.05 6.704 1.0]
	ConcatTransform [-0.654283 0.745875 -0.12484 0.0 0.755122 0.635333 -0.161684 0.0 -0.041281 -0.200057 -0.978914 0.0 0.318408 -0.469303 -0.283666 1.0]
272
	ConcatTransform [1.1 0.0 0.0 0.0 0.0 1.1 0.0 0.0 0.0 0.0 1.1 0.0 -9.609 0.05 6.704 1.0]
	ConcatTransform [-0.651466 0.744845 -0.144211 0.0 0.756579 0.623692 -0.19646 0.0 -0.05639 -0.237094 -0.969849 0.0 0.29422 -0.476093 -0.274664 1.0]
273
	ConcatTransform [1.1 0.0 0.0 0.0 0.0 1.1 0.0 0.0 0.0 0.0 1.1 0.0 -9.609 0.05 6.704 1.0]
	ConcatTransform [-0.666111 0.730656 -0.14979 0.0 0.742355 0.630053 -0.227909 0.0 -0.072147 -0.26301 -0.962092 0.0 0.281162 -0.481182 -0.2661 1.0]
274
	ConcatTransform [1.1 0.0 0.0 0.0 0.0 1.1 0.0 0.0 0.0 0.0 1.1 0.0 -9.609 0.05 6.704 1.0]
	ConcatTransform [-0.666045 0.732084 -0.142961 0.0 0.736118 0.614159 -0.284497 0.0 -0.120475 -0.294724 -0.947958 0.0 0.268989 -0.4825 -0.247816 1.0]
275
	ConcatTransform [1.1 0.0 0.0 0.0 0.0 1.1 0.0 0.0 0.0 0.0 1.1 0.0 -9.609 0.05 6.704 1.0]
	ConcatTransform [-0.667806 0.732816 -0.130448 0.0 0.726687 0.603943 -0.327382 0.0 -0.161127 -0.313423 -0.935844 0.0 0.264522 -0.483647 -0.233353 1.0]
276
	ConcatTransform [1.1 0.0 0.0 0.0 0.0 1.1 0.0 0.0 0.0 0.0 1.1 0.0 -9.609 0.05 6.704 1.0]
	ConcatTransform [-0.682618 0.722332 -0.110764 0.0 0.698087 0.599724 -0.391159 0.0 -0.216119 -0.344335 -0.913633 0.0 0.262642 -0.487119 -0.209256 1.0]
277
	ConcatTransform [1.1 0.0 0.0 0.0 0.0 1.1 0.0 0.0 0.0 0.0 1.1 0.0 -9.609 0.05 6.704 1.0]
	ConcatTransform [-0.695812 0.711148 -0.100573 0.0 0.674244 0.59852 -0.43263 0.0 -0.247469 -0.36884 -0.895944 0.0 0.265093 -0.489303 -0.191979 1.0]
278
	ConcatTransform [1.1 0.0 0.0 0.0 0.0 1.1 0.0 0.0 0.0 0.0 1.1 0.0 -9.609 0.05 6.704 1.0]
	ConcatTransform [-0.716728 0.691683 -0.088748 0.0 0.639021 0.600482 -0.4807 0.0 -0.2792 -0.401243 -0.872382 0.0 0.274179 -0.492887 -0.164664 1.0]
279
	ConcatTransform [1.1 0.0 0.0 0.0 0.0 1.1 0.0 0.0 0.0 0.0 1.1 0.0 -9.609 0.05 6.704 1.0]
	ConcatTransform [-0.734212 0.673287 -0.087279 0.0 0.612636 0.601628 -0.512562 0.0 -0.292592 -0.4298 -0.854203 0.0 0.283463 -0.495301 -0.14621 1.0]
280
	ConcatTransform [1.1 0.0 0.0 0.0 0.0 1.1 0.0 0.0 0.0 0.0 1.1 0.0 -9.609 0.05 6.704 1.0]
	ConcatTransform [-0.775778 0.627315 -0.068147 0.0 0.549022 0.617802 -0.562935 0.0 -0.311036 -0.474127 -0.823687 0.0 0.30129 -0.499982 -0.119168 1.0]
281
	ConcatTransform [1.1 0.0 0.0 0.0 0.0 1.1 0.0 0.0 0.0 0.0 1.1 0.0 -9.609 0.05 6.704 1.0]
	ConcatTransform [-0.817571 0.573978 -0.046114 0.0 0.483529 0.640832 -0.596267 0.0 -0.312693 -0.509788 -0.801461 0.0 0.315046 -0.503465 -0.101991 1.0]
282
	ConcatTransform [1.1 0.0 0.0 0.0 0.0 1.1 0.0 0.0 0.0 0.0 1.1 0.0 -9.609 0.05 6.704 1.0]
	ConcatTransform [-0.852183 0.522917 -0.018498 0.0 0.410804 0.646745 -0.64262 0.0 -0.324074 -0.555229 -0.765961 0.0 0.338236 -0.503029 -0.078659 1.0]
283
	ConcatTransform [1.1 0.0 0.0 0.0 0.0 1.1 0.0 0.0 0.0 0.0 1.1 0.0 -9.609 0.05 6.704 1.0]
	ConcatTransform [-0.864031 0.503413 0.005061 0.0 0.375047 0.650353 -0.660591 0.0 -0.335841 -0.568873 -0.750729 0.0 0.354253 -0.502323 -0.064481 1.0]
284
	ConcatTransform [1.1 0.0 0.0 0.0 0.0 1.1 0.0 0.0 0.0 0.0 1.1 0.0 -9.609 0.05 6.704 1.0]
	ConcatTransform [-0.883248 0.465928 0.052765 0.0 0.312073 0.668085 -0.675479 0.0 -0.349977 -0.580149 -0.735489 0.0 0.376977 -0.500546 -0.045716 1.0]
285
	ConcatTransform [1.1 0.0 0.0 0.0 0.0 1.1 0.0 0.0 0.0 0.0 1.1 0.0 -9.609 0.05 6.704 1.0]
	ConcatTransform [-0.888322 0.451632 0.08315 0.0 0.27958 0.675524 -0.682277 0.0 -0.364308 -0.582835 -0.72635 0.0 0.391142 -0.500249 -0.034784 1.0]
286
	ConcatTransform [1.1 0.0 0.0 0.0 0.0 1.1 0.0 0.0 0.0 0.0 1.1 0.0 -9.609 0.05 6.704 1.0]
	ConcatTransform [-0.885832 0.447266 0.123508 0.0 0.245527 0.677685 -0.693152 0.0 -0.393722 -0.583692 -0.710131 0.0 0.410525 -0.49973 -0.020831 1.0]
287
	ConcatTransform [1.1 0.0 0.0 0.0 0.0 1.1 0.0 0.0 0.0 0.0 1.1 0.0 -9.609 0.05 6.704 1.0]
	ConcatTransform [-0.885911 0.438815 0.150345 0.0 0.217642 0.679458 -0.700691 0.0 -0.409627 -0.588029 -0.697444 0.0 0.421402 -0.498731 -0.013117 1.0]
288
	ConcatTransform [1.1 0.0 0.0 0.0 0.0 1.1 0.0 0.0 0.0 0.0 1.1 0.0 -9.609 0.05 6.704 1.0]
	ConcatTransform [-0.885167 0.424128 0.191298 0.0 0.173598 0.682519 -0.709952 0.0 -0.431675 -0.595217 -0.677771 0.0 0.434432 -0.497134 -0.003653 1.0]
289
	ConcatTransform [1.1 0.0 0.0 0.0 0.0 1.1 0.0 0.0 0.0 0.0 1.1 0.0 -9.609 0.05 6.704 1.0]
	ConcatTransform [-0.878979 0.424586 0.217077 0.0 0.153019 0.682284 -0.714895 0.0 -0.451642 -0.59516 -0.664683 0.0 0.441158 -0.497072 0.001424 1.0]
290
	ConcatTransform [1.1 0.0 0.0 0.0 0.0 1.1 0.0 0.0 0.0 0.0 1.1 0.0 -9.609 0.05 6.704 1.0]
	ConcatTransform [-0.861168 0.440741 0.253254 0.0 0.134667 0.678229 -0.722406 0.0 -0.490158 -0.588008 -0.643422 0.0 0.448243 -0.498419 0.00728 1.0]
291
	ConcatTransform [1.1 0.0 0.0 0.0 0.0 1.1 0.0 0.0 0.0 0.0 1.1 0.0 -9.609 0.05 6.704 1.0]
	ConcatTransform [-0.851609 0.444085 0.278478 0.0 0.114705 0.676273 -0.727666 0.0 -0.511473 -0.587744 -0.626859 0.0 0.450497 -0.498576 0.009942 1.0]
292
	ConcatTransform [1.1 0.0 0.0 0.0 0.0 1.1 0.0 0.0 0.0 0.0 1.1 0.0 -9.609 0.05 6.704 1.0]
	ConcatTransform [-0.838602 0.441551 0.319028 0.0 0.081794 0.681072 -0.727634 0.0 -0.538568 -0.584101 -0.607265 0.0 0.450598 -0.498747 0.012419 1.0]
293
	ConcatTransform [1.1 0.0 0.0 0.0 0.0 1.1 0.0 0.0 0.0 0.0 1.1 0.0 -9.609 0.05 6.704 1.0]
	ConcatTransform [-0.830771 0.445376 0.333856 0.0 0.072032 0.68078 -0.728938 0.0 -0.551933 -0.581532 -0.597653 0.0 0.448703 -0.49906 0.013008 1.0]
294
	ConcatTransform [1.1 0.0 0.0 0.0 0.0 1.1 0.0 0.0 0.0 0.0 1.1 0.0 -9.609 0.05 6.704 1.0]
	ConcatTransform [-0.818354 0.456095 0.349678 0.0 0.067091 0.680092 -0.73005 0.0 -0.570785 -0.573979 -0.587156 0.0 0.443124 -0.500034 0.012583 1.0]
295
	ConcatTransform [1.1 0.0 0.0 0.0 0.0 1.1 0.0 0.0 0.0 0.0 1.1 0.0 -9.609 0.05 6.704 1.0]
	ConcatTransform [-0.811662 0.464718 0.353897 0.0 0.072555 0.681371 -0.728334 0.0 -0.579604 -0.565484 -0.58676 0.0 0.437706 -0.500925 0.011505 1.0]
296
	ConcatTransform [1.1 0.0 0.0 0.0 0.0 1.1 0.0 0.0 0.0 0.0 1.1 0.0 -9.609 0.05 6.704 1.0]
	ConcatTransform [-0.80051 0.481641 0.356658 0.0 0.089117 0.684151 -0.723875 0.0 -0.592656 -0.547685 -0.590592 0.0 0.427358 -0.502827 0.008763 1.0]
297
	ConcatTransform [1.1 0.0 0.0 0.0 0.0 1.1 0.0 0.0 0.0 0.0 1.1 0.0 -9.609 0.05 6.704 1.0]
	ConcatTransform [-0.794291 0.491213 0.357508 0.0 0.101186 0.687196 -0.719391 0.0 -0.599052 -0.535231 -0.595537 0.0 0.419029 -0.503747 0.006218 1.0]
298
	ConcatTransform [1.1 0.0 0.0 0.0 0.0 1.1 0.0 0.0 0.0 0.0 1.1 0.0 -9.609 0.05 6.704 1.0]
	ConcatTransform [-0.78207 0.509336 0.359087 0.0 0.123353 0.691326 -0.711935 0.0 -0.610861 -0.512489 -0.603494 0.0 0.405168 -0.504804 0.001508 1.0]
299
	ConcatTransform [1.1 0.0 0.0 0.0 0.0 1.1 0.0 0.0 0.0 0.0 1.1 0.0 -9.609 0.05 6.704 1.0]
	ConcatTransform [-0.772441 0.521174 0.362922 0.0 0.136313 0.694191 -0.706765 0.0 -0.620285 -0.496463 -0.607265 0.0 0.395676 -0.505064 -0.002254 1.0]
300
	ConcatTransform [1.1 0.0 0.0 0.0 0.0 1.1 0.0 0.0 0.0 0.0 1.1 0.0 -9.609 0.05 6.704 1.0]
	ConcatTransform [-0.755956 0.536836 0.374616 0.0 0.151291 0.700045 -0.697888 0.0 -0.6369 -0.470897 -0.610422 0.0 0.381599 -0.505135 -0.008703 1.0]
301
	ConcatTransform [1.1 0.0 0.0 0.0 0.0 1.1 0.0 0.0 0.0 0.0 1.1 0.0 -9.609 0.05 6.704 1.0]
	ConcatTransform [-0.74404 0.546075 0.384977 0.0 0.160766 0.705591 -0.690142 0.0 -0.648505 -0.451602 -0.612778 0.0 0.372617 -0.50496 -0.013407 1.0]
302
	ConcatTransform [1.1 0.0 0.0 0.0 0.0 1.1 0.0 0.0 0.0 0.0 1.1 0.0 -9.609 0.05 6.704 1.0]
	ConcatTransform [-0.729836 0.552877 0.402079 0.0 0.165125 0.713315 -0.681114 0.0 -0.663381 -0.430708 -0.611896 0.0 0.360027 -0.50457 -0.02097 1.0]
303
	ConcatTransform [1.1 0.0 0.0 0.0 0.0 1.1 0.0 0.0 0.0 0.0 1.1 0.0 -9.609 0.05 6.704 1.0]
	ConcatTransform [-0.7221 0.555237 0.412654 0.0 0.16426 0.717057 -0.677383 0.0 -0.672005 -0.421356 -0.60899 0.0 0.352466 -0.504311 -0.026157 1.0]
304
	ConcatTransform [1.1 0.0 0.0 0.0 0.0 1.1 0.0 0.0 0.0 0.0 1.1 0.0 -9.609 0.05 6.704 1.0]
	ConcatTransform [-0.712197 0.557221 0.426942 0.0 0.164961 0.724015 -0.669768 0.0 -0.682322 -0.406579 -0.607561 0.0 0.342647 -0.503841 -0.03382 1.0]
305
	ConcatTransform [1.1 0.0 0.0 0.0 0.0 1.1 0.0 0.0 0.0 0.0 1.1 0.0 -9.609 0.05 6.704 1.0]
	ConcatTransform [-0.707676 0.557122 0.434522 0.0 0.16198 0.726553 -0.667745 0.0 -0.687719 -0.402163 -0.604407 0.0 0.337095 -0.5037 -0.038864 1.0]
306
	ConcatTransform [1.1 0.0 0.0 0.0 0.0 1.1 0.0 0.0 0.0 0.0 1.1 0.0 -9.609 0.05 6.704 1.0]
	ConcatTransform [-0.705688 0.551283 0.445074 0.0 0.148093 0.729064 -0.668232 0.0 -0.692872 -0.405651 -0.596133 0.0 0.330228 -0.503962 -0.046222 1.0]
307
	ConcatTransform [1.1 0.0 0.0 0.0 0.0 1.1 0.0 0.0 0.0 0.0 1.1 0.0 -9.609 0.05 6.704 1.0]
	ConcatTransform [-0.703072 0.546954 0.454456 0.0 0.139243 0.732588 -0.666278 0.0 -0.697353 -0.405162 -0.591221 0.0 0.326744 -0.50404 -0.050843 1.0]
308
	ConcatTransform [1.1 0.0 0.0 0.0 0.0 1.1 0.0 0.0 0.0 0.0 1.1 0.0 -9.609 0.05 6.704 1.0]
	ConcatTransform [-0.698302 0.539641 0.470278 0.0 0.127372 0.740186 -0.660228 0.0 -0.704379 -0.401138 -0.585609 0.0 0.323075 -0.504026 -0.057279 1.0]
309
	ConcatTransform [1.1 0.0 0.0 0.0 0.0 1.1 0.0 0.0 0.0 0.0 1.1 0.0 -9.609 0.05 6.704 1.0]
	ConcatTransform [-0.69878 0.530937 0.479388 0.0 0.114391 0.74447 -0.657783 0.0 -0.706132 -0.404808 -0.580955 0.0 0.321473 -0.504275 -0.061262 1.0]
310
	ConcatTransform [1.1 0.0 0.0 0.0 0.0 1.1 0.0 0.0 0.0 0.0 1.1 0.0 -9.609 0.05 6.704 1.0]
	ConcatTransform [-0.69855 0.522941 0.488427 0.0 0.097196 0.745596 -0.659272 0.0 -0.70893 -0.413061 -0.571664 0.0 0.320318 -0.504576 -0.066625 1.0]
311
	ConcatTransform [1.1 0.0 0.0 0.0 0.0 1.1 0.0 0.0 0.0 0.0 1.1 0.0 -9.609 0.05 6.704 1.0]
	ConcatTransform [-0.694437 0.519851 0.497506 0.0 0.089711 0.748565 -0.656964 0.0 -0.713939 -0.411588 -0.566468 0.0 0.320375 -0.50444 -0.069461 1.0]
312
	ConcatTransform [1.1 0.0 0.0 0.0 0.0 1.1 0.0 0.0 0.0 0.0 1.1 0.0 -9.609 0.05 6.704 1.0]
	ConcatTransform [-0.689138 0.515581 0.509181 0.0 0.076635 0.750593 -0.656306 0.0 -0.720566 -0.413264 -0.556774 0.0 0.321587 -0.504507 -0.071921 1.0]
313
	ConcatTransform [1.1 0.0 0.0 0.0 0.0 1.1 0.0 0.0 0.0 0.0 1.1 0.0 -9.609 0.05 6.704 1.0]
	ConcatTransform [-0.687443 0.513638 0.513418 0.0 0.065629 0.748 -0.660446 0.0 -0.723267 -0.420324 -0.547917 0.0 0.323063 -0.504852 -0.072628 1.0]
314
	ConcatTransform [1.1 0.0 0.0 0.0 0.0 1.1 0.0 0.0 0.0 0.0 1.1 0.0 -9.609 0.05 6.704 1.0]
	ConcatTransform [-0.684921 0.511141 0.519248 0.0 0.047934 0.742714 -0.66789 0.0 -0.727039 -0.432562 -0.533202 0.0 0.326099 -0.505147 -0.072884 1.0]
315
	ConcatTransform [1.1 0.0 0.0 0.0 0.0 1.1 0.0 0.0 0.0 0.0 1.1 0.0 -9.609 0.05 6.704 1.0]
	ConcatTransform [-0.683271 0.507312 0.525142 0.0 0.036134 0.741823 -0.669622 0.0 -0.72927 -0.438558 -0.525197 0.0 0.328541 -0.505255 -0.07267 1.0]
316
	ConcatTransform [1.1 0.0 0.0 0.0 0.0 1.1 0.0 0.0 0.0 0.0 1.1 0.0 -9.609 0.05 6.704 1.0]
	ConcatTransform [-0.679456 0.501838 0.535255 0.0 0.017965 0.740673 -0.671626 0.0 -0.733496 -0.446725 -0.51227 0.0 0.332671 -0.50537 -0.071888 1.0]
317
	ConcatTransform [1.1 0.0 0.0 0.0 0.0 1.1 0.0 0.0 0.0 0.0 1.1 0.0 -9.609 0.05 6.704 1.0]
	ConcatTransform [-0.676776 0.498508 0.541723 0.0 0.005505 0.739254 -0.673404 0.0 -0.736168 -0.452761 -0.503054 0.0 0.335631 -0.505424 -0.071125 1.0]
318
	ConcatTransform [1.1 0.0 0.0 0.0 0.0 1.1 0.0 0.0 0.0 0.0 1.1 0.0 -9.609 0.05 6.704 1.0]
	ConcatTransform [-0.672639 0.493812 0.551096 0.0 -0.013303 0.736564 -0.676237 0.0 -0.739851 -0.462195 -0.488872 0.0 0.340182 -0.505467 -0.069659 1.0]
319
	ConcatTransform [1.1 0.0 0.0 0.0 0.0 1.1 0.0 0.0 0.0 0.0 1.1 0.0 -9.609 0.05 6.704 1.0]
	ConcatTransform [-0.669634 0.491094 0.55715 0.0 -0.02581 0.734337 -0.678294 0.0 -0.742242 -0.468589 -0.479062 0.0 0.343209 -0.505469 -0.068514 1.0]
320
	ConcatTransform [1.1 0.0 0.0 0.0 0.0 1.1 0.0 0.0 0.0 0.0 1.1 0.0 -9.609 0.05 6.704 1.0]
	ConcatTransform [-0.660511 0.493902 0.565496 0.0 -0.038461 0.729929 -0.682441 0.0 -0.74983 -0.472509 -0.46313 0.0 0.347638 -0.505577 -0.066604 1.0]
321
	ConcatTransform [1.1 0.0 0.0 0.0 0.0 1.1 0.0 0.0 0.0 0.0 1.1 0.0 -9.609 0.05 6.704 1.0]
	ConcatTransform [-0.65456 0.497168 0.569539 0.0 -0.046842 0.725231 -0.68691 0.0 -0.754557 -0.476303 -0.451419 0.0 0.350243 -0.505539 -0.065162 1.0]
322
	ConcatTransform [1.1 0.0 0.0 0.0 0.0 1.1 0.0 0.0 0.0 0.0 1.1 0.0 -9.609 0.05 6.704 1.0]
	ConcatTransform [-0.647285 0.495466 0.579254 0.0 -0.06227 0.723017 -0.688018 0.0 -0.7597 -0.481414 -0.437145 0.0 0.35379 -0.505462 -0.062916 1.0]
323
	ConcatTransform [1.1 0.0 0.0 0.0 0.0 1.1 0.0 0.0 0.0 0.0 1.1 0.0 -9.609 0.05 6.704 1.0]
	ConcatTransform [-0.641416 0.495342 0.585851 0.0 -0.071007 0.722021 -0.688217 0.0 -0.7639 -0.483033 -0.427943 0.0 0.355999 -0.505433 -0.0615 1.0]
324
	ConcatTransform [1.1 0.0 0.0 0.0 0.0 1.1 0.0 0.0 0.0 0.0 1.1 0.0 -9.609 0.05 6.704 1.0]
	ConcatTransform [-0.63159 0.497366 0.594744 0.0 -0.081786 0.720091 -0.689043 0.0 -0.770977 -0.483835 -0.414124 0.0 0.359032 -0.505414 -0.059551 1.0]
325
	ConcatTransform [1.1 0.0 0.0 0.0 0.0 1.1 0.0 0.0 0.0 0.0 1.1 0.0 -9.609 0.05 6.704 1.0]
	ConcatTransform [-0.625264 0.497595 0.601202 0.0 -0.089135 0.719789 -0.688447 0.0 -0.775306 -0.48405 -0.405705 0.0 0.360838 -0.505469 -0.05835 1.0]
326
	ConcatTransform [1.1 0.0 0.0 0.0 0.0 1.1 0.0 0.0 0.0 0.0 1.1 0.0 -9.609 0.05 6.704 1.0]
	ConcatTransform [-0.615957 0.496681 0.611477 0.0 -0.100613 0.720248 -0.686381 0.0 -0.781328 -0.484304 -0.39367 0.0 0.363233 -0.505469 -0.056682 1.0]
327
	ConcatTransform [1.1 0.0 0.0 0.0 0.0 1.1 0.0 0.0 0.0 0.0 1.1 0.0 -9.609 0.05 6.704 1.0]
	ConcatTransform [-0.60895 0.497161 0.618071 0.0 -0.107123 0.72052 -0.68511 0.0 -0.785942 -0.483407 -0.385503 0.0 0.364638 -0.505453 -0.055694 1.0]
328
	ConcatTransform [1.1 0.0 0.0 0.0 0.0 1.1 0.0 0.0 0.0 0.0 1.1 0.0 -9.609 0.05 6.704 1.0]
	ConcatTransform [-0.597875 0.499826 0.626673 0.0 -0.116 0.71961 -0.684621 0.0 -0.793151 -0.482012 -0.372257 0.0 0.366468 -0.505486 -0.054412 1.0]
329
	ConcatTransform [1.1 0.0 0.0 0.0 0.0 1.1 0.0 0.0 0.0 0.0 1.1 0.0 -9.609 0.05 6.704 1.0]
	ConcatTransform [-0.590784 0.50027 0.633013 0.0 -0.122584 0.719805 -0.683267 0.0 -0.797463 -0.48126 -0.363924 0.0 0.367508 -0.505493 -0.053643 1.0]
330
	ConcatTransform [1.1 0.0 0.0 0.0 0.0 1.1 0.0 0.0 0.0 0.0 1.1 0.0 -9.609 0.05 6.704 1.0]
	ConcatTransform [-0.580043 0.499172 0.643722 0.0 -0.132703 0.721782 -0.679279 0.0 -0.803704 -0.479435 -0.352423 0.0 0.368817 -0.505476 -0.052637 1.0]
331
	ConcatTransform [1.1 0.0 0.0 0.0 0.0 1.1 0.0 0.0 0.0 0.0 1.1 0.0 -9.609 0.05 6.704 1.0]
	ConcatTransform [-0.572619 0.499402 0.650158 0.0 -0.139078 0.722379 -0.677367 0.0 -0.807939 -0.478296 -0.344192 0.0 0.369548 -0.505501 -0.052075 1.0]
332
	ConcatTransform [1.1 0.0 0.0 0.0 0.0 1.1 0.0 0.0 0.0 0.0 1.1 0.0 -9.609 0.05 6.704 1.0]
	ConcatTransform [-0.561251 0.501142 0.658676 0.0 -0.148307 0.722065 -0.675742 0.0 -0.81425 -0.476947 -0.330937 0.0 0.370466 -0.505519 -0.051361 1.0]
333
	ConcatTransform [1.1 0.0 0.0 0.0 0.0 1.1 0.0 0.0 0.0 0.0 1.1 0.0 -9.609 0.05 6.704 1.0]
	ConcatTransform [-0.553766 0.501544 0.664679 0.0 -0.154755 0.722348 -0.673991 0.0 -0.818165 -0.476095 -0.322395 0.0 0.370967 -0.505509 -0.050945 1.0]
334
	ConcatTransform [1.1 0.0 0.0 0.0 0.0 1.1 0.0 0.0 0.0 0.0 1.1 0.0 -9.609 0.05 6.704 1.0]
	ConcatTransform [-0.542638 0.501323 0.673957 0.0 -0.164906 0.723165 -0.6707 0.0 -0.82362 -0.475087 -0.309746 0.0 0.371566 -0.505504 -0.050424 1.0]
335
	ConcatTransform [1.1 0.0 0.0 0.0 0.0 1.1 0.0 0.0 0.0 0.0 1.1 0.0 -9.609 0.05 6.704 1.0]
	ConcatTransform [-0.535771 0.50126 0.679476 0.0 -0.171534 0.723325 -0.668863 0.0 -0.826756 -0.47491 -0.301554 0.0 0.371872 -0.50549 -0.050164 1.0]
336
	ConcatTransform [1.1 0.0 0.0 0.0 0.0 1.1 0.0 0.0 0.0 0.0 1.1 0.0 -9.609 0.05 6.704 1.0]
	ConcatTransform [-0.528101 0.499631 0.686643 0.0 -0.182115 0.723143 -0.666257 0.0 -0.829424 -0.476899 -0.290902 0.0 0.372176 -0.505465 -0.049883 1.0]
337
	ConcatTransform [1.1 0.0 0.0 0.0 0.0 1.1 0.0 0.0 0.0 0.0 1.1 0.0 -9.609 0.05 6.704 1.0]
	ConcatTransform [-0.523274 0.498744 0.690969 0.0 -0.187681 0.723481 -0.664343 0.0 -0.83124 -0.477315 -0.284974 0.0 0.372302 -0.505457 -0.049744 1.0]
338
	ConcatTransform [1.1 0.0 0.0 0.0 0.0 1.1 0.0 0.0 0.0 0.0 1.1 0.0 -9.609 0.05 6.704 1.0]
	ConcatTransform [-0.516245 0.498474 0.69643 0.0 -0.193683 0.72415 -0.661887 0.0 -0.834253 -0.476582 -0.277293 0.0 0.37234 -0.505456 -0.04961 1.0]
339
	ConcatTransform [1.1 0.0 0.0 0.0 0.0 1.1 0.0 0.0 0.0 0.0 1.1 0.0 -9.609 0.05 6.704 1.0]
	ConcatTransform [-0.512028 0.498366 0.699614 0.0 -0.196616 0.724857 -0.660246 0.0 -0.836164 -0.475619 -0.27316 0.0 0.372252 -0.505465 -0.049567 1.0]
340
	ConcatTransform [1.1 0.0 0.0 0.0 0.0 1.1 0.0 0.0 0.0 0.0 1.1 0.0 -9.609 0.05 6.704 1.0]
	ConcatTransform [-0.506026 0.499219 0.703362 0.0 -0.199955 0.725361 -0.658688 0.0 -0.83902 -0.473954 -0.26723 0.0 0.371983 -0.505516 -0.049552 1.0]
341
	ConcatTransform [1.1 0.0 0.0 0.0 0.0 1.1 0.0 0.0 0.0 0.0 1.1 0.0 -9.609 0.05 6.704 1.0]
	ConcatTransform [-0.50246 0.49948 0.705729 0.0 -0.202513 0.725553 -0.657694 0.0 -0.840549 -0.473384 -0.263411 0.0 0.371723 -0.50552 -0.049555 1.0]
342
	ConcatTransform [1.1 0.0 0.0 0.0 0.0 1.1 0.0 0.0 0.0 0.0 1.1 0.0 -9.609 0.05 6.704 1.0]
	ConcatTransform [-0.498947 0.499589 0.70814 0.0 -0.20524 0.725754 -0.656625 0.0 -0.841979 -0.47296 -0.259577 0.0 0.371212 -0.5055 -0.049605 1.0]
343
	ConcatTransform [1.1 0.0 0.0 0.0 0.0 1.1 0.0 0.0 0.0 0.0 1.1 0.0 -9.609 0.05 6.704 1.0]
	ConcatTransform [-0.496711 0.499754 0.709594 0.0 -0.206411 0.726106 -0.65587 0.0 -0.843014 -0.472246 -0.25751 0.0 0.37081 -0.505492 -0.049658 1.0]
344
	ConcatTransform [1.1 0.0 0.0 0.0 0.0 1.1 0.0 0.0 0.0 0.0 1.1 0.0 -9.609 0.05 6.704 1.0]
	ConcatTransform [-0.494513 0.499679 0.711181 0.0 -0.20826 0.726276 -0.655096 0.0 -0.843851 -0.472064 -0.25509 0.0 0.370115 -0.505534 -0.049759 1.0]
345
	ConcatTransform [1.1 0.0 0.0 0.0 0.0 1.1 0.0 0.0 0.0 0.0 1.1 0.0 -9.609 0.05 6.704 1.0]
	ConcatTransform [-0.492484 0.499644 0.712611 0.0 -0.207994 0.727497 -0.653825 0.0 -0.845102 -0.470217 -0.254358 0.0 0.369621 -0.505536 -0.049814 1.0]
346
	ConcatTransform [1.1 0.0 0.0 0.0 0.0 1.1 0.0 0.0 0.0 0.0 1.1 0.0 -9.609 0.05 6.704 1.0]
	ConcatTransform [-0.489438 0.500885 0.713838 0.0 -0.208104 0.727847 -0.6534 0.0 -0.846843 -0.468351 -0.252 0.0 0.368835 -0.505519 -0.049901 1.0]
347
	ConcatTransform [1.1 0.0 0.0 0.0 0.0 1.1 0.0 0.0 0.0 0.0 1.1 0.0 -9.609 0.05 6.704 1.0]
	ConcatTransform [-0.487538 0.501209 0.71491 0.0 -0.20815 0.728483 -0.652675 0.0 -0.847927 -0.467013 -0.250836 0.0 0.368295 -0.505506 -0.049961 1.0]
348
	ConcatTransform [1.1 0.0 0.0 0.0 0.0 1.1 0.0 0.0 0.0 0.0 1.1 0.0 -9.609 0.05 6.704 1.0]
	ConcatTransform [-0.485565 0.501318 0.716175 0.0 -0.209065 0.72887 -0.651951 0.0 -0.848833 -0.466292 -0.249106 0.0 0.367495 -0.505533 -0.050031 1.0]
349
	ConcatTransform [1.1 0.0 0.0 0.0 0.0 1.1 0.0 0.0 0.0 0.0 1.1 0.0 -9.609 0.05 6.704 1.0]
	ConcatTransform [-0.484238 0.501592 0.716881 0.0 -0.209455 0.72907 -0.651603 0.0 -0.849495 -0.465685 -0.247982 0.0 0.366987 -0.505514 -0.050064 1.0]
350
	ConcatTransform [1.1 0.0 0.0 0.0 0.0 1.1 0.0 0.0 0.0 0.0 1.1 0.0 -9.609 0.05 6.704 1.0]
	ConcatTransform [-0.48238 0.502475 0.717515 0.0 -0.210007 0.728889 -0.651627 0.0 -0.850415 -0.465015 -0.246079 0.0 0.36627 -0.505531 -0.050105 1.0]
351
	ConcatTransform [1.1 0.0 0.0 0.0 0.0 1.1 0.0 0.0 0.0 0.0 1.1 0.0 -9.609 0.05 6.704 1.0]
	ConcatTransform [-0.481502 0.502441 0.718129 0.0 -0.210837 0.728902 -0.651344 0.0 -0.850708 -0.465031 -0.245034 0.0 0.365834 -0.505521 -0.050104 1.0]
352
	ConcatTransform [1.1 0.0 0.0 0.0 0.0 1.1 0.0 0.0 0.0 0.0 1.1 0.0 -9.609 0.05 6.704 1.0]
	ConcatTransform [-0.480373 0.502288 0.718991 0.0 -0.212267 0.728818 -0.650973 0.0 -0.85099 -0.465328 -0.243485 0.0 0.365236 -0.505532 -0.050097 1.0]
353
	ConcatTransform [1.1 0.0 0.0 0.0 0.0 1.1 0.0 0.0 0.0 0.0 1.1 0.0 -9.609 0.05 6.704 1.0]
	ConcatTransform [-0.479469 0.50239 0.719523 0.0 -0.21298 0.728783 -0.65078 0.0 -0.851322 -0.465273 -0.24243 0.0 0.364884 -0.505513 -0.050084 1.0]
354
	ConcatTransform [1.1 0.0 0.0 0.0 0.0 1.1 0.0 0.0 0.0 0.0 1.1 0.0 -9.609 0.05 6.704 1.0]
	ConcatTransform [-0.478005 0.502628 0.720331 0.0 -0.213896 0.728791 -0.650471 0.0 -0.851915 -0.465004 -0.240855 0.0 0.364416 -0.505496 -0.050064 1.0]
355
	ConcatTransform [1.1 0.0 0.0 0.0 0.0 1.1 0.0 0.0 0.0 0.0 1.1 0.0 -9.609 0.05 6.704 1.0]
	ConcatTransform [-0.477186 0.502604 0.72089 0.0 -0.214739 0.728756 -0.650232 0.0 -0.852162 -0.465085 -0.239824 0.0 0.364139 -0.50549 -0.050051 1.0]
356
	ConcatTransform [1.1 0.0 0.0 0.0 0.0 1.1 0.0 0.0 0.0 0.0 1.1 0.0 -9.609 0.05 6.704 1.0]
	ConcatTransform [-0.476144 0.502342 0.721761 0.0 -0.216296 0.728654 -0.64983 0.0 -0.852351 -0.465527 -0.23829 0.0 0.363775 -0.505486 -0.050033 1.0]
357
	ConcatTransform [1.1 0.0 0.0 0.0 0.0 1.1 0.0 0.0 0.0 0.0 1.1 0.0 -9.609 0.05 6.704 1.0]
	ConcatTransform [-0.47534 0.502289 0.722328 0.0 -0.217181 0.728614 -0.64958 0.0 -0.852575 -0.465647 -0.237253 0.0 0.363569 -0.505484 -0.050022 1.0]
358
	ConcatTransform [1.1 0.0 0.0 0.0 0.0 1.1 0.0 0.0 0.0 0.0 1.1 0.0 -9.609 0.05 6.704 1.0]
	ConcatTransform [-0.474205 0.502547 0.722894 0.0 -0.218571 0.72818 -0.649601 0.0 -0.852852 -0.466048 -0.235465 0.0 0.363319 -0.505534 -0.049999 1.0]
359
	ConcatTransform [1.1 0.0 0.0 0.0 0.0 1.1 0.0 0.0 0.0 0.0 1.1 0.0 -9.609 0.05 6.704 1.0]
	ConcatTransform [-0.473602 0.502619 0.72324 0.0 -0.219715 0.727787 -0.649655 0.0 -0.852893 -0.466584 -0.234249 0.0 0.363193 -0.505535 -0.049963 1.0]
360
	ConcatTransform [1.1 0.0 0.0 0.0 0.0 1.1 0.0 0.0 0.0 0.0 1.1 0.0 -9.609 0.05 6.704 1.0]
	ConcatTransform [0.849631 0.505041 -0.151855 0.0 -0.322838 0.725768 0.607484 0.0 0.417016 -0.467113 0.779681 0.0 0.069778 -0.505508 -0.611378 1.0]
