228
	ConcatTransform [1.1 0.0 0.0 0.0 0.0 1.1 0.0 0.0 0.0 0.0 1.1 0.0 -9.609 0.05 6.704 1.0]
	ConcatTransform [0.967723 0.207745 -0.142668 0.0 -0.198661 0.977166 0.075367 0.0 0.155067 -0.044592 0.986897 0.0 -0.005576 -0.021647 0.031046 1.0]
229
	ConcatTransform [1.1 0.0 0.0 0.0 0.0 1.1 0.0 0.0 0.0 0.0 1.1 0.0 -9.609 0.05 6.704 1.0]
	ConcatTransform [0.866522 0.439647 -0.236327 0.0 -0.403892 0.895791 0.185553 0.0 0.293278 -0.065335 0.953792 0.0 -0.012471 -0.037068 0.051052 1.0]
230
	ConcatTransform [1.1 0.0 0.0 0.0 0.0 1.1 0.0 0.0 0.0 0.0 1.1 0.0 -9.609 0.05 6.704 1.0]
	ConcatTransform [0.711687 0.646663 -0.274461 0.0 -0.568276 0.75964 0.316244 0.0 0.412994 -0.069097 0.908109 0.0 -0.018976 -0.045275 0.081014 1.0]
231
	ConcatTransform [1.1 0.0 0.0 0.0 0.0 1.1 0.0 0.0 0.0 0.0 1.1 0.0 -9.609 0.05 6.704 1.0]
	ConcatTransform [0.664262 0.663458 -0.344354 0.0 -0.543484 0.744947 0.386884 0.0 0.513207 -0.069842 0.855419 0.0 -0.013106 -0.066935 0.103405 1.0]
232
	ConcatTransform [1.1 0.0 0.0 0.0 0.0 1.1 0.0 0.0 0.0 0.0 1.1 0.0 -9.609 0.05 6.704 1.0]
	ConcatTransform [0.566699 0.674728 -0.472857 0.0 -0.494074 0.737564 0.460316 0.0 0.659351 -0.027234 0.751342 0.0 -0.008438 -0.117048 0.138159 1.0]
233
	ConcatTransform [1.1 0.0 0.0 0.0 0.0 1.1 0.0 0.0 0.0 0.0 1.1 0.0 -9.609 0.05 6.704 1.0]
	ConcatTransform [0.488377 0.653507 -0.578288 0.0 -0.467909 0.755484 0.458591 0.0 0.73658 0.046621 0.674742 0.0 0.000855 -0.171214 0.15799 1.0]
234
	ConcatTransform [1.1 0.0 0.0 0.0 0.0 1.1 0.0 0.0 0.0 0.0 1.1 0.0 -9.609 0.05 6.704 1.0]
	ConcatTransform [0.58372 0.502135 -0.638068 0.0 -0.289644 0.862914 0.414108 0.0 0.758536 -0.056911 0.649141 0.0 -0.010074 -0.257319 0.179106 1.0]
235
	ConcatTransform [1.1 0.0 0.0 0.0 0.0 1.1 0.0 0.0 0.0 0.0 1.1 0.0 -9.609 0.05 6.704 1.0]
	ConcatTransform [0.628052 0.396859 -0.669368 0.0 -0.16002 0.907663 0.387997 0.0 0.761541 -0.13657 0.633564 0.0 -0.03879 -0.308367 0.190111 1.0]
236
	ConcatTransform [1.1 0.0 0.0 0.0 0.0 1.1 0.0 0.0 0.0 0.0 1.1 0.0 -9.609 0.05 6.704 1.0]
	ConcatTransform [0.671954 0.318458 -0.668627 0.0 0.007892 0.899697 0.436444 0.0 0.740551 -0.298547 0.602042 0.0 -0.109094 -0.373497 0.202339 1.0]
237
	ConcatTransform [1.1 0.0 0.0 0.0 0.0 1.1 0.0 0.0 0.0 0.0 1.1 0.0 -9.609 0.05 6.704 1.0]
	ConcatTransform [0.701326 0.250947 -0.667209 0.0 0.136658 0.871294 0.471351 0.0 0.699619 -0.42175 0.576767 0.0 -0.16533 -0.394291 0.204812 1.0]
238
	ConcatTransform [1.1 0.0 0.0 0.0 0.0 1.1 0.0 0.0 0.0 0.0 1.1 0.0 -9.609 0.05 6.704 1.0]
	ConcatTransform [0.760575 0.123229 -0.637448 0.0 0.243701 0.855845 0.456222 0.0 0.601777 -0.502338 0.620904 0.0 -0.249946 -0.38013 0.204921 1.0]
239
	ConcatTransform [1.1 0.0 0.0 0.0 0.0 1.1 0.0 0.0 0.0 0.0 1.1 0.0 -9.609 0.05 6.704 1.0]
	ConcatTransform [0.792532 0.046401 -0.608063 0.0 0.286806 0.851586 0.438799 0.0 0.538178 -0.522158 0.661601 0.0 -0.304381 -0.369 0.205866 1.0]
240
	ConcatTransform [1.1 0.0 0.0 0.0 0.0 1.1 0.0 0.0 0.0 0.0 1.1 0.0 -9.609 0.05 6.704 1.0]
	ConcatTransform [0.834115 -0.057022 -0.548635 0.0 0.352281 0.820434 0.450318 0.0 0.424441 -0.568891 0.704424 0.0 -0.385319 -0.369239 0.208615 1.0]
241
	ConcatTransform [1.1 0.0 0.0 0.0 0.0 1.1 0.0 0.0 0.0 0.0 1.1 0.0 -9.609 0.05 6.704 1.0]
	ConcatTransform [0.859944 -0.084636 -0.503322 0.0 0.363058 0.794558 0.486689 0.0 0.358728 -0.601261 0.714003 0.0 -0.440015 -0.373749 0.208696 1.0]
242
	ConcatTransform [1.1 0.0 0.0 0.0 0.0 1.1 0.0 0.0 0.0 0.0 1.1 0.0 -9.609 0.05 6.704 1.0]
	ConcatTransform [0.894924 -0.116862 -0.430644 0.0 0.361043 0.756774 0.544923 0.0 0.26222 -0.643145 0.719447 0.0 -0.520102 -0.391017 0.207142 1.0]
243
	ConcatTransform [1.1 0.0 0.0 0.0 0.0 1.1 0.0 0.0 0.0 0.0 1.1 0.0 -9.609 0.05 6.704 1.0]
	ConcatTransform [0.879853 -0.182744 -0.438706 0.0 0.418299 0.735943 0.532366 0.0 0.225576 -0.651915 0.723963 0.0 -0.561563 -0.391505 0.209433 1.0]
244
	ConcatTransform [1.1 0.0 0.0 0.0 0.0 1.1 0.0 0.0 0.0 0.0 1.1 0.0 -9.609 0.05 6.704 1.0]
	ConcatTransform [0.873556 -0.223641 -0.432301 0.0 0.443967 0.730145 0.519405 0.0 0.199482 -0.645657 0.737112 0.0 -0.621692 -0.3999 0.214378 1.0]
245
	ConcatTransform [1.1 0.0 0.0 0.0 0.0 1.1 0.0 0.0 0.0 0.0 1.1 0.0 -9.609 0.05 6.704 1.0]
	ConcatTransform [0.878011 -0.236833 -0.415942 0.0 0.435058 0.757187 0.48723 0.0 0.199554 -0.608752 0.767854 0.0 -0.659768 -0.409318 0.218298 1.0]
246
	ConcatTransform [1.1 0.0 0.0 0.0 0.0 1.1 0.0 0.0 0.0 0.0 1.1 0.0 -9.609 0.05 6.704 1.0]
	ConcatTransform [0.89343 -0.239855 -0.379807 0.0 0.397362 0.816313 0.41921 0.0 0.209491 -0.525455 0.824627 0.0 -0.71154 -0.424719 0.227147 1.0]
247
	ConcatTransform [1.1 0.0 0.0 0.0 0.0 1.1 0.0 0.0 0.0 0.0 1.1 0.0 -9.609 0.05 6.704 1.0]
	ConcatTransform [0.903214 -0.256126 -0.344388 0.0 0.385864 0.835926 0.390303 0.0 0.187916 -0.485415 0.85385 0.0 -0.738034 -0.431131 0.233746 1.0]
248
	ConcatTransform [1.1 0.0 0.0 0.0 0.0 1.1 0.0 0.0 0.0 0.0 1.1 0.0 -9.609 0.05 6.704 1.0]
	ConcatTransform [0.911733 -0.279797 -0.300761 0.0 0.384335 0.839496 0.384101 0.0 0.145018 -0.46579 0.872931 0.0 -0.760535 -0.42395 0.240434 1.0]
249
	ConcatTransform [1.1 0.0 0.0 0.0 0.0 1.1 0.0 0.0 0.0 0.0 1.1 0.0 -9.609 0.05 6.704 1.0]
	ConcatTransform [0.912352 -0.290354 -0.288632 0.0 0.389015 0.83454 0.390141 0.0 0.127596 -0.468228 0.874346 0.0 -0.769418 -0.420726 0.24155 1.0]
250
	ConcatTransform [1.1 0.0 0.0 0.0 0.0 1.1 0.0 0.0 0.0 0.0 1.1 0.0 -9.609 0.05 6.704 1.0]
	ConcatTransform [0.911596 -0.287967 -0.293373 0.0 0.391527 0.825708 0.406095 0.0 0.125299 -0.485058 0.865459 0.0 -0.777418 -0.423305 0.240496 1.0]
251
	ConcatTransform [1.1 0.0 0.0 0.0 0.0 1.1 0.0 0.0 0.0 0.0 1.1 0.0 -9.609 0.05 6.704 1.0]
	ConcatTransform [0.911203 -0.27699 -0.304936 0.0 0.386031 0.832562 0.397266 0.0 0.14384 -0.479704 0.86556 0.0 -0.776581 -0.425395 0.237611 1.0]
252
	ConcatTransform [1.1 0.0 0.0 0.0 0.0 1.1 0.0 0.0 0.0 0.0 1.1 0.0 -9.609 0.05 6.704 1.0]
	ConcatTransform [0.91751 -0.241095 -0.316306 0.0 0.361131 0.838217 0.408627 0.0 0.166615 -0.489147 0.856139 0.0 -0.769132 -0.435144 0.235025 1.0]
253
	ConcatTransform [1.1 0.0 0.0 0.0 0.0 1.1 0.0 0.0 0.0 0.0 1.1 0.0 -9.609 0.05 6.704 1.0]
	ConcatTransform [0.923965 -0.199398 -0.326387 0.0 0.329587 0.848065 0.41492 0.0 0.194063 -0.490944 0.849302 0.0 -0.761076 -0.4451 0.232534 1.0]
254
	ConcatTransform [1.1 0.0 0.0 0.0 0.0 1.1 0.0 0.0 0.0 0.0 1.1 0.0 -9.609 0.05 6.704 1.0]
	ConcatTransform [0.93053 -0.127017 -0.343484 0.0 0.275735 0.860252 0.428879 0.0 0.241007 -0.493795 0.835513 0.0 -0.741275 -0.459296 0.225951 1.0]
255
	ConcatTransform [1.1 0.0 0.0 0.0 0.0 1.1 0.0 0.0 0.0 0.0 1.1 0.0 -9.609 0.05 6.704 1.0]
	ConcatTransform [0.932182 -0.075811 -0.353963 0.0 0.237935 0.865242 0.441298 0.0 0.272808 -0.49559 0.8246 0.0 -0.723924 -0.469181 0.219981 1.0]
256
	ConcatTransform [1.1 0.0 0.0 0.0 0.0 1.1 0.0 0.0 0.0 0.0 1.1 0.0 -9.609 0.05 6.704 1.0]
	ConcatTransform [0.926804 -0.000657 -0.375545 0.0 0.190884 0.862012 0.469573 0.0 0.323416 -0.506888 0.799041 0.0 -0.694845 -0.477048 0.207098 1.0]
257
	ConcatTransform [1.1 0.0 0.0 0.0 0.0 1.1 0.0 0.0 0.0 0.0 1.1 0.0 -9.609 0.05 6.704 1.0]
	ConcatTransform [0.919015 0.032617 -0.39287 0.0 0.175168 0.859001 0.481076 0.0 0.353167 -0.510934 0.783721 0.0 -0.679704 -0.472905 0.194238 1.0]
258
	ConcatTransform [1.1 0.0 0.0 0.0 0.0 1.1 0.0 0.0 0.0 0.0 1.1 0.0 -9.609 0.05 6.704 1.0]
	ConcatTransform [0.903245 0.069144 -0.423518 0.0 0.176167 0.840186 0.512886 0.0 0.391297 -0.537872 0.746713 0.0 -0.663448 -0.468727 0.172796 1.0]
259
	ConcatTransform [1.1 0.0 0.0 0.0 0.0 1.1 0.0 0.0 0.0 0.0 1.1 0.0 -9.609 0.05 6.704 1.0]
	ConcatTransform [0.896029 0.09257 -0.434238 0.0 0.17517 0.824984 0.537324 0.0 0.407979 -0.557524 0.722994 0.0 -0.65737 -0.466932 0.157915 1.0]
260
	ConcatTransform [1.1 0.0 0.0 0.0 0.0 1.1 0.0 0.0 0.0 0.0 1.1 0.0 -9.609 0.05 6.704 1.0]
	ConcatTransform [0.888304 0.119247 -0.443505 0.0 0.178351 0.800335 0.572411 0.0 0.423211 -0.587574 0.689673 0.0 -0.653579 -0.464916 0.135993 1.0]
261
	ConcatTransform [1.1 0.0 0.0 0.0 0.0 1.1 0.0 0.0 0.0 0.0 1.1 0.0 -9.609 0.05 6.704 1.0]
	ConcatTransform [0.885021 0.129675 -0.447127 0.0 0.186088 0.781827 0.595078 0.0 0.426743 -0.609861 0.667802 0.0 -0.654803 -0.46491 0.121607 1.0]
262
	ConcatTransform [1.1 0.0 0.0 0.0 0.0 1.1 0.0 0.0 0.0 0.0 1.1 0.0 -9.609 0.05 6.704 1.0]
	ConcatTransform [0.880155 0.133899 -0.45541 0.0 0.205986 0.756619 0.620562 0.0 0.427665 -0.639999 0.638361 0.0 -0.660171 -0.466608 0.101627 1.0]
263
	ConcatTransform [1.1 0.0 0.0 0.0 0.0 1.1 0.0 0.0 0.0 0.0 1.1 0.0 -9.609 0.05 6.704 1.0]
	ConcatTransform [0.877858 0.135366 -0.459393 0.0 0.218621 0.740186 0.63587 0.0 0.426111 -0.658636 0.620184 0.0 -0.666527 -0.467627 0.090078 1.0]
264
	ConcatTransform [1.1 0.0 0.0 0.0 0.0 1.1 0.0 0.0 0.0 0.0 1.1 0.0 -9.609 0.05 6.704 1.0]
	ConcatTransform [0.875524 0.124962 -0.466736 0.0 0.244789 0.718115 0.651452 0.0 0.416577 -0.684613 0.598137 0.0 -0.6791 -0.470196 0.075439 1.0]
265
	ConcatTransform [1.1 0.0 0.0 0.0 0.0 1.1 0.0 0.0 0.0 0.0 1.1 0.0 -9.609 0.05 6.704 1.0]
	ConcatTransform [0.878794 0.119939 -0.461884 0.0 0.247537 0.712924 0.656098 0.0 0.40798 -0.690908 0.596824 0.0 -0.683411 -0.467286 0.071588 1.0]
266
	ConcatTransform [1.1 0.0 0.0 0.0 0.0 1.1 0.0 0.0 0.0 0.0 1.1 0.0 -9.609 0.05 6.704 1.0]
	ConcatTransform [0.87859 0.117107 -0.462996 0.0 0.248394 0.715968 0.65245 0.0 0.407897 -0.688242 0.599953 0.0 -0.683867 -0.467939 0.071593 1.0]
267
	ConcatTransform [1.1 0.0 0.0 0.0 0.0 1.1 0.0 0.0 0.0 0.0 1.1 0.0 -9.609 0.05 6.704 1.0]
	ConcatTransform [0.876835 0.11558 -0.466693 0.0 0.246751 0.72491 0.643132 0.0 0.412644 -0.679077 0.607107 0.0 -0.681492 -0.470403 0.074749 1.0]
268
	ConcatTransform [1.1 0.0 0.0 0.0 0.0 1.1 0.0 0.0 0.0 0.0 1.1 0.0 -9.609 0.05 6.704 1.0]
	ConcatTransform [0.875591 0.1038 -0.471769 0.0 0.251358 0.736099 0.628473 0.0 0.412504 -0.668868 0.61843 0.0 -0.679598 -0.473651 0.08267 1.0]
269
	ConcatTransform [1.1 0.0 0.0 0.0 0.0 1.1 0.0 0.0 0.0 0.0 1.1 0.0 -9.609 0.05 6.704 1.0]
	ConcatTransform [0.876475 0.089812 -0.472996 0.0 0.254967 0.746779 0.614258 0.0 0.408392 -0.65898 0.631634 0.0 -0.679914 -0.4752 0.089847 1.0]
270
	ConcatTransform [1.1 0.0 0.0 0.0 0.0 1.1 0.0 0.0 0.0 0.0 1.1 0.0 -9.609 0.05 6.704 1.0]
	ConcatTransform [0.880135 0.066062 -0.470104 0.0 0.258714 0.763543 0.591666 0.0 0.398032 -0.642369 0.65493 0.0 -0.681492 -0.477747 0.10402 1.0]
271
	ConcatTransform [1.1 0.0 0.0 0.0 0.0 1.1 0.0 0.0 0.0 0.0 1.1 0.0 -9.609 0.05 6.704 1.0]
	ConcatTransform [0.881285 0.046331 -0.470308 0.0 0.264176 0.776874 0.571557 0.0 0.391851 -0.627949 0.672408 0.0 -0.68337 -0.479362 0.115212 1.0]
272
	ConcatTransform [1.1 0.0 0.0 0.0 0.0 1.1 0.0 0.0 0.0 0.0 1.1 0.0 -9.609 0.05 6.704 1.0]
	ConcatTransform [0.886026 0.017471 -0.463307 0.0 0.269327 0.794 0.545001 0.0 0.377388 -0.607666 0.698799 0.0 -0.68593 -0.481202 0.134954 1.0]
273
	ConcatTransform [1.1 0.0 0.0 0.0 0.0 1.1 0.0 0.0 0.0 0.0 1.1 0.0 -9.609 0.05 6.704 1.0]
	ConcatTransform [0.892214 -0.004973 -0.451585 0.0 0.270869 0.806008 0.52629 0.0 0.361364 -0.591884 0.720479 0.0 -0.689856 -0.482156 0.149403 1.0]
274
	ConcatTransform [1.1 0.0 0.0 0.0 0.0 1.1 0.0 0.0 0.0 0.0 1.1 0.0 -9.609 0.05 6.704 1.0]
	ConcatTransform [0.894207 -0.028056 -0.446774 0.0 0.27163 0.827309 0.491709 0.0 0.355825 -0.561046 0.747406 0.0 -0.69456 -0.480895 0.171432 1.0]
275
	ConcatTransform [1.1 0.0 0.0 0.0 0.0 1.1 0.0 0.0 0.0 0.0 1.1 0.0 -9.609 0.05 6.704 1.0]
	ConcatTransform [0.901572 -0.035817 -0.431144 0.0 0.260735 0.840231 0.475426 0.0 0.345233 -0.541045 0.766867 0.0 -0.694764 -0.478755 0.184004 1.0]
276
	ConcatTransform [1.1 0.0 0.0 0.0 0.0 1.1 0.0 0.0 0.0 0.0 1.1 0.0 -9.609 0.05 6.704 1.0]
	ConcatTransform [0.908952 -0.044379 -0.414531 0.0 0.249144 0.855054 0.454763 0.0 0.334265 -0.516636 0.78826 0.0 -0.693437 -0.47638 0.199493 1.0]
277
	ConcatTransform [1.1 0.0 0.0 0.0 0.0 1.1 0.0 0.0 0.0 0.0 1.1 0.0 -9.609 0.05 6.704 1.0]
	ConcatTransform [0.914015 -0.04831 -0.402793 0.0 0.241054 0.86327 0.443461 0.0 0.326295 -0.502425 0.800687 0.0 -0.692833 -0.474337 0.206655 1.0]
278
	ConcatTransform [1.1 0.0 0.0 0.0 0.0 1.1 0.0 0.0 0.0 0.0 1.1 0.0 -9.609 0.05 6.704 1.0]
	ConcatTransform [0.921712 -0.050665 -0.384551 0.0 0.229772 0.87007 0.436099 0.0 0.312492 -0.490317 0.813596 0.0 -0.693699 -0.472553 0.213984 1.0]
279
	ConcatTransform [1.1 0.0 0.0 0.0 0.0 1.1 0.0 0.0 0.0 0.0 1.1 0.0 -9.609 0.05 6.704 1.0]
	ConcatTransform [0.922056 -0.051732 -0.383584 0.0 0.230332 0.869788 0.436367 0.0 0.311062 -0.490706 0.813909 0.0 -0.694755 -0.472376 0.216536 1.0]
280
	ConcatTransform [1.1 0.0 0.0 0.0 0.0 1.1 0.0 0.0 0.0 0.0 1.1 0.0 -9.609 0.05 6.704 1.0]
	ConcatTransform [0.922769 -0.04824 -0.382321 0.0 0.2288 0.866913 0.442846 0.0 0.310076 -0.49612 0.810998 0.0 -0.697332 -0.473162 0.216277 1.0]
281
	ConcatTransform [1.1 0.0 0.0 0.0 0.0 1.1 0.0 0.0 0.0 0.0 1.1 0.0 -9.609 0.05 6.704 1.0]
	ConcatTransform [0.92568 -0.042178 -0.375948 0.0 0.225696 0.859111 0.459336 0.0 0.303607 -0.510048 0.804782 0.0 -0.699477 -0.474736 0.213881 1.0]
282
	ConcatTransform [1.1 0.0 0.0 0.0 0.0 1.1 0.0 0.0 0.0 0.0 1.1 0.0 -9.609 0.05 6.704 1.0]
	ConcatTransform [0.929235 -0.039455 -0.367378 0.0 0.225 0.849099 0.477919 0.0 0.293083 -0.526759 0.797889 0.0 -0.703059 -0.476981 0.20605 1.0]
283
	ConcatTransform [1.1 0.0 0.0 0.0 0.0 1.1 0.0 0.0 0.0 0.0 1.1 0.0 -9.609 0.05 6.704 1.0]
	ConcatTransform [0.93083 -0.032917 -0.363966 0.0 0.222809 0.840541 0.493809 0.0 0.289674 -0.540747 0.789735 0.0 -0.704518 -0.478433 0.198365 1.0]
284
	ConcatTransform [1.1 0.0 0.0 0.0 0.0 1.1 0.0 0.0 0.0 0.0 1.1 0.0 -9.609 0.05 6.704 1.0]
	ConcatTransform [0.931412 -0.022735 -0.363257 0.0 0.223703 0.823039 0.522077 0.0 0.287105 -0.56753 0.771674 0.0 -0.707541 -0.480878 0.184674 1.0]
285
	ConcatTransform [1.1 0.0 0.0 0.0 0.0 1.1 0.0 0.0 0.0 0.0 1.1 0.0 -9.609 0.05 6.704 1.0]
	ConcatTransform [0.931447 -0.013926 -0.363611 0.0 0.221808 0.813883 0.537025 0.0 0.288458 -0.580862 0.761177 0.0 -0.707596 -0.481273 0.174785 1.0]
286
	ConcatTransform [1.1 0.0 0.0 0.0 0.0 1.1 0.0 0.0 0.0 0.0 1.1 0.0 -9.609 0.05 6.704 1.0]
	ConcatTransform [0.930977 0.005082 -0.365043 0.0 0.216101 0.79824 0.562239 0.0 0.294249 -0.602318 0.742045 0.0 -0.70527 -0.482135 0.160194 1.0]
287
	ConcatTransform [1.1 0.0 0.0 0.0 0.0 1.1 0.0 0.0 0.0 0.0 1.1 0.0 -9.609 0.05 6.704 1.0]
	ConcatTransform [0.930113 0.018139 -0.366826 0.0 0.211475 0.790147 0.57528 0.0 0.300282 -0.612649 0.731089 0.0 -0.701921 -0.481643 0.151628 1.0]
288
	ConcatTransform [1.1 0.0 0.0 0.0 0.0 1.1 0.0 0.0 0.0 0.0 1.1 0.0 -9.609 0.05 6.704 1.0]
	ConcatTransform [0.927895 0.039399 -0.370754 0.0 0.203712 0.779277 0.592645 0.0 0.31227 -0.625439 0.715062 0.0 -0.697056 -0.480161 0.140771 1.0]
289
	ConcatTransform [1.1 0.0 0.0 0.0 0.0 1.1 0.0 0.0 0.0 0.0 1.1 0.0 -9.609 0.05 6.704 1.0]
	ConcatTransform [0.926657 0.050653 -0.372479 0.0 0.199879 0.772799 0.602354 0.0 0.318363 -0.632627 0.705995 0.0 -0.694242 -0.479253 0.134684 1.0]
290
	ConcatTransform [1.1 0.0 0.0 0.0 0.0 1.1 0.0 0.0 0.0 0.0 1.1 0.0 -9.609 0.05 6.704 1.0]
	ConcatTransform [0.925792 0.063123 -0.372725 0.0 0.194668 0.76558 0.613181 0.0 0.324057 -0.640236 0.69648 0.0 -0.691285 -0.47814 0.127578 1.0]
291
	ConcatTransform [1.1 0.0 0.0 0.0 0.0 1.1 0.0 0.0 0.0 0.0 1.1 0.0 -9.609 0.05 6.704 1.0]
	ConcatTransform [0.925553 0.068306 -0.372405 0.0 0.192425 0.762227 0.618048 0.0 0.326073 -0.643696 0.692338 0.0 -0.689877 -0.477642 0.124431 1.0]
292
	ConcatTransform [1.1 0.0 0.0 0.0 0.0 1.1 0.0 0.0 0.0 0.0 1.1 0.0 -9.609 0.05 6.704 1.0]
	ConcatTransform [0.925604 0.072551 -0.371475 0.0 0.189922 0.759926 0.621645 0.0 0.327395 -0.645948 0.689611 0.0 -0.688902 -0.477201 0.122146 1.0]
293
	ConcatTransform [1.1 0.0 0.0 0.0 0.0 1.1 0.0 0.0 0.0 0.0 1.1 0.0 -9.609 0.05 6.704 1.0]
	ConcatTransform [0.926169 0.072361 -0.370102 0.0 0.188867 0.760458 0.621315 0.0 0.326406 -0.645342 0.690646 0.0 -0.688803 -0.477241 0.12232 1.0]
294
	ConcatTransform [1.1 0.0 0.0 0.0 0.0 1.1 0.0 0.0 0.0 0.0 1.1 0.0 -9.609 0.05 6.704 1.0]
	ConcatTransform [0.925099 0.065928 -0.373959 0.0 0.194367 0.763808 0.615482 0.0 0.326211 -0.642067 0.693784 0.0 -0.68955 -0.477684 0.125133 1.0]
295
	ConcatTransform [1.1 0.0 0.0 0.0 0.0 1.1 0.0 0.0 0.0 0.0 1.1 0.0 -9.609 0.05 6.704 1.0]
	ConcatTransform [0.924923 0.059305 -0.375501 0.0 0.196861 0.77028 0.606559 0.0 0.325213 -0.634942 0.700775 0.0 -0.690036 -0.478563 0.128606 1.0]
296
	ConcatTransform [1.1 0.0 0.0 0.0 0.0 1.1 0.0 0.0 0.0 0.0 1.1 0.0 -9.609 0.05 6.704 1.0]
	ConcatTransform [0.925803 0.045492 -0.375259 0.0 0.203117 0.777368 0.595351 0.0 0.318798 -0.627399 0.710449 0.0 -0.693691 -0.479605 0.135127 1.0]
297
	ConcatTransform [1.1 0.0 0.0 0.0 0.0 1.1 0.0 0.0 0.0 0.0 1.1 0.0 -9.609 0.05 6.704 1.0]
	ConcatTransform [0.926048 0.034459 -0.375829 0.0 0.208315 0.783714 0.585148 0.0 0.314706 -0.620166 0.718578 0.0 -0.697018 -0.480299 0.140436 1.0]
298
	ConcatTransform [1.1 0.0 0.0 0.0 0.0 1.1 0.0 0.0 0.0 0.0 1.1 0.0 -9.609 0.05 6.704 1.0]
	ConcatTransform [0.926318 0.016899 -0.376364 0.0 0.216404 0.793881 0.568263 0.0 0.308391 -0.607839 0.731729 0.0 -0.703461 -0.481261 0.149421 1.0]
299
	ConcatTransform [1.1 0.0 0.0 0.0 0.0 1.1 0.0 0.0 0.0 0.0 1.1 0.0 -9.609 0.05 6.704 1.0]
	ConcatTransform [0.926624 0.002825 -0.375979 0.0 0.222538 0.801889 0.554482 0.0 0.30306 -0.597466 0.742421 0.0 -0.708311 -0.481914 0.155963 1.0]
300
	ConcatTransform [1.1 0.0 0.0 0.0 0.0 1.1 0.0 0.0 0.0 0.0 1.1 0.0 -9.609 0.05 6.704 1.0]
	ConcatTransform [0.926729 -0.009259 -0.375615 0.0 0.226356 0.811677 0.538464 0.0 0.299892 -0.584034 0.7543 0.0 -0.713242 -0.480772 0.165225 1.0]
301
	ConcatTransform [1.1 0.0 0.0 0.0 0.0 1.1 0.0 0.0 0.0 0.0 1.1 0.0 -9.609 0.05 6.704 1.0]
	ConcatTransform [0.926829 -0.009141 -0.375372 0.0 0.223985 0.815817 0.533173 0.0 0.301362 -0.578238 0.75817 0.0 -0.714341 -0.480637 0.169946 1.0]
302
	ConcatTransform [1.1 0.0 0.0 0.0 0.0 1.1 0.0 0.0 0.0 0.0 1.1 0.0 -9.609 0.05 6.704 1.0]
	ConcatTransform [0.926665 -0.009928 -0.375757 0.0 0.222567 0.820067 0.527213 0.0 0.302912 -0.572181 0.762137 0.0 -0.713982 -0.480237 0.174414 1.0]
303
	ConcatTransform [1.1 0.0 0.0 0.0 0.0 1.1 0.0 0.0 0.0 0.0 1.1 0.0 -9.609 0.05 6.704 1.0]
	ConcatTransform [0.925901 -0.01047 -0.377622 0.0 0.223463 0.821149 0.525146 0.0 0.304586 -0.570618 0.762642 0.0 -0.713494 -0.480097 0.175729 1.0]
304
	ConcatTransform [1.1 0.0 0.0 0.0 0.0 1.1 0.0 0.0 0.0 0.0 1.1 0.0 -9.609 0.05 6.704 1.0]
	ConcatTransform [0.925659 -0.008051 -0.378274 0.0 0.223738 0.817889 0.530093 0.0 0.305119 -0.57532 0.758887 0.0 -0.71275 -0.480502 0.175418 1.0]
305
	ConcatTransform [1.1 0.0 0.0 0.0 0.0 1.1 0.0 0.0 0.0 0.0 1.1 0.0 -9.609 0.05 6.704 1.0]
	ConcatTransform [0.92608 -0.006434 -0.377273 0.0 0.223321 0.815278 0.534275 0.0 0.304144 -0.579035 0.756449 0.0 -0.712642 -0.480791 0.173469 1.0]
306
	ConcatTransform [1.1 0.0 0.0 0.0 0.0 1.1 0.0 0.0 0.0 0.0 1.1 0.0 -9.609 0.05 6.704 1.0]
	ConcatTransform [0.925505 -0.002834 -0.378725 0.0 0.225006 0.808486 0.543805 0.0 0.304653 -0.588509 0.748895 0.0 -0.712998 -0.481461 0.168297 1.0]
307
	ConcatTransform [1.1 0.0 0.0 0.0 0.0 1.1 0.0 0.0 0.0 0.0 1.1 0.0 -9.609 0.05 6.704 1.0]
	ConcatTransform [0.925882 0.000684 -0.377812 0.0 0.224434 0.803441 0.551463 0.0 0.303927 -0.595384 0.743738 0.0 -0.713414 -0.481929 0.163701 1.0]
308
	ConcatTransform [1.1 0.0 0.0 0.0 0.0 1.1 0.0 0.0 0.0 0.0 1.1 0.0 -9.609 0.05 6.704 1.0]
	ConcatTransform [0.927511 0.010517 -0.373649 0.0 0.217451 0.797875 0.562237 0.0 0.304038 -0.602731 0.737751 0.0 -0.712817 -0.481606 0.157987 1.0]
309
	ConcatTransform [1.1 0.0 0.0 0.0 0.0 1.1 0.0 0.0 0.0 0.0 1.1 0.0 -9.609 0.05 6.704 1.0]
	ConcatTransform [0.928281 0.014945 -0.37158 0.0 0.213345 0.797006 0.565035 0.0 0.304596 -0.603786 0.736657 0.0 -0.711714 -0.481533 0.155195 1.0]
310
	ConcatTransform [1.1 0.0 0.0 0.0 0.0 1.1 0.0 0.0 0.0 0.0 1.1 0.0 -9.609 0.05 6.704 1.0]
	ConcatTransform [0.927744 0.014783 -0.372925 0.0 0.217438 0.790709 0.572277 0.0 0.303336 -0.612014 0.73036 0.0 -0.710959 -0.482196 0.15188 1.0]
311
	ConcatTransform [1.1 0.0 0.0 0.0 0.0 1.1 0.0 0.0 0.0 0.0 1.1 0.0 -9.609 0.05 6.704 1.0]
	ConcatTransform [0.927755 0.01753 -0.372779 0.0 0.216155 0.789039 0.575061 0.0 0.304218 -0.614093 0.728245 0.0 -0.711133 -0.481954 0.149631 1.0]
312
	ConcatTransform [1.1 0.0 0.0 0.0 0.0 1.1 0.0 0.0 0.0 0.0 1.1 0.0 -9.609 0.05 6.704 1.0]
	ConcatTransform [0.928202 0.021974 -0.371427 0.0 0.212295 0.788541 0.577178 0.0 0.305568 -0.61459 0.72726 0.0 -0.709955 -0.481308 0.148612 1.0]
313
	ConcatTransform [1.1 0.0 0.0 0.0 0.0 1.1 0.0 0.0 0.0 0.0 1.1 0.0 -9.609 0.05 6.704 1.0]
	ConcatTransform [0.928544 0.021861 -0.370579 0.0 0.211375 0.789498 0.576206 0.0 0.305168 -0.613364 0.728462 0.0 -0.709113 -0.481162 0.149018 1.0]
314
	ConcatTransform [1.1 0.0 0.0 0.0 0.0 1.1 0.0 0.0 0.0 0.0 1.1 0.0 -9.609 0.05 6.704 1.0]
	ConcatTransform [0.929478 0.019762 -0.368347 0.0 0.210485 0.791626 0.573606 0.0 0.302929 -0.610686 0.73164 0.0 -0.708751 -0.481146 0.150955 1.0]
315
	ConcatTransform [1.1 0.0 0.0 0.0 0.0 1.1 0.0 0.0 0.0 0.0 1.1 0.0 -9.609 0.05 6.704 1.0]
	ConcatTransform [0.93018 0.016286 -0.366742 0.0 0.210886 0.79402 0.57014 0.0 0.300486 -0.607673 0.735147 0.0 -0.70914 -0.481284 0.152994 1.0]
316
	ConcatTransform [1.1 0.0 0.0 0.0 0.0 1.1 0.0 0.0 0.0 0.0 1.1 0.0 -9.609 0.05 6.704 1.0]
	ConcatTransform [0.931024 0.008758 -0.364853 0.0 0.213062 0.798623 0.562856 0.0 0.296309 -0.601768 0.741671 0.0 -0.711025 -0.481587 0.156959 1.0]
317
	ConcatTransform [1.1 0.0 0.0 0.0 0.0 1.1 0.0 0.0 0.0 0.0 1.1 0.0 -9.609 0.05 6.704 1.0]
	ConcatTransform [0.931213 0.002303 -0.364468 0.0 0.215835 0.802306 0.556525 0.0 0.293696 -0.596908 0.746621 0.0 -0.712704 -0.48184 0.160314 1.0]
318
	ConcatTransform [1.1 0.0 0.0 0.0 0.0 1.1 0.0 0.0 0.0 0.0 1.1 0.0 -9.609 0.05 6.704 1.0]
	ConcatTransform [0.931013 -0.00266 -0.364977 0.0 0.216904 0.808269 0.547406 0.0 0.293543 -0.588807 0.753086 0.0 -0.713511 -0.481489 0.165245 1.0]
319
	ConcatTransform [1.1 0.0 0.0 0.0 0.0 1.1 0.0 0.0 0.0 0.0 1.1 0.0 -9.609 0.05 6.704 1.0]
	ConcatTransform [0.930979 -0.003618 -0.365056 0.0 0.216404 0.810802 0.543846 0.0 0.294021 -0.585309 0.755623 0.0 -0.713253 -0.481223 0.167143 1.0]
320
	ConcatTransform [1.1 0.0 0.0 0.0 0.0 1.1 0.0 0.0 0.0 0.0 1.1 0.0 -9.609 0.05 6.704 1.0]
	ConcatTransform [0.931448 -0.004286 -0.36385 0.0 0.215875 0.811459 0.543077 0.0 0.292921 -0.584394 0.756757 0.0 -0.713558 -0.481117 0.167769 1.0]
321
	ConcatTransform [1.1 0.0 0.0 0.0 0.0 1.1 0.0 0.0 0.0 0.0 1.1 0.0 -9.609 0.05 6.704 1.0]
	ConcatTransform [0.931812 -0.003512 -0.362924 0.0 0.215497 0.809964 0.545453 0.0 0.292039 -0.586469 0.755491 0.0 -0.713535 -0.481273 0.166664 1.0]
322
	ConcatTransform [1.1 0.0 0.0 0.0 0.0 1.1 0.0 0.0 0.0 0.0 1.1 0.0 -9.609 0.05 6.704 1.0]
	ConcatTransform [0.931992 -0.000937 -0.362476 0.0 0.215779 0.804942 0.552727 0.0 0.291255 -0.593352 0.750403 0.0 -0.713867 -0.481758 0.162787 1.0]
323
	ConcatTransform [1.1 0.0 0.0 0.0 0.0 1.1 0.0 0.0 0.0 0.0 1.1 0.0 -9.609 0.05 6.704 1.0]
	ConcatTransform [0.931939 0.00231 -0.362607 0.0 0.214788 0.802161 0.557138 0.0 0.292157 -0.597103 0.747069 0.0 -0.713639 -0.48183 0.160293 1.0]
324
	ConcatTransform [1.1 0.0 0.0 0.0 0.0 1.1 0.0 0.0 0.0 0.0 1.1 0.0 -9.609 0.05 6.704 1.0]
	ConcatTransform [0.931958 0.005695 -0.362522 0.0 0.213091 0.800354 0.560379 0.0 0.293337 -0.5995 0.744683 0.0 -0.712913 -0.48169 0.157889 1.0]
325
	ConcatTransform [1.1 0.0 0.0 0.0 0.0 1.1 0.0 0.0 0.0 0.0 1.1 0.0 -9.609 0.05 6.704 1.0]
	ConcatTransform [0.931891 0.006706 -0.362677 0.0 0.212673 0.799857 0.561248 0.0 0.293853 -0.600154 0.743953 0.0 -0.712345 -0.48164 0.157175 1.0]
326
	ConcatTransform [1.1 0.0 0.0 0.0 0.0 1.1 0.0 0.0 0.0 0.0 1.1 0.0 -9.609 0.05 6.704 1.0]
	ConcatTransform [0.931465 0.005385 -0.36379 0.0 0.213967 0.800594 0.559703 0.0 0.294262 -0.599183 0.744573 0.0 -0.711681 -0.481676 0.157208 1.0]
327
	ConcatTransform [1.1 0.0 0.0 0.0 0.0 1.1 0.0 0.0 0.0 0.0 1.1 0.0 -9.609 0.05 6.704 1.0]
	ConcatTransform [0.931794 0.004103 -0.362965 0.0 0.21407 0.801327 0.558613 0.0 0.293146 -0.598212 0.745793 0.0 -0.711615 -0.481727 0.157919 1.0]
328
	ConcatTransform [1.1 0.0 0.0 0.0 0.0 1.1 0.0 0.0 0.0 0.0 1.1 0.0 -9.609 0.05 6.704 1.0]
	ConcatTransform [0.932056 0.000746 -0.362313 0.0 0.215202 0.803349 0.555265 0.0 0.291478 -0.595508 0.748606 0.0 -0.71224 -0.481851 0.159816 1.0]
329
	ConcatTransform [1.1 0.0 0.0 0.0 0.0 1.1 0.0 0.0 0.0 0.0 1.1 0.0 -9.609 0.05 6.704 1.0]
	ConcatTransform [0.93239 -0.001007 -0.361452 0.0 0.215437 0.804507 0.553494 0.0 0.290234 -0.593942 0.750331 0.0 -0.712598 -0.481779 0.160941 1.0]
330
	ConcatTransform [1.1 0.0 0.0 0.0 0.0 1.1 0.0 0.0 0.0 0.0 1.1 0.0 -9.609 0.05 6.704 1.0]
	ConcatTransform [0.933425 -0.000729 -0.358771 0.0 0.213531 0.804724 0.553917 0.0 0.288308 -0.593649 0.751305 0.0 -0.712604 -0.481794 0.160831 1.0]
331
	ConcatTransform [1.1 0.0 0.0 0.0 0.0 1.1 0.0 0.0 0.0 0.0 1.1 0.0 -9.609 0.05 6.704 1.0]
	ConcatTransform [0.933853 0.000172 -0.357656 0.0 0.212841 0.803385 0.556122 0.0 0.287431 -0.59546 0.750207 0.0 -0.712608 -0.481921 0.159838 1.0]
332
	ConcatTransform [1.1 0.0 0.0 0.0 0.0 1.1 0.0 0.0 0.0 0.0 1.1 0.0 -9.609 0.05 6.704 1.0]
	ConcatTransform [0.933894 0.000364 -0.35755 0.0 0.212709 0.80323 0.556397 0.0 0.287397 -0.595669 0.750054 0.0 -0.712729 -0.481911 0.158976 1.0]
333
	ConcatTransform [1.1 0.0 0.0 0.0 0.0 1.1 0.0 0.0 0.0 0.0 1.1 0.0 -9.609 0.05 6.704 1.0]
	ConcatTransform [0.933901 0.000288 -0.357532 0.0 0.212704 0.803336 0.556245 0.0 0.287378 -0.595526 0.750175 0.0 -0.712722 -0.481894 0.15905 1.0]
334
	ConcatTransform [1.1 0.0 0.0 0.0 0.0 1.1 0.0 0.0 0.0 0.0 1.1 0.0 -9.609 0.05 6.704 1.0]
	ConcatTransform [0.933798 -0.000492 -0.357799 0.0 0.213166 0.80392 0.555224 0.0 0.287369 -0.594738 0.750804 0.0 -0.71293 -0.481858 0.159652 1.0]
335
	ConcatTransform [1.1 0.0 0.0 0.0 0.0 1.1 0.0 0.0 0.0 0.0 1.1 0.0 -9.609 0.05 6.704 1.0]
	ConcatTransform [0.933749 -0.000517 -0.357929 0.0 0.213194 0.80406 0.55501 0.0 0.287509 -0.594548 0.7509 0.0 -0.713015 -0.481863 0.159965 1.0]
336
	ConcatTransform [1.1 0.0 0.0 0.0 0.0 1.1 0.0 0.0 0.0 0.0 1.1 0.0 -9.609 0.05 6.704 1.0]
	ConcatTransform [0.93378 -0.000116 -0.357848 0.0 0.212942 0.803859 0.555398 0.0 0.287595 -0.59482 0.750652 0.0 -0.712915 -0.481866 0.159829 1.0]
337
	ConcatTransform [1.1 0.0 0.0 0.0 0.0 1.1 0.0 0.0 0.0 0.0 1.1 0.0 -9.609 0.05 6.704 1.0]
	ConcatTransform [0.933801 -9e-06 -0.357794 0.0 0.212894 0.803727 0.555607 0.0 0.287563 -0.594998 0.750523 0.0 -0.712886 -0.481867 0.159668 1.0]
338
	ConcatTransform [1.1 0.0 0.0 0.0 0.0 1.1 0.0 0.0 0.0 0.0 1.1 0.0 -9.609 0.05 6.704 1.0]
	ConcatTransform [0.933788 1.5e-05 -0.357828 0.0 0.212896 0.803727 0.555606 0.0 0.287604 -0.594998 0.750507 0.0 -0.712876 -0.481863 0.159629 1.0]
339
	ConcatTransform [1.1 0.0 0.0 0.0 0.0 1.1 0.0 0.0 0.0 0.0 1.1 0.0 -9.609 0.05 6.704 1.0]
	ConcatTransform [0.933783 -5e-06 -0.35784 0.0 0.212915 0.803732 0.555592 0.0 0.287604 -0.594992 0.750512 0.0 -0.712888 -0.481862 0.159633 1.0]
340
	ConcatTransform [1.1 0.0 0.0 0.0 0.0 1.1 0.0 0.0 0.0 0.0 1.1 0.0 -9.609 0.05 6.704 1.0]
	ConcatTransform [0.933786 -2.5e-05 -0.357833 0.0 0.212918 0.803748 0.555567 0.0 0.287593 -0.594969 0.750534 0.0 -0.712893 -0.481861 0.159653 1.0]
341
	ConcatTransform [1.1 0.0 0.0 0.0 0.0 1.1 0.0 0.0 0.0 0.0 1.1 0.0 -9.609 0.05 6.704 1.0]
	ConcatTransform [0.93378 -4e-05 -0.357848 0.0 0.212935 0.803757 0.555548 0.0 0.287601 -0.594958 0.75054 0.0 -0.712895 -0.48186 0.159664 1.0]
342
	ConcatTransform [1.1 0.0 0.0 0.0 0.0 1.1 0.0 0.0 0.0 0.0 1.1 0.0 -9.609 0.05 6.704 1.0]
	ConcatTransform [0.933769 -3.9e-05 -0.357877 0.0 0.21295 0.803759 0.555539 0.0 0.287625 -0.594955 0.750533 0.0 -0.712893 -0.48186 0.159672 1.0]
343
	ConcatTransform [1.1 0.0 0.0 0.0 0.0 1.1 0.0 0.0 0.0 0.0 1.1 0.0 -9.609 0.05 6.704 1.0]
	ConcatTransform [0.933762 -3.8e-05 -0.357895 0.0 0.212961 0.803757 0.555538 0.0 0.28764 -0.594957 0.750526 0.0 -0.712892 -0.48186 0.159674 1.0]
344
	ConcatTransform [1.1 0.0 0.0 0.0 0.0 1.1 0.0 0.0 0.0 0.0 1.1 0.0 -9.609 0.05 6.704 1.0]
	ConcatTransform [0.933758 -3.2e-05 -0.357906 0.0 0.212964 0.803754 0.555541 0.0 0.28765 -0.594962 0.750518 0.0 -0.71289 -0.48186 0.159677 1.0]
345
	ConcatTransform [1.1 0.0 0.0 0.0 0.0 1.1 0.0 0.0 0.0 0.0 1.1 0.0 -9.609 0.05 6.704 1.0]
	ConcatTransform [0.933753 -3.1e-05 -0.357918 0.0 0.212971 0.803753 0.55554 0.0 0.28766 -0.594963 0.750513 0.0 -0.712889 -0.48186 0.159678 1.0]
346
	ConcatTransform [1.1 0.0 0.0 0.0 0.0 1.1 0.0 0.0 0.0 0.0 1.1 0.0 -9.609 0.05 6.704 1.0]
	ConcatTransform [0.933729 -8.9e-05 -0.357982 0.0 0.213037 0.803785 0.555468 0.0 0.287691 -0.59492 0.750536 0.0 -0.712891 -0.481864 0.159781 1.0]
347
	ConcatTransform [1.1 0.0 0.0 0.0 0.0 1.1 0.0 0.0 0.0 0.0 1.1 0.0 -9.609 0.05 6.704 1.0]
	ConcatTransform [0.933539 -0.00014 -0.358477 0.0 0.213257 0.804019 0.555045 0.0 0.288144 -0.594604 0.750613 0.0 -0.712759 -0.481857 0.159924 1.0]
348
	ConcatTransform [1.1 0.0 0.0 0.0 0.0 1.1 0.0 0.0 0.0 0.0 1.1 0.0 -9.609 0.05 6.704 1.0]
	ConcatTransform [0.933619 8.9e-05 -0.358267 0.0 0.212955 0.80403 0.555145 0.0 0.288106 -0.594589 0.750639 0.0 -0.712674 -0.481884 0.160043 1.0]
349
	ConcatTransform [1.1 0.0 0.0 0.0 0.0 1.1 0.0 0.0 0.0 0.0 1.1 0.0 -9.609 0.05 6.704 1.0]
	ConcatTransform [0.933384 0.000101 -0.35888 0.0 0.213313 0.804024 0.555015 0.0 0.288605 -0.594596 0.750442 0.0 -0.712707 -0.481884 0.160094 1.0]
350
	ConcatTransform [1.1 0.0 0.0 0.0 0.0 1.1 0.0 0.0 0.0 0.0 1.1 0.0 -9.609 0.05 6.704 1.0]
	ConcatTransform [0.933471 0.000224 -0.358652 0.0 0.213218 0.803751 0.555449 0.0 0.288391 -0.594966 0.75023 0.0 -0.712578 -0.481887 0.159957 1.0]
351
	ConcatTransform [1.1 0.0 0.0 0.0 0.0 1.1 0.0 0.0 0.0 0.0 1.1 0.0 -9.609 0.05 6.704 1.0]
	ConcatTransform [0.933464 0.000251 -0.35867 0.0 0.213194 0.80378 0.555415 0.0 0.288431 -0.594927 0.750246 0.0 -0.712515 -0.481875 0.160089 1.0]
352
	ConcatTransform [1.1 0.0 0.0 0.0 0.0 1.1 0.0 0.0 0.0 0.0 1.1 0.0 -9.609 0.05 6.704 1.0]
	ConcatTransform [0.933336 8e-06 -0.359005 0.0 0.213536 0.803861 0.555166 0.0 0.288594 -0.594817 0.750271 0.0 -0.712476 -0.481872 0.160291 1.0]
353
	ConcatTransform [1.1 0.0 0.0 0.0 0.0 1.1 0.0 0.0 0.0 0.0 1.1 0.0 -9.609 0.05 6.704 1.0]
	ConcatTransform [0.933322 0.000136 -0.35904 0.0 0.213528 0.803723 0.555369 0.0 0.288644 -0.595003 0.750104 0.0 -0.712478 -0.481886 0.160391 1.0]
354
	ConcatTransform [1.1 0.0 0.0 0.0 0.0 1.1 0.0 0.0 0.0 0.0 1.1 0.0 -9.609 0.05 6.704 1.0]
	ConcatTransform [0.933243 0.000248 -0.359246 0.0 0.213528 0.803802 0.555255 0.0 0.288901 -0.594897 0.75009 0.0 -0.712418 -0.481877 0.160649 1.0]
355
	ConcatTransform [1.1 0.0 0.0 0.0 0.0 1.1 0.0 0.0 0.0 0.0 1.1 0.0 -9.609 0.05 6.704 1.0]
	ConcatTransform [0.933324 5e-06 -0.359035 0.0 0.213531 0.803913 0.555093 0.0 0.288636 -0.594747 0.75031 0.0 -0.712275 -0.481868 0.160848 1.0]
356
	ConcatTransform [1.1 0.0 0.0 0.0 0.0 1.1 0.0 0.0 0.0 0.0 1.1 0.0 -9.609 0.05 6.704 1.0]
	ConcatTransform [0.933216 0.00011 -0.359316 0.0 0.213645 0.80386 0.555126 0.0 0.288901 -0.594819 0.750151 0.0 -0.712247 -0.481875 0.160926 1.0]
357
	ConcatTransform [1.1 0.0 0.0 0.0 0.0 1.1 0.0 0.0 0.0 0.0 1.1 0.0 -9.609 0.05 6.704 1.0]
	ConcatTransform [0.93325 0.000162 -0.359228 0.0 0.213613 0.803738 0.555315 0.0 0.288815 -0.594983 0.750054 0.0 -0.712257 -0.481874 0.160787 1.0]
358
	ConcatTransform [1.1 0.0 0.0 0.0 0.0 1.1 0.0 0.0 0.0 0.0 1.1 0.0 -9.609 0.05 6.704 1.0]
	ConcatTransform [0.933242 2.9e-05 -0.359249 0.0 0.213729 0.80373 0.555282 0.0 0.288755 -0.594995 0.750068 0.0 -0.712303 -0.481866 0.160761 1.0]
359
	ConcatTransform [1.1 0.0 0.0 0.0 0.0 1.1 0.0 0.0 0.0 0.0 1.1 0.0 -9.609 0.05 6.704 1.0]
	ConcatTransform [0.933222 -6.5e-05 -0.3593 0.0 0.213798 0.803797 0.555158 0.0 0.288768 -0.594904 0.750135 0.0 -0.712321 -0.481858 0.160834 1.0]
360
	ConcatTransform [1.1 0.0 0.0 0.0 0.0 1.1 0.0 0.0 0.0 0.0 1.1 0.0 -9.609 0.05 6.704 1.0]
	ConcatTransform [0.287365 -0.734985 -0.614181 0.0 0.879207 0.456822 -0.135308 0.0 0.380021 -0.501109 0.777479 0.0 -3.586193 -30.611206 6.660489 1.0]
