228
	ConcatTransform [1.1 0.0 0.0 0.0 0.0 1.1 0.0 0.0 0.0 0.0 1.1 0.0 -9.609 0.05 6.704 1.0]
	ConcatTransform [0.872947 0.334865 0.354724 0.0 -0.484175 0.683436 0.546342 0.0 -0.05948 -0.648676 0.758737 0.0 -0.120363 0.008361 -0.071961 1.0]
229
	ConcatTransform [1.1 0.0 0.0 0.0 0.0 1.1 0.0 0.0 0.0 0.0 1.1 0.0 -9.609 0.05 6.704 1.0]
	ConcatTransform [0.727741 0.109941 0.676983 0.0 -0.682825 0.023514 0.730203 0.0 0.064361 -0.99366 0.092183 0.0 -0.211476 0.035725 -0.136028 1.0]
230
	ConcatTransform [1.1 0.0 0.0 0.0 0.0 1.1 0.0 0.0 0.0 0.0 1.1 0.0 -9.609 0.05 6.704 1.0]
	ConcatTransform [0.566368 -0.501068 0.654338 0.0 -0.800532 -0.52319 0.292268 0.0 0.195897 -0.68935 -0.697439 0.0 -0.350977 0.103727 -0.238477 1.0]
231
	ConcatTransform [1.1 0.0 0.0 0.0 0.0 1.1 0.0 0.0 0.0 0.0 1.1 0.0 -9.609 0.05 6.704 1.0]
	ConcatTransform [0.425317 -0.80472 0.414162 0.0 -0.905018 -0.374657 0.201432 0.0 -0.006928 -0.460497 -0.887634 0.0 -0.441629 0.173168 -0.297723 1.0]
232
	ConcatTransform [1.1 0.0 0.0 0.0 0.0 1.1 0.0 0.0 0.0 0.0 1.1 0.0 -9.609 0.05 6.704 1.0]
	ConcatTransform [0.158647 -0.985982 -0.051682 0.0 -0.968838 -0.165546 0.18425 0.0 -0.190223 0.020841 -0.98152 0.0 -0.590454 0.267113 -0.376937 1.0]
233
	ConcatTransform [1.1 0.0 0.0 0.0 0.0 1.1 0.0 0.0 0.0 0.0 1.1 0.0 -9.609 0.05 6.704 1.0]
	ConcatTransform [-0.106532 -0.956702 -0.270872 0.0 -0.953811 0.021371 0.299647 0.0 -0.280885 0.290283 -0.914789 0.0 -0.694512 0.340614 -0.401094 1.0]
234
	ConcatTransform [1.1 0.0 0.0 0.0 0.0 1.1 0.0 0.0 0.0 0.0 1.1 0.0 -9.609 0.05 6.704 1.0]
	ConcatTransform [-0.478354 -0.821748 -0.309689 0.0 -0.834067 0.314791 0.453033 0.0 -0.274792 0.475012 -0.835974 0.0 -0.856169 0.455432 -0.414997 1.0]
235
	ConcatTransform [1.1 0.0 0.0 0.0 0.0 1.1 0.0 0.0 0.0 0.0 1.1 0.0 -9.609 0.05 6.704 1.0]
	ConcatTransform [-0.69012 -0.671569 -0.269683 0.0 -0.689327 0.496527 0.527531 0.0 -0.220368 0.54996 -0.805594 0.0 -0.964848 0.523158 -0.422254 1.0]
236
	ConcatTransform [1.1 0.0 0.0 0.0 0.0 1.1 0.0 0.0 0.0 0.0 1.1 0.0 -9.609 0.05 6.704 1.0]
	ConcatTransform [-0.914323 -0.369771 -0.165176 0.0 -0.391235 0.701091 0.59616 0.0 -0.104639 0.609705 -0.785691 0.0 -1.128087 0.608015 -0.432343 1.0]
237
	ConcatTransform [1.1 0.0 0.0 0.0 0.0 1.1 0.0 0.0 0.0 0.0 1.1 0.0 -9.609 0.05 6.704 1.0]
	ConcatTransform [-0.987467 -0.133582 -0.084053 0.0 -0.156878 0.772455 0.615388 0.0 -0.017278 0.620861 -0.78373 0.0 -1.237002 0.65246 -0.438994 1.0]
238
	ConcatTransform [1.1 0.0 0.0 0.0 0.0 1.1 0.0 0.0 0.0 0.0 1.1 0.0 -9.609 0.05 6.704 1.0]
	ConcatTransform [-0.971281 0.23464 0.039452 0.0 0.210061 0.767761 0.605325 0.0 0.111743 0.596228 -0.795 0.0 -1.400398 0.700625 -0.448958 1.0]
239
	ConcatTransform [1.1 0.0 0.0 0.0 0.0 1.1 0.0 0.0 0.0 0.0 1.1 0.0 -9.609 0.05 6.704 1.0]
	ConcatTransform [-0.877686 0.465265 0.114876 0.0 0.440941 0.69011 0.573863 0.0 0.187721 0.554325 -0.810854 0.0 -1.509328 0.720361 -0.455601 1.0]
240
	ConcatTransform [1.1 0.0 0.0 0.0 0.0 1.1 0.0 0.0 0.0 0.0 1.1 0.0 -9.609 0.05 6.704 1.0]
	ConcatTransform [-0.62887 0.75002 0.204923 0.0 0.727699 0.474951 0.494848 0.0 0.273818 0.460317 -0.844471 0.0 -1.672724 0.731405 -0.465565 1.0]
241
	ConcatTransform [1.1 0.0 0.0 0.0 0.0 1.1 0.0 0.0 0.0 0.0 1.1 0.0 -9.609 0.05 6.704 1.0]
	ConcatTransform [-0.423142 0.87373 0.239891 0.0 0.859048 0.302688 0.412816 0.0 0.288077 0.380758 -0.878655 0.0 -1.780681 0.727368 -0.472156 1.0]
242
	ConcatTransform [1.1 0.0 0.0 0.0 0.0 1.1 0.0 0.0 0.0 0.0 1.1 0.0 -9.609 0.05 6.704 1.0]
	ConcatTransform [-0.154649 0.960867 0.229823 0.0 0.971126 0.105072 0.214181 0.0 0.181652 0.25631 -0.949372 0.0 -1.937901 0.707471 -0.482062 1.0]
243
	ConcatTransform [1.1 0.0 0.0 0.0 0.0 1.1 0.0 0.0 0.0 0.0 1.1 0.0 -9.609 0.05 6.704 1.0]
	ConcatTransform [0.028205 0.981319 0.19031 0.0 0.995697 -0.044394 0.081344 0.0 0.088273 0.187197 -0.978348 0.0 -2.042679 0.68187 -0.48867 1.0]
244
	ConcatTransform [1.1 0.0 0.0 0.0 0.0 1.1 0.0 0.0 0.0 0.0 1.1 0.0 -9.609 0.05 6.704 1.0]
	ConcatTransform [0.288487 0.953575 0.08643 0.0 0.954623 -0.279479 -0.102891 0.0 -0.073959 0.112191 -0.990931 0.0 -2.199845 0.624907 -0.498582 1.0]
245
	ConcatTransform [1.1 0.0 0.0 0.0 0.0 1.1 0.0 0.0 0.0 0.0 1.1 0.0 -9.609 0.05 6.704 1.0]
	ConcatTransform [0.441249 0.897349 -0.008003 0.0 0.877091 -0.433139 -0.207611 0.0 -0.189766 0.084589 -0.978179 0.0 -2.304623 0.574558 -0.50519 1.0]
246
	ConcatTransform [1.1 0.0 0.0 0.0 0.0 1.1 0.0 0.0 0.0 0.0 1.1 0.0 -9.609 0.05 6.704 1.0]
	ConcatTransform [0.60339 0.771024 -0.203573 0.0 0.696913 -0.633929 -0.33533 0.0 -0.387598 0.060463 -0.919843 0.0 -2.459928 0.482494 -0.515878 1.0]
247
	ConcatTransform [1.1 0.0 0.0 0.0 0.0 1.1 0.0 0.0 0.0 0.0 1.1 0.0 -9.609 0.05 6.704 1.0]
	ConcatTransform [0.590082 0.688178 -0.422155 0.0 0.559382 -0.725542 -0.40085 0.0 -0.582147 0.000389 -0.813084 0.0 -2.556313 0.416867 -0.526802 1.0]
248
	ConcatTransform [1.1 0.0 0.0 0.0 0.0 1.1 0.0 0.0 0.0 0.0 1.1 0.0 -9.609 0.05 6.704 1.0]
	ConcatTransform [0.402362 0.516389 -0.755941 0.0 0.350597 -0.849697 -0.393823 0.0 -0.845687 -0.106572 -0.522931 0.0 -2.697111 0.31416 -0.551403 1.0]
249
	ConcatTransform [1.1 0.0 0.0 0.0 0.0 1.1 0.0 0.0 0.0 0.0 1.1 0.0 -9.609 0.05 6.704 1.0]
	ConcatTransform [0.193358 0.319038 -0.927808 0.0 0.303563 -0.918706 -0.252644 0.0 -0.932986 -0.232797 -0.274488 0.0 -2.788353 0.240811 -0.565564 1.0]
250
	ConcatTransform [1.1 0.0 0.0 0.0 0.0 1.1 0.0 0.0 0.0 0.0 1.1 0.0 -9.609 0.05 6.704 1.0]
	ConcatTransform [-0.103005 -0.107991 -0.988801 0.0 0.386505 -0.920317 0.060248 0.0 -0.916517 -0.375971 0.136536 0.0 -2.920727 0.114252 -0.577761 1.0]
251
	ConcatTransform [1.1 0.0 0.0 0.0 0.0 1.1 0.0 0.0 0.0 0.0 1.1 0.0 -9.609 0.05 6.704 1.0]
	ConcatTransform [-0.243526 -0.417043 -0.875654 0.0 0.51587 -0.820232 0.24718 0.0 -0.821324 -0.391529 0.414888 0.0 -3.00745 0.019657 -0.584308 1.0]
252
	ConcatTransform [1.1 0.0 0.0 0.0 0.0 1.1 0.0 0.0 0.0 0.0 1.1 0.0 -9.609 0.05 6.704 1.0]
	ConcatTransform [-0.229181 -0.823733 -0.518594 0.0 0.769483 -0.479607 0.421751 0.0 -0.596132 -0.302392 0.743765 0.0 -3.132773 -0.133636 -0.588787 1.0]
253
	ConcatTransform [1.1 0.0 0.0 0.0 0.0 1.1 0.0 0.0 0.0 0.0 1.1 0.0 -9.609 0.05 6.704 1.0]
	ConcatTransform [-0.014931 -0.971607 -0.236127 0.0 0.883909 -0.123221 0.451133 0.0 -0.46742 -0.201979 0.860653 0.0 -3.209784 -0.239556 -0.586146 1.0]
254
	ConcatTransform [1.1 0.0 0.0 0.0 0.0 1.1 0.0 0.0 0.0 0.0 1.1 0.0 -9.609 0.05 6.704 1.0]
	ConcatTransform [0.492445 -0.865148 0.094961 0.0 0.725809 0.468427 0.503763 0.0 -0.480312 -0.179152 0.858606 0.0 -3.30143 -0.390796 -0.572195 1.0]
255
	ConcatTransform [1.1 0.0 0.0 0.0 0.0 1.1 0.0 0.0 0.0 0.0 1.1 0.0 -9.609 0.05 6.704 1.0]
	ConcatTransform [0.711128 -0.637073 0.29738 0.0 0.363366 0.695144 0.620274 0.0 -0.601882 -0.333037 0.725827 0.0 -3.331063 -0.471751 -0.565269 1.0]
256
	ConcatTransform [1.1 0.0 0.0 0.0 0.0 1.1 0.0 0.0 0.0 0.0 1.1 0.0 -9.609 0.05 6.704 1.0]
	ConcatTransform [0.608932 -0.398083 0.686099 0.0 -0.189122 0.767147 0.612959 0.0 -0.770347 -0.503007 0.391854 0.0 -3.294524 -0.510302 -0.600263 1.0]
257
	ConcatTransform [1.1 0.0 0.0 0.0 0.0 1.1 0.0 0.0 0.0 0.0 1.1 0.0 -9.609 0.05 6.704 1.0]
	ConcatTransform [0.435394 -0.28654 0.853421 0.0 -0.525187 0.689108 0.499309 0.0 -0.731171 -0.665601 0.149546 0.0 -3.263209 -0.522952 -0.629463 1.0]
258
	ConcatTransform [1.1 0.0 0.0 0.0 0.0 1.1 0.0 0.0 0.0 0.0 1.1 0.0 -9.609 0.05 6.704 1.0]
	ConcatTransform [0.207598 -0.283849 0.936126 0.0 -0.869893 0.384142 0.309388 0.0 -0.447425 -0.878558 -0.167171 0.0 -3.225081 -0.530207 -0.669736 1.0]
259
	ConcatTransform [1.1 0.0 0.0 0.0 0.0 1.1 0.0 0.0 0.0 0.0 1.1 0.0 -9.609 0.05 6.704 1.0]
	ConcatTransform [0.011194 -0.396732 0.917866 0.0 -0.935792 0.319318 0.149432 0.0 -0.352376 -0.860604 -0.367684 0.0 -3.193264 -0.512483 -0.696278 1.0]
260
	ConcatTransform [1.1 0.0 0.0 0.0 0.0 1.1 0.0 0.0 0.0 0.0 1.1 0.0 -9.609 0.05 6.704 1.0]
	ConcatTransform [-0.259068 -0.566322 0.782408 0.0 -0.952719 0.283003 -0.110617 0.0 -0.158779 -0.774073 -0.612863 0.0 -3.148711 -0.491095 -0.735536 1.0]
261
	ConcatTransform [1.1 0.0 0.0 0.0 0.0 1.1 0.0 0.0 0.0 0.0 1.1 0.0 -9.609 0.05 6.704 1.0]
	ConcatTransform [-0.3975 -0.677342 0.619032 0.0 -0.917594 0.296267 -0.265042 0.0 -0.003875 -0.673374 -0.739291 0.0 -3.123867 -0.476339 -0.758543 1.0]
262
	ConcatTransform [1.1 0.0 0.0 0.0 0.0 1.1 0.0 0.0 0.0 0.0 1.1 0.0 -9.609 0.05 6.704 1.0]
	ConcatTransform [-0.545886 -0.779693 0.306737 0.0 -0.801902 0.38009 -0.46096 0.0 0.24282 -0.497604 -0.832724 0.0 -3.093093 -0.454818 -0.790502 1.0]
263
	ConcatTransform [1.1 0.0 0.0 0.0 0.0 1.1 0.0 0.0 0.0 0.0 1.1 0.0 -9.609 0.05 6.704 1.0]
	ConcatTransform [-0.601226 -0.796178 0.068031 0.0 -0.695038 0.479041 -0.536136 0.0 0.39427 -0.369623 -0.841386 0.0 -3.077001 -0.441288 -0.807892 1.0]
264
	ConcatTransform [1.1 0.0 0.0 0.0 0.0 1.1 0.0 0.0 0.0 0.0 1.1 0.0 -9.609 0.05 6.704 1.0]
	ConcatTransform [-0.649184 -0.71207 -0.267425 0.0 -0.481237 0.656775 -0.580567 0.0 0.589042 -0.2482 -0.769042 0.0 -3.058463 -0.419208 -0.828142 1.0]
265
	ConcatTransform [1.1 0.0 0.0 0.0 0.0 1.1 0.0 0.0 0.0 0.0 1.1 0.0 -9.609 0.05 6.704 1.0]
	ConcatTransform [-0.656591 -0.599449 -0.457766 0.0 -0.312086 0.768447 -0.558652 0.0 0.686652 -0.223943 -0.691635 0.0 -3.047774 -0.407933 -0.837343 1.0]
266
	ConcatTransform [1.1 0.0 0.0 0.0 0.0 1.1 0.0 0.0 0.0 0.0 1.1 0.0 -9.609 0.05 6.704 1.0]
	ConcatTransform [-0.668382 -0.39433 -0.63069 0.0 -0.028751 0.86097 -0.507842 0.0 0.743262 -0.3213 -0.586794 0.0 -3.032563 -0.395665 -0.843613 1.0]
267
	ConcatTransform [1.1 0.0 0.0 0.0 0.0 1.1 0.0 0.0 0.0 0.0 1.1 0.0 -9.609 0.05 6.704 1.0]
	ConcatTransform [-0.652044 -0.26496 -0.710377 0.0 0.166434 0.864074 -0.475054 0.0 0.739688 -0.427986 -0.519316 0.0 -3.022275 -0.396891 -0.846611 1.0]
268
	ConcatTransform [1.1 0.0 0.0 0.0 0.0 1.1 0.0 0.0 0.0 0.0 1.1 0.0 -9.609 0.05 6.704 1.0]
	ConcatTransform [-0.581934 -0.126865 -0.80328 0.0 0.45311 0.769652 -0.449808 0.0 0.675311 -0.625733 -0.390402 0.0 -3.007045 -0.411657 -0.848455 1.0]
269
	ConcatTransform [1.1 0.0 0.0 0.0 0.0 1.1 0.0 0.0 0.0 0.0 1.1 0.0 -9.609 0.05 6.704 1.0]
	ConcatTransform [-0.491412 -0.095763 -0.865647 0.0 0.618648 0.661217 -0.424343 0.0 0.613016 -0.744058 -0.265686 0.0 -2.998611 -0.428776 -0.846969 1.0]
270
	ConcatTransform [1.1 0.0 0.0 0.0 0.0 1.1 0.0 0.0 0.0 0.0 1.1 0.0 -9.609 0.05 6.704 1.0]
	ConcatTransform [-0.323637 -0.107438 -0.940062 0.0 0.818718 0.466237 -0.335148 0.0 0.474299 -0.878112 -0.06293 0.0 -2.986151 -0.464688 -0.836123 1.0]
271
	ConcatTransform [1.1 0.0 0.0 0.0 0.0 1.1 0.0 0.0 0.0 0.0 1.1 0.0 -9.609 0.05 6.704 1.0]
	ConcatTransform [-0.188934 -0.161719 -0.968582 0.0 0.910449 0.340733 -0.234485 0.0 0.367949 -0.926147 0.082861 0.0 -2.978603 -0.492448 -0.821507 1.0]
272
	ConcatTransform [1.1 0.0 0.0 0.0 0.0 1.1 0.0 0.0 0.0 0.0 1.1 0.0 -9.609 0.05 6.704 1.0]
	ConcatTransform [0.023594 -0.318597 -0.947596 0.0 0.939951 0.329899 -0.087514 0.0 0.340493 -0.888629 0.307249 0.0 -2.960245 -0.498118 -0.791361 1.0]
273
	ConcatTransform [1.1 0.0 0.0 0.0 0.0 1.1 0.0 0.0 0.0 0.0 1.1 0.0 -9.609 0.05 6.704 1.0]
	ConcatTransform [0.170952 -0.409888 -0.895973 0.0 0.934134 0.356604 0.015094 0.0 0.313321 -0.839539 0.443853 0.0 -2.945599 -0.503255 -0.769711 1.0]
274
	ConcatTransform [1.1 0.0 0.0 0.0 0.0 1.1 0.0 0.0 0.0 0.0 1.1 0.0 -9.609 0.05 6.704 1.0]
	ConcatTransform [0.392567 -0.502404 -0.770377 0.0 0.884664 0.435332 0.166902 0.0 0.251517 -0.747045 0.615356 0.0 -2.919613 -0.509731 -0.735187 1.0]
275
	ConcatTransform [1.1 0.0 0.0 0.0 0.0 1.1 0.0 0.0 0.0 0.0 1.1 0.0 -9.609 0.05 6.704 1.0]
	ConcatTransform [0.531256 -0.530701 -0.660396 0.0 0.825364 0.500081 0.262095 0.0 0.191158 -0.684307 0.703692 0.0 -2.899445 -0.511534 -0.711665 1.0]
276
	ConcatTransform [1.1 0.0 0.0 0.0 0.0 1.1 0.0 0.0 0.0 0.0 1.1 0.0 -9.609 0.05 6.704 1.0]
	ConcatTransform [0.718616 -0.516806 -0.465298 0.0 0.689465 0.616779 0.379766 0.0 0.090721 -0.593712 0.799547 0.0 -2.867937 -0.510395 -0.677645 1.0]
277
	ConcatTransform [1.1 0.0 0.0 0.0 0.0 1.1 0.0 0.0 0.0 0.0 1.1 0.0 -9.609 0.05 6.704 1.0]
	ConcatTransform [0.820559 -0.470669 -0.324274 0.0 0.571362 0.690473 0.443612 0.0 0.015108 -0.549288 0.835496 0.0 -2.846569 -0.507623 -0.65606 1.0]
278
	ConcatTransform [1.1 0.0 0.0 0.0 0.0 1.1 0.0 0.0 0.0 0.0 1.1 0.0 -9.609 0.05 6.704 1.0]
	ConcatTransform [0.928303 -0.353373 -0.115678 0.0 0.360803 0.780895 0.509926 0.0 -0.089861 -0.515102 0.852405 0.0 -2.816453 -0.495163 -0.63086 1.0]
279
	ConcatTransform [1.1 0.0 0.0 0.0 0.0 1.1 0.0 0.0 0.0 0.0 1.1 0.0 -9.609 0.05 6.704 1.0]
	ConcatTransform [0.953057 -0.300819 -0.034502 0.0 0.259874 0.754168 0.603073 0.0 -0.155395 -0.583729 0.79694 0.0 -2.798754 -0.486003 -0.611573 1.0]
280
	ConcatTransform [1.1 0.0 0.0 0.0 0.0 1.1 0.0 0.0 0.0 0.0 1.1 0.0 -9.609 0.05 6.704 1.0]
	ConcatTransform [0.968241 -0.234082 0.087838 0.0 0.099902 0.684282 0.722342 0.0 -0.229193 -0.690626 0.685935 0.0 -2.780601 -0.481387 -0.586828 1.0]
281
	ConcatTransform [1.1 0.0 0.0 0.0 0.0 1.1 0.0 0.0 0.0 0.0 1.1 0.0 -9.609 0.05 6.704 1.0]
	ConcatTransform [0.963718 -0.202455 0.17395 0.0 -0.010774 0.621658 0.783214 0.0 -0.266703 -0.756672 0.596923 0.0 -2.775296 -0.482673 -0.574568 1.0]
282
	ConcatTransform [1.1 0.0 0.0 0.0 0.0 1.1 0.0 0.0 0.0 0.0 1.1 0.0 -9.609 0.05 6.704 1.0]
	ConcatTransform [0.935367 -0.175643 0.306983 0.0 -0.180015 0.510701 0.840701 0.0 -0.30444 -0.841625 0.446075 0.0 -2.779173 -0.489003 -0.563948 1.0]
283
	ConcatTransform [1.1 0.0 0.0 0.0 0.0 1.1 0.0 0.0 0.0 0.0 1.1 0.0 -9.609 0.05 6.704 1.0]
	ConcatTransform [0.903552 -0.176936 0.39024 0.0 -0.288207 0.422977 0.859085 0.0 -0.317065 -0.888698 0.331187 0.0 -2.787409 -0.498165 -0.560261 1.0]
284
	ConcatTransform [1.1 0.0 0.0 0.0 0.0 1.1 0.0 0.0 0.0 0.0 1.1 0.0 -9.609 0.05 6.704 1.0]
	ConcatTransform [0.81575 -0.245652 0.523648 0.0 -0.403446 0.407075 0.819464 0.0 -0.414467 -0.879741 0.232964 0.0 -2.800568 -0.499802 -0.558099 1.0]
285
	ConcatTransform [1.1 0.0 0.0 0.0 0.0 1.1 0.0 0.0 0.0 0.0 1.1 0.0 -9.609 0.05 6.704 1.0]
	ConcatTransform [0.741226 -0.292811 0.604025 0.0 -0.473284 0.410137 0.779609 0.0 -0.476011 -0.863741 0.165422 0.0 -2.81173 -0.502615 -0.555787 1.0]
286
	ConcatTransform [1.1 0.0 0.0 0.0 0.0 1.1 0.0 0.0 0.0 0.0 1.1 0.0 -9.609 0.05 6.704 1.0]
	ConcatTransform [0.607192 -0.35725 0.709711 0.0 -0.56475 0.43426 0.701766 0.0 -0.558905 -0.826916 0.061923 0.0 -2.832021 -0.507692 -0.550929 1.0]
287
	ConcatTransform [1.1 0.0 0.0 0.0 0.0 1.1 0.0 0.0 0.0 0.0 1.1 0.0 -9.609 0.05 6.704 1.0]
	ConcatTransform [0.505547 -0.3903 0.769473 0.0 -0.616975 0.459891 0.638626 0.0 -0.603129 -0.7976 -0.008308 0.0 -2.84794 -0.510632 -0.546812 1.0]
288
	ConcatTransform [1.1 0.0 0.0 0.0 0.0 1.1 0.0 0.0 0.0 0.0 1.1 0.0 -9.609 0.05 6.704 1.0]
	ConcatTransform [0.337882 -0.422189 0.841185 0.0 -0.677144 0.511698 0.528811 0.0 -0.653691 -0.748279 -0.112989 0.0 -2.874135 -0.514023 -0.539651 1.0]
289
	ConcatTransform [1.1 0.0 0.0 0.0 0.0 1.1 0.0 0.0 0.0 0.0 1.1 0.0 -9.609 0.05 6.704 1.0]
	ConcatTransform [0.21995 -0.428675 0.876276 0.0 -0.705986 0.549955 0.446244 0.0 -0.673206 -0.71679 -0.181676 0.0 -2.892829 -0.515165 -0.534399 1.0]
290
	ConcatTransform [1.1 0.0 0.0 0.0 0.0 1.1 0.0 0.0 0.0 0.0 1.1 0.0 -9.609 0.05 6.704 1.0]
	ConcatTransform [0.037704 -0.420294 0.906604 0.0 -0.728045 0.609894 0.313019 0.0 -0.684492 -0.67185 -0.282998 0.0 -2.921185 -0.515132 -0.525774 1.0]
291
	ConcatTransform [1.1 0.0 0.0 0.0 0.0 1.1 0.0 0.0 0.0 0.0 1.1 0.0 -9.609 0.05 6.704 1.0]
	ConcatTransform [-0.083264 -0.40205 0.911824 0.0 -0.730629 0.646867 0.218504 0.0 -0.677679 -0.648012 -0.34761 0.0 -2.939905 -0.514029 -0.519814 1.0]
292
	ConcatTransform [1.1 0.0 0.0 0.0 0.0 1.1 0.0 0.0 0.0 0.0 1.1 0.0 -9.609 0.05 6.704 1.0]
	ConcatTransform [-0.258761 -0.35743 0.897378 0.0 -0.717233 0.693373 0.069359 0.0 -0.647009 -0.625681 -0.435778 0.0 -2.966742 -0.511293 -0.511067 1.0]
293
	ConcatTransform [1.1 0.0 0.0 0.0 0.0 1.1 0.0 0.0 0.0 0.0 1.1 0.0 -9.609 0.05 6.704 1.0]
	ConcatTransform [-0.345859 -0.326937 0.879485 0.0 -0.71843 0.695181 -0.024099 0.0 -0.603523 -0.640184 -0.475316 0.0 -2.984546 -0.509219 -0.506817 1.0]
294
	ConcatTransform [1.1 0.0 0.0 0.0 0.0 1.1 0.0 0.0 0.0 0.0 1.1 0.0 -9.609 0.05 6.704 1.0]
	ConcatTransform [-0.439745 -0.297224 0.847515 0.0 -0.738375 0.656863 -0.152753 0.0 -0.5113 -0.692956 -0.508315 0.0 -3.003109 -0.508249 -0.509746 1.0]
295
	ConcatTransform [1.1 0.0 0.0 0.0 0.0 1.1 0.0 0.0 0.0 0.0 1.1 0.0 -9.609 0.05 6.704 1.0]
	ConcatTransform [-0.493246 -0.283517 0.822391 0.0 -0.749106 0.619031 -0.235883 0.0 -0.442208 -0.732406 -0.517719 0.0 -3.010329 -0.511976 -0.516129 1.0]
296
	ConcatTransform [1.1 0.0 0.0 0.0 0.0 1.1 0.0 0.0 0.0 0.0 1.1 0.0 -9.609 0.05 6.704 1.0]
	ConcatTransform [-0.574642 -0.28471 0.767285 0.0 -0.735785 0.59023 -0.332039 0.0 -0.35834 -0.75536 -0.548656 0.0 -3.013599 -0.514694 -0.527478 1.0]
297
	ConcatTransform [1.1 0.0 0.0 0.0 0.0 1.1 0.0 0.0 0.0 0.0 1.1 0.0 -9.609 0.05 6.704 1.0]
	ConcatTransform [-0.61557 -0.301874 0.727974 0.0 -0.721213 0.588156 -0.365957 0.0 -0.317689 -0.750296 -0.579767 0.0 -3.014647 -0.51494 -0.534189 1.0]
298
	ConcatTransform [1.1 0.0 0.0 0.0 0.0 1.1 0.0 0.0 0.0 0.0 1.1 0.0 -9.609 0.05 6.704 1.0]
	ConcatTransform [-0.674677 -0.322856 0.663758 0.0 -0.691094 0.592137 -0.414443 0.0 -0.25923 -0.738334 -0.622625 0.0 -3.014964 -0.515282 -0.545677 1.0]
299
	ConcatTransform [1.1 0.0 0.0 0.0 0.0 1.1 0.0 0.0 0.0 0.0 1.1 0.0 -9.609 0.05 6.704 1.0]
	ConcatTransform [-0.710974 -0.336611 0.617421 0.0 -0.668286 0.596701 -0.444231 0.0 -0.218883 -0.728451 -0.649191 0.0 -3.014722 -0.51549 -0.553887 1.0]
300
	ConcatTransform [1.1 0.0 0.0 0.0 0.0 1.1 0.0 0.0 0.0 0.0 1.1 0.0 -9.609 0.05 6.704 1.0]
	ConcatTransform [-0.760401 -0.35545 0.543549 0.0 -0.630312 0.605602 -0.48575 0.0 -0.156515 -0.71197 -0.684545 0.0 -3.013716 -0.515592 -0.566679 1.0]
301
	ConcatTransform [1.1 0.0 0.0 0.0 0.0 1.1 0.0 0.0 0.0 0.0 1.1 0.0 -9.609 0.05 6.704 1.0]
	ConcatTransform [-0.789876 -0.366065 0.492029 0.0 -0.602592 0.612323 -0.511804 0.0 -0.113928 -0.700755 -0.704247 0.0 -3.012644 -0.515486 -0.57532 1.0]
302
	ConcatTransform [1.1 0.0 0.0 0.0 0.0 1.1 0.0 0.0 0.0 0.0 1.1 0.0 -9.609 0.05 6.704 1.0]
	ConcatTransform [-0.828797 -0.378542 0.412069 0.0 -0.557382 0.623277 -0.548499 0.0 -0.049203 -0.684275 -0.727563 0.0 -3.010483 -0.51509 -0.588011 1.0]
303
	ConcatTransform [1.1 0.0 0.0 0.0 0.0 1.1 0.0 0.0 0.0 0.0 1.1 0.0 -9.609 0.05 6.704 1.0]
	ConcatTransform [-0.851046 -0.384827 0.357252 0.0 -0.525061 0.630917 -0.571187 0.0 -0.005588 -0.673685 -0.738997 0.0 -3.008746 -0.5147 -0.596018 1.0]
304
	ConcatTransform [1.1 0.0 0.0 0.0 0.0 1.1 0.0 0.0 0.0 0.0 1.1 0.0 -9.609 0.05 6.704 1.0]
	ConcatTransform [-0.878712 -0.391402 0.273259 0.0 -0.473552 0.642662 -0.602274 0.0 0.060118 -0.658628 -0.750064 0.0 -3.005812 -0.513972 -0.606927 1.0]
305
	ConcatTransform [1.1 0.0 0.0 0.0 0.0 1.1 0.0 0.0 0.0 0.0 1.1 0.0 -9.609 0.05 6.704 1.0]
	ConcatTransform [-0.893406 -0.393411 0.216919 0.0 -0.43711 0.649725 -0.621926 0.0 0.103735 -0.65045 -0.752432 0.0 -3.003674 -0.513483 -0.613378 1.0]
306
	ConcatTransform [1.1 0.0 0.0 0.0 0.0 1.1 0.0 0.0 0.0 0.0 1.1 0.0 -9.609 0.05 6.704 1.0]
	ConcatTransform [-0.909929 -0.392962 0.132706 0.0 -0.379151 0.65836 -0.650236 0.0 0.168149 -0.641984 -0.748052 0.0 -3.000273 -0.512886 -0.621598 1.0]
307
	ConcatTransform [1.1 0.0 0.0 0.0 0.0 1.1 0.0 0.0 0.0 0.0 1.1 0.0 -9.609 0.05 6.704 1.0]
	ConcatTransform [-0.916983 -0.391527 0.076476 0.0 -0.338848 0.663268 -0.667276 0.0 0.210533 -0.637795 -0.740874 0.0 -2.998011 -0.512551 -0.625858 1.0]
308
	ConcatTransform [1.1 0.0 0.0 0.0 0.0 1.1 0.0 0.0 0.0 0.0 1.1 0.0 -9.609 0.05 6.704 1.0]
	ConcatTransform [-0.921417 -0.3885 -0.007585 0.0 -0.276382 0.668975 -0.68999 0.0 0.273135 -0.633672 -0.723779 0.0 -2.99478 -0.512177 -0.630268 1.0]
309
	ConcatTransform [1.1 0.0 0.0 0.0 0.0 1.1 0.0 0.0 0.0 0.0 1.1 0.0 -9.609 0.05 6.704 1.0]
	ConcatTransform [-0.920672 -0.385295 -0.062541 0.0 -0.232818 0.670643 -0.704297 0.0 0.313305 -0.633865 -0.707146 0.0 -2.992706 -0.512131 -0.631984 1.0]
310
	ConcatTransform [1.1 0.0 0.0 0.0 0.0 1.1 0.0 0.0 0.0 0.0 1.1 0.0 -9.609 0.05 6.704 1.0]
	ConcatTransform [-0.914194 -0.379179 -0.143081 0.0 -0.164533 0.669886 -0.724004 0.0 0.370375 -0.638339 -0.674793 0.0 -2.989771 -0.512363 -0.632676 1.0]
311
	ConcatTransform [1.1 0.0 0.0 0.0 0.0 1.1 0.0 0.0 0.0 0.0 1.1 0.0 -9.609 0.05 6.704 1.0]
	ConcatTransform [-0.905734 -0.375864 -0.195891 0.0 -0.118205 0.667835 -0.734863 0.0 0.407031 -0.642435 -0.64931 0.0 -2.988124 -0.512607 -0.631798 1.0]
312
	ConcatTransform [1.1 0.0 0.0 0.0 0.0 1.1 0.0 0.0 0.0 0.0 1.1 0.0 -9.609 0.05 6.704 1.0]
	ConcatTransform [-0.886754 -0.372896 -0.273161 0.0 -0.047992 0.662025 -0.747943 0.0 0.459744 -0.650132 -0.604949 0.0 -2.986216 -0.513099 -0.628656 1.0]
313
	ConcatTransform [1.1 0.0 0.0 0.0 0.0 1.1 0.0 0.0 0.0 0.0 1.1 0.0 -9.609 0.05 6.704 1.0]
	ConcatTransform [-0.870626 -0.371159 -0.322879 0.0 0.000136 0.656151 -0.75463 0.0 0.491945 -0.657044 -0.571212 0.0 -2.985199 -0.513524 -0.625481 1.0]
314
	ConcatTransform [1.1 0.0 0.0 0.0 0.0 1.1 0.0 0.0 0.0 0.0 1.1 0.0 -9.609 0.05 6.704 1.0]
	ConcatTransform [-0.841155 -0.369513 -0.394865 0.0 0.073458 0.645321 -0.760372 0.0 0.535782 -0.668596 -0.515671 0.0 -2.984141 -0.51417 -0.619215 1.0]
315
	ConcatTransform [1.1 0.0 0.0 0.0 0.0 1.1 0.0 0.0 0.0 0.0 1.1 0.0 -9.609 0.05 6.704 1.0]
	ConcatTransform [-0.817297 -0.371013 -0.440879 0.0 0.121653 0.636779 -0.761389 0.0 0.563228 -0.675916 -0.475303 0.0 -2.983886 -0.515891 -0.614317 1.0]
316
	ConcatTransform [1.1 0.0 0.0 0.0 0.0 1.1 0.0 0.0 0.0 0.0 1.1 0.0 -9.609 0.05 6.704 1.0]
	ConcatTransform [-0.776174 -0.375683 -0.506376 0.0 0.193618 0.622293 -0.758461 0.0 0.600055 -0.686741 -0.410268 0.0 -2.984031 -0.516862 -0.606162 1.0]
317
	ConcatTransform [1.1 0.0 0.0 0.0 0.0 1.1 0.0 0.0 0.0 0.0 1.1 0.0 -9.609 0.05 6.704 1.0]
	ConcatTransform [-0.745587 -0.379294 -0.547938 0.0 0.24125 0.612832 -0.752487 0.0 0.621207 -0.693234 -0.365415 0.0 -2.984443 -0.517261 -0.600206 1.0]
318
	ConcatTransform [1.1 0.0 0.0 0.0 0.0 1.1 0.0 0.0 0.0 0.0 1.1 0.0 -9.609 0.05 6.704 1.0]
	ConcatTransform [-0.695176 -0.386078 -0.606362 0.0 0.311782 0.598114 -0.738276 0.0 0.647706 -0.702284 -0.295422 0.0 -2.985535 -0.516558 -0.59093 1.0]
319
	ConcatTransform [1.1 0.0 0.0 0.0 0.0 1.1 0.0 0.0 0.0 0.0 1.1 0.0 -9.609 0.05 6.704 1.0]
	ConcatTransform [-0.658509 -0.391793 -0.642545 0.0 0.357539 0.588417 -0.725211 0.0 0.662217 -0.707293 -0.247397 0.0 -2.986574 -0.516148 -0.584716 1.0]
320
	ConcatTransform [1.1 0.0 0.0 0.0 0.0 1.1 0.0 0.0 0.0 0.0 1.1 0.0 -9.609 0.05 6.704 1.0]
	ConcatTransform [-0.598952 -0.402122 -0.692499 0.0 0.423123 0.575275 -0.700018 0.0 0.67987 -0.712289 -0.174415 0.0 -2.98858 -0.516495 -0.575637 1.0]
321
	ConcatTransform [1.1 0.0 0.0 0.0 0.0 1.1 0.0 0.0 0.0 0.0 1.1 0.0 -9.609 0.05 6.704 1.0]
	ConcatTransform [-0.556671 -0.408712 -0.723237 0.0 0.464847 0.568293 -0.67894 0.0 0.688502 -0.714141 -0.126364 0.0 -2.990105 -0.516023 -0.569955 1.0]
322
	ConcatTransform [1.1 0.0 0.0 0.0 0.0 1.1 0.0 0.0 0.0 0.0 1.1 0.0 -9.609 0.05 6.704 1.0]
	ConcatTransform [-0.489766 -0.4198 -0.764132 0.0 0.524471 0.558268 -0.642859 0.0 0.696462 -0.715615 -0.053248 0.0 -2.992597 -0.515618 -0.562383 1.0]
323
	ConcatTransform [1.1 0.0 0.0 0.0 0.0 1.1 0.0 0.0 0.0 0.0 1.1 0.0 -9.609 0.05 6.704 1.0]
	ConcatTransform [-0.443288 -0.425485 -0.78896 0.0 0.562156 0.553603 -0.614413 0.0 0.698195 -0.715881 -0.006217 0.0 -2.994295 -0.515062 -0.557904 1.0]
324
	ConcatTransform [1.1 0.0 0.0 0.0 0.0 1.1 0.0 0.0 0.0 0.0 1.1 0.0 -9.609 0.05 6.704 1.0]
	ConcatTransform [-0.370482 -0.432964 -0.821757 0.0 0.614084 0.549602 -0.566426 0.0 0.696881 -0.714479 0.062259 0.0 -2.996982 -0.515013 -0.55222 1.0]
325
	ConcatTransform [1.1 0.0 0.0 0.0 0.0 1.1 0.0 0.0 0.0 0.0 1.1 0.0 -9.609 0.05 6.704 1.0]
	ConcatTransform [-0.320467 -0.436545 -0.840672 0.0 0.646202 0.548159 -0.530984 0.0 0.69262 -0.713407 0.106429 0.0 -2.99869 -0.514609 -0.549304 1.0]
326
	ConcatTransform [1.1 0.0 0.0 0.0 0.0 1.1 0.0 0.0 0.0 0.0 1.1 0.0 -9.609 0.05 6.704 1.0]
	ConcatTransform [-0.243613 -0.440152 -0.864245 0.0 0.690294 0.547256 -0.473292 0.0 0.681284 -0.711883 0.170515 0.0 -3.001066 -0.514544 -0.546265 1.0]
327
	ConcatTransform [1.1 0.0 0.0 0.0 0.0 1.1 0.0 0.0 0.0 0.0 1.1 0.0 -9.609 0.05 6.704 1.0]
	ConcatTransform [-0.190965 -0.441025 -0.876943 0.0 0.715938 0.548612 -0.431807 0.0 0.671539 -0.710298 0.210981 0.0 -3.002585 -0.514301 -0.545132 1.0]
328
	ConcatTransform [1.1 0.0 0.0 0.0 0.0 1.1 0.0 0.0 0.0 0.0 1.1 0.0 -9.609 0.05 6.704 1.0]
	ConcatTransform [-0.110232 -0.440092 -0.891161 0.0 0.748472 0.553178 -0.365765 0.0 0.653941 -0.707328 0.268419 0.0 -3.004708 -0.514247 -0.544758 1.0]
329
	ConcatTransform [1.1 0.0 0.0 0.0 0.0 1.1 0.0 0.0 0.0 0.0 1.1 0.0 -9.609 0.05 6.704 1.0]
	ConcatTransform [-0.055758 -0.43788 -0.897302 0.0 0.766714 0.556893 -0.319405 0.0 0.639563 -0.705784 0.304678 0.0 -3.005905 -0.514928 -0.545351 1.0]
330
	ConcatTransform [1.1 0.0 0.0 0.0 0.0 1.1 0.0 0.0 0.0 0.0 1.1 0.0 -9.609 0.05 6.704 1.0]
	ConcatTransform [0.025862 -0.431867 -0.901566 0.0 0.789888 0.561592 -0.246355 0.0 0.612705 -0.705765 0.355651 0.0 -3.007169 -0.515235 -0.547506 1.0]
331
	ConcatTransform [1.1 0.0 0.0 0.0 0.0 1.1 0.0 0.0 0.0 0.0 1.1 0.0 -9.609 0.05 6.704 1.0]
	ConcatTransform [0.080737 -0.42628 -0.900981 0.0 0.800811 0.565938 -0.196 0.0 0.59345 -0.705691 0.387062 0.0 -3.00783 -0.515646 -0.549684 1.0]
332
	ConcatTransform [1.1 0.0 0.0 0.0 0.0 1.1 0.0 0.0 0.0 0.0 1.1 0.0 -9.609 0.05 6.704 1.0]
	ConcatTransform [0.13644 -0.417162 -0.898532 0.0 0.817422 0.559809 -0.135778 0.0 0.559648 -0.715954 0.417378 0.0 -3.008574 -0.515949 -0.553071 1.0]
333
	ConcatTransform [1.1 0.0 0.0 0.0 0.0 1.1 0.0 0.0 0.0 0.0 1.1 0.0 -9.609 0.05 6.704 1.0]
	ConcatTransform [0.164149 -0.413438 -0.895614 0.0 0.822925 0.558027 -0.106772 0.0 0.54392 -0.719496 0.431828 0.0 -3.009492 -0.51568 -0.555882 1.0]
334
	ConcatTransform [1.1 0.0 0.0 0.0 0.0 1.1 0.0 0.0 0.0 0.0 1.1 0.0 -9.609 0.05 6.704 1.0]
	ConcatTransform [0.178976 -0.407275 -0.895597 0.0 0.830936 0.549982 -0.084052 0.0 0.526795 -0.729141 0.436853 0.0 -3.012763 -0.516128 -0.558247 1.0]
335
	ConcatTransform [1.1 0.0 0.0 0.0 0.0 1.1 0.0 0.0 0.0 0.0 1.1 0.0 -9.609 0.05 6.704 1.0]
	ConcatTransform [0.186171 -0.406011 -0.894704 0.0 0.834648 0.54579 -0.074002 0.0 0.518366 -0.732986 0.440486 0.0 -3.015393 -0.516277 -0.559709 1.0]
336
	ConcatTransform [1.1 0.0 0.0 0.0 0.0 1.1 0.0 0.0 0.0 0.0 1.1 0.0 -9.609 0.05 6.704 1.0]
	ConcatTransform [0.190005 -0.401341 -0.896004 0.0 0.837971 0.54183 -0.065 0.0 0.511569 -0.738475 0.439263 0.0 -3.018597 -0.515591 -0.562108 1.0]
337
	ConcatTransform [1.1 0.0 0.0 0.0 0.0 1.1 0.0 0.0 0.0 0.0 1.1 0.0 -9.609 0.05 6.704 1.0]
	ConcatTransform [0.189028 -0.398822 -0.897335 0.0 0.840226 0.538634 -0.062399 0.0 0.508221 -0.742169 0.436917 0.0 -3.020277 -0.516163 -0.563752 1.0]
338
	ConcatTransform [1.1 0.0 0.0 0.0 0.0 1.1 0.0 0.0 0.0 0.0 1.1 0.0 -9.609 0.05 6.704 1.0]
	ConcatTransform [0.187311 -0.395052 -0.89936 0.0 0.841519 0.536824 -0.060541 0.0 0.506715 -0.745489 0.432997 0.0 -3.022055 -0.5156 -0.566277 1.0]
339
	ConcatTransform [1.1 0.0 0.0 0.0 0.0 1.1 0.0 0.0 0.0 0.0 1.1 0.0 -9.609 0.05 6.704 1.0]
	ConcatTransform [0.184877 -0.394891 -0.899934 0.0 0.843695 0.533377 -0.060723 0.0 0.503983 -0.748044 0.431777 0.0 -3.022842 -0.517376 -0.567841 1.0]
340
	ConcatTransform [1.1 0.0 0.0 0.0 0.0 1.1 0.0 0.0 0.0 0.0 1.1 0.0 -9.609 0.05 6.704 1.0]
	ConcatTransform [0.184684 -0.392892 -0.900848 0.0 0.842812 0.534801 -0.06046 0.0 0.505529 -0.74808 0.429903 0.0 -3.023384 -0.516095 -0.569946 1.0]
341
	ConcatTransform [1.1 0.0 0.0 0.0 0.0 1.1 0.0 0.0 0.0 0.0 1.1 0.0 -9.609 0.05 6.704 1.0]
	ConcatTransform [0.184232 -0.391138 -0.901704 0.0 0.842809 0.534878 -0.059819 0.0 0.505699 -0.748944 0.428196 0.0 -3.023349 -0.515696 -0.570905 1.0]
342
	ConcatTransform [1.1 0.0 0.0 0.0 0.0 1.1 0.0 0.0 0.0 0.0 1.1 0.0 -9.609 0.05 6.704 1.0]
	ConcatTransform [0.183795 -0.390743 -0.901964 0.0 0.843119 0.534402 -0.059706 0.0 0.505341 -0.74949 0.427663 0.0 -3.02352 -0.515988 -0.571325 1.0]
343
	ConcatTransform [1.1 0.0 0.0 0.0 0.0 1.1 0.0 0.0 0.0 0.0 1.1 0.0 -9.609 0.05 6.704 1.0]
	ConcatTransform [0.18372 -0.391384 -0.901701 0.0 0.842672 0.535014 -0.06053 0.0 0.506113 -0.748718 0.428102 0.0 -3.023699 -0.515778 -0.570954 1.0]
344
	ConcatTransform [1.1 0.0 0.0 0.0 0.0 1.1 0.0 0.0 0.0 0.0 1.1 0.0 -9.609 0.05 6.704 1.0]
	ConcatTransform [0.182941 -0.391824 -0.901669 0.0 0.841303 0.536924 -0.062629 0.0 0.508667 -0.747119 0.427868 0.0 -3.023018 -0.515307 -0.570184 1.0]
345
	ConcatTransform [1.1 0.0 0.0 0.0 0.0 1.1 0.0 0.0 0.0 0.0 1.1 0.0 -9.609 0.05 6.704 1.0]
	ConcatTransform [0.183118 -0.393241 -0.901016 0.0 0.84081 0.537565 -0.063734 0.0 0.509417 -0.745912 0.429079 0.0 -3.022281 -0.515641 -0.569311 1.0]
346
	ConcatTransform [1.1 0.0 0.0 0.0 0.0 1.1 0.0 0.0 0.0 0.0 1.1 0.0 -9.609 0.05 6.704 1.0]
	ConcatTransform [0.182565 -0.396435 -0.899727 0.0 0.838582 0.540515 -0.068002 0.0 0.513274 -0.74208 0.431122 0.0 -3.020967 -0.515504 -0.567542 1.0]
347
	ConcatTransform [1.1 0.0 0.0 0.0 0.0 1.1 0.0 0.0 0.0 0.0 1.1 0.0 -9.609 0.05 6.704 1.0]
	ConcatTransform [0.182706 -0.39875 -0.898675 0.0 0.837432 0.54201 -0.07024 0.0 0.515099 -0.739746 0.432955 0.0 -3.019722 -0.515795 -0.566106 1.0]
348
	ConcatTransform [1.1 0.0 0.0 0.0 0.0 1.1 0.0 0.0 0.0 0.0 1.1 0.0 -9.609 0.05 6.704 1.0]
	ConcatTransform [0.181224 -0.402838 -0.897151 0.0 0.835067 0.544876 -0.075977 0.0 0.519442 -0.735412 0.435142 0.0 -3.018021 -0.515939 -0.563231 1.0]
349
	ConcatTransform [1.1 0.0 0.0 0.0 0.0 1.1 0.0 0.0 0.0 0.0 1.1 0.0 -9.609 0.05 6.704 1.0]
	ConcatTransform [0.18088 -0.404769 -0.896351 0.0 0.832398 0.548421 -0.079678 0.0 0.523828 -0.731708 0.436127 0.0 -3.016394 -0.515555 -0.561441 1.0]
350
	ConcatTransform [1.1 0.0 0.0 0.0 0.0 1.1 0.0 0.0 0.0 0.0 1.1 0.0 -9.609 0.05 6.704 1.0]
	ConcatTransform [0.181502 -0.408699 -0.894439 0.0 0.828971 0.552885 -0.084414 0.0 0.529022 -0.726143 0.43915 0.0 -3.013622 -0.515294 -0.55872 1.0]
351
	ConcatTransform [1.1 0.0 0.0 0.0 0.0 1.1 0.0 0.0 0.0 0.0 1.1 0.0 -9.609 0.05 6.704 1.0]
	ConcatTransform [0.181721 -0.413999 -0.891954 0.0 0.827056 0.555012 -0.089109 0.0 0.531937 -0.721503 0.443257 0.0 -3.012288 -0.516014 -0.556549 1.0]
352
	ConcatTransform [1.1 0.0 0.0 0.0 0.0 1.1 0.0 0.0 0.0 0.0 1.1 0.0 -9.609 0.05 6.704 1.0]
	ConcatTransform [0.183486 -0.418442 -0.889516 0.0 0.824742 0.55792 -0.09233 0.0 0.534914 -0.71668 0.447478 0.0 -3.009866 -0.516162 -0.553211 1.0]
353
	ConcatTransform [1.1 0.0 0.0 0.0 0.0 1.1 0.0 0.0 0.0 0.0 1.1 0.0 -9.609 0.05 6.704 1.0]
	ConcatTransform [0.184149 -0.421317 -0.888021 0.0 0.822495 0.560705 -0.095463 0.0 0.538137 -0.712813 0.449785 0.0 -3.008146 -0.515935 -0.551278 1.0]
354
	ConcatTransform [1.1 0.0 0.0 0.0 0.0 1.1 0.0 0.0 0.0 0.0 1.1 0.0 -9.609 0.05 6.704 1.0]
	ConcatTransform [0.184669 -0.425129 -0.886094 0.0 0.819031 0.564907 -0.100337 0.0 0.543217 -0.70721 0.452515 0.0 -3.005543 -0.515456 -0.548725 1.0]
355
	ConcatTransform [1.1 0.0 0.0 0.0 0.0 1.1 0.0 0.0 0.0 0.0 1.1 0.0 -9.609 0.05 6.704 1.0]
	ConcatTransform [0.185442 -0.427404 -0.884837 0.0 0.816962 0.567442 -0.102876 0.0 0.546063 -0.703801 0.4544 0.0 -3.00391 -0.515195 -0.547248 1.0]
356
	ConcatTransform [1.1 0.0 0.0 0.0 0.0 1.1 0.0 0.0 0.0 0.0 1.1 0.0 -9.609 0.05 6.704 1.0]
	ConcatTransform [0.184001 -0.432133 -0.882839 0.0 0.814912 0.56928 -0.108808 0.0 0.549602 -0.699415 0.456899 0.0 -3.002385 -0.516064 -0.544836 1.0]
357
	ConcatTransform [1.1 0.0 0.0 0.0 0.0 1.1 0.0 0.0 0.0 0.0 1.1 0.0 -9.609 0.05 6.704 1.0]
	ConcatTransform [0.183465 -0.432721 -0.882663 0.0 0.813352 0.5711 -0.11092 0.0 0.552086 -0.697565 0.456731 0.0 -3.001324 -0.515555 -0.543623 1.0]
358
	ConcatTransform [1.1 0.0 0.0 0.0 0.0 1.1 0.0 0.0 0.0 0.0 1.1 0.0 -9.609 0.05 6.704 1.0]
	ConcatTransform [0.183457 -0.43376 -0.882154 0.0 0.8118 0.57292 -0.112883 0.0 0.554368 -0.695424 0.457233 0.0 -2.999925 -0.515245 -0.542449 1.0]
359
	ConcatTransform [1.1 0.0 0.0 0.0 0.0 1.1 0.0 0.0 0.0 0.0 1.1 0.0 -9.609 0.05 6.704 1.0]
	ConcatTransform [0.183268 -0.433479 -0.882332 0.0 0.811254 0.57361 -0.113303 0.0 0.555229 -0.695031 0.456786 0.0 -2.999204 -0.515018 -0.541985 1.0]
360
	ConcatTransform [1.1 0.0 0.0 0.0 0.0 1.1 0.0 0.0 0.0 0.0 1.1 0.0 -9.609 0.05 6.704 1.0]
	ConcatTransform [0.271266 -0.448885 -0.85142 0.0 0.788432 0.611017 -0.070942 0.0 0.552077 -0.652043 0.519664 0.0 -3.583608 -0.515071 -2.899193 1.0]
