228
	ConcatTransform [1.1 0.0 0.0 0.0 0.0 1.1 0.0 0.0 0.0 0.0 1.1 0.0 -9.609 0.05 6.704 1.0]
	ConcatTransform [0.041571 -0.054581 0.997644 0.0 -0.891422 -0.453006 0.012361 0.0 0.451264 -0.889835 -0.067487 0.0 -0.048911 -0.083308 0.010915 1.0]
229
	ConcatTransform [1.1 0.0 0.0 0.0 0.0 1.1 0.0 0.0 0.0 0.0 1.1 0.0 -9.609 0.05 6.704 1.0]
	ConcatTransform [0.090991 -0.921064 0.378631 0.0 0.02384 -0.378084 -0.925464 0.0 0.995566 0.093235 -0.012444 0.0 -0.081518 -0.15122 0.018191 1.0]
230
	ConcatTransform [1.1 0.0 0.0 0.0 0.0 1.1 0.0 0.0 0.0 0.0 1.1 0.0 -9.609 0.05 6.704 1.0]
	ConcatTransform [0.317392 -0.94769 0.033859 0.0 -0.064098 -0.057063 -0.996311 0.0 0.946126 0.31405 -0.078857 0.0 -0.106043 -0.300837 -0.020305 1.0]
231
	ConcatTransform [1.1 0.0 0.0 0.0 0.0 1.1 0.0 0.0 0.0 0.0 1.1 0.0 -9.609 0.05 6.704 1.0]
	ConcatTransform [0.370984 -0.917067 -0.14615 0.0 -0.181702 0.082655 -0.979874 0.0 0.91069 0.390073 -0.135969 0.0 -0.117167 -0.409783 -0.048907 1.0]
232
	ConcatTransform [1.1 0.0 0.0 0.0 0.0 1.1 0.0 0.0 0.0 0.0 1.1 0.0 -9.609 0.05 6.704 1.0]
	ConcatTransform [0.45933 -0.755775 -0.466713 0.0 -0.362876 0.319919 -0.875199 0.0 0.810763 0.571364 -0.127304 0.0 -0.095859 -0.524113 -0.117925 1.0]
233
	ConcatTransform [1.1 0.0 0.0 0.0 0.0 1.1 0.0 0.0 0.0 0.0 1.1 0.0 -9.609 0.05 6.704 1.0]
	ConcatTransform [0.391585 -0.589915 -0.70616 0.0 -0.564452 0.452081 -0.690665 0.0 0.726674 0.669047 -0.15595 0.0 -0.068593 -0.565139 -0.189002 1.0]
234
	ConcatTransform [1.1 0.0 0.0 0.0 0.0 1.1 0.0 0.0 0.0 0.0 1.1 0.0 -9.609 0.05 6.704 1.0]
	ConcatTransform [0.229216 -0.285961 -0.930423 0.0 -0.743133 0.565944 -0.357016 0.0 0.62866 0.773262 -0.082784 0.0 -0.04696 -0.56024 -0.324531 1.0]
235
	ConcatTransform [1.1 0.0 0.0 0.0 0.0 1.1 0.0 0.0 0.0 0.0 1.1 0.0 -9.609 0.05 6.704 1.0]
	ConcatTransform [0.173861 -0.113197 -0.978243 0.0 -0.755697 0.621602 -0.206236 0.0 0.631423 0.775111 0.02253 0.0 -0.053057 -0.525438 -0.412337 1.0]
236
	ConcatTransform [1.1 0.0 0.0 0.0 0.0 1.1 0.0 0.0 0.0 0.0 1.1 0.0 -9.609 0.05 6.704 1.0]
	ConcatTransform [0.245615 0.030065 -0.968901 0.0 -0.683352 0.714289 -0.151065 0.0 0.687534 0.699204 0.195985 0.0 -0.065134 -0.470068 -0.50084 1.0]
237
	ConcatTransform [1.1 0.0 0.0 0.0 0.0 1.1 0.0 0.0 0.0 0.0 1.1 0.0 -9.609 0.05 6.704 1.0]
	ConcatTransform [0.271117 0.046008 -0.961446 0.0 -0.638032 0.756479 -0.143718 0.0 0.720702 0.652397 0.234449 0.0 -0.075117 -0.437634 -0.52704 1.0]
238
	ConcatTransform [1.1 0.0 0.0 0.0 0.0 1.1 0.0 0.0 0.0 0.0 1.1 0.0 -9.609 0.05 6.704 1.0]
	ConcatTransform [0.368682 -0.157599 -0.916098 0.0 -0.451952 0.830804 -0.324813 0.0 0.812288 0.533786 0.235075 0.0 -0.089466 -0.430564 -0.522243 1.0]
239
	ConcatTransform [1.1 0.0 0.0 0.0 0.0 1.1 0.0 0.0 0.0 0.0 1.1 0.0 -9.609 0.05 6.704 1.0]
	ConcatTransform [0.397877 -0.281782 -0.873094 0.0 -0.322644 0.847896 -0.420681 0.0 0.858833 0.449078 0.246443 0.0 -0.1051 -0.416294 -0.512036 1.0]
240
	ConcatTransform [1.1 0.0 0.0 0.0 0.0 1.1 0.0 0.0 0.0 0.0 1.1 0.0 -9.609 0.05 6.704 1.0]
	ConcatTransform [0.375678 -0.356556 -0.855414 0.0 -0.206603 0.867575 -0.45236 0.0 0.903427 0.346673 0.252264 0.0 -0.130797 -0.377703 -0.504848 1.0]
241
	ConcatTransform [1.1 0.0 0.0 0.0 0.0 1.1 0.0 0.0 0.0 0.0 1.1 0.0 -9.609 0.05 6.704 1.0]
	ConcatTransform [0.356314 -0.412388 -0.838437 0.0 -0.12669 0.867722 -0.480632 0.0 0.925738 0.277477 0.256936 0.0 -0.144882 -0.358415 -0.500423 1.0]
242
	ConcatTransform [1.1 0.0 0.0 0.0 0.0 1.1 0.0 0.0 0.0 0.0 1.1 0.0 -9.609 0.05 6.704 1.0]
	ConcatTransform [0.320193 -0.474936 -0.819703 0.0 -0.060577 0.853221 -0.518019 0.0 0.945413 0.215522 0.244425 0.0 -0.15992 -0.343239 -0.492796 1.0]
243
	ConcatTransform [1.1 0.0 0.0 0.0 0.0 1.1 0.0 0.0 0.0 0.0 1.1 0.0 -9.609 0.05 6.704 1.0]
	ConcatTransform [0.307587 -0.513873 -0.800827 0.0 -0.029285 0.836118 -0.547767 0.0 0.951069 0.191938 0.242131 0.0 -0.164488 -0.342147 -0.486212 1.0]
244
	ConcatTransform [1.1 0.0 0.0 0.0 0.0 1.1 0.0 0.0 0.0 0.0 1.1 0.0 -9.609 0.05 6.704 1.0]
	ConcatTransform [0.31602 -0.561012 -0.765112 0.0 -0.020361 0.802244 -0.596649 0.0 0.948534 0.204131 0.242102 0.0 -0.161857 -0.348558 -0.476799 1.0]
245
	ConcatTransform [1.1 0.0 0.0 0.0 0.0 1.1 0.0 0.0 0.0 0.0 1.1 0.0 -9.609 0.05 6.704 1.0]
	ConcatTransform [0.318329 -0.581598 -0.748606 0.0 -0.026166 0.783993 -0.620218 0.0 0.947619 0.217021 0.23435 0.0 -0.155497 -0.351946 -0.469967 1.0]
246
	ConcatTransform [1.1 0.0 0.0 0.0 0.0 1.1 0.0 0.0 0.0 0.0 1.1 0.0 -9.609 0.05 6.704 1.0]
	ConcatTransform [0.339962 -0.609319 -0.716349 0.0 -0.020825 0.756653 -0.653485 0.0 0.940209 0.237078 0.244544 0.0 -0.141923 -0.364229 -0.461058 1.0]
247
	ConcatTransform [1.1 0.0 0.0 0.0 0.0 1.1 0.0 0.0 0.0 0.0 1.1 0.0 -9.609 0.05 6.704 1.0]
	ConcatTransform [0.363246 -0.620315 -0.695171 0.0 -0.030899 0.737706 -0.674415 0.0 0.931181 0.266459 0.248801 0.0 -0.128623 -0.375731 -0.454384 1.0]
248
	ConcatTransform [1.1 0.0 0.0 0.0 0.0 1.1 0.0 0.0 0.0 0.0 1.1 0.0 -9.609 0.05 6.704 1.0]
	ConcatTransform [0.390731 -0.598884 -0.699047 0.0 -0.075266 0.736089 -0.672688 0.0 0.917423 0.315454 0.242537 0.0 -0.103951 -0.39859 -0.443267 1.0]
249
	ConcatTransform [1.1 0.0 0.0 0.0 0.0 1.1 0.0 0.0 0.0 0.0 1.1 0.0 -9.609 0.05 6.704 1.0]
	ConcatTransform [0.407775 -0.585981 -0.700247 0.0 -0.116833 0.727116 -0.6765 0.0 0.905577 0.357672 0.228038 0.0 -0.084802 -0.42129 -0.4348 1.0]
250
	ConcatTransform [1.1 0.0 0.0 0.0 0.0 1.1 0.0 0.0 0.0 0.0 1.1 0.0 -9.609 0.05 6.704 1.0]
	ConcatTransform [0.437371 -0.561271 -0.702625 0.0 -0.199705 0.701188 -0.684436 0.0 0.876826 0.43967 0.194591 0.0 -0.051826 -0.462612 -0.420723 1.0]
251
	ConcatTransform [1.1 0.0 0.0 0.0 0.0 1.1 0.0 0.0 0.0 0.0 1.1 0.0 -9.609 0.05 6.704 1.0]
	ConcatTransform [0.42778 -0.552783 -0.715147 0.0 -0.245078 0.690622 -0.680425 0.0 0.870023 0.466339 0.15996 0.0 -0.02648 -0.494438 -0.409837 1.0]
252
	ConcatTransform [1.1 0.0 0.0 0.0 0.0 1.1 0.0 0.0 0.0 0.0 1.1 0.0 -9.609 0.05 6.704 1.0]
	ConcatTransform [0.470076 -0.532018 -0.704262 0.0 -0.334615 0.630933 -0.699969 0.0 0.816738 0.564695 0.118565 0.0 0.018114 -0.543241 -0.388843 1.0]
253
	ConcatTransform [1.1 0.0 0.0 0.0 0.0 1.1 0.0 0.0 0.0 0.0 1.1 0.0 -9.609 0.05 6.704 1.0]
	ConcatTransform [0.505806 -0.519678 -0.688545 0.0 -0.400296 0.565644 -0.720978 0.0 0.764148 0.640297 0.078081 0.0 0.057333 -0.55321 -0.371661 1.0]
254
	ConcatTransform [1.1 0.0 0.0 0.0 0.0 1.1 0.0 0.0 0.0 0.0 1.1 0.0 -9.609 0.05 6.704 1.0]
	ConcatTransform [0.561797 -0.48783 -0.668137 0.0 -0.476812 0.469055 -0.743396 0.0 0.676044 0.736213 0.030911 0.0 0.121226 -0.560856 -0.343954 1.0]
255
	ConcatTransform [1.1 0.0 0.0 0.0 0.0 1.1 0.0 0.0 0.0 0.0 1.1 0.0 -9.609 0.05 6.704 1.0]
	ConcatTransform [0.602997 -0.461531 -0.65068 0.0 -0.515794 0.396664 -0.759351 0.0 0.608565 0.793503 0.001132 0.0 0.164955 -0.56114 -0.32559 1.0]
256
	ConcatTransform [1.1 0.0 0.0 0.0 0.0 1.1 0.0 0.0 0.0 0.0 1.1 0.0 -9.609 0.05 6.704 1.0]
	ConcatTransform [0.655345 -0.413878 -0.631845 0.0 -0.56288 0.290212 -0.773914 0.0 0.503675 0.862834 -0.042775 0.0 0.230264 -0.553671 -0.29858 1.0]
257
	ConcatTransform [1.1 0.0 0.0 0.0 0.0 1.1 0.0 0.0 0.0 0.0 1.1 0.0 -9.609 0.05 6.704 1.0]
	ConcatTransform [0.682074 -0.379888 -0.624868 0.0 -0.587892 0.223347 -0.777496 0.0 0.434923 0.897665 -0.070994 0.0 0.272075 -0.544411 -0.281546 1.0]
258
	ConcatTransform [1.1 0.0 0.0 0.0 0.0 1.1 0.0 0.0 0.0 0.0 1.1 0.0 -9.609 0.05 6.704 1.0]
	ConcatTransform [0.710203 -0.354233 -0.608384 0.0 -0.604742 0.135453 -0.784818 0.0 0.360416 0.925295 -0.11802 0.0 0.331333 -0.528987 -0.258617 1.0]
259
	ConcatTransform [1.1 0.0 0.0 0.0 0.0 1.1 0.0 0.0 0.0 0.0 1.1 0.0 -9.609 0.05 6.704 1.0]
	ConcatTransform [0.724231 -0.336493 -0.601882 0.0 -0.611913 0.088767 -0.785928 0.0 0.317887 0.937493 -0.141617 0.0 0.367248 -0.518734 -0.244885 1.0]
260
	ConcatTransform [1.1 0.0 0.0 0.0 0.0 1.1 0.0 0.0 0.0 0.0 1.1 0.0 -9.609 0.05 6.704 1.0]
	ConcatTransform [0.737238 -0.305399 -0.60267 0.0 -0.623138 0.037378 -0.781218 0.0 0.26111 0.95149 -0.16275 0.0 0.4148 -0.504818 -0.226846 1.0]
261
	ConcatTransform [1.1 0.0 0.0 0.0 0.0 1.1 0.0 0.0 0.0 0.0 1.1 0.0 -9.609 0.05 6.704 1.0]
	ConcatTransform [0.743989 -0.295396 -0.599352 0.0 -0.625415 0.007934 -0.780252 0.0 0.235238 0.955342 -0.178842 0.0 0.442117 -0.497007 -0.217332 1.0]
262
	ConcatTransform [1.1 0.0 0.0 0.0 0.0 1.1 0.0 0.0 0.0 0.0 1.1 0.0 -9.609 0.05 6.704 1.0]
	ConcatTransform [0.752393 -0.296058 -0.588434 0.0 -0.622547 -0.027664 -0.782093 0.0 0.215267 0.954769 -0.205124 0.0 0.476212 -0.488463 -0.207009 1.0]
263
	ConcatTransform [1.1 0.0 0.0 0.0 0.0 1.1 0.0 0.0 0.0 0.0 1.1 0.0 -9.609 0.05 6.704 1.0]
	ConcatTransform [0.75275 -0.294936 -0.588541 0.0 -0.624576 -0.037467 -0.780065 0.0 0.208018 0.954782 -0.212413 0.0 0.494341 -0.485785 -0.202089 1.0]
264
	ConcatTransform [1.1 0.0 0.0 0.0 0.0 1.1 0.0 0.0 0.0 0.0 1.1 0.0 -9.609 0.05 6.704 1.0]
	ConcatTransform [0.746274 -0.290662 -0.598825 0.0 -0.633163 -0.032402 -0.77334 0.0 0.205378 0.956277 -0.208217 0.0 0.51447 -0.486363 -0.197766 1.0]
265
	ConcatTransform [1.1 0.0 0.0 0.0 0.0 1.1 0.0 0.0 0.0 0.0 1.1 0.0 -9.609 0.05 6.704 1.0]
	ConcatTransform [0.741445 -0.294204 -0.603078 0.0 -0.638718 -0.033968 -0.768691 0.0 0.205666 0.955139 -0.213099 0.0 0.521159 -0.486312 -0.19854 1.0]
266
	ConcatTransform [1.1 0.0 0.0 0.0 0.0 1.1 0.0 0.0 0.0 0.0 1.1 0.0 -9.609 0.05 6.704 1.0]
	ConcatTransform [0.720031 -0.302955 -0.624318 0.0 -0.661073 -0.025853 -0.749876 0.0 0.211038 0.952654 -0.21889 0.0 0.523151 -0.489015 -0.202802 1.0]
267
	ConcatTransform [1.1 0.0 0.0 0.0 0.0 1.1 0.0 0.0 0.0 0.0 1.1 0.0 -9.609 0.05 6.704 1.0]
	ConcatTransform [0.697405 -0.313601 -0.644423 0.0 -0.68011 -0.006045 -0.733085 0.0 0.226 0.949536 -0.217499 0.0 0.520663 -0.494823 -0.207149 1.0]
268
	ConcatTransform [1.1 0.0 0.0 0.0 0.0 1.1 0.0 0.0 0.0 0.0 1.1 0.0 -9.609 0.05 6.704 1.0]
	ConcatTransform [0.658127 -0.33894 -0.6723 0.0 -0.703846 0.040093 -0.709221 0.0 0.267338 0.939953 -0.212175 0.0 0.510636 -0.507557 -0.216618 1.0]
269
	ConcatTransform [1.1 0.0 0.0 0.0 0.0 1.1 0.0 0.0 0.0 0.0 1.1 0.0 -9.609 0.05 6.704 1.0]
	ConcatTransform [0.624013 -0.353141 -0.697064 0.0 -0.720167 0.086295 -0.688413 0.0 0.30326 0.931582 -0.200471 0.0 0.499795 -0.51819 -0.224344 1.0]
270
	ConcatTransform [1.1 0.0 0.0 0.0 0.0 1.1 0.0 0.0 0.0 0.0 1.1 0.0 -9.609 0.05 6.704 1.0]
	ConcatTransform [0.586373 -0.369603 -0.720805 0.0 -0.735924 0.128777 -0.664705 0.0 0.3385 0.920223 -0.196488 0.0 0.475202 -0.526738 -0.239504 1.0]
271
	ConcatTransform [1.1 0.0 0.0 0.0 0.0 1.1 0.0 0.0 0.0 0.0 1.1 0.0 -9.609 0.05 6.704 1.0]
	ConcatTransform [0.561176 -0.375614 -0.737561 0.0 -0.743311 0.163292 -0.64871 0.0 0.364102 0.912277 -0.187563 0.0 0.456258 -0.532481 -0.25032 1.0]
272
	ConcatTransform [1.1 0.0 0.0 0.0 0.0 1.1 0.0 0.0 0.0 0.0 1.1 0.0 -9.609 0.05 6.704 1.0]
	ConcatTransform [0.519038 -0.375785 -0.767714 0.0 -0.755884 0.217522 -0.617514 0.0 0.399047 0.900816 -0.171148 0.0 0.424578 -0.540078 -0.266876 1.0]
273
	ConcatTransform [1.1 0.0 0.0 0.0 0.0 1.1 0.0 0.0 0.0 0.0 1.1 0.0 -9.609 0.05 6.704 1.0]
	ConcatTransform [0.495162 -0.382429 -0.780104 0.0 -0.757929 0.24877 -0.60304 0.0 0.424687 0.889866 -0.166673 0.0 0.401979 -0.543436 -0.277924 1.0]
274
	ConcatTransform [1.1 0.0 0.0 0.0 0.0 1.1 0.0 0.0 0.0 0.0 1.1 0.0 -9.609 0.05 6.704 1.0]
	ConcatTransform [0.460225 -0.396652 -0.794267 0.0 -0.757521 0.291108 -0.58431 0.0 0.462986 0.870588 -0.166497 0.0 0.367288 -0.548785 -0.293074 1.0]
275
	ConcatTransform [1.1 0.0 0.0 0.0 0.0 1.1 0.0 0.0 0.0 0.0 1.1 0.0 -9.609 0.05 6.704 1.0]
	ConcatTransform [0.431882 -0.407318 -0.804718 0.0 -0.755651 0.323702 -0.569394 0.0 0.492413 0.853996 -0.167989 0.0 0.343815 -0.551723 -0.301922 1.0]
276
	ConcatTransform [1.1 0.0 0.0 0.0 0.0 1.1 0.0 0.0 0.0 0.0 1.1 0.0 -9.609 0.05 6.704 1.0]
	ConcatTransform [0.390821 -0.415862 -0.821169 0.0 -0.754117 0.366881 -0.544707 0.0 0.527794 0.83214 -0.170224 0.0 0.308493 -0.554306 -0.312923 1.0]
277
	ConcatTransform [1.1 0.0 0.0 0.0 0.0 1.1 0.0 0.0 0.0 0.0 1.1 0.0 -9.609 0.05 6.704 1.0]
	ConcatTransform [0.371926 -0.421673 -0.82696 0.0 -0.74955 0.389099 -0.535516 0.0 0.547582 0.81902 -0.171349 0.0 0.285581 -0.555064 -0.318675 1.0]
278
	ConcatTransform [1.1 0.0 0.0 0.0 0.0 1.1 0.0 0.0 0.0 0.0 1.1 0.0 -9.609 0.05 6.704 1.0]
	ConcatTransform [0.350791 -0.431297 -0.831221 0.0 -0.730589 0.42923 -0.531037 0.0 0.58582 0.793564 -0.164531 0.0 0.25299 -0.555567 -0.324939 1.0]
279
	ConcatTransform [1.1 0.0 0.0 0.0 0.0 1.1 0.0 0.0 0.0 0.0 1.1 0.0 -9.609 0.05 6.704 1.0]
	ConcatTransform [0.346451 -0.442415 -0.827188 0.0 -0.712374 0.449632 -0.538845 0.0 0.610324 0.775951 -0.15939 0.0 0.232512 -0.555371 -0.327737 1.0]
280
	ConcatTransform [1.1 0.0 0.0 0.0 0.0 1.1 0.0 0.0 0.0 0.0 1.1 0.0 -9.609 0.05 6.704 1.0]
	ConcatTransform [0.333997 -0.462131 -0.821511 0.0 -0.684675 0.480062 -0.548417 0.0 0.647817 0.745637 -0.156071 0.0 0.203775 -0.554102 -0.33027 1.0]
281
	ConcatTransform [1.1 0.0 0.0 0.0 0.0 1.1 0.0 0.0 0.0 0.0 1.1 0.0 -9.609 0.05 6.704 1.0]
	ConcatTransform [0.317146 -0.475709 -0.820438 0.0 -0.670188 0.499677 -0.54879 0.0 0.671019 0.723895 -0.160344 0.0 0.186398 -0.552317 -0.331163 1.0]
282
	ConcatTransform [1.1 0.0 0.0 0.0 0.0 1.1 0.0 0.0 0.0 0.0 1.1 0.0 -9.609 0.05 6.704 1.0]
	ConcatTransform [0.309455 -0.487042 -0.816718 0.0 -0.659313 0.509016 -0.553361 0.0 0.685232 0.709713 -0.163596 0.0 0.16485 -0.550964 -0.330565 1.0]
283
	ConcatTransform [1.1 0.0 0.0 0.0 0.0 1.1 0.0 0.0 0.0 0.0 1.1 0.0 -9.609 0.05 6.704 1.0]
	ConcatTransform [0.306681 -0.492634 -0.814407 0.0 -0.653401 0.51321 -0.556492 0.0 0.692108 0.7028 -0.164496 0.0 0.153087 -0.55032 -0.329525 1.0]
284
	ConcatTransform [1.1 0.0 0.0 0.0 0.0 1.1 0.0 0.0 0.0 0.0 1.1 0.0 -9.609 0.05 6.704 1.0]
	ConcatTransform [0.299263 -0.505724 -0.809126 0.0 -0.645905 0.516792 -0.561901 0.0 0.702317 0.690775 -0.171993 0.0 0.138902 -0.549162 -0.327812 1.0]
285
	ConcatTransform [1.1 0.0 0.0 0.0 0.0 1.1 0.0 0.0 0.0 0.0 1.1 0.0 -9.609 0.05 6.704 1.0]
	ConcatTransform [0.298482 -0.5095 -0.807043 0.0 -0.644181 0.516384 -0.56425 0.0 0.70423 0.6883 -0.174079 0.0 0.131489 -0.548931 -0.326396 1.0]
286
	ConcatTransform [1.1 0.0 0.0 0.0 0.0 1.1 0.0 0.0 0.0 0.0 1.1 0.0 -9.609 0.05 6.704 1.0]
	ConcatTransform [0.295046 -0.511455 -0.80707 0.0 -0.646109 0.51548 -0.562871 0.0 0.703911 0.687528 -0.178365 0.0 0.12338 -0.548864 -0.324229 1.0]
287
	ConcatTransform [1.1 0.0 0.0 0.0 0.0 1.1 0.0 0.0 0.0 0.0 1.1 0.0 -9.609 0.05 6.704 1.0]
	ConcatTransform [0.293667 -0.513097 -0.80653 0.0 -0.649056 0.512391 -0.5623 0.0 0.701773 0.688613 -0.182556 0.0 0.119916 -0.549036 -0.323021 1.0]
288
	ConcatTransform [1.1 0.0 0.0 0.0 0.0 1.1 0.0 0.0 0.0 0.0 1.1 0.0 -9.609 0.05 6.704 1.0]
	ConcatTransform [0.292302 -0.516382 -0.804928 0.0 -0.654864 0.505308 -0.561976 0.0 0.696931 0.691385 -0.190458 0.0 0.117677 -0.549428 -0.321649 1.0]
289
	ConcatTransform [1.1 0.0 0.0 0.0 0.0 1.1 0.0 0.0 0.0 0.0 1.1 0.0 -9.609 0.05 6.704 1.0]
	ConcatTransform [0.293929 -0.513394 -0.806246 0.0 -0.66035 0.500768 -0.559615 0.0 0.691045 0.696892 -0.19183 0.0 0.117925 -0.550042 -0.320843 1.0]
290
	ConcatTransform [1.1 0.0 0.0 0.0 0.0 1.1 0.0 0.0 0.0 0.0 1.1 0.0 -9.609 0.05 6.704 1.0]
	ConcatTransform [0.299308 -0.506084 -0.808884 0.0 -0.669962 0.492152 -0.555821 0.0 0.679386 0.708284 -0.191752 0.0 0.12079 -0.55122 -0.320018 1.0]
291
	ConcatTransform [1.1 0.0 0.0 0.0 0.0 1.1 0.0 0.0 0.0 0.0 1.1 0.0 -9.609 0.05 6.704 1.0]
	ConcatTransform [0.303671 -0.501991 -0.809808 0.0 -0.676048 0.485388 -0.554399 0.0 0.671374 0.715824 -0.191972 0.0 0.124336 -0.55194 -0.319808 1.0]
292
	ConcatTransform [1.1 0.0 0.0 0.0 0.0 1.1 0.0 0.0 0.0 0.0 1.1 0.0 -9.609 0.05 6.704 1.0]
	ConcatTransform [0.31155 -0.49625 -0.810353 0.0 -0.684543 0.474255 -0.553609 0.0 0.659043 0.727199 -0.19195 0.0 0.13181 -0.552911 -0.319954 1.0]
293
	ConcatTransform [1.1 0.0 0.0 0.0 0.0 1.1 0.0 0.0 0.0 0.0 1.1 0.0 -9.609 0.05 6.704 1.0]
	ConcatTransform [0.318673 -0.491912 -0.810228 0.0 -0.690276 0.465368 -0.554032 0.0 0.64959 0.735836 -0.191255 0.0 0.137963 -0.55356 -0.320342 1.0]
294
	ConcatTransform [1.1 0.0 0.0 0.0 0.0 1.1 0.0 0.0 0.0 0.0 1.1 0.0 -9.609 0.05 6.704 1.0]
	ConcatTransform [0.333989 -0.478771 -0.81193 0.0 -0.702304 0.448118 -0.553136 0.0 0.628666 0.754963 -0.186576 0.0 0.148395 -0.554708 -0.321126 1.0]
295
	ConcatTransform [1.1 0.0 0.0 0.0 0.0 1.1 0.0 0.0 0.0 0.0 1.1 0.0 -9.609 0.05 6.704 1.0]
	ConcatTransform [0.343726 -0.470772 -0.812543 0.0 -0.709665 0.436445 -0.553074 0.0 0.615002 0.76674 -0.184073 0.0 0.156161 -0.555186 -0.321886 1.0]
296
	ConcatTransform [1.1 0.0 0.0 0.0 0.0 1.1 0.0 0.0 0.0 0.0 1.1 0.0 -9.609 0.05 6.704 1.0]
	ConcatTransform [0.357566 -0.459033 -0.813287 0.0 -0.719754 0.419449 -0.553188 0.0 0.595064 0.783167 -0.18041 0.0 0.168531 -0.555534 -0.323269 1.0]
297
	ConcatTransform [1.1 0.0 0.0 0.0 0.0 1.1 0.0 0.0 0.0 0.0 1.1 0.0 -9.609 0.05 6.704 1.0]
	ConcatTransform [0.36645 -0.450575 -0.814062 0.0 -0.726095 0.40861 -0.553013 0.0 0.581808 0.793738 -0.177425 0.0 0.176963 -0.555557 -0.324286 1.0]
298
	ConcatTransform [1.1 0.0 0.0 0.0 0.0 1.1 0.0 0.0 0.0 0.0 1.1 0.0 -9.609 0.05 6.704 1.0]
	ConcatTransform [0.378228 -0.439397 -0.814784 0.0 -0.734166 0.393743 -0.553143 0.0 0.563865 0.807401 -0.173665 0.0 0.189519 -0.55532 -0.325951 1.0]
299
	ConcatTransform [1.1 0.0 0.0 0.0 0.0 1.1 0.0 0.0 0.0 0.0 1.1 0.0 -9.609 0.05 6.704 1.0]
	ConcatTransform [0.385002 -0.432522 -0.81529 0.0 -0.738627 0.385253 -0.553182 0.0 0.553356 0.815172 -0.171149 0.0 0.197598 -0.555046 -0.327092 1.0]
300
	ConcatTransform [1.1 0.0 0.0 0.0 0.0 1.1 0.0 0.0 0.0 0.0 1.1 0.0 -9.609 0.05 6.704 1.0]
	ConcatTransform [0.393846 -0.421677 -0.816746 0.0 -0.744429 0.374889 -0.552524 0.0 0.539176 0.825619 -0.16626 0.0 0.208893 -0.554526 -0.328736 1.0]
301
	ConcatTransform [1.1 0.0 0.0 0.0 0.0 1.1 0.0 0.0 0.0 0.0 1.1 0.0 -9.609 0.05 6.704 1.0]
	ConcatTransform [0.39848 -0.416283 -0.817265 0.0 -0.747196 0.36941 -0.55248 0.0 0.531894 0.83081 -0.163842 0.0 0.215751 -0.554187 -0.329823 1.0]
302
	ConcatTransform [1.1 0.0 0.0 0.0 0.0 1.1 0.0 0.0 0.0 0.0 1.1 0.0 -9.609 0.05 6.704 1.0]
	ConcatTransform [0.403418 -0.412198 -0.816913 0.0 -0.749431 0.363383 -0.553449 0.0 0.524983 0.835491 -0.162318 0.0 0.224834 -0.553816 -0.331427 1.0]
303
	ConcatTransform [1.1 0.0 0.0 0.0 0.0 1.1 0.0 0.0 0.0 0.0 1.1 0.0 -9.609 0.05 6.704 1.0]
	ConcatTransform [0.405883 -0.409208 -0.817195 0.0 -0.750451 0.361109 -0.553556 0.0 0.521616 0.837944 -0.160523 0.0 0.229918 -0.553617 -0.332352 1.0]
304
	ConcatTransform [1.1 0.0 0.0 0.0 0.0 1.1 0.0 0.0 0.0 0.0 1.1 0.0 -9.609 0.05 6.704 1.0]
	ConcatTransform [0.408502 -0.403843 -0.818558 0.0 -0.751504 0.360175 -0.552735 0.0 0.518042 0.840943 -0.156357 0.0 0.235953 -0.553377 -0.333467 1.0]
305
	ConcatTransform [1.1 0.0 0.0 0.0 0.0 1.1 0.0 0.0 0.0 0.0 1.1 0.0 -9.609 0.05 6.704 1.0]
	ConcatTransform [0.409052 -0.40311 -0.818645 0.0 -0.751021 0.360852 -0.55295 0.0 0.518309 0.841004 -0.155137 0.0 0.238965 -0.553374 -0.334125 1.0]
306
	ConcatTransform [1.1 0.0 0.0 0.0 0.0 1.1 0.0 0.0 0.0 0.0 1.1 0.0 -9.609 0.05 6.704 1.0]
	ConcatTransform [0.40816 -0.406253 -0.817535 0.0 -0.748564 0.363662 -0.554438 0.0 0.522548 0.838277 -0.155674 0.0 0.241968 -0.553605 -0.334963 1.0]
307
	ConcatTransform [1.1 0.0 0.0 0.0 0.0 1.1 0.0 0.0 0.0 0.0 1.1 0.0 -9.609 0.05 6.704 1.0]
	ConcatTransform [0.407076 -0.407659 -0.817376 0.0 -0.746753 0.366775 -0.554829 0.0 0.525975 0.836236 -0.155115 0.0 0.242895 -0.553777 -0.335301 1.0]
308
	ConcatTransform [1.1 0.0 0.0 0.0 0.0 1.1 0.0 0.0 0.0 0.0 1.1 0.0 -9.609 0.05 6.704 1.0]
	ConcatTransform [0.404908 -0.408981 -0.817792 0.0 -0.743807 0.372849 -0.554739 0.0 0.531791 0.832898 -0.153233 0.0 0.242768 -0.554042 -0.335487 1.0]
309
	ConcatTransform [1.1 0.0 0.0 0.0 0.0 1.1 0.0 0.0 0.0 0.0 1.1 0.0 -9.609 0.05 6.704 1.0]
	ConcatTransform [0.402595 -0.41228 -0.817278 0.0 -0.740898 0.37757 -0.555437 0.0 0.537575 0.829136 -0.153449 0.0 0.241826 -0.554303 -0.335499 1.0]
310
	ConcatTransform [1.1 0.0 0.0 0.0 0.0 1.1 0.0 0.0 0.0 0.0 1.1 0.0 -9.609 0.05 6.704 1.0]
	ConcatTransform [0.398091 -0.419686 -0.815713 0.0 -0.735516 0.385374 -0.557229 0.0 0.548215 0.821797 -0.155271 0.0 0.239259 -0.554733 -0.335334 1.0]
311
	ConcatTransform [1.1 0.0 0.0 0.0 0.0 1.1 0.0 0.0 0.0 0.0 1.1 0.0 -9.609 0.05 6.704 1.0]
	ConcatTransform [0.395123 -0.423975 -0.814938 0.0 -0.732182 0.390411 -0.558112 0.0 0.554786 0.817205 -0.156167 0.0 0.236816 -0.55495 -0.335053 1.0]
312
	ConcatTransform [1.1 0.0 0.0 0.0 0.0 1.1 0.0 0.0 0.0 0.0 1.1 0.0 -9.609 0.05 6.704 1.0]
	ConcatTransform [0.391018 -0.427988 -0.81482 0.0 -0.727937 0.397942 -0.558345 0.0 0.563216 0.811461 -0.155946 0.0 0.232247 -0.555164 -0.33437 1.0]
313
	ConcatTransform [1.1 0.0 0.0 0.0 0.0 1.1 0.0 0.0 0.0 0.0 1.1 0.0 -9.609 0.05 6.704 1.0]
	ConcatTransform [0.387811 -0.431408 -0.814549 0.0 -0.724991 0.40295 -0.558586 0.0 0.569201 0.807167 -0.156498 0.0 0.228787 -0.555291 -0.333837 1.0]
314
	ConcatTransform [1.1 0.0 0.0 0.0 0.0 1.1 0.0 0.0 0.0 0.0 1.1 0.0 -9.609 0.05 6.704 1.0]
	ConcatTransform [0.382808 -0.436602 -0.814148 0.0 -0.7208 0.410075 -0.558826 0.0 0.577846 0.800761 -0.157723 0.0 0.223125 -0.555416 -0.332913 1.0]
315
	ConcatTransform [1.1 0.0 0.0 0.0 0.0 1.1 0.0 0.0 0.0 0.0 1.1 0.0 -9.609 0.05 6.704 1.0]
	ConcatTransform [0.37912 -0.441038 -0.813482 0.0 -0.717787 0.414649 -0.559328 0.0 0.583995 0.79596 -0.159369 0.0 0.219165 -0.555472 -0.332246 1.0]
316
	ConcatTransform [1.1 0.0 0.0 0.0 0.0 1.1 0.0 0.0 0.0 0.0 1.1 0.0 -9.609 0.05 6.704 1.0]
	ConcatTransform [0.373536 -0.447618 -0.812471 0.0 -0.71315 0.421535 -0.560111 0.0 0.593201 0.788636 -0.161761 0.0 0.213112 -0.555491 -0.33116 1.0]
317
	ConcatTransform [1.1 0.0 0.0 0.0 0.0 1.1 0.0 0.0 0.0 0.0 1.1 0.0 -9.609 0.05 6.704 1.0]
	ConcatTransform [0.369953 -0.451794 -0.811799 0.0 -0.710106 0.42593 -0.560654 0.0 0.59907 0.783879 -0.163247 0.0 0.209107 -0.55546 -0.330399 1.0]
318
	ConcatTransform [1.1 0.0 0.0 0.0 0.0 1.1 0.0 0.0 0.0 0.0 1.1 0.0 -9.609 0.05 6.704 1.0]
	ConcatTransform [0.36496 -0.457091 -0.811093 0.0 -0.705708 0.432426 -0.561235 0.0 0.607273 0.777223 -0.164755 0.0 0.203328 -0.555362 -0.329218 1.0]
319
	ConcatTransform [1.1 0.0 0.0 0.0 0.0 1.1 0.0 0.0 0.0 0.0 1.1 0.0 -9.609 0.05 6.704 1.0]
	ConcatTransform [0.362153 -0.460143 -0.810626 0.0 -0.703005 0.436222 -0.561689 0.0 0.61207 0.773291 -0.165503 0.0 0.199718 -0.555274 -0.32844 1.0]
320
	ConcatTransform [1.1 0.0 0.0 0.0 0.0 1.1 0.0 0.0 0.0 0.0 1.1 0.0 -9.609 0.05 6.704 1.0]
	ConcatTransform [0.358971 -0.4644 -0.809613 0.0 -0.699381 0.440576 -0.562813 0.0 0.618066 0.768261 -0.166639 0.0 0.194816 -0.555134 -0.327339 1.0]
321
	ConcatTransform [1.1 0.0 0.0 0.0 0.0 1.1 0.0 0.0 0.0 0.0 1.1 0.0 -9.609 0.05 6.704 1.0]
	ConcatTransform [0.357505 -0.466408 -0.809107 0.0 -0.697234 0.443098 -0.563497 0.0 0.621333 0.76559 -0.166786 0.0 0.191971 -0.555045 -0.326631 1.0]
322
	ConcatTransform [1.1 0.0 0.0 0.0 0.0 1.1 0.0 0.0 0.0 0.0 1.1 0.0 -9.609 0.05 6.704 1.0]
	ConcatTransform [0.356473 -0.46786 -0.808724 0.0 -0.694521 0.446296 -0.564323 0.0 0.624955 0.762841 -0.165846 0.0 0.188439 -0.554939 -0.325615 1.0]
323
	ConcatTransform [1.1 0.0 0.0 0.0 0.0 1.1 0.0 0.0 0.0 0.0 1.1 0.0 -9.609 0.05 6.704 1.0]
	ConcatTransform [0.356714 -0.468633 -0.80817 0.0 -0.693242 0.447109 -0.565251 0.0 0.626235 0.76189 -0.165386 0.0 0.1866 -0.554903 -0.325014 1.0]
324
	ConcatTransform [1.1 0.0 0.0 0.0 0.0 1.1 0.0 0.0 0.0 0.0 1.1 0.0 -9.609 0.05 6.704 1.0]
	ConcatTransform [0.358953 -0.469738 -0.806535 0.0 -0.692959 0.444765 -0.567443 0.0 0.625268 0.762581 -0.16586 0.0 0.184596 -0.554935 -0.324267 1.0]
325
	ConcatTransform [1.1 0.0 0.0 0.0 0.0 1.1 0.0 0.0 0.0 0.0 1.1 0.0 -9.609 0.05 6.704 1.0]
	ConcatTransform [0.360672 -0.469463 -0.805928 0.0 -0.692954 0.443486 -0.568449 0.0 0.624284 0.763495 -0.165363 0.0 0.183836 -0.55497 -0.323804 1.0]
326
	ConcatTransform [1.1 0.0 0.0 0.0 0.0 1.1 0.0 0.0 0.0 0.0 1.1 0.0 -9.609 0.05 6.704 1.0]
	ConcatTransform [0.363589 -0.467671 -0.805659 0.0 -0.693237 0.441878 -0.569356 0.0 0.622275 0.765524 -0.163545 0.0 0.18352 -0.555041 -0.323173 1.0]
327
	ConcatTransform [1.1 0.0 0.0 0.0 0.0 1.1 0.0 0.0 0.0 0.0 1.1 0.0 -9.609 0.05 6.704 1.0]
	ConcatTransform [0.366155 -0.466577 -0.805131 0.0 -0.693952 0.439529 -0.570302 0.0 0.619969 0.767541 -0.162847 0.0 0.183788 -0.555109 -0.322857 1.0]
328
	ConcatTransform [1.1 0.0 0.0 0.0 0.0 1.1 0.0 0.0 0.0 0.0 1.1 0.0 -9.609 0.05 6.704 1.0]
	ConcatTransform [0.370693 -0.465028 -0.80395 0.0 -0.695588 0.434579 -0.572101 0.0 0.615423 0.771291 -0.162372 0.0 0.184844 -0.555222 -0.32253 1.0]
329
	ConcatTransform [1.1 0.0 0.0 0.0 0.0 1.1 0.0 0.0 0.0 0.0 1.1 0.0 -9.609 0.05 6.704 1.0]
	ConcatTransform [0.373714 -0.463282 -0.803559 0.0 -0.696675 0.431746 -0.572922 0.0 0.612358 0.773929 -0.161407 0.0 0.185959 -0.555289 -0.322361 1.0]
330
	ConcatTransform [1.1 0.0 0.0 0.0 0.0 1.1 0.0 0.0 0.0 0.0 1.1 0.0 -9.609 0.05 6.704 1.0]
	ConcatTransform [0.378267 -0.459933 -0.803353 0.0 -0.698336 0.42789 -0.573792 0.0 0.607652 0.778057 -0.159331 0.0 0.188135 -0.555373 -0.322191 1.0]
331
	ConcatTransform [1.1 0.0 0.0 0.0 0.0 1.1 0.0 0.0 0.0 0.0 1.1 0.0 -9.609 0.05 6.704 1.0]
	ConcatTransform [0.381487 -0.457909 -0.802986 0.0 -0.69958 0.424774 -0.574591 0.0 0.604198 0.780952 -0.158299 0.0 0.189837 -0.555418 -0.322165 1.0]
332
	ConcatTransform [1.1 0.0 0.0 0.0 0.0 1.1 0.0 0.0 0.0 0.0 1.1 0.0 -9.609 0.05 6.704 1.0]
	ConcatTransform [0.386306 -0.455034 -0.802317 0.0 -0.701411 0.419955 -0.575899 0.0 0.598991 0.785227 -0.156935 0.0 0.192668 -0.555462 -0.322231 1.0]
333
	ConcatTransform [1.1 0.0 0.0 0.0 0.0 1.1 0.0 0.0 0.0 0.0 1.1 0.0 -9.609 0.05 6.704 1.0]
	ConcatTransform [0.389349 -0.452884 -0.802062 0.0 -0.7025 0.417188 -0.576583 0.0 0.595736 0.787941 -0.155719 0.0 0.194681 -0.555476 -0.322316 1.0]
334
	ConcatTransform [1.1 0.0 0.0 0.0 0.0 1.1 0.0 0.0 0.0 0.0 1.1 0.0 -9.609 0.05 6.704 1.0]
	ConcatTransform [0.393737 -0.449691 -0.801716 0.0 -0.703986 0.413305 -0.577567 0.0 0.591079 0.791806 -0.153843 0.0 0.197766 -0.555478 -0.322514 1.0]
335
	ConcatTransform [1.1 0.0 0.0 0.0 0.0 1.1 0.0 0.0 0.0 0.0 1.1 0.0 -9.609 0.05 6.704 1.0]
	ConcatTransform [0.396467 -0.447796 -0.801431 0.0 -0.704803 0.410925 -0.578267 0.0 0.588274 0.794115 -0.15269 0.0 0.199808 -0.555468 -0.32269 1.0]
336
	ConcatTransform [1.1 0.0 0.0 0.0 0.0 1.1 0.0 0.0 0.0 0.0 1.1 0.0 -9.609 0.05 6.704 1.0]
	ConcatTransform [0.40007 -0.445134 -0.801124 0.0 -0.705638 0.408186 -0.579188 0.0 0.584824 0.797019 -0.1508 0.0 0.20277 -0.555445 -0.32299 1.0]
337
	ConcatTransform [1.1 0.0 0.0 0.0 0.0 1.1 0.0 0.0 0.0 0.0 1.1 0.0 -9.609 0.05 6.704 1.0]
	ConcatTransform [0.402275 -0.443583 -0.80088 0.0 -0.706026 0.406598 -0.579832 0.0 0.58284 0.798694 -0.149617 0.0 0.204614 -0.555426 -0.323215 1.0]
338
	ConcatTransform [1.1 0.0 0.0 0.0 0.0 1.1 0.0 0.0 0.0 0.0 1.1 0.0 -9.609 0.05 6.704 1.0]
	ConcatTransform [0.405379 -0.441809 -0.800295 0.0 -0.706404 0.404269 -0.581 0.0 0.580225 0.800857 -0.148213 0.0 0.207108 -0.555394 -0.323588 1.0]
339
	ConcatTransform [1.1 0.0 0.0 0.0 0.0 1.1 0.0 0.0 0.0 0.0 1.1 0.0 -9.609 0.05 6.704 1.0]
	ConcatTransform [0.40706 -0.440789 -0.800005 0.0 -0.706353 0.403392 -0.58167 0.0 0.57911 0.80186 -0.147148 0.0 0.208573 -0.555377 -0.323834 1.0]
340
	ConcatTransform [1.1 0.0 0.0 0.0 0.0 1.1 0.0 0.0 0.0 0.0 1.1 0.0 -9.609 0.05 6.704 1.0]
	ConcatTransform [0.408932 -0.439417 -0.799804 0.0 -0.70579 0.403282 -0.582429 0.0 0.578476 0.802668 -0.145222 0.0 0.210438 -0.555364 -0.324183 1.0]
341
	ConcatTransform [1.1 0.0 0.0 0.0 0.0 1.1 0.0 0.0 0.0 0.0 1.1 0.0 -9.609 0.05 6.704 1.0]
	ConcatTransform [0.410062 -0.438915 -0.799501 0.0 -0.705289 0.4032 -0.583093 0.0 0.578287 0.802984 -0.144225 0.0 0.211422 -0.555358 -0.32442 1.0]
342
	ConcatTransform [1.1 0.0 0.0 0.0 0.0 1.1 0.0 0.0 0.0 0.0 1.1 0.0 -9.609 0.05 6.704 1.0]
	ConcatTransform [0.411613 -0.438867 -0.79873 0.0 -0.704362 0.402949 -0.584385 0.0 0.578315 0.803136 -0.143262 0.0 0.212493 -0.555355 -0.324776 1.0]
343
	ConcatTransform [1.1 0.0 0.0 0.0 0.0 1.1 0.0 0.0 0.0 0.0 1.1 0.0 -9.609 0.05 6.704 1.0]
	ConcatTransform [0.412263 -0.438892 -0.798382 0.0 -0.703461 0.403522 -0.585075 0.0 0.578949 0.802835 -0.142386 0.0 0.21296 -0.555361 -0.324981 1.0]
344
	ConcatTransform [1.1 0.0 0.0 0.0 0.0 1.1 0.0 0.0 0.0 0.0 1.1 0.0 -9.609 0.05 6.704 1.0]
	ConcatTransform [0.412749 -0.438987 -0.798078 0.0 -0.701747 0.40533 -0.585883 0.0 0.58068 0.801872 -0.140759 0.0 0.213295 -0.55538 -0.325236 1.0]
345
	ConcatTransform [1.1 0.0 0.0 0.0 0.0 1.1 0.0 0.0 0.0 0.0 1.1 0.0 -9.609 0.05 6.704 1.0]
	ConcatTransform [0.413044 -0.439449 -0.797671 0.0 -0.700542 0.406353 -0.586615 0.0 0.581924 0.8011 -0.140011 0.0 0.21327 -0.555393 -0.325395 1.0]
346
	ConcatTransform [1.1 0.0 0.0 0.0 0.0 1.1 0.0 0.0 0.0 0.0 1.1 0.0 -9.609 0.05 6.704 1.0]
	ConcatTransform [0.413421 -0.440672 -0.7968 0.0 -0.698638 0.407685 -0.587961 0.0 0.583942 0.79975 -0.139324 0.0 0.212897 -0.555414 -0.325611 1.0]
347
	ConcatTransform [1.1 0.0 0.0 0.0 0.0 1.1 0.0 0.0 0.0 0.0 1.1 0.0 -9.609 0.05 6.704 1.0]
	ConcatTransform [0.41345 -0.441431 -0.796365 0.0 -0.697208 0.409051 -0.58871 0.0 0.585629 0.798634 -0.138647 0.0 0.212463 -0.555429 -0.325714 1.0]
348
	ConcatTransform [1.1 0.0 0.0 0.0 0.0 1.1 0.0 0.0 0.0 0.0 1.1 0.0 -9.609 0.05 6.704 1.0]
	ConcatTransform [0.413296 -0.442525 -0.795838 0.0 -0.694916 0.411509 -0.589705 0.0 0.588454 0.796763 -0.137443 0.0 0.211572 -0.555449 -0.325815 1.0]
349
	ConcatTransform [1.1 0.0 0.0 0.0 0.0 1.1 0.0 0.0 0.0 0.0 1.1 0.0 -9.609 0.05 6.704 1.0]
	ConcatTransform [0.413237 -0.443481 -0.795336 0.0 -0.693399 0.41291 -0.590512 0.0 0.590283 0.795506 -0.13688 0.0 0.210837 -0.555459 -0.325864 1.0]
350
	ConcatTransform [1.1 0.0 0.0 0.0 0.0 1.1 0.0 0.0 0.0 0.0 1.1 0.0 -9.609 0.05 6.704 1.0]
	ConcatTransform [0.413177 -0.445089 -0.794469 0.0 -0.691126 0.414826 -0.591831 0.0 0.592984 0.793609 -0.136216 0.0 0.209583 -0.555471 -0.325906 1.0]
351
	ConcatTransform [1.1 0.0 0.0 0.0 0.0 1.1 0.0 0.0 0.0 0.0 1.1 0.0 -9.609 0.05 6.704 1.0]
	ConcatTransform [0.413115 -0.446058 -0.793957 0.0 -0.689601 0.4162 -0.592645 0.0 0.594799 0.792344 -0.135664 0.0 0.20868 -0.555475 -0.325903 1.0]
352
	ConcatTransform [1.1 0.0 0.0 0.0 0.0 1.1 0.0 0.0 0.0 0.0 1.1 0.0 -9.609 0.05 6.704 1.0]
	ConcatTransform [0.413123 -0.447404 -0.793195 0.0 -0.687395 0.418116 -0.593858 0.0 0.597342 0.790575 -0.134809 0.0 0.207272 -0.555477 -0.325864 1.0]
353
	ConcatTransform [1.1 0.0 0.0 0.0 0.0 1.1 0.0 0.0 0.0 0.0 1.1 0.0 -9.609 0.05 6.704 1.0]
	ConcatTransform [0.413215 -0.448293 -0.792646 0.0 -0.685988 0.419218 -0.594708 0.0 0.598894 0.789487 -0.134296 0.0 0.206326 -0.555476 -0.325821 1.0]
354
	ConcatTransform [1.1 0.0 0.0 0.0 0.0 1.1 0.0 0.0 0.0 0.0 1.1 0.0 -9.609 0.05 6.704 1.0]
	ConcatTransform [0.413425 -0.449607 -0.791791 0.0 -0.683934 0.420721 -0.59601 0.0 0.601094 0.787938 -0.133565 0.0 0.204949 -0.555471 -0.325734 1.0]
355
	ConcatTransform [1.1 0.0 0.0 0.0 0.0 1.1 0.0 0.0 0.0 0.0 1.1 0.0 -9.609 0.05 6.704 1.0]
	ConcatTransform [0.413696 -0.450351 -0.791227 0.0 -0.682673 0.421545 -0.596873 0.0 0.60234 0.787073 -0.133051 0.0 0.204075 -0.555467 -0.325662 1.0]
356
	ConcatTransform [1.1 0.0 0.0 0.0 0.0 1.1 0.0 0.0 0.0 0.0 1.1 0.0 -9.609 0.05 6.704 1.0]
	ConcatTransform [0.414394 -0.451198 -0.790379 0.0 -0.681024 0.422368 -0.598173 0.0 0.603725 0.786146 -0.13225 0.0 0.202861 -0.555462 -0.325539 1.0]
357
	ConcatTransform [1.1 0.0 0.0 0.0 0.0 1.1 0.0 0.0 0.0 0.0 1.1 0.0 -9.609 0.05 6.704 1.0]
	ConcatTransform [0.414923 -0.451726 -0.789799 0.0 -0.679976 0.422809 -0.599053 0.0 0.604542 0.785605 -0.13173 0.0 0.202145 -0.555458 -0.325452 1.0]
358
	ConcatTransform [1.1 0.0 0.0 0.0 0.0 1.1 0.0 0.0 0.0 0.0 1.1 0.0 -9.609 0.05 6.704 1.0]
	ConcatTransform [0.415768 -0.452473 -0.788927 0.0 -0.678446 0.423395 -0.600373 0.0 0.60568 0.78486 -0.130945 0.0 0.201235 -0.555452 -0.325316 1.0]
359
	ConcatTransform [1.1 0.0 0.0 0.0 0.0 1.1 0.0 0.0 0.0 0.0 1.1 0.0 -9.609 0.05 6.704 1.0]
	ConcatTransform [0.416545 -0.45276 -0.788352 0.0 -0.677605 0.423498 -0.601249 0.0 0.606087 0.784638 -0.130387 0.0 0.200732 -0.555451 -0.325225 1.0]
360
	ConcatTransform [1.1 0.0 0.0 0.0 0.0 1.1 0.0 0.0 0.0 0.0 1.1 0.0 -9.609 0.05 6.704 1.0]
	ConcatTransform [-0.085484 0.084599 -0.992741 0.0 0.976142 -0.192498 -0.100459 0.0 -0.199599 -0.977644 -0.066125 0.0 3.093366 -143.403061 -7.384252 1.0]
