228
	ConcatTransform [1.1 0.0 0.0 0.0 0.0 1.1 0.0 0.0 0.0 0.0 1.1 0.0 -9.609 0.05 6.704 1.0]
	ConcatTransform [0.985216 0.150548 0.081766 0.0 -0.146846 0.987916 -0.049578 0.0 -0.088242 0.036838 0.995418 0.0 0.002429 -0.010415 0.034775 1.0]
229
	ConcatTransform [1.1 0.0 0.0 0.0 0.0 1.1 0.0 0.0 0.0 0.0 1.1 0.0 -9.609 0.05 6.704 1.0]
	ConcatTransform [0.94957 0.310363 0.044633 0.0 -0.309516 0.950567 -0.024942 0.0 -0.050168 0.009869 0.998692 0.0 0.005734 -0.025597 0.060721 1.0]
230
	ConcatTransform [1.1 0.0 0.0 0.0 0.0 1.1 0.0 0.0 0.0 0.0 1.1 0.0 -9.609 0.05 6.704 1.0]
	ConcatTransform [0.859934 0.51038 0.005043 0.0 -0.509786 0.859337 -0.040716 0.0 -0.025114 0.032442 0.999158 0.0 0.01603 -0.050783 0.09751 1.0]
231
	ConcatTransform [1.1 0.0 0.0 0.0 0.0 1.1 0.0 0.0 0.0 0.0 1.1 0.0 -9.609 0.05 6.704 1.0]
	ConcatTransform [0.833442 0.552529 0.009208 0.0 -0.551285 0.832486 -0.055246 0.0 -0.038191 0.040968 0.99843 0.0 0.025842 -0.077117 0.122014 1.0]
232
	ConcatTransform [1.1 0.0 0.0 0.0 0.0 1.1 0.0 0.0 0.0 0.0 1.1 0.0 -9.609 0.05 6.704 1.0]
	ConcatTransform [0.799512 0.600056 0.026715 0.0 -0.597398 0.799018 -0.068453 0.0 -0.062422 0.03877 0.997297 0.0 0.041111 -0.136027 0.159125 1.0]
233
	ConcatTransform [1.1 0.0 0.0 0.0 0.0 1.1 0.0 0.0 0.0 0.0 1.1 0.0 -9.609 0.05 6.704 1.0]
	ConcatTransform [0.788625 0.613359 0.043138 0.0 -0.60976 0.789168 -0.073531 0.0 -0.079144 0.031685 0.99636 0.0 0.051805 -0.187803 0.184046 1.0]
234
	ConcatTransform [1.1 0.0 0.0 0.0 0.0 1.1 0.0 0.0 0.0 0.0 1.1 0.0 -9.609 0.05 6.704 1.0]
	ConcatTransform [0.778128 0.626865 0.039464 0.0 -0.617486 0.774965 -0.134685 0.0 -0.115012 0.080433 0.990102 0.0 0.067873 -0.268764 0.216518 1.0]
235
	ConcatTransform [1.1 0.0 0.0 0.0 0.0 1.1 0.0 0.0 0.0 0.0 1.1 0.0 -9.609 0.05 6.704 1.0]
	ConcatTransform [0.777147 0.626942 0.054637 0.0 -0.610231 0.771951 -0.178072 0.0 -0.153818 0.105047 0.982499 0.0 0.078316 -0.304695 0.23183 1.0]
236
	ConcatTransform [1.1 0.0 0.0 0.0 0.0 1.1 0.0 0.0 0.0 0.0 1.1 0.0 -9.609 0.05 6.704 1.0]
	ConcatTransform [0.823908 0.54891 0.140975 0.0 -0.529432 0.834243 -0.154077 0.0 -0.202182 0.052309 0.97795 0.0 0.095747 -0.348533 0.248938 1.0]
237
	ConcatTransform [1.1 0.0 0.0 0.0 0.0 1.1 0.0 0.0 0.0 0.0 1.1 0.0 -9.609 0.05 6.704 1.0]
	ConcatTransform [0.843568 0.495007 0.208234 0.0 -0.480252 0.868888 -0.119962 0.0 -0.240314 0.001191 0.970694 0.0 0.107846 -0.368793 0.259953 1.0]
238
	ConcatTransform [1.1 0.0 0.0 0.0 0.0 1.1 0.0 0.0 0.0 0.0 1.1 0.0 -9.609 0.05 6.704 1.0]
	ConcatTransform [0.835554 0.436805 0.333243 0.0 -0.423274 0.89849 -0.116422 0.0 -0.35027 -0.043776 0.935625 0.0 0.129338 -0.366537 0.275292 1.0]
239
	ConcatTransform [1.1 0.0 0.0 0.0 0.0 1.1 0.0 0.0 0.0 0.0 1.1 0.0 -9.609 0.05 6.704 1.0]
	ConcatTransform [0.812281 0.413551 0.411309 0.0 -0.397983 0.908492 -0.127482 0.0 -0.426392 -0.060143 0.902537 0.0 0.143059 -0.367545 0.284554 1.0]
240
	ConcatTransform [1.1 0.0 0.0 0.0 0.0 1.1 0.0 0.0 0.0 0.0 1.1 0.0 -9.609 0.05 6.704 1.0]
	ConcatTransform [0.79492 0.425921 0.43208 0.0 -0.420731 0.900092 -0.113223 0.0 -0.437136 -0.091786 0.8947 0.0 0.162563 -0.368021 0.295279 1.0]
241
	ConcatTransform [1.1 0.0 0.0 0.0 0.0 1.1 0.0 0.0 0.0 0.0 1.1 0.0 -9.609 0.05 6.704 1.0]
	ConcatTransform [0.786504 0.443287 0.43001 0.0 -0.445574 0.889425 -0.101916 0.0 -0.427639 -0.111444 0.897054 0.0 0.174435 -0.368847 0.304529 1.0]
242
	ConcatTransform [1.1 0.0 0.0 0.0 0.0 1.1 0.0 0.0 0.0 0.0 1.1 0.0 -9.609 0.05 6.704 1.0]
	ConcatTransform [0.765633 0.490623 0.416047 0.0 -0.491104 0.863534 -0.114565 0.0 -0.415479 -0.116608 0.902097 0.0 0.192353 -0.375367 0.3244 1.0]
243
	ConcatTransform [1.1 0.0 0.0 0.0 0.0 1.1 0.0 0.0 0.0 0.0 1.1 0.0 -9.609 0.05 6.704 1.0]
	ConcatTransform [0.737274 0.53129 0.417323 0.0 -0.518469 0.840988 -0.154688 0.0 -0.433148 -0.102321 0.895496 0.0 0.203334 -0.379361 0.343362 1.0]
244
	ConcatTransform [1.1 0.0 0.0 0.0 0.0 1.1 0.0 0.0 0.0 0.0 1.1 0.0 -9.609 0.05 6.704 1.0]
	ConcatTransform [0.699046 0.586782 0.408683 0.0 -0.529271 0.808886 -0.256078 0.0 -0.48084 -0.037293 0.876015 0.0 0.217549 -0.386846 0.377573 1.0]
245
	ConcatTransform [1.1 0.0 0.0 0.0 0.0 1.1 0.0 0.0 0.0 0.0 1.1 0.0 -9.609 0.05 6.704 1.0]
	ConcatTransform [0.670171 0.613281 0.418039 0.0 -0.522396 0.789859 -0.321288 0.0 -0.527231 -0.003064 0.849716 0.0 0.223581 -0.38687 0.401198 1.0]
246
	ConcatTransform [1.1 0.0 0.0 0.0 0.0 1.1 0.0 0.0 0.0 0.0 1.1 0.0 -9.609 0.05 6.704 1.0]
	ConcatTransform [0.650354 0.622185 0.435804 0.0 -0.51216 0.782843 -0.35334 0.0 -0.561009 0.006594 0.827783 0.0 0.225698 -0.383639 0.43467 1.0]
247
	ConcatTransform [1.1 0.0 0.0 0.0 0.0 1.1 0.0 0.0 0.0 0.0 1.1 0.0 -9.609 0.05 6.704 1.0]
	ConcatTransform [0.65503 0.631794 0.414454 0.0 -0.505515 0.774098 -0.381087 0.0 -0.561596 0.040111 0.826439 0.0 0.225964 -0.382643 0.454067 1.0]
248
	ConcatTransform [1.1 0.0 0.0 0.0 0.0 1.1 0.0 0.0 0.0 0.0 1.1 0.0 -9.609 0.05 6.704 1.0]
	ConcatTransform [0.678537 0.637179 0.365501 0.0 -0.508922 0.766584 -0.391596 0.0 -0.529704 0.0797 0.84443 0.0 0.225734 -0.382183 0.47978 1.0]
249
	ConcatTransform [1.1 0.0 0.0 0.0 0.0 1.1 0.0 0.0 0.0 0.0 1.1 0.0 -9.609 0.05 6.704 1.0]
	ConcatTransform [0.701156 0.629028 0.335715 0.0 -0.511325 0.771746 -0.378094 0.0 -0.496918 0.093443 0.862752 0.0 0.225556 -0.388383 0.495969 1.0]
250
	ConcatTransform [1.1 0.0 0.0 0.0 0.0 1.1 0.0 0.0 0.0 0.0 1.1 0.0 -9.609 0.05 6.704 1.0]
	ConcatTransform [0.723102 0.622062 0.300273 0.0 -0.521822 0.776777 -0.352589 0.0 -0.452577 0.098269 0.886294 0.0 0.226254 -0.394421 0.515956 1.0]
251
	ConcatTransform [1.1 0.0 0.0 0.0 0.0 1.1 0.0 0.0 0.0 0.0 1.1 0.0 -9.609 0.05 6.704 1.0]
	ConcatTransform [0.729453 0.631569 0.262716 0.0 -0.537971 0.766906 -0.349918 0.0 -0.422475 0.113915 0.899187 0.0 0.227697 -0.397295 0.526917 1.0]
252
	ConcatTransform [1.1 0.0 0.0 0.0 0.0 1.1 0.0 0.0 0.0 0.0 1.1 0.0 -9.609 0.05 6.704 1.0]
	ConcatTransform [0.742648 0.635134 0.212319 0.0 -0.551813 0.760004 -0.34336 0.0 -0.379443 0.137835 0.91489 0.0 0.230307 -0.400335 0.543638 1.0]
253
	ConcatTransform [1.1 0.0 0.0 0.0 0.0 1.1 0.0 0.0 0.0 0.0 1.1 0.0 -9.609 0.05 6.704 1.0]
	ConcatTransform [0.747551 0.642542 0.168247 0.0 -0.564425 0.748061 -0.34904 0.0 -0.350132 0.165963 0.921881 0.0 0.231985 -0.400963 0.554326 1.0]
254
	ConcatTransform [1.1 0.0 0.0 0.0 0.0 1.1 0.0 0.0 0.0 0.0 1.1 0.0 -9.609 0.05 6.704 1.0]
	ConcatTransform [0.75179 0.651701 0.100482 0.0 -0.584425 0.729098 -0.356179 0.0 -0.305384 0.209048 0.928999 0.0 0.23416 -0.402024 0.570316 1.0]
255
	ConcatTransform [1.1 0.0 0.0 0.0 0.0 1.1 0.0 0.0 0.0 0.0 1.1 0.0 -9.609 0.05 6.704 1.0]
	ConcatTransform [0.761875 0.644861 0.060824 0.0 -0.587545 0.727564 -0.354176 0.0 -0.272648 0.234102 0.933199 0.0 0.235492 -0.400866 0.579832 1.0]
256
	ConcatTransform [1.1 0.0 0.0 0.0 0.0 1.1 0.0 0.0 0.0 0.0 1.1 0.0 -9.609 0.05 6.704 1.0]
	ConcatTransform [0.771212 0.636076 0.025309 0.0 -0.590654 0.729835 -0.344192 0.0 -0.237404 0.250496 0.938558 0.0 0.236082 -0.399182 0.590758 1.0]
257
	ConcatTransform [1.1 0.0 0.0 0.0 0.0 1.1 0.0 0.0 0.0 0.0 1.1 0.0 -9.609 0.05 6.704 1.0]
	ConcatTransform [0.779841 0.625917 0.008727 0.0 -0.588543 0.737883 -0.330372 0.0 -0.213224 0.252501 0.943811 0.0 0.236016 -0.39817 0.595786 1.0]
258
	ConcatTransform [1.1 0.0 0.0 0.0 0.0 1.1 0.0 0.0 0.0 0.0 1.1 0.0 -9.609 0.05 6.704 1.0]
	ConcatTransform [0.799558 0.60002 -0.026146 0.0 -0.579457 0.759246 -0.296269 0.0 -0.157916 0.252035 0.954747 0.0 0.235354 -0.397194 0.599171 1.0]
259
	ConcatTransform [1.1 0.0 0.0 0.0 0.0 1.1 0.0 0.0 0.0 0.0 1.1 0.0 -9.609 0.05 6.704 1.0]
	ConcatTransform [0.809507 0.585233 -0.046917 0.0 -0.57414 0.772387 -0.271629 0.0 -0.122728 0.246822 0.961258 0.0 0.234803 -0.397312 0.59935 1.0]
260
	ConcatTransform [1.1 0.0 0.0 0.0 0.0 1.1 0.0 0.0 0.0 0.0 1.1 0.0 -9.609 0.05 6.704 1.0]
	ConcatTransform [0.812218 0.578648 -0.073951 0.0 -0.577913 0.780876 -0.23717 0.0 -0.079492 0.235371 0.968649 0.0 0.234215 -0.397369 0.597012 1.0]
261
	ConcatTransform [1.1 0.0 0.0 0.0 0.0 1.1 0.0 0.0 0.0 0.0 1.1 0.0 -9.609 0.05 6.704 1.0]
	ConcatTransform [0.819468 0.567271 -0.081705 0.0 -0.569773 0.790958 -0.223032 0.0 -0.061894 0.229321 0.971381 0.0 0.23444 -0.397577 0.593462 1.0]
262
	ConcatTransform [1.1 0.0 0.0 0.0 0.0 1.1 0.0 0.0 0.0 0.0 1.1 0.0 -9.609 0.05 6.704 1.0]
	ConcatTransform [0.827671 0.55679 -0.07033 0.0 -0.557601 0.801662 -0.215453 0.0 -0.063581 0.21754 0.973978 0.0 0.235124 -0.398054 0.58524 1.0]
263
	ConcatTransform [1.1 0.0 0.0 0.0 0.0 1.1 0.0 0.0 0.0 0.0 1.1 0.0 -9.609 0.05 6.704 1.0]
	ConcatTransform [0.828214 0.557401 -0.058019 0.0 -0.555924 0.804088 -0.210693 0.0 -0.070788 0.206753 0.975829 0.0 0.235613 -0.398332 0.578051 1.0]
264
	ConcatTransform [1.1 0.0 0.0 0.0 0.0 1.1 0.0 0.0 0.0 0.0 1.1 0.0 -9.609 0.05 6.704 1.0]
	ConcatTransform [0.826301 0.561945 -0.038021 0.0 -0.557389 0.806172 -0.198505 0.0 -0.080897 0.185217 0.979362 0.0 0.237368 -0.397631 0.56503 1.0]
265
	ConcatTransform [1.1 0.0 0.0 0.0 0.0 1.1 0.0 0.0 0.0 0.0 1.1 0.0 -9.609 0.05 6.704 1.0]
	ConcatTransform [0.823395 0.567185 -0.017946 0.0 -0.559109 0.805451 -0.196582 0.0 -0.097044 0.171899 0.980323 0.0 0.239371 -0.397149 0.555588 1.0]
266
	ConcatTransform [1.1 0.0 0.0 0.0 0.0 1.1 0.0 0.0 0.0 0.0 1.1 0.0 -9.609 0.05 6.704 1.0]
	ConcatTransform [0.816814 0.576652 0.016982 0.0 -0.563083 0.803307 -0.194001 0.0 -0.125513 0.148901 0.980854 0.0 0.243464 -0.39743 0.541425 1.0]
267
	ConcatTransform [1.1 0.0 0.0 0.0 0.0 1.1 0.0 0.0 0.0 0.0 1.1 0.0 -9.609 0.05 6.704 1.0]
	ConcatTransform [0.813599 0.580514 0.032563 0.0 -0.563858 0.80144 -0.199396 0.0 -0.141849 0.143868 0.979378 0.0 0.246989 -0.398128 0.532038 1.0]
268
	ConcatTransform [1.1 0.0 0.0 0.0 0.0 1.1 0.0 0.0 0.0 0.0 1.1 0.0 -9.609 0.05 6.704 1.0]
	ConcatTransform [0.801117 0.595948 0.055291 0.0 -0.577371 0.793855 -0.190885 0.0 -0.157651 0.120998 0.980054 0.0 0.25251 -0.400635 0.517949 1.0]
269
	ConcatTransform [1.1 0.0 0.0 0.0 0.0 1.1 0.0 0.0 0.0 0.0 1.1 0.0 -9.609 0.05 6.704 1.0]
	ConcatTransform [0.789762 0.610355 0.06118 0.0 -0.593446 0.785484 -0.175601 0.0 -0.155235 0.102376 0.982558 0.0 0.25664 -0.401514 0.509273 1.0]
270
	ConcatTransform [1.1 0.0 0.0 0.0 0.0 1.1 0.0 0.0 0.0 0.0 1.1 0.0 -9.609 0.05 6.704 1.0]
	ConcatTransform [0.773441 0.63271 0.038301 0.0 -0.619458 0.767287 -0.165962 0.0 -0.134394 0.104636 0.985388 0.0 0.263106 -0.405391 0.49696 1.0]
271
	ConcatTransform [1.1 0.0 0.0 0.0 0.0 1.1 0.0 0.0 0.0 0.0 1.1 0.0 -9.609 0.05 6.704 1.0]
	ConcatTransform [0.770873 0.636566 0.023213 0.0 -0.626294 0.764076 -0.154738 0.0 -0.116237 0.104746 0.987683 0.0 0.267689 -0.407277 0.490107 1.0]
272
	ConcatTransform [1.1 0.0 0.0 0.0 0.0 1.1 0.0 0.0 0.0 0.0 1.1 0.0 -9.609 0.05 6.704 1.0]
	ConcatTransform [0.776426 0.630119 0.010573 0.0 -0.624148 0.771173 -0.125425 0.0 -0.087186 0.090784 0.992047 0.0 0.274094 -0.407653 0.480971 1.0]
273
	ConcatTransform [1.1 0.0 0.0 0.0 0.0 1.1 0.0 0.0 0.0 0.0 1.1 0.0 -9.609 0.05 6.704 1.0]
	ConcatTransform [0.77754 0.62872 0.011934 0.0 -0.624708 0.77447 -0.099674 0.0 -0.07191 0.070045 0.994949 0.0 0.277064 -0.406363 0.474375 1.0]
274
	ConcatTransform [1.1 0.0 0.0 0.0 0.0 1.1 0.0 0.0 0.0 0.0 1.1 0.0 -9.609 0.05 6.704 1.0]
	ConcatTransform [0.778893 0.627093 0.008964 0.0 -0.625201 0.777512 -0.067823 0.0 -0.049501 0.047223 0.997657 0.0 0.279145 -0.404966 0.462737 1.0]
275
	ConcatTransform [1.1 0.0 0.0 0.0 0.0 1.1 0.0 0.0 0.0 0.0 1.1 0.0 -9.609 0.05 6.704 1.0]
	ConcatTransform [0.777653 0.628688 0.002641 0.0 -0.627933 0.776912 -0.045913 0.0 -0.030916 0.034046 0.998942 0.0 0.279327 -0.4045 0.455245 1.0]
276
	ConcatTransform [1.1 0.0 0.0 0.0 0.0 1.1 0.0 0.0 0.0 0.0 1.1 0.0 -9.609 0.05 6.704 1.0]
	ConcatTransform [0.787669 0.615898 -0.015732 0.0 -0.616075 0.787607 -0.011262 0.0 0.005454 0.018563 0.999813 0.0 0.278651 -0.405716 0.445046 1.0]
277
	ConcatTransform [1.1 0.0 0.0 0.0 0.0 1.1 0.0 0.0 0.0 0.0 1.1 0.0 -9.609 0.05 6.704 1.0]
	ConcatTransform [0.789392 0.612452 -0.041989 0.0 -0.612418 0.790388 0.015187 0.0 0.042489 0.013727 0.999003 0.0 0.277267 -0.406389 0.439445 1.0]
278
	ConcatTransform [1.1 0.0 0.0 0.0 0.0 1.1 0.0 0.0 0.0 0.0 1.1 0.0 -9.609 0.05 6.704 1.0]
	ConcatTransform [0.784524 0.613837 -0.0879 0.0 -0.612148 0.789271 0.048228 0.0 0.098981 0.015972 0.994961 0.0 0.27377 -0.409238 0.432542 1.0]
279
	ConcatTransform [1.1 0.0 0.0 0.0 0.0 1.1 0.0 0.0 0.0 0.0 1.1 0.0 -9.609 0.05 6.704 1.0]
	ConcatTransform [0.781022 0.612543 -0.121638 0.0 -0.608991 0.790178 0.068913 0.0 0.138328 0.020254 0.990179 0.0 0.271217 -0.411336 0.429622 1.0]
280
	ConcatTransform [1.1 0.0 0.0 0.0 0.0 1.1 0.0 0.0 0.0 0.0 1.1 0.0 -9.609 0.05 6.704 1.0]
	ConcatTransform [0.774703 0.607363 -0.175915 0.0 -0.600056 0.793883 0.098403 0.0 0.199422 0.029326 0.979475 0.0 0.267852 -0.414167 0.428157 1.0]
281
	ConcatTransform [1.1 0.0 0.0 0.0 0.0 1.1 0.0 0.0 0.0 0.0 1.1 0.0 -9.609 0.05 6.704 1.0]
	ConcatTransform [0.766426 0.608933 -0.204429 0.0 -0.600099 0.7923 0.110191 0.0 0.229068 0.038224 0.97266 0.0 0.264978 -0.415913 0.428492 1.0]
282
	ConcatTransform [1.1 0.0 0.0 0.0 0.0 1.1 0.0 0.0 0.0 0.0 1.1 0.0 -9.609 0.05 6.704 1.0]
	ConcatTransform [0.75262 0.60948 -0.249193 0.0 -0.599841 0.790718 0.122293 0.0 0.271576 0.057436 0.960702 0.0 0.261589 -0.418666 0.4313 1.0]
283
	ConcatTransform [1.1 0.0 0.0 0.0 0.0 1.1 0.0 0.0 0.0 0.0 1.1 0.0 -9.609 0.05 6.704 1.0]
	ConcatTransform [0.742808 0.606821 -0.282852 0.0 -0.595368 0.791946 0.135495 0.0 0.306225 0.067754 0.949545 0.0 0.25934 -0.42003 0.434468 1.0]
284
	ConcatTransform [1.1 0.0 0.0 0.0 0.0 1.1 0.0 0.0 0.0 0.0 1.1 0.0 -9.609 0.05 6.704 1.0]
	ConcatTransform [0.733188 0.593017 -0.332815 0.0 -0.578937 0.801081 0.15199 0.0 0.356745 0.081241 0.930663 0.0 0.255693 -0.422004 0.440442 1.0]
285
	ConcatTransform [1.1 0.0 0.0 0.0 0.0 1.1 0.0 0.0 0.0 0.0 1.1 0.0 -9.609 0.05 6.704 1.0]
	ConcatTransform [0.725893 0.580569 -0.368808 0.0 -0.566217 0.808817 0.158784 0.0 0.390484 0.093565 0.915843 0.0 0.252394 -0.424244 0.444645 1.0]
286
	ConcatTransform [1.1 0.0 0.0 0.0 0.0 1.1 0.0 0.0 0.0 0.0 1.1 0.0 -9.609 0.05 6.704 1.0]
	ConcatTransform [0.72229 0.562857 -0.401857 0.0 -0.545271 0.820898 0.169722 0.0 0.425413 0.096532 0.899836 0.0 0.24639 -0.425419 0.451564 1.0]
287
	ConcatTransform [1.1 0.0 0.0 0.0 0.0 1.1 0.0 0.0 0.0 0.0 1.1 0.0 -9.609 0.05 6.704 1.0]
	ConcatTransform [0.722404 0.551329 -0.417335 0.0 -0.533617 0.828339 0.170607 0.0 0.439756 0.09945 0.892594 0.0 0.241613 -0.425601 0.455848 1.0]
288
	ConcatTransform [1.1 0.0 0.0 0.0 0.0 1.1 0.0 0.0 0.0 0.0 1.1 0.0 -9.609 0.05 6.704 1.0]
	ConcatTransform [0.726601 0.535189 -0.430841 0.0 -0.519489 0.83834 0.165278 0.0 0.449646 0.103727 0.887163 0.0 0.233952 -0.425536 0.461641 1.0]
289
	ConcatTransform [1.1 0.0 0.0 0.0 0.0 1.1 0.0 0.0 0.0 0.0 1.1 0.0 -9.609 0.05 6.704 1.0]
	ConcatTransform [0.731278 0.524452 -0.436099 0.0 -0.510801 0.844792 0.159402 0.0 0.452012 0.106192 0.885668 0.0 0.228583 -0.425527 0.46488 1.0]
290
	ConcatTransform [1.1 0.0 0.0 0.0 0.0 1.1 0.0 0.0 0.0 0.0 1.1 0.0 -9.609 0.05 6.704 1.0]
	ConcatTransform [0.742758 0.506577 -0.437825 0.0 -0.495628 0.855629 0.14917 0.0 0.450182 0.106201 0.886599 0.0 0.220721 -0.425229 0.468823 1.0]
291
	ConcatTransform [1.1 0.0 0.0 0.0 0.0 1.1 0.0 0.0 0.0 0.0 1.1 0.0 -9.609 0.05 6.704 1.0]
	ConcatTransform [0.747583 0.495526 -0.442238 0.0 -0.487797 0.861536 0.140748 0.0 0.450748 0.110502 0.885785 0.0 0.216524 -0.426111 0.471192 1.0]
292
	ConcatTransform [1.1 0.0 0.0 0.0 0.0 1.1 0.0 0.0 0.0 0.0 1.1 0.0 -9.609 0.05 6.704 1.0]
	ConcatTransform [0.76158 0.475816 -0.439994 0.0 -0.474069 0.871943 0.122373 0.0 0.441876 0.115391 0.889624 0.0 0.211326 -0.425671 0.473383 1.0]
293
	ConcatTransform [1.1 0.0 0.0 0.0 0.0 1.1 0.0 0.0 0.0 0.0 1.1 0.0 -9.609 0.05 6.704 1.0]
	ConcatTransform [0.775316 0.465282 -0.427081 0.0 -0.467896 0.877353 0.106418 0.0 0.424216 0.117322 0.897929 0.0 0.208038 -0.424837 0.473371 1.0]
294
	ConcatTransform [1.1 0.0 0.0 0.0 0.0 1.1 0.0 0.0 0.0 0.0 1.1 0.0 -9.609 0.05 6.704 1.0]
	ConcatTransform [0.798778 0.452814 -0.396122 0.0 -0.459794 0.884096 0.083454 0.0 0.387999 0.115473 0.914397 0.0 0.203586 -0.424865 0.471267 1.0]
295
	ConcatTransform [1.1 0.0 0.0 0.0 0.0 1.1 0.0 0.0 0.0 0.0 1.1 0.0 -9.609 0.05 6.704 1.0]
	ConcatTransform [0.813815 0.448416 -0.369631 0.0 -0.458968 0.88611 0.064473 0.0 0.356445 0.11718 0.926939 0.0 0.20151 -0.424888 0.468506 1.0]
296
	ConcatTransform [1.1 0.0 0.0 0.0 0.0 1.1 0.0 0.0 0.0 0.0 1.1 0.0 -9.609 0.05 6.704 1.0]
	ConcatTransform [0.830663 0.446709 -0.332341 0.0 -0.460519 0.886711 0.040818 0.0 0.312924 0.119143 0.942276 0.0 0.200407 -0.425861 0.463057 1.0]
297
	ConcatTransform [1.1 0.0 0.0 0.0 0.0 1.1 0.0 0.0 0.0 0.0 1.1 0.0 -9.609 0.05 6.704 1.0]
	ConcatTransform [0.833684 0.454078 -0.314298 0.0 -0.467742 0.883162 0.03524 0.0 0.293578 0.117632 0.94867 0.0 0.201336 -0.426826 0.458934 1.0]
298
	ConcatTransform [1.1 0.0 0.0 0.0 0.0 1.1 0.0 0.0 0.0 0.0 1.1 0.0 -9.609 0.05 6.704 1.0]
	ConcatTransform [0.83575 0.462207 -0.296458 0.0 -0.475413 0.879232 0.030564 0.0 0.274782 0.115396 0.954557 0.0 0.205192 -0.430379 0.452209 1.0]
299
	ConcatTransform [1.1 0.0 0.0 0.0 0.0 1.1 0.0 0.0 0.0 0.0 1.1 0.0 -9.609 0.05 6.704 1.0]
	ConcatTransform [0.834231 0.470403 -0.287714 0.0 -0.482002 0.875515 0.03387 0.0 0.26783 0.110423 0.957117 0.0 0.2091 -0.432123 0.447402 1.0]
300
	ConcatTransform [1.1 0.0 0.0 0.0 0.0 1.1 0.0 0.0 0.0 0.0 1.1 0.0 -9.609 0.05 6.704 1.0]
	ConcatTransform [0.833302 0.482502 -0.269812 0.0 -0.491635 0.869997 0.037417 0.0 0.25279 0.101469 0.962186 0.0 0.2149 -0.433483 0.438347 1.0]
301
	ConcatTransform [1.1 0.0 0.0 0.0 0.0 1.1 0.0 0.0 0.0 0.0 1.1 0.0 -9.609 0.05 6.704 1.0]
	ConcatTransform [0.835174 0.487959 -0.253734 0.0 -0.496628 0.867325 0.033295 0.0 0.236317 0.098205 0.966701 0.0 0.21871 -0.435286 0.431377 1.0]
302
	ConcatTransform [1.1 0.0 0.0 0.0 0.0 1.1 0.0 0.0 0.0 0.0 1.1 0.0 -9.609 0.05 6.704 1.0]
	ConcatTransform [0.836435 0.49881 -0.227082 0.0 -0.504378 0.862684 0.037148 0.0 0.21443 0.083463 0.973167 0.0 0.223842 -0.437423 0.419967 1.0]
303
	ConcatTransform [1.1 0.0 0.0 0.0 0.0 1.1 0.0 0.0 0.0 0.0 1.1 0.0 -9.609 0.05 6.704 1.0]
	ConcatTransform [0.834931 0.506277 -0.21581 0.0 -0.509447 0.859326 0.044969 0.0 0.208219 0.072398 0.975399 0.0 0.227304 -0.438769 0.412085 1.0]
304
	ConcatTransform [1.1 0.0 0.0 0.0 0.0 1.1 0.0 0.0 0.0 0.0 1.1 0.0 -9.609 0.05 6.704 1.0]
	ConcatTransform [0.832315 0.518638 -0.195619 0.0 -0.517737 0.853444 0.059851 0.0 0.197991 0.051465 0.978852 0.0 0.23161 -0.439642 0.399851 1.0]
305
	ConcatTransform [1.1 0.0 0.0 0.0 0.0 1.1 0.0 0.0 0.0 0.0 1.1 0.0 -9.609 0.05 6.704 1.0]
	ConcatTransform [0.828794 0.526308 -0.189999 0.0 -0.522245 0.849487 0.075046 0.0 0.200899 0.037028 0.978912 0.0 0.234071 -0.439546 0.391636 1.0]
306
	ConcatTransform [1.1 0.0 0.0 0.0 0.0 1.1 0.0 0.0 0.0 0.0 1.1 0.0 -9.609 0.05 6.704 1.0]
	ConcatTransform [0.828176 0.53036 -0.181225 0.0 -0.521189 0.847681 0.098989 0.0 0.206121 0.012472 0.978447 0.0 0.236609 -0.439829 0.379383 1.0]
307
	ConcatTransform [1.1 0.0 0.0 0.0 0.0 1.1 0.0 0.0 0.0 0.0 1.1 0.0 -9.609 0.05 6.704 1.0]
	ConcatTransform [0.829501 0.530622 -0.174265 0.0 -0.519173 0.847608 0.109633 0.0 0.205882 -0.000466 0.978577 0.0 0.237861 -0.440825 0.371641 1.0]
308
	ConcatTransform [1.1 0.0 0.0 0.0 0.0 1.1 0.0 0.0 0.0 0.0 1.1 0.0 -9.609 0.05 6.704 1.0]
	ConcatTransform [0.830707 0.533308 -0.159711 0.0 -0.519472 0.84572 0.122094 0.0 0.200185 -0.018459 0.979584 0.0 0.23853 -0.44097 0.36118 1.0]
309
	ConcatTransform [1.1 0.0 0.0 0.0 0.0 1.1 0.0 0.0 0.0 0.0 1.1 0.0 -9.609 0.05 6.704 1.0]
	ConcatTransform [0.831819 0.532158 -0.157751 0.0 -0.516059 0.846135 0.133185 0.0 0.204354 -0.029377 0.978456 0.0 0.238126 -0.441042 0.355034 1.0]
310
	ConcatTransform [1.1 0.0 0.0 0.0 0.0 1.1 0.0 0.0 0.0 0.0 1.1 0.0 -9.609 0.05 6.704 1.0]
	ConcatTransform [0.835995 0.52849 -0.147683 0.0 -0.50996 0.847628 0.146519 0.0 0.202614 -0.047177 0.978122 0.0 0.235792 -0.441631 0.347373 1.0]
311
	ConcatTransform [1.1 0.0 0.0 0.0 0.0 1.1 0.0 0.0 0.0 0.0 1.1 0.0 -9.609 0.05 6.704 1.0]
	ConcatTransform [0.840099 0.524091 -0.139867 0.0 -0.504705 0.849718 0.152487 0.0 0.198764 -0.057512 0.978358 0.0 0.233459 -0.44198 0.343403 1.0]
312
	ConcatTransform [1.1 0.0 0.0 0.0 0.0 1.1 0.0 0.0 0.0 0.0 1.1 0.0 -9.609 0.05 6.704 1.0]
	ConcatTransform [0.848217 0.514152 -0.127184 0.0 -0.494614 0.854817 0.156986 0.0 0.189434 -0.070251 0.979377 0.0 0.229441 -0.442773 0.339191 1.0]
313
	ConcatTransform [1.1 0.0 0.0 0.0 0.0 1.1 0.0 0.0 0.0 0.0 1.1 0.0 -9.609 0.05 6.704 1.0]
	ConcatTransform [0.853102 0.505863 -0.127749 0.0 -0.485331 0.859275 0.161553 0.0 0.191495 -0.075821 0.978561 0.0 0.226182 -0.443107 0.337647 1.0]
314
	ConcatTransform [1.1 0.0 0.0 0.0 0.0 1.1 0.0 0.0 0.0 0.0 1.1 0.0 -9.609 0.05 6.704 1.0]
	ConcatTransform [0.861831 0.491143 -0.126595 0.0 -0.471358 0.867742 0.157621 0.0 0.187266 -0.076171 0.979351 0.0 0.220131 -0.444503 0.33711 1.0]
315
	ConcatTransform [1.1 0.0 0.0 0.0 0.0 1.1 0.0 0.0 0.0 0.0 1.1 0.0 -9.609 0.05 6.704 1.0]
	ConcatTransform [0.866286 0.481893 -0.131637 0.0 -0.462418 0.873248 0.153649 0.0 0.188994 -0.072233 0.979318 0.0 0.21578 -0.446091 0.337925 1.0]
316
	ConcatTransform [1.1 0.0 0.0 0.0 0.0 1.1 0.0 0.0 0.0 0.0 1.1 0.0 -9.609 0.05 6.704 1.0]
	ConcatTransform [0.873474 0.466505 -0.139344 0.0 -0.447024 0.881836 0.150114 0.0 0.192908 -0.06883 0.9788 0.0 0.208691 -0.448424 0.341142 1.0]
317
	ConcatTransform [1.1 0.0 0.0 0.0 0.0 1.1 0.0 0.0 0.0 0.0 1.1 0.0 -9.609 0.05 6.704 1.0]
	ConcatTransform [0.878724 0.454211 -0.146753 0.0 -0.434748 0.888505 0.146811 0.0 0.197074 -0.065206 0.978218 0.0 0.203504 -0.450093 0.344405 1.0]
318
	ConcatTransform [1.1 0.0 0.0 0.0 0.0 1.1 0.0 0.0 0.0 0.0 1.1 0.0 -9.609 0.05 6.704 1.0]
	ConcatTransform [0.885743 0.43422 -0.164048 0.0 -0.414527 0.898987 0.141384 0.0 0.208868 -0.057227 0.976268 0.0 0.195269 -0.452665 0.350625 1.0]
319
	ConcatTransform [1.1 0.0 0.0 0.0 0.0 1.1 0.0 0.0 0.0 0.0 1.1 0.0 -9.609 0.05 6.704 1.0]
	ConcatTransform [0.888677 0.424409 -0.173579 0.0 -0.404111 0.903795 0.140883 0.0 0.216672 -0.055055 0.974691 0.0 0.189875 -0.460048 0.355198 1.0]
320
	ConcatTransform [1.1 0.0 0.0 0.0 0.0 1.1 0.0 0.0 0.0 0.0 1.1 0.0 -9.609 0.05 6.704 1.0]
	ConcatTransform [0.890921 0.405188 -0.20514 0.0 -0.381882 0.912842 0.144518 0.0 0.245818 -0.050414 0.968004 0.0 0.182099 -0.459487 0.362602 1.0]
321
	ConcatTransform [1.1 0.0 0.0 0.0 0.0 1.1 0.0 0.0 0.0 0.0 1.1 0.0 -9.609 0.05 6.704 1.0]
	ConcatTransform [0.891318 0.393018 -0.226029 0.0 -0.368693 0.918466 0.143129 0.0 0.263852 -0.044238 0.963548 0.0 0.176593 -0.45903 0.368022 1.0]
322
	ConcatTransform [1.1 0.0 0.0 0.0 0.0 1.1 0.0 0.0 0.0 0.0 1.1 0.0 -9.609 0.05 6.704 1.0]
	ConcatTransform [0.896614 0.371446 -0.241063 0.0 -0.348075 0.927717 0.134851 0.0 0.273728 -0.037001 0.961095 0.0 0.168517 -0.459943 0.376649 1.0]
323
	ConcatTransform [1.1 0.0 0.0 0.0 0.0 1.1 0.0 0.0 0.0 0.0 1.1 0.0 -9.609 0.05 6.704 1.0]
	ConcatTransform [0.898796 0.356524 -0.255063 0.0 -0.331475 0.933497 0.136774 0.0 0.286863 -0.038385 0.957202 0.0 0.163521 -0.462336 0.382425 1.0]
324
	ConcatTransform [1.1 0.0 0.0 0.0 0.0 1.1 0.0 0.0 0.0 0.0 1.1 0.0 -9.609 0.05 6.704 1.0]
	ConcatTransform [0.896605 0.343775 -0.279139 0.0 -0.318467 0.938562 0.132964 0.0 0.307699 -0.030319 0.951001 0.0 0.159069 -0.463438 0.391938 1.0]
325
	ConcatTransform [1.1 0.0 0.0 0.0 0.0 1.1 0.0 0.0 0.0 0.0 1.1 0.0 -9.609 0.05 6.704 1.0]
	ConcatTransform [0.895523 0.338263 -0.289165 0.0 -0.315715 0.940865 0.12287 0.0 0.313628 -0.018739 0.949361 0.0 0.1586 -0.463644 0.398896 1.0]
326
	ConcatTransform [1.1 0.0 0.0 0.0 0.0 1.1 0.0 0.0 0.0 0.0 1.1 0.0 -9.609 0.05 6.704 1.0]
	ConcatTransform [0.8909 0.335442 -0.306229 0.0 -0.31802 0.942058 0.106726 0.0 0.324286 0.002304 0.945956 0.0 0.161761 -0.465211 0.409904 1.0]
327
	ConcatTransform [1.1 0.0 0.0 0.0 0.0 1.1 0.0 0.0 0.0 0.0 1.1 0.0 -9.609 0.05 6.704 1.0]
	ConcatTransform [0.885526 0.339264 -0.317402 0.0 -0.32594 0.940509 0.095944 0.0 0.33107 0.018493 0.943425 0.0 0.166472 -0.465923 0.417305 1.0]
328
	ConcatTransform [1.1 0.0 0.0 0.0 0.0 1.1 0.0 0.0 0.0 0.0 1.1 0.0 -9.609 0.05 6.704 1.0]
	ConcatTransform [0.870301 0.350222 -0.346296 0.0 -0.339606 0.935951 0.093075 0.0 0.356713 0.036601 0.933497 0.0 0.176522 -0.46736 0.426592 1.0]
329
	ConcatTransform [1.1 0.0 0.0 0.0 0.0 1.1 0.0 0.0 0.0 0.0 1.1 0.0 -9.609 0.05 6.704 1.0]
	ConcatTransform [0.859801 0.359953 -0.362182 0.0 -0.3506 0.931818 0.093779 0.0 0.371244 0.04635 0.927378 0.0 0.184222 -0.468557 0.431613 1.0]
330
	ConcatTransform [1.1 0.0 0.0 0.0 0.0 1.1 0.0 0.0 0.0 0.0 1.1 0.0 -9.609 0.05 6.704 1.0]
	ConcatTransform [0.842721 0.378986 -0.382348 0.0 -0.371236 0.923448 0.097098 0.0 0.389878 0.060115 0.918902 0.0 0.197292 -0.468841 0.435484 1.0]
331
	ConcatTransform [1.1 0.0 0.0 0.0 0.0 1.1 0.0 0.0 0.0 0.0 1.1 0.0 -9.609 0.05 6.704 1.0]
	ConcatTransform [0.83523 0.394735 -0.382852 0.0 -0.388828 0.916251 0.096421 0.0 0.388849 0.06833 0.918764 0.0 0.20643 -0.469466 0.43618 1.0]
332
	ConcatTransform [1.1 0.0 0.0 0.0 0.0 1.1 0.0 0.0 0.0 0.0 1.1 0.0 -9.609 0.05 6.704 1.0]
	ConcatTransform [0.823749 0.412617 -0.388825 0.0 -0.407542 0.907711 0.099851 0.0 0.394141 0.07621 0.915885 0.0 0.219202 -0.47076 0.435499 1.0]
333
	ConcatTransform [1.1 0.0 0.0 0.0 0.0 1.1 0.0 0.0 0.0 0.0 1.1 0.0 -9.609 0.05 6.704 1.0]
	ConcatTransform [0.817357 0.423944 -0.390128 0.0 -0.418107 0.902356 0.104596 0.0 0.396377 0.077623 0.9148 0.0 0.226704 -0.471703 0.434578 1.0]
334
	ConcatTransform [1.1 0.0 0.0 0.0 0.0 1.1 0.0 0.0 0.0 0.0 1.1 0.0 -9.609 0.05 6.704 1.0]
	ConcatTransform [0.810355 0.439062 -0.388006 0.0 -0.43255 0.894956 0.109334 0.0 0.395253 0.079233 0.915149 0.0 0.236322 -0.473474 0.432389 1.0]
335
	ConcatTransform [1.1 0.0 0.0 0.0 0.0 1.1 0.0 0.0 0.0 0.0 1.1 0.0 -9.609 0.05 6.704 1.0]
	ConcatTransform [0.809577 0.449127 -0.377981 0.0 -0.443909 0.88973 0.106419 0.0 0.384097 0.081635 0.919677 0.0 0.241298 -0.474586 0.430627 1.0]
336
	ConcatTransform [1.1 0.0 0.0 0.0 0.0 1.1 0.0 0.0 0.0 0.0 1.1 0.0 -9.609 0.05 6.704 1.0]
	ConcatTransform [0.807689 0.464615 -0.363004 0.0 -0.456257 0.882475 0.114316 0.0 0.373455 0.073291 0.924749 0.0 0.247278 -0.476639 0.426869 1.0]
337
	ConcatTransform [1.1 0.0 0.0 0.0 0.0 1.1 0.0 0.0 0.0 0.0 1.1 0.0 -9.609 0.05 6.704 1.0]
	ConcatTransform [0.804565 0.474134 -0.357591 0.0 -0.462969 0.87789 0.122344 0.0 0.371933 0.06712 0.92583 0.0 0.250891 -0.478203 0.422526 1.0]
338
	ConcatTransform [1.1 0.0 0.0 0.0 0.0 1.1 0.0 0.0 0.0 0.0 1.1 0.0 -9.609 0.05 6.704 1.0]
	ConcatTransform [0.800186 0.487675 -0.349108 0.0 -0.47023 0.871445 0.139528 0.0 0.372273 0.052512 0.926637 0.0 0.255507 -0.481359 0.413969 1.0]
339
	ConcatTransform [1.1 0.0 0.0 0.0 0.0 1.1 0.0 0.0 0.0 0.0 1.1 0.0 -9.609 0.05 6.704 1.0]
	ConcatTransform [0.798835 0.494318 -0.3428 0.0 -0.472564 0.86829 0.150848 0.0 0.372217 0.041492 0.927218 0.0 0.257755 -0.483353 0.407078 1.0]
340
	ConcatTransform [1.1 0.0 0.0 0.0 0.0 1.1 0.0 0.0 0.0 0.0 1.1 0.0 -9.609 0.05 6.704 1.0]
	ConcatTransform [0.795988 0.505813 -0.3325 0.0 -0.475446 0.862417 0.17375 0.0 0.374639 0.019783 0.92696 0.0 0.260242 -0.48596 0.39513 1.0]
341
	ConcatTransform [1.1 0.0 0.0 0.0 0.0 1.1 0.0 0.0 0.0 0.0 1.1 0.0 -9.609 0.05 6.704 1.0]
	ConcatTransform [0.795279 0.511823 -0.324914 0.0 -0.474679 0.859089 0.191434 0.0 0.37711 0.001986 0.926166 0.0 0.261688 -0.487746 0.385957 1.0]
342
	ConcatTransform [1.1 0.0 0.0 0.0 0.0 1.1 0.0 0.0 0.0 0.0 1.1 0.0 -9.609 0.05 6.704 1.0]
	ConcatTransform [0.79041 0.525579 -0.314672 0.0 -0.481403 0.8506 0.211495 0.0 0.378818 -0.015684 0.925338 0.0 0.266807 -0.486497 0.37408 1.0]
343
	ConcatTransform [1.1 0.0 0.0 0.0 0.0 1.1 0.0 0.0 0.0 0.0 1.1 0.0 -9.609 0.05 6.704 1.0]
	ConcatTransform [0.785872 0.535291 -0.309627 0.0 -0.487453 0.844329 0.222479 0.0 0.380518 -0.023911 0.924464 0.0 0.271504 -0.486156 0.367979 1.0]
344
	ConcatTransform [1.1 0.0 0.0 0.0 0.0 1.1 0.0 0.0 0.0 0.0 1.1 0.0 -9.609 0.05 6.704 1.0]
	ConcatTransform [0.776199 0.550872 -0.306684 0.0 -0.498212 0.834004 0.237111 0.0 0.386394 -0.031252 0.921804 0.0 0.279193 -0.486123 0.361495 1.0]
345
	ConcatTransform [1.1 0.0 0.0 0.0 0.0 1.1 0.0 0.0 0.0 0.0 1.1 0.0 -9.609 0.05 6.704 1.0]
	ConcatTransform [0.771297 0.558479 -0.305292 0.0 -0.505039 0.828929 0.240441 0.0 0.387346 -0.031267 0.921404 0.0 0.284006 -0.486391 0.358937 1.0]
346
	ConcatTransform [1.1 0.0 0.0 0.0 0.0 1.1 0.0 0.0 0.0 0.0 1.1 0.0 -9.609 0.05 6.704 1.0]
	ConcatTransform [0.761051 0.569364 -0.310848 0.0 -0.516993 0.821803 0.239496 0.0 0.391816 -0.021562 0.919791 0.0 0.291524 -0.487876 0.357547 1.0]
347
	ConcatTransform [1.1 0.0 0.0 0.0 0.0 1.1 0.0 0.0 0.0 0.0 1.1 0.0 -9.609 0.05 6.704 1.0]
	ConcatTransform [0.749857 0.578303 -0.321372 0.0 -0.52482 0.815706 0.243286 0.0 0.402838 -0.013768 0.915168 0.0 0.297428 -0.489094 0.358549 1.0]
348
	ConcatTransform [1.1 0.0 0.0 0.0 0.0 1.1 0.0 0.0 0.0 0.0 1.1 0.0 -9.609 0.05 6.704 1.0]
	ConcatTransform [0.733435 0.5889 -0.339514 0.0 -0.53551 0.808203 0.245024 0.0 0.418691 0.002104 0.908126 0.0 0.306398 -0.490955 0.362773 1.0]
349
	ConcatTransform [1.1 0.0 0.0 0.0 0.0 1.1 0.0 0.0 0.0 0.0 1.1 0.0 -9.609 0.05 6.704 1.0]
	ConcatTransform [0.728353 0.593063 -0.343189 0.0 -0.539839 0.805131 0.245638 0.0 0.421991 0.006356 0.906578 0.0 0.311805 -0.491294 0.365105 1.0]
350
	ConcatTransform [1.1 0.0 0.0 0.0 0.0 1.1 0.0 0.0 0.0 0.0 1.1 0.0 -9.609 0.05 6.704 1.0]
	ConcatTransform [0.724992 0.602869 -0.333071 0.0 -0.551387 0.797811 0.243866 0.0 0.412747 0.00685 0.91082 0.0 0.318322 -0.491215 0.365872 1.0]
351
	ConcatTransform [1.1 0.0 0.0 0.0 0.0 1.1 0.0 0.0 0.0 0.0 1.1 0.0 -9.609 0.05 6.704 1.0]
	ConcatTransform [0.724184 0.610208 -0.321254 0.0 -0.559899 0.79223 0.24266 0.0 0.40258 0.00414 0.915376 0.0 0.321727 -0.491434 0.364591 1.0]
352
	ConcatTransform [1.1 0.0 0.0 0.0 0.0 1.1 0.0 0.0 0.0 0.0 1.1 0.0 -9.609 0.05 6.704 1.0]
	ConcatTransform [0.721345 0.618028 -0.312575 0.0 -0.567114 0.786156 0.245642 0.0 0.397547 7.3e-05 0.917582 0.0 0.325491 -0.491551 0.361323 1.0]
353
	ConcatTransform [1.1 0.0 0.0 0.0 0.0 1.1 0.0 0.0 0.0 0.0 1.1 0.0 -9.609 0.05 6.704 1.0]
	ConcatTransform [0.718916 0.622234 -0.309813 0.0 -0.571771 0.782831 0.245468 0.0 0.39527 0.000672 0.918565 0.0 0.328003 -0.491568 0.359629 1.0]
354
	ConcatTransform [1.1 0.0 0.0 0.0 0.0 1.1 0.0 0.0 0.0 0.0 1.1 0.0 -9.609 0.05 6.704 1.0]
	ConcatTransform [0.713773 0.629155 -0.307721 0.0 -0.5779 0.77728 0.248731 0.0 0.395675 0.000295 0.91839 0.0 0.331996 -0.491558 0.358044 1.0]
355
	ConcatTransform [1.1 0.0 0.0 0.0 0.0 1.1 0.0 0.0 0.0 0.0 1.1 0.0 -9.609 0.05 6.704 1.0]
	ConcatTransform [0.71069 0.633113 -0.306737 0.0 -0.581316 0.774059 0.250806 0.0 0.396221 6.6e-05 0.918155 0.0 0.334504 -0.491545 0.357003 1.0]
356
	ConcatTransform [1.1 0.0 0.0 0.0 0.0 1.1 0.0 0.0 0.0 0.0 1.1 0.0 -9.609 0.05 6.704 1.0]
	ConcatTransform [0.70589 0.639429 -0.304712 0.0 -0.58667 0.76885 0.254339 0.0 0.396909 -0.00077 0.917857 0.0 0.337684 -0.491492 0.355434 1.0]
357
	ConcatTransform [1.1 0.0 0.0 0.0 0.0 1.1 0.0 0.0 0.0 0.0 1.1 0.0 -9.609 0.05 6.704 1.0]
	ConcatTransform [0.703138 0.642472 -0.304674 0.0 -0.589168 0.766309 0.256227 0.0 0.398093 -0.000659 0.917345 0.0 0.33918 -0.491421 0.354498 1.0]
358
	ConcatTransform [1.1 0.0 0.0 0.0 0.0 1.1 0.0 0.0 0.0 0.0 1.1 0.0 -9.609 0.05 6.704 1.0]
	ConcatTransform [0.701524 0.643825 -0.305537 0.0 -0.589468 0.765171 0.258922 0.0 0.400489 -0.001536 0.9163 0.0 0.340552 -0.491367 0.353135 1.0]
359
	ConcatTransform [1.1 0.0 0.0 0.0 0.0 1.1 0.0 0.0 0.0 0.0 1.1 0.0 -9.609 0.05 6.704 1.0]
	ConcatTransform [0.699637 0.645114 -0.307142 0.0 -0.590439 0.764086 0.259913 0.0 0.402356 -0.000496 0.915483 0.0 0.341325 -0.491354 0.352725 1.0]
360
	ConcatTransform [1.1 0.0 0.0 0.0 0.0 1.1 0.0 0.0 0.0 0.0 1.1 0.0 -9.609 0.05 6.704 1.0]
	ConcatTransform [-0.338603 0.586442 0.735822 0.0 0.251545 0.809971 -0.529785 0.0 -0.906683 0.005706 -0.421775 0.0 -0.81747 -0.491015 2.041295 1.0]
