228
	ConcatTransform [1.1 0.0 0.0 0.0 0.0 1.1 0.0 0.0 0.0 0.0 1.1 0.0 -9.609 0.05 6.704 1.0]
	ConcatTransform [0.433759 0.467034 0.77054 0.0 -0.591395 -0.497621 0.634528 0.0 0.679783 -0.730926 0.060355 0.0 -0.177484 0.221532 0.036051 1.0]
229
	ConcatTransform [1.1 0.0 0.0 0.0 0.0 1.1 0.0 0.0 0.0 0.0 1.1 0.0 -9.609 0.05 6.704 1.0]
	ConcatTransform [0.438019 0.313133 0.842667 0.0 -0.291236 -0.83739 0.462557 0.0 0.850483 -0.448024 -0.275597 0.0 -0.269521 0.376286 0.077095 1.0]
230
	ConcatTransform [1.1 0.0 0.0 0.0 0.0 1.1 0.0 0.0 0.0 0.0 1.1 0.0 -9.609 0.05 6.704 1.0]
	ConcatTransform [0.607211 -0.024404 0.794165 0.0 -0.032469 -0.999455 -0.005886 0.0 0.793877 -0.022212 -0.607673 0.0 -0.425004 0.55396 0.141852 1.0]
231
	ConcatTransform [1.1 0.0 0.0 0.0 0.0 1.1 0.0 0.0 0.0 0.0 1.1 0.0 -9.609 0.05 6.704 1.0]
	ConcatTransform [0.767437 -0.171425 0.617782 0.0 -0.011814 -0.967208 -0.25371 0.0 0.641016 0.187408 -0.744296 0.0 -0.507693 0.654643 0.190321 1.0]
232
	ConcatTransform [1.1 0.0 0.0 0.0 0.0 1.1 0.0 0.0 0.0 0.0 1.1 0.0 -9.609 0.05 6.704 1.0]
	ConcatTransform [0.935084 -0.33056 0.127858 0.0 -0.193841 -0.778989 -0.596324 0.0 0.296721 0.532829 -0.792496 0.0 -0.634006 0.787644 0.262169 1.0]
233
	ConcatTransform [1.1 0.0 0.0 0.0 0.0 1.1 0.0 0.0 0.0 0.0 1.1 0.0 -9.609 0.05 6.704 1.0]
	ConcatTransform [0.928803 -0.284169 -0.23785 0.0 -0.36557 -0.597509 -0.713682 0.0 0.060689 0.749821 -0.658851 0.0 -0.717805 0.863064 0.310361 1.0]
234
	ConcatTransform [1.1 0.0 0.0 0.0 0.0 1.1 0.0 0.0 0.0 0.0 1.1 0.0 -9.609 0.05 6.704 1.0]
	ConcatTransform [0.72799 -0.037915 -0.684539 0.0 -0.659323 -0.312435 -0.683869 0.0 -0.187945 0.949182 -0.252448 0.0 -0.843503 0.957634 0.382648 1.0]
235
	ConcatTransform [1.1 0.0 0.0 0.0 0.0 1.1 0.0 0.0 0.0 0.0 1.1 0.0 -9.609 0.05 6.704 1.0]
	ConcatTransform [0.498983 0.204224 -0.842205 0.0 -0.831778 -0.159902 -0.53158 0.0 -0.243232 0.965776 0.090081 0.0 -0.927301 1.008307 0.43084 1.0]
236
	ConcatTransform [1.1 0.0 0.0 0.0 0.0 1.1 0.0 0.0 0.0 0.0 1.1 0.0 -9.609 0.05 6.704 1.0]
	ConcatTransform [0.10664 0.58514 -0.80389 0.0 -0.984703 -0.049896 -0.166944 0.0 -0.137796 0.809396 0.570869 0.0 -1.052999 1.065755 0.503128 1.0]
237
	ConcatTransform [1.1 0.0 0.0 0.0 0.0 1.1 0.0 0.0 0.0 0.0 1.1 0.0 -9.609 0.05 6.704 1.0]
	ConcatTransform [-0.124052 0.789311 -0.601332 0.0 -0.991427 -0.073538 0.108002 0.0 0.041026 0.609574 0.791667 0.0 -1.136797 1.09168 0.55132 1.0]
238
	ConcatTransform [1.1 0.0 0.0 0.0 0.0 1.1 0.0 0.0 0.0 0.0 1.1 0.0 -9.609 0.05 6.704 1.0]
	ConcatTransform [-0.329229 0.937222 -0.114995 0.0 -0.855918 -0.244779 0.455508 0.0 0.398763 0.248393 0.882773 0.0 -1.262495 1.112008 0.623607 1.0]
239
	ConcatTransform [1.1 0.0 0.0 0.0 0.0 1.1 0.0 0.0 0.0 0.0 1.1 0.0 -9.609 0.05 6.704 1.0]
	ConcatTransform [-0.338937 0.906355 0.252274 0.0 -0.690422 -0.421775 0.587727 0.0 0.639092 0.025027 0.768723 0.0 -1.346294 1.113185 0.671799 1.0]
240
	ConcatTransform [1.1 0.0 0.0 0.0 0.0 1.1 0.0 0.0 0.0 0.0 1.1 0.0 -9.609 0.05 6.704 1.0]
	ConcatTransform [-0.158908 0.678495 0.717212 0.0 -0.397274 -0.708979 0.582685 0.0 0.903837 -0.192337 0.382211 0.0 -1.471991 1.096391 0.744087 1.0]
241
	ConcatTransform [1.1 0.0 0.0 0.0 0.0 1.1 0.0 0.0 0.0 0.0 1.1 0.0 -9.609 0.05 6.704 1.0]
	ConcatTransform [0.061738 0.442384 0.894698 0.0 -0.219297 -0.868491 0.444558 0.0 0.973703 -0.22365 0.043395 0.0 -1.55579 1.072822 0.792278 1.0]
242
	ConcatTransform [1.1 0.0 0.0 0.0 0.0 1.1 0.0 0.0 0.0 0.0 1.1 0.0 -9.609 0.05 6.704 1.0]
	ConcatTransform [0.453206 0.058687 0.889472 0.0 -0.051462 -0.994444 0.091834 0.0 0.889919 -0.087393 -0.447668 0.0 -1.681488 1.018906 0.864566 1.0]
243
	ConcatTransform [1.1 0.0 0.0 0.0 0.0 1.1 0.0 0.0 0.0 0.0 1.1 0.0 -9.609 0.05 6.704 1.0]
	ConcatTransform [0.691235 -0.15477 0.705862 0.0 -0.03279 -0.982507 -0.183317 0.0 0.721886 0.10357 -0.684218 0.0 -1.765286 0.970589 0.912758 1.0]
244
	ConcatTransform [1.1 0.0 0.0 0.0 0.0 1.1 0.0 0.0 0.0 0.0 1.1 0.0 -9.609 0.05 6.704 1.0]
	ConcatTransform [0.91629 -0.323952 0.235516 0.0 -0.152265 -0.825637 -0.543268 0.0 0.370443 0.46193 -0.805849 0.0 -1.890984 0.879553 0.985045 1.0]
245
	ConcatTransform [1.1 0.0 0.0 0.0 0.0 1.1 0.0 0.0 0.0 0.0 1.1 0.0 -9.609 0.05 6.704 1.0]
	ConcatTransform [0.941953 -0.308723 -0.131967 0.0 -0.310921 -0.653772 -0.689862 0.0 0.1267 0.690849 -0.711811 0.0 -1.974782 0.806488 1.033237 1.0]
246
	ConcatTransform [1.1 0.0 0.0 0.0 0.0 1.1 0.0 0.0 0.0 0.0 1.1 0.0 -9.609 0.05 6.704 1.0]
	ConcatTransform [0.783368 -0.100093 -0.613446 0.0 -0.602387 -0.365494 -0.709609 0.0 -0.153184 0.925416 -0.346611 0.0 -2.10048 0.67833 1.105525 1.0]
247
	ConcatTransform [1.1 0.0 0.0 0.0 0.0 1.1 0.0 0.0 0.0 0.0 1.1 0.0 -9.609 0.05 6.704 1.0]
	ConcatTransform [0.571894 0.129123 -0.810101 0.0 -0.785233 -0.199589 -0.586151 0.0 -0.237372 0.971335 -0.012752 0.0 -2.184278 0.580518 1.153717 1.0]
248
	ConcatTransform [1.1 0.0 0.0 0.0 0.0 1.1 0.0 0.0 0.0 0.0 1.1 0.0 -9.609 0.05 6.704 1.0]
	ConcatTransform [0.182738 0.514191 -0.837982 0.0 -0.967362 -0.058152 -0.246635 0.0 -0.175548 0.855702 0.486783 0.0 -2.309976 0.415239 1.226004 1.0]
249
	ConcatTransform [1.1 0.0 0.0 0.0 0.0 1.1 0.0 0.0 0.0 0.0 1.1 0.0 -9.609 0.05 6.704 1.0]
	ConcatTransform [0.197827 0.417121 -0.887059 0.0 -0.918955 0.39387 -0.019731 0.0 0.341155 0.819071 0.461233 0.0 -2.394898 0.338353 1.270902 1.0]
250
	ConcatTransform [1.1 0.0 0.0 0.0 0.0 1.1 0.0 0.0 0.0 0.0 1.1 0.0 -9.609 0.05 6.704 1.0]
	ConcatTransform [0.117346 0.290739 -0.949579 0.0 -0.405877 0.886721 0.221336 0.0 0.906363 0.359439 0.222058 0.0 -2.522281 0.204463 1.338247 1.0]
251
	ConcatTransform [1.1 0.0 0.0 0.0 0.0 1.1 0.0 0.0 0.0 0.0 1.1 0.0 -9.609 0.05 6.704 1.0]
	ConcatTransform [0.016019 0.252386 -0.967494 0.0 0.095498 0.962808 0.252745 0.0 0.995301 -0.096443 -0.008679 0.0 -2.607203 0.10283 1.383145 1.0]
252
	ConcatTransform [1.1 0.0 0.0 0.0 0.0 1.1 0.0 0.0 0.0 0.0 1.1 0.0 -9.609 0.05 6.704 1.0]
	ConcatTransform [-0.140822 0.288941 -0.946933 0.0 0.756715 0.648164 0.085243 0.0 0.638398 -0.704554 -0.309922 0.0 -2.734587 -0.068181 1.45049 1.0]
253
	ConcatTransform [1.1 0.0 0.0 0.0 0.0 1.1 0.0 0.0 0.0 0.0 1.1 0.0 -9.609 0.05 6.704 1.0]
	ConcatTransform [-0.241777 0.155414 -0.957805 0.0 0.892742 0.422398 -0.156815 0.0 0.380203 -0.892987 -0.240871 0.0 -2.821055 -0.182092 1.497384 1.0]
254
	ConcatTransform [1.1 0.0 0.0 0.0 0.0 1.1 0.0 0.0 0.0 0.0 1.1 0.0 -9.609 0.05 6.704 1.0]
	ConcatTransform [-0.334116 -0.431235 -0.838094 0.0 0.816801 0.311231 -0.485769 0.0 0.470322 -0.84686 0.248246 0.0 -2.943931 -0.339671 1.58013 1.0]
255
	ConcatTransform [1.1 0.0 0.0 0.0 0.0 1.1 0.0 0.0 0.0 0.0 1.1 0.0 -9.609 0.05 6.704 1.0]
	ConcatTransform [-0.143707 -0.730966 -0.667111 0.0 0.784965 0.326312 -0.526641 0.0 0.602643 -0.59934 0.526889 0.0 -3.001073 -0.428723 1.648236 1.0]
256
	ConcatTransform [1.1 0.0 0.0 0.0 0.0 1.1 0.0 0.0 0.0 0.0 1.1 0.0 -9.609 0.05 6.704 1.0]
	ConcatTransform [0.162842 -0.89146 -0.422826 0.0 0.804555 0.368037 -0.46609 0.0 0.571116 -0.264287 0.777161 0.0 -2.972895 -0.446789 1.744036 1.0]
257
	ConcatTransform [1.1 0.0 0.0 0.0 0.0 1.1 0.0 0.0 0.0 0.0 1.1 0.0 -9.609 0.05 6.704 1.0]
	ConcatTransform [0.412545 -0.870882 -0.267154 0.0 0.761564 0.490649 -0.423419 0.0 0.499827 -0.028776 0.865647 0.0 -2.941177 -0.439285 1.794708 1.0]
258
	ConcatTransform [1.1 0.0 0.0 0.0 0.0 1.1 0.0 0.0 0.0 0.0 1.1 0.0 -9.609 0.05 6.704 1.0]
	ConcatTransform [0.659568 -0.751614 -0.006899 0.0 0.717178 0.632044 -0.293558 0.0 0.225003 0.188673 0.955916 0.0 -2.879349 -0.412552 1.852174 1.0]
259
	ConcatTransform [1.1 0.0 0.0 0.0 0.0 1.1 0.0 0.0 0.0 0.0 1.1 0.0 -9.609 0.05 6.704 1.0]
	ConcatTransform [0.678394 -0.706282 0.202353 0.0 0.732413 0.671833 -0.110506 0.0 -0.057899 0.223173 0.973058 0.0 -2.830835 -0.401912 1.889846 1.0]
260
	ConcatTransform [1.1 0.0 0.0 0.0 0.0 1.1 0.0 0.0 0.0 0.0 1.1 0.0 -9.609 0.05 6.704 1.0]
	ConcatTransform [0.695494 -0.605824 0.386349 0.0 0.604346 0.784051 0.141524 0.0 -0.388656 0.135059 0.911431 0.0 -2.763857 -0.398696 1.945984 1.0]
261
	ConcatTransform [1.1 0.0 0.0 0.0 0.0 1.1 0.0 0.0 0.0 0.0 1.1 0.0 -9.609 0.05 6.704 1.0]
	ConcatTransform [0.68242 -0.541362 0.491152 0.0 0.461724 0.840157 0.284514 0.0 -0.566669 0.032618 0.823299 0.0 -2.720193 -0.407877 1.983084 1.0]
262
	ConcatTransform [1.1 0.0 0.0 0.0 0.0 1.1 0.0 0.0 0.0 0.0 1.1 0.0 -9.609 0.05 6.704 1.0]
	ConcatTransform [0.656935 -0.447089 0.607081 0.0 0.17756 0.8743 0.451743 0.0 -0.73274 -0.188972 0.653744 0.0 -2.657175 -0.437058 2.036822 1.0]
263
	ConcatTransform [1.1 0.0 0.0 0.0 0.0 1.1 0.0 0.0 0.0 0.0 1.1 0.0 -9.609 0.05 6.704 1.0]
	ConcatTransform [0.651138 -0.370345 0.662468 0.0 -0.046036 0.851983 0.521541 0.0 -0.757562 -0.370092 0.53771 0.0 -2.618641 -0.456912 2.061682 1.0]
264
	ConcatTransform [1.1 0.0 0.0 0.0 0.0 1.1 0.0 0.0 0.0 0.0 1.1 0.0 -9.609 0.05 6.704 1.0]
	ConcatTransform [0.635602 -0.353542 0.686308 0.0 -0.243542 0.751766 0.61281 0.0 -0.732597 -0.556647 0.391722 0.0 -2.574668 -0.449496 2.070065 1.0]
265
	ConcatTransform [1.1 0.0 0.0 0.0 0.0 1.1 0.0 0.0 0.0 0.0 1.1 0.0 -9.609 0.05 6.704 1.0]
	ConcatTransform [0.568539 -0.360986 0.739224 0.0 -0.337555 0.717086 0.60979 0.0 -0.750213 -0.596218 0.285838 0.0 -2.552917 -0.437391 2.071085 1.0]
266
	ConcatTransform [1.1 0.0 0.0 0.0 0.0 1.1 0.0 0.0 0.0 0.0 1.1 0.0 -9.609 0.05 6.704 1.0]
	ConcatTransform [0.489213 -0.419793 0.76449 0.0 -0.454202 0.625672 0.63422 0.0 -0.744561 -0.657502 0.115416 0.0 -2.529738 -0.423521 2.074216 1.0]
267
	ConcatTransform [1.1 0.0 0.0 0.0 0.0 1.1 0.0 0.0 0.0 0.0 1.1 0.0 -9.609 0.05 6.704 1.0]
	ConcatTransform [0.428235 -0.469558 0.772094 0.0 -0.521281 0.569558 0.635507 0.0 -0.73816 -0.674625 -0.000867 0.0 -2.519004 -0.418705 2.075712 1.0]
268
	ConcatTransform [1.1 0.0 0.0 0.0 0.0 1.1 0.0 0.0 0.0 0.0 1.1 0.0 -9.609 0.05 6.704 1.0]
	ConcatTransform [0.323276 -0.552788 0.768061 0.0 -0.608583 0.500083 0.616071 0.0 -0.724651 -0.66659 -0.174753 0.0 -2.510369 -0.418029 2.077233 1.0]
269
	ConcatTransform [1.1 0.0 0.0 0.0 0.0 1.1 0.0 0.0 0.0 0.0 1.1 0.0 -9.609 0.05 6.704 1.0]
	ConcatTransform [0.248872 -0.612481 0.750287 0.0 -0.658243 0.461298 0.594912 0.0 -0.710478 -0.641928 -0.288357 0.0 -2.510726 -0.420757 2.078133 1.0]
270
	ConcatTransform [1.1 0.0 0.0 0.0 0.0 1.1 0.0 0.0 0.0 0.0 1.1 0.0 -9.609 0.05 6.704 1.0]
	ConcatTransform [0.118753 -0.688808 0.715151 0.0 -0.726522 0.430662 0.53544 0.0 -0.676804 -0.583158 -0.449292 0.0 -2.520237 -0.42938 2.078548 1.0]
271
	ConcatTransform [1.1 0.0 0.0 0.0 0.0 1.1 0.0 0.0 0.0 0.0 1.1 0.0 -9.609 0.05 6.704 1.0]
	ConcatTransform [0.016269 -0.730208 0.683031 0.0 -0.761183 0.433903 0.482004 0.0 -0.648333 -0.527753 -0.548763 0.0 -2.530718 -0.43971 2.0784 1.0]
272
	ConcatTransform [1.1 0.0 0.0 0.0 0.0 1.1 0.0 0.0 0.0 0.0 1.1 0.0 -9.609 0.05 6.704 1.0]
	ConcatTransform [-0.152029 -0.781042 0.60569 0.0 -0.787441 0.466081 0.403368 0.0 -0.597348 -0.415621 -0.685882 0.0 -2.552973 -0.460015 2.07849 1.0]
273
	ConcatTransform [1.1 0.0 0.0 0.0 0.0 1.1 0.0 0.0 0.0 0.0 1.1 0.0 -9.609 0.05 6.704 1.0]
	ConcatTransform [-0.289433 -0.769122 0.569807 0.0 -0.774212 0.538157 0.333141 0.0 -0.562871 -0.344729 -0.751224 0.0 -2.572387 -0.47023 2.080233 1.0]
274
	ConcatTransform [1.1 0.0 0.0 0.0 0.0 1.1 0.0 0.0 0.0 0.0 1.1 0.0 -9.609 0.05 6.704 1.0]
	ConcatTransform [-0.483482 -0.718275 0.500326 0.0 -0.730858 0.645804 0.220872 0.0 -0.48176 -0.25888 -0.837191 0.0 -2.60775 -0.482101 2.088822 1.0]
275
	ConcatTransform [1.1 0.0 0.0 0.0 0.0 1.1 0.0 0.0 0.0 0.0 1.1 0.0 -9.609 0.05 6.704 1.0]
	ConcatTransform [-0.600887 -0.661629 0.448533 0.0 -0.686487 0.714605 0.134442 0.0 -0.409475 -0.227128 -0.883597 0.0 -2.634094 -0.488476 2.09747 1.0]
276
	ConcatTransform [1.1 0.0 0.0 0.0 0.0 1.1 0.0 0.0 0.0 0.0 1.1 0.0 -9.609 0.05 6.704 1.0]
	ConcatTransform [-0.728538 -0.568305 0.382441 0.0 -0.619401 0.784958 -0.013497 0.0 -0.29253 -0.246718 -0.923881 0.0 -2.674922 -0.493195 2.11335 1.0]
277
	ConcatTransform [1.1 0.0 0.0 0.0 0.0 1.1 0.0 0.0 0.0 0.0 1.1 0.0 -9.609 0.05 6.704 1.0]
	ConcatTransform [-0.767032 -0.50157 0.400113 0.0 -0.590006 0.79642 -0.132695 0.0 -0.252102 -0.33785 -0.906809 0.0 -2.695628 -0.490297 2.124008 1.0]
278
	ConcatTransform [1.1 0.0 0.0 0.0 0.0 1.1 0.0 0.0 0.0 0.0 1.1 0.0 -9.609 0.05 6.704 1.0]
	ConcatTransform [-0.81596 -0.477104 0.326467 0.0 -0.559929 0.792726 -0.240965 0.0 -0.143834 -0.379417 -0.913977 0.0 -2.72264 -0.483452 2.142336 1.0]
279
	ConcatTransform [1.1 0.0 0.0 0.0 0.0 1.1 0.0 0.0 0.0 0.0 1.1 0.0 -9.609 0.05 6.704 1.0]
	ConcatTransform [-0.844282 -0.462409 0.270863 0.0 -0.530861 0.790801 -0.304665 0.0 -0.073319 -0.401014 -0.913133 0.0 -2.738588 -0.477788 2.151031 1.0]
280
	ConcatTransform [1.1 0.0 0.0 0.0 0.0 1.1 0.0 0.0 0.0 0.0 1.1 0.0 -9.609 0.05 6.704 1.0]
	ConcatTransform [-0.877209 -0.44568 0.178534 0.0 -0.478968 0.786738 -0.389401 0.0 0.033088 -0.427098 -0.9036 0.0 -2.759264 -0.471223 2.159318 1.0]
281
	ConcatTransform [1.1 0.0 0.0 0.0 0.0 1.1 0.0 0.0 0.0 0.0 1.1 0.0 -9.609 0.05 6.704 1.0]
	ConcatTransform [-0.888942 -0.443828 0.113135 0.0 -0.445659 0.781152 -0.437253 0.0 0.105689 -0.439112 -0.892194 0.0 -2.770985 -0.46901 2.161963 1.0]
282
	ConcatTransform [1.1 0.0 0.0 0.0 0.0 1.1 0.0 0.0 0.0 0.0 1.1 0.0 -9.609 0.05 6.704 1.0]
	ConcatTransform [-0.888552 -0.458565 0.013923 0.0 -0.404192 0.768116 -0.496615 0.0 0.217035 -0.446896 -0.867859 0.0 -2.785262 -0.468865 2.161529 1.0]
283
	ConcatTransform [1.1 0.0 0.0 0.0 0.0 1.1 0.0 0.0 0.0 0.0 1.1 0.0 -9.609 0.05 6.704 1.0]
	ConcatTransform [-0.880413 -0.47088 -0.056076 0.0 -0.373968 0.762148 -0.528468 0.0 0.291583 -0.4443 -0.847099 0.0 -2.791757 -0.470211 2.158359 1.0]
284
	ConcatTransform [1.1 0.0 0.0 0.0 0.0 1.1 0.0 0.0 0.0 0.0 1.1 0.0 -9.609 0.05 6.704 1.0]
	ConcatTransform [-0.855128 -0.490772 -0.167031 0.0 -0.325791 0.759356 -0.563239 0.0 0.403258 -0.427224 -0.809236 0.0 -2.796791 -0.474176 2.14986 1.0]
285
	ConcatTransform [1.1 0.0 0.0 0.0 0.0 1.1 0.0 0.0 0.0 0.0 1.1 0.0 -9.609 0.05 6.704 1.0]
	ConcatTransform [-0.825888 -0.510794 -0.238743 0.0 -0.300072 0.756672 -0.580866 0.0 0.477353 -0.40809 -0.778201 0.0 -2.797443 -0.478224 2.141858 1.0]
286
	ConcatTransform [1.1 0.0 0.0 0.0 0.0 1.1 0.0 0.0 0.0 0.0 1.1 0.0 -9.609 0.05 6.704 1.0]
	ConcatTransform [-0.764519 -0.547754 -0.339818 0.0 -0.269739 0.750654 -0.603125 0.0 0.58545 -0.369438 -0.72164 0.0 -2.794192 -0.485155 2.126656 1.0]
287
	ConcatTransform [1.1 0.0 0.0 0.0 0.0 1.1 0.0 0.0 0.0 0.0 1.1 0.0 -9.609 0.05 6.704 1.0]
	ConcatTransform [-0.715493 -0.567216 -0.407843 0.0 -0.247175 0.751555 -0.611612 0.0 0.653433 -0.336795 -0.677934 0.0 -2.78892 -0.489438 2.115045 1.0]
288
	ConcatTransform [1.1 0.0 0.0 0.0 0.0 1.1 0.0 0.0 0.0 0.0 1.1 0.0 -9.609 0.05 6.704 1.0]
	ConcatTransform [-0.63036 -0.587186 -0.507799 0.0 -0.211685 0.75935 -0.615286 0.0 0.746884 -0.280358 -0.602962 0.0 -2.77702 -0.494734 2.096209 1.0]
289
	ConcatTransform [1.1 0.0 0.0 0.0 0.0 1.1 0.0 0.0 0.0 0.0 1.1 0.0 -9.609 0.05 6.704 1.0]
	ConcatTransform [-0.579133 -0.586873 -0.565848 0.0 -0.176507 0.767896 -0.615777 0.0 0.795896 -0.256741 -0.548301 0.0 -2.767113 -0.495555 2.083033 1.0]
290
	ConcatTransform [1.1 0.0 0.0 0.0 0.0 1.1 0.0 0.0 0.0 0.0 1.1 0.0 -9.609 0.05 6.704 1.0]
	ConcatTransform [-0.532666 -0.567163 -0.628166 0.0 -0.119359 0.785153 -0.607691 0.0 0.837867 -0.248719 -0.48592 0.0 -2.753809 -0.491916 2.068767 1.0]
291
	ConcatTransform [1.1 0.0 0.0 0.0 0.0 1.1 0.0 0.0 0.0 0.0 1.1 0.0 -9.609 0.05 6.704 1.0]
	ConcatTransform [-0.520682 -0.559818 -0.644588 0.0 -0.085 0.785248 -0.613319 0.0 0.849509 -0.264554 -0.45645 0.0 -2.745061 -0.492197 2.064946 1.0]
292
	ConcatTransform [1.1 0.0 0.0 0.0 0.0 1.1 0.0 0.0 0.0 0.0 1.1 0.0 -9.609 0.05 6.704 1.0]
	ConcatTransform [-0.491116 -0.570812 -0.658012 0.0 -0.050088 0.77264 -0.632865 0.0 0.869653 -0.277852 -0.408047 0.0 -2.733261 -0.495851 2.066161 1.0]
293
	ConcatTransform [1.1 0.0 0.0 0.0 0.0 1.1 0.0 0.0 0.0 0.0 1.1 0.0 -9.609 0.05 6.704 1.0]
	ConcatTransform [-0.464763 -0.589349 -0.660804 0.0 -0.054758 0.764007 -0.64288 0.0 0.88374 -0.262603 -0.387354 0.0 -2.725372 -0.496682 2.069199 1.0]
294
	ConcatTransform [1.1 0.0 0.0 0.0 0.0 1.1 0.0 0.0 0.0 0.0 1.1 0.0 -9.609 0.05 6.704 1.0]
	ConcatTransform [-0.443759 -0.603982 -0.66203 0.0 -0.054754 0.755646 -0.652688 0.0 0.894472 -0.253387 -0.368395 0.0 -2.715283 -0.494529 2.076053 1.0]
295
	ConcatTransform [1.1 0.0 0.0 0.0 0.0 1.1 0.0 0.0 0.0 0.0 1.1 0.0 -9.609 0.05 6.704 1.0]
	ConcatTransform [-0.432967 -0.609945 -0.663706 0.0 -0.049698 0.751331 -0.658052 0.0 0.900039 -0.25193 -0.355614 0.0 -2.710411 -0.493275 2.08012 1.0]
296
	ConcatTransform [1.1 0.0 0.0 0.0 0.0 1.1 0.0 0.0 0.0 0.0 1.1 0.0 -9.609 0.05 6.704 1.0]
	ConcatTransform [-0.421302 -0.610951 -0.670257 0.0 -0.035903 0.749703 -0.6608 0.0 0.90621 -0.254332 -0.337786 0.0 -2.705864 -0.492659 2.085515 1.0]
297
	ConcatTransform [1.1 0.0 0.0 0.0 0.0 1.1 0.0 0.0 0.0 0.0 1.1 0.0 -9.609 0.05 6.704 1.0]
	ConcatTransform [-0.415586 -0.610258 -0.674443 0.0 -0.023471 0.748458 -0.662767 0.0 0.909251 -0.259607 -0.325372 0.0 -2.70478 -0.49274 2.088308 1.0]
298
	ConcatTransform [1.1 0.0 0.0 0.0 0.0 1.1 0.0 0.0 0.0 0.0 1.1 0.0 -9.609 0.05 6.704 1.0]
	ConcatTransform [-0.409316 -0.607567 -0.680678 0.0 -0.000656 0.746232 -0.665686 0.0 0.912392 -0.27203 -0.305843 0.0 -2.70602 -0.493325 2.091175 1.0]
299
	ConcatTransform [1.1 0.0 0.0 0.0 0.0 1.1 0.0 0.0 0.0 0.0 1.1 0.0 -9.609 0.05 6.704 1.0]
	ConcatTransform [-0.407396 -0.601188 -0.68746 0.0 0.017173 0.747584 -0.663945 0.0 0.91309 -0.282294 -0.294238 0.0 -2.708534 -0.494091 2.092402 1.0]
300
	ConcatTransform [1.1 0.0 0.0 0.0 0.0 1.1 0.0 0.0 0.0 0.0 1.1 0.0 -9.609 0.05 6.704 1.0]
	ConcatTransform [-0.398162 -0.599374 -0.694419 0.0 0.036289 0.746128 -0.664813 0.0 0.916597 -0.289903 -0.275329 0.0 -2.713012 -0.494097 2.09317 1.0]
301
	ConcatTransform [1.1 0.0 0.0 0.0 0.0 1.1 0.0 0.0 0.0 0.0 1.1 0.0 -9.609 0.05 6.704 1.0]
	ConcatTransform [-0.390138 -0.600161 -0.698283 0.0 0.046593 0.744539 -0.66595 0.0 0.919577 -0.292348 -0.26251 0.0 -2.715355 -0.494025 2.093301 1.0]
302
	ConcatTransform [1.1 0.0 0.0 0.0 0.0 1.1 0.0 0.0 0.0 0.0 1.1 0.0 -9.609 0.05 6.704 1.0]
	ConcatTransform [-0.373983 -0.601998 -0.705504 0.0 0.058245 0.743957 -0.665685 0.0 0.925605 -0.290047 -0.243163 0.0 -2.717393 -0.494164 2.093221 1.0]
303
	ConcatTransform [1.1 0.0 0.0 0.0 0.0 1.1 0.0 0.0 0.0 0.0 1.1 0.0 -9.609 0.05 6.704 1.0]
	ConcatTransform [-0.365195 -0.602782 -0.709427 0.0 0.065757 0.743456 -0.665545 0.0 0.928606 -0.289703 -0.231869 0.0 -2.718007 -0.494163 2.09275 1.0]
304
	ConcatTransform [1.1 0.0 0.0 0.0 0.0 1.1 0.0 0.0 0.0 0.0 1.1 0.0 -9.609 0.05 6.704 1.0]
	ConcatTransform [-0.357163 -0.601671 -0.714442 0.0 0.072708 0.744662 -0.663469 0.0 0.931208 -0.288912 -0.22222 0.0 -2.718035 -0.494173 2.091524 1.0]
305
	ConcatTransform [1.1 0.0 0.0 0.0 0.0 1.1 0.0 0.0 0.0 0.0 1.1 0.0 -9.609 0.05 6.704 1.0]
	ConcatTransform [-0.356054 -0.599783 -0.716579 0.0 0.07255 0.746776 -0.661107 0.0 0.931645 -0.287378 -0.222378 0.0 -2.717824 -0.494228 2.090283 1.0]
306
	ConcatTransform [1.1 0.0 0.0 0.0 0.0 1.1 0.0 0.0 0.0 0.0 1.1 0.0 -9.609 0.05 6.704 1.0]
	ConcatTransform [-0.355661 -0.596453 -0.719547 0.0 0.070439 0.75059 -0.657003 0.0 0.931957 -0.284355 -0.224942 0.0 -2.717081 -0.494333 2.087797 1.0]
307
	ConcatTransform [1.1 0.0 0.0 0.0 0.0 1.1 0.0 0.0 0.0 0.0 1.1 0.0 -9.609 0.05 6.704 1.0]
	ConcatTransform [-0.355059 -0.593681 -0.722133 0.0 0.069086 0.753688 -0.653591 0.0 0.932288 -0.281952 -0.226589 0.0 -2.716416 -0.494404 2.085756 1.0]
308
	ConcatTransform [1.1 0.0 0.0 0.0 0.0 1.1 0.0 0.0 0.0 0.0 1.1 0.0 -9.609 0.05 6.704 1.0]
	ConcatTransform [-0.353472 -0.589057 -0.726684 0.0 0.066777 0.758961 -0.647702 0.0 0.933059 -0.27747 -0.228936 0.0 -2.715113 -0.494507 2.082255 1.0]
309
	ConcatTransform [1.1 0.0 0.0 0.0 0.0 1.1 0.0 0.0 0.0 0.0 1.1 0.0 -9.609 0.05 6.704 1.0]
	ConcatTransform [-0.351957 -0.585589 -0.730213 0.0 0.065409 0.762835 -0.643276 0.0 0.933728 -0.274168 -0.230183 0.0 -2.714169 -0.494547 2.079669 1.0]
310
	ConcatTransform [1.1 0.0 0.0 0.0 0.0 1.1 0.0 0.0 0.0 0.0 1.1 0.0 -9.609 0.05 6.704 1.0]
	ConcatTransform [-0.349703 -0.579803 -0.735891 0.0 0.063555 0.768995 -0.636087 0.0 0.934702 -0.269211 -0.232071 0.0 -2.712832 -0.494597 2.075503 1.0]
311
	ConcatTransform [1.1 0.0 0.0 0.0 0.0 1.1 0.0 0.0 0.0 0.0 1.1 0.0 -9.609 0.05 6.704 1.0]
	ConcatTransform [-0.348382 -0.575744 -0.739695 0.0 0.062287 0.773169 -0.631134 0.0 0.935281 -0.265949 -0.233497 0.0 -2.711985 -0.49461 2.07263 1.0]
312
	ConcatTransform [1.1 0.0 0.0 0.0 0.0 1.1 0.0 0.0 0.0 0.0 1.1 0.0 -9.609 0.05 6.704 1.0]
	ConcatTransform [-0.346982 -0.573611 -0.742007 0.0 0.0629 0.775146 -0.628643 0.0 0.93576 -0.2648 -0.232881 0.0 -2.711294 -0.494538 2.070201 1.0]
313
	ConcatTransform [1.1 0.0 0.0 0.0 0.0 1.1 0.0 0.0 0.0 0.0 1.1 0.0 -9.609 0.05 6.704 1.0]
	ConcatTransform [-0.348283 -0.573397 -0.741563 0.0 0.064248 0.774631 -0.629141 0.0 0.935185 -0.266763 -0.232951 0.0 -2.712039 -0.494733 2.07055 1.0]
314
	ConcatTransform [1.1 0.0 0.0 0.0 0.0 1.1 0.0 0.0 0.0 0.0 1.1 0.0 -9.609 0.05 6.704 1.0]
	ConcatTransform [-0.349415 -0.574678 -0.740037 0.0 0.063576 0.773458 -0.630651 0.0 0.934809 -0.267407 -0.233722 0.0 -2.713269 -0.494664 2.071616 1.0]
315
	ConcatTransform [1.1 0.0 0.0 0.0 0.0 1.1 0.0 0.0 0.0 0.0 1.1 0.0 -9.609 0.05 6.704 1.0]
	ConcatTransform [-0.350416 -0.576217 -0.738365 0.0 0.062929 0.772084 -0.632397 0.0 0.934478 -0.268067 -0.234289 0.0 -2.713736 -0.494648 2.072433 1.0]
316
	ConcatTransform [1.1 0.0 0.0 0.0 0.0 1.1 0.0 0.0 0.0 0.0 1.1 0.0 -9.609 0.05 6.704 1.0]
	ConcatTransform [-0.352202 -0.578431 -0.735779 0.0 0.062091 0.76998 -0.635039 0.0 0.933862 -0.269347 -0.235273 0.0 -2.71411 -0.494632 2.073751 1.0]
317
	ConcatTransform [1.1 0.0 0.0 0.0 0.0 1.1 0.0 0.0 0.0 0.0 1.1 0.0 -9.609 0.05 6.704 1.0]
	ConcatTransform [-0.352939 -0.579737 -0.734397 0.0 0.061939 0.76871 -0.636591 0.0 0.933594 -0.270165 -0.2354 0.0 -2.714395 -0.494618 2.07459 1.0]
318
	ConcatTransform [1.1 0.0 0.0 0.0 0.0 1.1 0.0 0.0 0.0 0.0 1.1 0.0 -9.609 0.05 6.704 1.0]
	ConcatTransform [-0.353812 -0.581445 -0.732624 0.0 0.061989 0.766991 -0.638657 0.0 0.93326 -0.271379 -0.235328 0.0 -2.714838 -0.4946 2.075744 1.0]
319
	ConcatTransform [1.1 0.0 0.0 0.0 0.0 1.1 0.0 0.0 0.0 0.0 1.1 0.0 -9.609 0.05 6.704 1.0]
	ConcatTransform [-0.354259 -0.582425 -0.73163 0.0 0.062156 0.765973 -0.63986 0.0 0.93308 -0.272151 -0.235152 0.0 -2.715105 -0.494589 2.076429 1.0]
320
	ConcatTransform [1.1 0.0 0.0 0.0 0.0 1.1 0.0 0.0 0.0 0.0 1.1 0.0 -9.609 0.05 6.704 1.0]
	ConcatTransform [-0.354695 -0.583576 -0.7305 0.0 0.06256 0.764734 -0.641301 0.0 0.932887 -0.273166 -0.234739 0.0 -2.715445 -0.494573 2.077296 1.0]
321
	ConcatTransform [1.1 0.0 0.0 0.0 0.0 1.1 0.0 0.0 0.0 0.0 1.1 0.0 -9.609 0.05 6.704 1.0]
	ConcatTransform [-0.354583 -0.584218 -0.730041 0.0 0.062982 0.764075 -0.642045 0.0 0.932901 -0.273638 -0.234133 0.0 -2.715612 -0.494566 2.077755 1.0]
322
	ConcatTransform [1.1 0.0 0.0 0.0 0.0 1.1 0.0 0.0 0.0 0.0 1.1 0.0 -9.609 0.05 6.704 1.0]
	ConcatTransform [-0.354702 -0.584632 -0.729652 0.0 0.063104 0.763644 -0.642546 0.0 0.932847 -0.273957 -0.233974 0.0 -2.715717 -0.494563 2.078276 1.0]
323
	ConcatTransform [1.1 0.0 0.0 0.0 0.0 1.1 0.0 0.0 0.0 0.0 1.1 0.0 -9.609 0.05 6.704 1.0]
	ConcatTransform [-0.354635 -0.584605 -0.729706 0.0 0.063138 0.763676 -0.642505 0.0 0.932871 -0.273926 -0.233915 0.0 -2.715702 -0.494563 2.078499 1.0]
324
	ConcatTransform [1.1 0.0 0.0 0.0 0.0 1.1 0.0 0.0 0.0 0.0 1.1 0.0 -9.609 0.05 6.704 1.0]
	ConcatTransform [-0.354268 -0.584627 -0.729867 0.0 0.063534 0.763635 -0.642514 0.0 0.932983 -0.273993 -0.233388 0.0 -2.715716 -0.49456 2.078547 1.0]
325
	ConcatTransform [1.1 0.0 0.0 0.0 0.0 1.1 0.0 0.0 0.0 0.0 1.1 0.0 -9.609 0.05 6.704 1.0]
	ConcatTransform [-0.354105 -0.584449 -0.730088 0.0 0.063724 0.763778 -0.642326 0.0 0.933032 -0.273975 -0.233214 0.0 -2.715673 -0.494561 2.078429 1.0]
326
	ConcatTransform [1.1 0.0 0.0 0.0 0.0 1.1 0.0 0.0 0.0 0.0 1.1 0.0 -9.609 0.05 6.704 1.0]
	ConcatTransform [-0.353331 -0.58399 -0.73083 0.0 0.063831 0.764349 -0.641635 0.0 0.933318 -0.27336 -0.232792 0.0 -2.715457 -0.49457 2.078069 1.0]
327
	ConcatTransform [1.1 0.0 0.0 0.0 0.0 1.1 0.0 0.0 0.0 0.0 1.1 0.0 -9.609 0.05 6.704 1.0]
	ConcatTransform [-0.353044 -0.583454 -0.731397 0.0 0.063711 0.764928 -0.640957 0.0 0.933435 -0.272884 -0.232881 0.0 -2.715319 -0.494573 2.077676 1.0]
328
	ConcatTransform [1.1 0.0 0.0 0.0 0.0 1.1 0.0 0.0 0.0 0.0 1.1 0.0 -9.609 0.05 6.704 1.0]
	ConcatTransform [-0.352526 -0.582342 -0.732532 0.0 0.063541 0.766083 -0.639593 0.0 0.933642 -0.272019 -0.233062 0.0 -2.715106 -0.494581 2.076885 1.0]
329
	ConcatTransform [1.1 0.0 0.0 0.0 0.0 1.1 0.0 0.0 0.0 0.0 1.1 0.0 -9.609 0.05 6.704 1.0]
	ConcatTransform [-0.352152 -0.581458 -0.733414 0.0 0.063311 0.767016 -0.638497 0.0 0.933799 -0.271281 -0.233293 0.0 -2.714911 -0.494587 2.076259 1.0]
330
	ConcatTransform [1.1 0.0 0.0 0.0 0.0 1.1 0.0 0.0 0.0 0.0 1.1 0.0 -9.609 0.05 6.704 1.0]
	ConcatTransform [-0.351632 -0.579827 -0.734953 0.0 0.062695 0.768741 -0.636479 0.0 0.934036 -0.269885 -0.233962 0.0 -2.714561 -0.494595 2.07521 1.0]
331
	ConcatTransform [1.1 0.0 0.0 0.0 0.0 1.1 0.0 0.0 0.0 0.0 1.1 0.0 -9.609 0.05 6.704 1.0]
	ConcatTransform [-0.351258 -0.578658 -0.736052 0.0 0.062195 0.769989 -0.635018 0.0 0.934211 -0.268835 -0.234475 0.0 -2.714299 -0.4946 2.074454 1.0]
332
	ConcatTransform [1.1 0.0 0.0 0.0 0.0 1.1 0.0 0.0 0.0 0.0 1.1 0.0 -9.609 0.05 6.704 1.0]
	ConcatTransform [-0.350712 -0.576938 -0.737661 0.0 0.061438 0.771821 -0.632865 0.0 0.934466 -0.267273 -0.235241 0.0 -2.713896 -0.494603 2.073264 1.0]
333
	ConcatTransform [1.1 0.0 0.0 0.0 0.0 1.1 0.0 0.0 0.0 0.0 1.1 0.0 -9.609 0.05 6.704 1.0]
	ConcatTransform [-0.350375 -0.575778 -0.738726 0.0 0.060949 0.773036 -0.631428 0.0 0.934624 -0.266261 -0.235759 0.0 -2.713641 -0.494602 2.072459 1.0]
334
	ConcatTransform [1.1 0.0 0.0 0.0 0.0 1.1 0.0 0.0 0.0 0.0 1.1 0.0 -9.609 0.05 6.704 1.0]
	ConcatTransform [-0.349807 -0.574599 -0.739913 0.0 0.060603 0.774278 -0.629937 0.0 0.93486 -0.265197 -0.236026 0.0 -2.713343 -0.494601 2.071258 1.0]
335
	ConcatTransform [1.1 0.0 0.0 0.0 0.0 1.1 0.0 0.0 0.0 0.0 1.1 0.0 -9.609 0.05 6.704 1.0]
	ConcatTransform [-0.349976 -0.574256 -0.740099 0.0 0.060473 0.774566 -0.629596 0.0 0.934805 -0.265099 -0.236352 0.0 -2.713306 -0.494596 2.070915 1.0]
336
	ConcatTransform [1.1 0.0 0.0 0.0 0.0 1.1 0.0 0.0 0.0 0.0 1.1 0.0 -9.609 0.05 6.704 1.0]
	ConcatTransform [-0.34984 -0.57441 -0.740044 0.0 0.06064 0.774421 -0.629758 0.0 0.934845 -0.26519 -0.236091 0.0 -2.713461 -0.494596 2.07102 1.0]
337
	ConcatTransform [1.1 0.0 0.0 0.0 0.0 1.1 0.0 0.0 0.0 0.0 1.1 0.0 -9.609 0.05 6.704 1.0]
	ConcatTransform [-0.349907 -0.574669 -0.739811 0.0 0.060679 0.774173 -0.630059 0.0 0.934817 -0.265353 -0.236018 0.0 -2.713569 -0.494599 2.071145 1.0]
338
	ConcatTransform [1.1 0.0 0.0 0.0 0.0 1.1 0.0 0.0 0.0 0.0 1.1 0.0 -9.609 0.05 6.704 1.0]
	ConcatTransform [-0.349992 -0.575154 -0.739394 0.0 0.060823 0.773698 -0.630628 0.0 0.934776 -0.265687 -0.235806 0.0 -2.713706 -0.494601 2.071404 1.0]
339
	ConcatTransform [1.1 0.0 0.0 0.0 0.0 1.1 0.0 0.0 0.0 0.0 1.1 0.0 -9.609 0.05 6.704 1.0]
	ConcatTransform [-0.350191 -0.57548 -0.739046 0.0 0.060922 0.773343 -0.631054 0.0 0.934695 -0.266014 -0.235759 0.0 -2.7138 -0.4946 2.071613 1.0]
340
	ConcatTransform [1.1 0.0 0.0 0.0 0.0 1.1 0.0 0.0 0.0 0.0 1.1 0.0 -9.609 0.05 6.704 1.0]
	ConcatTransform [-0.350415 -0.576001 -0.738534 0.0 0.061081 0.772798 -0.631706 0.0 0.934601 -0.26647 -0.235617 0.0 -2.713941 -0.4946 2.071971 1.0]
341
	ConcatTransform [1.1 0.0 0.0 0.0 0.0 1.1 0.0 0.0 0.0 0.0 1.1 0.0 -9.609 0.05 6.704 1.0]
	ConcatTransform [-0.350455 -0.576396 -0.738206 0.0 0.061251 0.772402 -0.632174 0.0 0.934575 -0.266764 -0.235387 0.0 -2.714035 -0.494602 2.072228 1.0]
342
	ConcatTransform [1.1 0.0 0.0 0.0 0.0 1.1 0.0 0.0 0.0 0.0 1.1 0.0 -9.609 0.05 6.704 1.0]
	ConcatTransform [-0.350497 -0.576987 -0.737725 0.0 0.061545 0.771801 -0.632879 0.0 0.934539 -0.267226 -0.235004 0.0 -2.714154 -0.494602 2.072635 1.0]
343
	ConcatTransform [1.1 0.0 0.0 0.0 0.0 1.1 0.0 0.0 0.0 0.0 1.1 0.0 -9.609 0.05 6.704 1.0]
	ConcatTransform [-0.350487 -0.577227 -0.737542 0.0 0.062084 0.771443 -0.633263 0.0 0.934508 -0.26774 -0.234544 0.0 -2.714335 -0.494596 2.072872 1.0]
344
	ConcatTransform [1.1 0.0 0.0 0.0 0.0 1.1 0.0 0.0 0.0 0.0 1.1 0.0 -9.609 0.05 6.704 1.0]
	ConcatTransform [-0.350472 -0.577839 -0.73707 0.0 0.062324 0.770852 -0.633958 0.0 0.934497 -0.268122 -0.234148 0.0 -2.714413 -0.494605 2.073275 1.0]
345
	ConcatTransform [1.1 0.0 0.0 0.0 0.0 1.1 0.0 0.0 0.0 0.0 1.1 0.0 -9.609 0.05 6.704 1.0]
	ConcatTransform [-0.350521 -0.578107 -0.736836 0.0 0.062407 0.770585 -0.634274 0.0 0.934473 -0.26831 -0.234028 0.0 -2.714449 -0.494603 2.073537 1.0]
346
	ConcatTransform [1.1 0.0 0.0 0.0 0.0 1.1 0.0 0.0 0.0 0.0 1.1 0.0 -9.609 0.05 6.704 1.0]
	ConcatTransform [-0.350611 -0.578455 -0.73652 0.0 0.06251 0.770234 -0.634691 0.0 0.934433 -0.26857 -0.233893 0.0 -2.714501 -0.494601 2.07389 1.0]
347
	ConcatTransform [1.1 0.0 0.0 0.0 0.0 1.1 0.0 0.0 0.0 0.0 1.1 0.0 -9.609 0.05 6.704 1.0]
	ConcatTransform [-0.350676 -0.578648 -0.736338 0.0 0.062569 0.770035 -0.634927 0.0 0.934404 -0.268726 -0.233827 0.0 -2.71453 -0.4946 2.074093 1.0]
348
	ConcatTransform [1.1 0.0 0.0 0.0 0.0 1.1 0.0 0.0 0.0 0.0 1.1 0.0 -9.609 0.05 6.704 1.0]
	ConcatTransform [-0.350752 -0.578897 -0.736106 0.0 0.062654 0.769777 -0.635231 0.0 0.93437 -0.268928 -0.23373 0.0 -2.714562 -0.494598 2.074343 1.0]
349
	ConcatTransform [1.1 0.0 0.0 0.0 0.0 1.1 0.0 0.0 0.0 0.0 1.1 0.0 -9.609 0.05 6.704 1.0]
	ConcatTransform [-0.350776 -0.578965 -0.736041 0.0 0.062673 0.769706 -0.635314 0.0 0.93436 -0.268983 -0.233709 0.0 -2.714573 -0.494598 2.074475 1.0]
350
	ConcatTransform [1.1 0.0 0.0 0.0 0.0 1.1 0.0 0.0 0.0 0.0 1.1 0.0 -9.609 0.05 6.704 1.0]
	ConcatTransform [-0.350752 -0.579006 -0.73602 0.0 0.062661 0.76968 -0.635347 0.0 0.93437 -0.268969 -0.233686 0.0 -2.714571 -0.494596 2.074612 1.0]
351
	ConcatTransform [1.1 0.0 0.0 0.0 0.0 1.1 0.0 0.0 0.0 0.0 1.1 0.0 -9.609 0.05 6.704 1.0]
	ConcatTransform [-0.350655 -0.579017 -0.736057 0.0 0.06273 0.769675 -0.635347 0.0 0.934402 -0.26896 -0.233568 0.0 -2.714554 -0.494596 2.074661 1.0]
352
	ConcatTransform [1.1 0.0 0.0 0.0 0.0 1.1 0.0 0.0 0.0 0.0 1.1 0.0 -9.609 0.05 6.704 1.0]
	ConcatTransform [-0.35064 -0.57893 -0.736133 0.0 0.062698 0.769763 -0.635243 0.0 0.934409 -0.268895 -0.233612 0.0 -2.714511 -0.494596 2.074673 1.0]
353
	ConcatTransform [1.1 0.0 0.0 0.0 0.0 1.1 0.0 0.0 0.0 0.0 1.1 0.0 -9.609 0.05 6.704 1.0]
	ConcatTransform [-0.350648 -0.578824 -0.736212 0.0 0.062617 0.769876 -0.635115 0.0 0.934412 -0.268801 -0.233711 0.0 -2.714472 -0.494596 2.074641 1.0]
354
	ConcatTransform [1.1 0.0 0.0 0.0 0.0 1.1 0.0 0.0 0.0 0.0 1.1 0.0 -9.609 0.05 6.704 1.0]
	ConcatTransform [-0.350669 -0.578499 -0.736458 0.0 0.062481 0.77019 -0.634747 0.0 0.934413 -0.268601 -0.233936 0.0 -2.714501 -0.4946 2.074511 1.0]
355
	ConcatTransform [1.1 0.0 0.0 0.0 0.0 1.1 0.0 0.0 0.0 0.0 1.1 0.0 -9.609 0.05 6.704 1.0]
	ConcatTransform [-0.350569 -0.578334 -0.736635 0.0 0.062456 0.770364 -0.634538 0.0 0.934452 -0.268456 -0.233945 0.0 -2.714478 -0.4946 2.074397 1.0]
356
	ConcatTransform [1.1 0.0 0.0 0.0 0.0 1.1 0.0 0.0 0.0 0.0 1.1 0.0 -9.609 0.05 6.704 1.0]
	ConcatTransform [-0.350369 -0.577858 -0.737103 0.0 0.062344 0.770855 -0.633952 0.0 0.934535 -0.268071 -0.234058 0.0 -2.714458 -0.494602 2.074193 1.0]
357
	ConcatTransform [1.1 0.0 0.0 0.0 0.0 1.1 0.0 0.0 0.0 0.0 1.1 0.0 -9.609 0.05 6.704 1.0]
	ConcatTransform [-0.350239 -0.577667 -0.737315 0.0 0.062212 0.771089 -0.63368 0.0 0.934592 -0.267809 -0.234128 0.0 -2.71437 -0.494604 2.07405 1.0]
358
	ConcatTransform [1.1 0.0 0.0 0.0 0.0 1.1 0.0 0.0 0.0 0.0 1.1 0.0 -9.609 0.05 6.704 1.0]
	ConcatTransform [-0.350125 -0.577037 -0.737862 0.0 0.062005 0.771717 -0.632936 0.0 0.934648 -0.267358 -0.234418 0.0 -2.714319 -0.494603 2.073802 1.0]
359
	ConcatTransform [1.1 0.0 0.0 0.0 0.0 1.1 0.0 0.0 0.0 0.0 1.1 0.0 -9.609 0.05 6.704 1.0]
	ConcatTransform [-0.3501 -0.576782 -0.738073 0.0 0.061942 0.77196 -0.632646 0.0 0.934662 -0.267207 -0.234536 0.0 -2.714289 -0.494601 2.073617 1.0]
360
	ConcatTransform [1.1 0.0 0.0 0.0 0.0 1.1 0.0 0.0 0.0 0.0 1.1 0.0 -9.609 0.05 6.704 1.0]
	ConcatTransform [0.70725 0.626287 -0.327966 0.0 -0.427178 0.748225 0.507621 0.0 0.563309 -0.218915 0.796718 0.0 -8.273742 -124.349182 -13.596599 1.0]
