228
	ConcatTransform [1.1 0.0 0.0 0.0 0.0 1.1 0.0 0.0 0.0 0.0 1.1 0.0 -9.609 0.05 6.704 1.0]
	ConcatTransform [0.995523 -0.048226 -0.081297 0.0 0.045625 0.998395 -0.033548 0.0 0.082784 0.029689 0.996125 0.0 -0.017741 -0.037735 0.019871 1.0]
229
	ConcatTransform [1.1 0.0 0.0 0.0 0.0 1.1 0.0 0.0 0.0 0.0 1.1 0.0 -9.609 0.05 6.704 1.0]
	ConcatTransform [0.99599 -0.042028 -0.078973 0.0 0.044868 0.998396 0.034541 0.0 0.077394 -0.037946 0.996278 0.0 -0.028382 -0.079795 0.020692 1.0]
230
	ConcatTransform [1.1 0.0 0.0 0.0 0.0 1.1 0.0 0.0 0.0 0.0 1.1 0.0 -9.609 0.05 6.704 1.0]
	ConcatTransform [0.996475 -0.037439 -0.075071 0.0 0.048614 0.987022 0.153049 0.0 0.068367 -0.156159 0.985363 0.0 -0.044843 -0.163868 0.013483 1.0]
231
	ConcatTransform [1.1 0.0 0.0 0.0 0.0 1.1 0.0 0.0 0.0 0.0 1.1 0.0 -9.609 0.05 6.704 1.0]
	ConcatTransform [0.994706 -0.066105 -0.078677 0.0 0.084438 0.962143 0.259137 0.0 0.058569 -0.264408 0.962631 0.0 -0.055201 -0.232502 0.003262 1.0]
232
	ConcatTransform [1.1 0.0 0.0 0.0 0.0 1.1 0.0 0.0 0.0 0.0 1.1 0.0 -9.609 0.05 6.704 1.0]
	ConcatTransform [0.986906 -0.121098 -0.106545 0.0 0.155973 0.884804 0.439083 0.0 0.041099 -0.449952 0.892107 0.0 -0.069161 -0.351016 -0.019266 1.0]
233
	ConcatTransform [1.1 0.0 0.0 0.0 0.0 1.1 0.0 0.0 0.0 0.0 1.1 0.0 -9.609 0.05 6.704 1.0]
	ConcatTransform [0.978336 -0.142133 -0.15052 0.0 0.203229 0.797924 0.567464 0.0 0.039448 -0.585761 0.809524 0.0 -0.077828 -0.43925 -0.039486 1.0]
234
	ConcatTransform [1.1 0.0 0.0 0.0 0.0 1.1 0.0 0.0 0.0 0.0 1.1 0.0 -9.609 0.05 6.704 1.0]
	ConcatTransform [0.954742 0.108255 -0.277037 0.0 0.1378 0.664435 0.734532 0.0 0.26359 -0.739464 0.619446 0.0 -0.067482 -0.530096 -0.099857 1.0]
235
	ConcatTransform [1.1 0.0 0.0 0.0 0.0 1.1 0.0 0.0 0.0 0.0 1.1 0.0 -9.609 0.05 6.704 1.0]
	ConcatTransform [0.951755 0.210531 -0.223246 0.0 0.065733 0.570757 0.818483 0.0 0.299735 -0.793671 0.529383 0.0 -0.032436 -0.553882 -0.14749 1.0]
236
	ConcatTransform [1.1 0.0 0.0 0.0 0.0 1.1 0.0 0.0 0.0 0.0 1.1 0.0 -9.609 0.05 6.704 1.0]
	ConcatTransform [0.920886 0.379922 0.087337 0.0 -0.292358 0.524875 0.799395 0.0 0.257867 -0.761686 0.594424 0.0 0.049747 -0.562693 -0.191824 1.0]
237
	ConcatTransform [1.1 0.0 0.0 0.0 0.0 1.1 0.0 0.0 0.0 0.0 1.1 0.0 -9.609 0.05 6.704 1.0]
	ConcatTransform [0.856818 0.48696 0.169506 0.0 -0.428629 0.489949 0.759096 0.0 0.2866 -0.723062 0.628523 0.0 0.113453 -0.557614 -0.198911 1.0]
238
	ConcatTransform [1.1 0.0 0.0 0.0 0.0 1.1 0.0 0.0 0.0 0.0 1.1 0.0 -9.609 0.05 6.704 1.0]
	ConcatTransform [0.812774 0.581857 0.028999 0.0 -0.358524 0.460333 0.812129 0.0 0.459194 -0.670474 0.582756 0.0 0.205644 -0.547115 -0.216034 1.0]
239
	ConcatTransform [1.1 0.0 0.0 0.0 0.0 1.1 0.0 0.0 0.0 0.0 1.1 0.0 -9.609 0.05 6.704 1.0]
	ConcatTransform [0.768768 0.638874 -0.028911 0.0 -0.333801 0.439407 0.833965 0.0 0.545502 -0.631475 0.551059 0.0 0.261386 -0.537105 -0.232027 1.0]
240
	ConcatTransform [1.1 0.0 0.0 0.0 0.0 1.1 0.0 0.0 0.0 0.0 1.1 0.0 -9.609 0.05 6.704 1.0]
	ConcatTransform [0.720393 0.692942 -0.029415 0.0 -0.323177 0.372901 0.869771 0.0 0.61367 -0.61707 0.492578 0.0 0.315011 -0.519422 -0.27659 1.0]
241
	ConcatTransform [1.1 0.0 0.0 0.0 0.0 1.1 0.0 0.0 0.0 0.0 1.1 0.0 -9.609 0.05 6.704 1.0]
	ConcatTransform [0.703278 0.708981 -0.052402 0.0 -0.284689 0.348407 0.893065 0.0 0.651423 -0.613154 0.446866 0.0 0.339158 -0.512315 -0.311835 1.0]
242
	ConcatTransform [1.1 0.0 0.0 0.0 0.0 1.1 0.0 0.0 0.0 0.0 1.1 0.0 -9.609 0.05 6.704 1.0]
	ConcatTransform [0.689336 0.721797 -0.061844 0.0 -0.22059 0.290448 0.931118 0.0 0.69004 -0.628211 0.359437 0.0 0.365959 -0.510456 -0.364766 1.0]
243
	ConcatTransform [1.1 0.0 0.0 0.0 0.0 1.1 0.0 0.0 0.0 0.0 1.1 0.0 -9.609 0.05 6.704 1.0]
	ConcatTransform [0.678282 0.73463 0.015881 0.0 -0.261481 0.221115 0.93954 0.0 0.686703 -0.641426 0.342071 0.0 0.373603 -0.505143 -0.39814 1.0]
244
	ConcatTransform [1.1 0.0 0.0 0.0 0.0 1.1 0.0 0.0 0.0 0.0 1.1 0.0 -9.609 0.05 6.704 1.0]
	ConcatTransform [0.675709 0.717958 0.167193 0.0 -0.353322 0.11637 0.928236 0.0 0.646978 -0.68629 0.332303 0.0 0.381738 -0.495066 -0.43924 1.0]
245
	ConcatTransform [1.1 0.0 0.0 0.0 0.0 1.1 0.0 0.0 0.0 0.0 1.1 0.0 -9.609 0.05 6.704 1.0]
	ConcatTransform [0.667953 0.696639 0.261789 0.0 -0.414816 0.056463 0.908152 0.0 0.617872 -0.715197 0.326691 0.0 0.382933 -0.486775 -0.460414 1.0]
246
	ConcatTransform [1.1 0.0 0.0 0.0 0.0 1.1 0.0 0.0 0.0 0.0 1.1 0.0 -9.609 0.05 6.704 1.0]
	ConcatTransform [0.660823 0.681315 0.314837 0.0 -0.45163 0.025931 0.891828 0.0 0.599452 -0.731531 0.324839 0.0 0.382747 -0.481071 -0.477889 1.0]
247
	ConcatTransform [1.1 0.0 0.0 0.0 0.0 1.1 0.0 0.0 0.0 0.0 1.1 0.0 -9.609 0.05 6.704 1.0]
	ConcatTransform [0.661853 0.678238 0.319286 0.0 -0.460486 0.031752 0.887099 0.0 0.591526 -0.734156 0.333334 0.0 0.380321 -0.482414 -0.482265 1.0]
248
	ConcatTransform [1.1 0.0 0.0 0.0 0.0 1.1 0.0 0.0 0.0 0.0 1.1 0.0 -9.609 0.05 6.704 1.0]
	ConcatTransform [0.682821 0.662434 0.308116 0.0 -0.464089 0.067567 0.883208 0.0 0.564249 -0.746067 0.353565 0.0 0.373138 -0.492587 -0.481354 1.0]
249
	ConcatTransform [1.1 0.0 0.0 0.0 0.0 1.1 0.0 0.0 0.0 0.0 1.1 0.0 -9.609 0.05 6.704 1.0]
	ConcatTransform [0.693805 0.654505 0.300428 0.0 -0.472874 0.099398 0.875506 0.0 0.543161 -0.749495 0.378462 0.0 0.363709 -0.500274 -0.476031 1.0]
250
	ConcatTransform [1.1 0.0 0.0 0.0 0.0 1.1 0.0 0.0 0.0 0.0 1.1 0.0 -9.609 0.05 6.704 1.0]
	ConcatTransform [0.716352 0.641922 0.273454 0.0 -0.479559 0.16829 0.861221 0.0 0.506817 -0.748074 0.428394 0.0 0.343887 -0.514456 -0.463734 1.0]
251
	ConcatTransform [1.1 0.0 0.0 0.0 0.0 1.1 0.0 0.0 0.0 0.0 1.1 0.0 -9.609 0.05 6.704 1.0]
	ConcatTransform [0.7433 0.617695 0.256824 0.0 -0.478037 0.221895 0.849849 0.0 0.467959 -0.754464 0.460216 0.0 0.327558 -0.524026 -0.453242 1.0]
252
	ConcatTransform [1.1 0.0 0.0 0.0 0.0 1.1 0.0 0.0 0.0 0.0 1.1 0.0 -9.609 0.05 6.704 1.0]
	ConcatTransform [0.7888 0.571222 0.226934 0.0 -0.456636 0.297472 0.838447 0.0 0.411433 -0.764994 0.495487 0.0 0.297743 -0.535862 -0.439607 1.0]
253
	ConcatTransform [1.1 0.0 0.0 0.0 0.0 1.1 0.0 0.0 0.0 0.0 1.1 0.0 -9.609 0.05 6.704 1.0]
	ConcatTransform [0.816717 0.542546 0.196511 0.0 -0.430005 0.345137 0.834252 0.0 0.384797 -0.765849 0.515176 0.0 0.274847 -0.541573 -0.431242 1.0]
254
	ConcatTransform [1.1 0.0 0.0 0.0 0.0 1.1 0.0 0.0 0.0 0.0 1.1 0.0 -9.609 0.05 6.704 1.0]
	ConcatTransform [0.853144 0.481434 0.200915 0.0 -0.41581 0.394976 0.819204 0.0 0.315036 -0.782442 0.537156 0.0 0.238999 -0.54679 -0.421784 1.0]
255
	ConcatTransform [1.1 0.0 0.0 0.0 0.0 1.1 0.0 0.0 0.0 0.0 1.1 0.0 -9.609 0.05 6.704 1.0]
	ConcatTransform [0.877259 0.437488 0.197536 0.0 -0.393836 0.420723 0.817243 0.0 0.274425 -0.79473 0.541382 0.0 0.215318 -0.548461 -0.418111 1.0]
256
	ConcatTransform [1.1 0.0 0.0 0.0 0.0 1.1 0.0 0.0 0.0 0.0 1.1 0.0 -9.609 0.05 6.704 1.0]
	ConcatTransform [0.908636 0.378095 0.17727 0.0 -0.348018 0.451025 0.821864 0.0 0.230789 -0.808468 0.541401 0.0 0.18163 -0.548109 -0.417036 1.0]
257
	ConcatTransform [1.1 0.0 0.0 0.0 0.0 1.1 0.0 0.0 0.0 0.0 1.1 0.0 -9.609 0.05 6.704 1.0]
	ConcatTransform [0.930219 0.336735 0.145951 0.0 -0.298512 0.462866 0.834653 0.0 0.213501 -0.819979 0.531086 0.0 0.160286 -0.546681 -0.416738 1.0]
258
	ConcatTransform [1.1 0.0 0.0 0.0 0.0 1.1 0.0 0.0 0.0 0.0 1.1 0.0 -9.609 0.05 6.704 1.0]
	ConcatTransform [0.950266 0.293948 0.102908 0.0 -0.238354 0.473739 0.847797 0.0 0.200456 -0.830161 0.520241 0.0 0.12929 -0.543884 -0.416269 1.0]
259
	ConcatTransform [1.1 0.0 0.0 0.0 0.0 1.1 0.0 0.0 0.0 0.0 1.1 0.0 -9.609 0.05 6.704 1.0]
	ConcatTransform [0.959105 0.268624 0.089215 0.0 -0.214128 0.482448 0.849349 0.0 0.185114 -0.833718 0.520238 0.0 0.110193 -0.54175 -0.415896 1.0]
260
	ConcatTransform [1.1 0.0 0.0 0.0 0.0 1.1 0.0 0.0 0.0 0.0 1.1 0.0 -9.609 0.05 6.704 1.0]
	ConcatTransform [0.970133 0.230428 0.075795 0.0 -0.182639 0.488225 0.853393 0.0 0.15964 -0.841748 0.515728 0.0 0.084842 -0.538035 -0.415042 1.0]
261
	ConcatTransform [1.1 0.0 0.0 0.0 0.0 1.1 0.0 0.0 0.0 0.0 1.1 0.0 -9.609 0.05 6.704 1.0]
	ConcatTransform [0.974855 0.212019 0.068598 0.0 -0.166718 0.489666 0.855823 0.0 0.14786 -0.84574 0.5127 0.0 0.070078 -0.536018 -0.414515 1.0]
262
	ConcatTransform [1.1 0.0 0.0 0.0 0.0 1.1 0.0 0.0 0.0 0.0 1.1 0.0 -9.609 0.05 6.704 1.0]
	ConcatTransform [0.979292 0.194106 0.057525 0.0 -0.147915 0.491992 0.857942 0.0 0.13823 -0.848685 0.510515 0.0 0.051564 -0.53371 -0.413898 1.0]
263
	ConcatTransform [1.1 0.0 0.0 0.0 0.0 1.1 0.0 0.0 0.0 0.0 1.1 0.0 -9.609 0.05 6.704 1.0]
	ConcatTransform [0.98144 0.184697 0.051602 0.0 -0.137692 0.491393 0.859985 0.0 0.13348 -0.851128 0.507704 0.0 0.042068 -0.532559 -0.413448 1.0]
264
	ConcatTransform [1.1 0.0 0.0 0.0 0.0 1.1 0.0 0.0 0.0 0.0 1.1 0.0 -9.609 0.05 6.704 1.0]
	ConcatTransform [0.983612 0.174744 0.044413 0.0 -0.125686 0.487933 0.863785 0.0 0.129271 -0.855211 0.5019 0.0 0.03236 -0.531195 -0.412694 1.0]
265
	ConcatTransform [1.1 0.0 0.0 0.0 0.0 1.1 0.0 0.0 0.0 0.0 1.1 0.0 -9.609 0.05 6.704 1.0]
	ConcatTransform [0.983491 0.176542 0.039723 0.0 -0.122177 0.485906 0.865429 0.0 0.133483 -0.855995 0.499454 0.0 0.028513 -0.531524 -0.412276 1.0]
266
	ConcatTransform [1.1 0.0 0.0 0.0 0.0 1.1 0.0 0.0 0.0 0.0 1.1 0.0 -9.609 0.05 6.704 1.0]
	ConcatTransform [0.980791 0.192267 0.0329 0.0 -0.123812 0.483288 0.866662 0.0 0.15073 -0.854088 0.49781 0.0 0.026751 -0.533578 -0.411794 1.0]
267
	ConcatTransform [1.1 0.0 0.0 0.0 0.0 1.1 0.0 0.0 0.0 0.0 1.1 0.0 -9.609 0.05 6.704 1.0]
	ConcatTransform [0.97817 0.205699 0.029532 0.0 -0.127193 0.480249 0.867861 0.0 0.164335 -0.852672 0.495928 0.0 0.028553 -0.535103 -0.411428 1.0]
268
	ConcatTransform [1.1 0.0 0.0 0.0 0.0 1.1 0.0 0.0 0.0 0.0 1.1 0.0 -9.609 0.05 6.704 1.0]
	ConcatTransform [0.973008 0.229352 0.025559 0.0 -0.134607 0.474093 0.870124 0.0 0.187448 -0.850078 0.492169 0.0 0.035288 -0.537821 -0.410812 1.0]
269
	ConcatTransform [1.1 0.0 0.0 0.0 0.0 1.1 0.0 0.0 0.0 0.0 1.1 0.0 -9.609 0.05 6.704 1.0]
	ConcatTransform [0.967449 0.251317 0.029716 0.0 -0.148336 0.468014 0.871183 0.0 0.205035 -0.847232 0.490059 0.0 0.041785 -0.53977 -0.410507 1.0]
270
	ConcatTransform [1.1 0.0 0.0 0.0 0.0 1.1 0.0 0.0 0.0 0.0 1.1 0.0 -9.609 0.05 6.704 1.0]
	ConcatTransform [0.959466 0.277342 0.050059 0.0 -0.178403 0.460207 0.869702 0.0 0.218167 -0.843381 0.491031 0.0 0.05431 -0.542303 -0.410556 1.0]
271
	ConcatTransform [1.1 0.0 0.0 0.0 0.0 1.1 0.0 0.0 0.0 0.0 1.1 0.0 -9.609 0.05 6.704 1.0]
	ConcatTransform [0.952059 0.298368 0.06753 0.0 -0.20378 0.453911 0.867432 0.0 0.228161 -0.839608 0.492951 0.0 0.063869 -0.543637 -0.410942 1.0]
272
	ConcatTransform [1.1 0.0 0.0 0.0 0.0 1.1 0.0 0.0 0.0 0.0 1.1 0.0 -9.609 0.05 6.704 1.0]
	ConcatTransform [0.937591 0.33109 0.106316 0.0 -0.253836 0.442664 0.860009 0.0 0.237678 -0.833324 0.49908 0.0 0.079759 -0.545597 -0.411585 1.0]
273
	ConcatTransform [1.1 0.0 0.0 0.0 0.0 1.1 0.0 0.0 0.0 0.0 1.1 0.0 -9.609 0.05 6.704 1.0]
	ConcatTransform [0.925732 0.354063 0.132885 0.0 -0.289093 0.436 0.852249 0.0 0.243812 -0.827371 0.505977 0.0 0.091302 -0.546583 -0.411941 1.0]
274
	ConcatTransform [1.1 0.0 0.0 0.0 0.0 1.1 0.0 0.0 0.0 0.0 1.1 0.0 -9.609 0.05 6.704 1.0]
	ConcatTransform [0.905705 0.387872 0.17104 0.0 -0.340809 0.426316 0.837916 0.0 0.252087 -0.817197 0.518307 0.0 0.109501 -0.547298 -0.412211 1.0]
275
	ConcatTransform [1.1 0.0 0.0 0.0 0.0 1.1 0.0 0.0 0.0 0.0 1.1 0.0 -9.609 0.05 6.704 1.0]
	ConcatTransform [0.890775 0.410078 0.195848 0.0 -0.374609 0.418624 0.827298 0.0 0.25727 -0.810303 0.526519 0.0 0.121877 -0.547461 -0.412101 1.0]
276
	ConcatTransform [1.1 0.0 0.0 0.0 0.0 1.1 0.0 0.0 0.0 0.0 1.1 0.0 -9.609 0.05 6.704 1.0]
	ConcatTransform [0.86793 0.438952 0.23242 0.0 -0.422264 0.405727 0.810604 0.0 0.261517 -0.80169 0.537496 0.0 0.140246 -0.54644 -0.411358 1.0]
277
	ConcatTransform [1.1 0.0 0.0 0.0 0.0 1.1 0.0 0.0 0.0 0.0 1.1 0.0 -9.609 0.05 6.704 1.0]
	ConcatTransform [0.852686 0.455778 0.255328 0.0 -0.451411 0.396774 0.799249 0.0 0.262972 -0.796766 0.544067 0.0 0.152043 -0.546452 -0.410556 1.0]
278
	ConcatTransform [1.1 0.0 0.0 0.0 0.0 1.1 0.0 0.0 0.0 0.0 1.1 0.0 -9.609 0.05 6.704 1.0]
	ConcatTransform [0.833435 0.472696 0.286261 0.0 -0.488666 0.388505 0.781198 0.0 0.258055 -0.790963 0.554784 0.0 0.168715 -0.54546 -0.408988 1.0]
279
	ConcatTransform [1.1 0.0 0.0 0.0 0.0 1.1 0.0 0.0 0.0 0.0 1.1 0.0 -9.609 0.05 6.704 1.0]
	ConcatTransform [0.819803 0.48378 0.306398 0.0 -0.513147 0.383136 0.768041 0.0 0.254171 -0.78687 0.562346 0.0 0.178689 -0.544454 -0.407671 1.0]
280
	ConcatTransform [1.1 0.0 0.0 0.0 0.0 1.1 0.0 0.0 0.0 0.0 1.1 0.0 -9.609 0.05 6.704 1.0]
	ConcatTransform [0.799523 0.498323 0.335316 0.0 -0.547827 0.376115 0.747277 0.0 0.246268 -0.781161 0.573707 0.0 0.19184 -0.543905 -0.40542 1.0]
281
	ConcatTransform [1.1 0.0 0.0 0.0 0.0 1.1 0.0 0.0 0.0 0.0 1.1 0.0 -9.609 0.05 6.704 1.0]
	ConcatTransform [0.786718 0.505752 0.353962 0.0 -0.569183 0.372326 0.733079 0.0 0.238966 -0.778196 0.580781 0.0 0.199184 -0.543347 -0.403748 1.0]
282
	ConcatTransform [1.1 0.0 0.0 0.0 0.0 1.1 0.0 0.0 0.0 0.0 1.1 0.0 -9.609 0.05 6.704 1.0]
	ConcatTransform [0.772882 0.507571 0.380821 0.0 -0.59501 0.371165 0.712882 0.0 0.220491 -0.777566 0.588876 0.0 0.208098 -0.542638 -0.401014 1.0]
283
	ConcatTransform [1.1 0.0 0.0 0.0 0.0 1.1 0.0 0.0 0.0 0.0 1.1 0.0 -9.609 0.05 6.704 1.0]
	ConcatTransform [0.765498 0.505535 0.398054 0.0 -0.609774 0.372489 0.699591 0.0 0.205397 -0.778259 0.593401 0.0 0.212646 -0.543397 -0.399152 1.0]
284
	ConcatTransform [1.1 0.0 0.0 0.0 0.0 1.1 0.0 0.0 0.0 0.0 1.1 0.0 -9.609 0.05 6.704 1.0]
	ConcatTransform [0.750233 0.508358 0.422756 0.0 -0.634348 0.373148 0.677025 0.0 0.186421 -0.776101 0.602424 0.0 0.216604 -0.543509 -0.396538 1.0]
285
	ConcatTransform [1.1 0.0 0.0 0.0 0.0 1.1 0.0 0.0 0.0 0.0 1.1 0.0 -9.609 0.05 6.704 1.0]
	ConcatTransform [0.743971 0.503824 0.43894 0.0 -0.64655 0.376862 0.663286 0.0 0.16876 -0.777262 0.606122 0.0 0.217904 -0.54389 -0.3948 1.0]
286
	ConcatTransform [1.1 0.0 0.0 0.0 0.0 1.1 0.0 0.0 0.0 0.0 1.1 0.0 -9.609 0.05 6.704 1.0]
	ConcatTransform [0.738732 0.493898 0.458629 0.0 -0.658967 0.386348 0.645366 0.0 0.141555 -0.778973 0.61087 0.0 0.217685 -0.544227 -0.392322 1.0]
287
	ConcatTransform [1.1 0.0 0.0 0.0 0.0 1.1 0.0 0.0 0.0 0.0 1.1 0.0 -9.609 0.05 6.704 1.0]
	ConcatTransform [0.735582 0.492337 0.46532 0.0 -0.66417 0.388862 0.638485 0.0 0.133405 -0.77871 0.613036 0.0 0.215894 -0.544025 -0.390943 1.0]
288
	ConcatTransform [1.1 0.0 0.0 0.0 0.0 1.1 0.0 0.0 0.0 0.0 1.1 0.0 -9.609 0.05 6.704 1.0]
	ConcatTransform [0.743581 0.48827 0.456815 0.0 -0.65496 0.394354 0.644602 0.0 0.134593 -0.778509 0.613032 0.0 0.211734 -0.545154 -0.389735 1.0]
289
	ConcatTransform [1.1 0.0 0.0 0.0 0.0 1.1 0.0 0.0 0.0 0.0 1.1 0.0 -9.609 0.05 6.704 1.0]
	ConcatTransform [0.75473 0.481457 0.445626 0.0 -0.641598 0.399972 0.654503 0.0 0.136878 -0.779886 0.610773 0.0 0.208065 -0.545339 -0.389787 1.0]
290
	ConcatTransform [1.1 0.0 0.0 0.0 0.0 1.1 0.0 0.0 0.0 0.0 1.1 0.0 -9.609 0.05 6.704 1.0]
	ConcatTransform [0.772451 0.471413 0.425546 0.0 -0.619081 0.409513 0.670103 0.0 0.141628 -0.781069 0.608171 0.0 0.201161 -0.545929 -0.390776 1.0]
291
	ConcatTransform [1.1 0.0 0.0 0.0 0.0 1.1 0.0 0.0 0.0 0.0 1.1 0.0 -9.609 0.05 6.704 1.0]
	ConcatTransform [0.785561 0.462642 0.410921 0.0 -0.601766 0.416512 0.681465 0.0 0.144121 -0.782611 0.605598 0.0 0.195723 -0.545936 -0.391677 1.0]
292
	ConcatTransform [1.1 0.0 0.0 0.0 0.0 1.1 0.0 0.0 0.0 0.0 1.1 0.0 -9.609 0.05 6.704 1.0]
	ConcatTransform [0.803472 0.447244 0.392945 0.0 -0.578121 0.428533 0.69436 0.0 0.142158 -0.785068 0.602875 0.0 0.186975 -0.547144 -0.393199 1.0]
293
	ConcatTransform [1.1 0.0 0.0 0.0 0.0 1.1 0.0 0.0 0.0 0.0 1.1 0.0 -9.609 0.05 6.704 1.0]
	ConcatTransform [0.812859 0.4368 0.385312 0.0 -0.565834 0.435254 0.700276 0.0 0.138172 -0.787249 0.600956 0.0 0.180597 -0.546963 -0.394258 1.0]
294
	ConcatTransform [1.1 0.0 0.0 0.0 0.0 1.1 0.0 0.0 0.0 0.0 1.1 0.0 -9.609 0.05 6.704 1.0]
	ConcatTransform [0.827192 0.419612 0.373736 0.0 -0.546194 0.444177 0.710196 0.0 0.132001 -0.791601 0.59661 0.0 0.170592 -0.547517 -0.396054 1.0]
295
	ConcatTransform [1.1 0.0 0.0 0.0 0.0 1.1 0.0 0.0 0.0 0.0 1.1 0.0 -9.609 0.05 6.704 1.0]
	ConcatTransform [0.836743 0.407372 0.365937 0.0 -0.532562 0.449876 0.71693 0.0 0.127431 -0.79477 0.593382 0.0 0.163798 -0.547555 -0.39735 1.0]
296
	ConcatTransform [1.1 0.0 0.0 0.0 0.0 1.1 0.0 0.0 0.0 0.0 1.1 0.0 -9.609 0.05 6.704 1.0]
	ConcatTransform [0.849684 0.390213 0.354642 0.0 -0.513058 0.456597 0.726836 0.0 0.121692 -0.799533 0.588165 0.0 0.153655 -0.547396 -0.399382 1.0]
297
	ConcatTransform [1.1 0.0 0.0 0.0 0.0 1.1 0.0 0.0 0.0 0.0 1.1 0.0 -9.609 0.05 6.704 1.0]
	ConcatTransform [0.857439 0.379733 0.347277 0.0 -0.500717 0.460067 0.733226 0.0 0.118659 -0.802584 0.584618 0.0 0.147095 -0.54722 -0.400763 1.0]
298
	ConcatTransform [1.1 0.0 0.0 0.0 0.0 1.1 0.0 0.0 0.0 0.0 1.1 0.0 -9.609 0.05 6.704 1.0]
	ConcatTransform [0.868251 0.364704 0.336351 0.0 -0.482692 0.464279 0.742599 0.0 0.114668 -0.807116 0.57915 0.0 0.137901 -0.546687 -0.402799 1.0]
299
	ConcatTransform [1.1 0.0 0.0 0.0 0.0 1.1 0.0 0.0 0.0 0.0 1.1 0.0 -9.609 0.05 6.704 1.0]
	ConcatTransform [0.874288 0.356875 0.329031 0.0 -0.471909 0.466158 0.748331 0.0 0.11368 -0.809529 0.575968 0.0 0.132287 -0.546445 -0.404124 1.0]
300
	ConcatTransform [1.1 0.0 0.0 0.0 0.0 1.1 0.0 0.0 0.0 0.0 1.1 0.0 -9.609 0.05 6.704 1.0]
	ConcatTransform [0.880792 0.350671 0.318175 0.0 -0.458981 0.467148 0.755718 0.0 0.116374 -0.811667 0.572411 0.0 0.124751 -0.546401 -0.406036 1.0]
301
	ConcatTransform [1.1 0.0 0.0 0.0 0.0 1.1 0.0 0.0 0.0 0.0 1.1 0.0 -9.609 0.05 6.704 1.0]
	ConcatTransform [0.885045 0.346382 0.310989 0.0 -0.45028 0.467562 0.76068 0.0 0.118079 -0.813269 0.569782 0.0 0.12057 -0.546237 -0.407185 1.0]
302
	ConcatTransform [1.1 0.0 0.0 0.0 0.0 1.1 0.0 0.0 0.0 0.0 1.1 0.0 -9.609 0.05 6.704 1.0]
	ConcatTransform [0.890525 0.341281 0.300819 0.0 -0.438347 0.466776 0.768096 0.0 0.121722 -0.815872 0.565276 0.0 0.115635 -0.54605 -0.408688 1.0]
303
	ConcatTransform [1.1 0.0 0.0 0.0 0.0 1.1 0.0 0.0 0.0 0.0 1.1 0.0 -9.609 0.05 6.704 1.0]
	ConcatTransform [0.892868 0.341128 0.293968 0.0 -0.432162 0.465608 0.772299 0.0 0.126579 -0.816603 0.563149 0.0 0.113186 -0.546053 -0.409591 1.0]
304
	ConcatTransform [1.1 0.0 0.0 0.0 0.0 1.1 0.0 0.0 0.0 0.0 1.1 0.0 -9.609 0.05 6.704 1.0]
	ConcatTransform [0.894821 0.344924 0.283413 0.0 -0.42492 0.463402 0.777626 0.0 0.136887 -0.816263 0.561227 0.0 0.110773 -0.546214 -0.410767 1.0]
305
	ConcatTransform [1.1 0.0 0.0 0.0 0.0 1.1 0.0 0.0 0.0 0.0 1.1 0.0 -9.609 0.05 6.704 1.0]
	ConcatTransform [0.895947 0.347569 0.276542 0.0 -0.420214 0.461623 0.781233 0.0 0.143874 -0.81615 0.559643 0.0 0.110057 -0.545993 -0.411352 1.0]
306
	ConcatTransform [1.1 0.0 0.0 0.0 0.0 1.1 0.0 0.0 0.0 0.0 1.1 0.0 -9.609 0.05 6.704 1.0]
	ConcatTransform [0.897126 0.352461 0.266337 0.0 -0.41369 0.458726 0.786404 0.0 0.155001 -0.815685 0.557345 0.0 0.110169 -0.546174 -0.411978 1.0]
307
	ConcatTransform [1.1 0.0 0.0 0.0 0.0 1.1 0.0 0.0 0.0 0.0 1.1 0.0 -9.609 0.05 6.704 1.0]
	ConcatTransform [0.897164 0.357491 0.259415 0.0 -0.410227 0.456675 0.789406 0.0 0.163737 -0.814646 0.556365 0.0 0.110932 -0.546124 -0.412244 1.0]
308
	ConcatTransform [1.1 0.0 0.0 0.0 0.0 1.1 0.0 0.0 0.0 0.0 1.1 0.0 -9.609 0.05 6.704 1.0]
	ConcatTransform [0.895503 0.368536 0.249511 0.0 -0.407228 0.45233 0.79345 0.0 0.179554 -0.812144 0.555141 0.0 0.112889 -0.546814 -0.412421 1.0]
309
	ConcatTransform [1.1 0.0 0.0 0.0 0.0 1.1 0.0 0.0 0.0 0.0 1.1 0.0 -9.609 0.05 6.704 1.0]
	ConcatTransform [0.894584 0.37518 0.242818 0.0 -0.404733 0.449756 0.796185 0.0 0.189504 -0.81053 0.554192 0.0 0.114807 -0.54718 -0.412397 1.0]
310
	ConcatTransform [1.1 0.0 0.0 0.0 0.0 1.1 0.0 0.0 0.0 0.0 1.1 0.0 -9.609 0.05 6.704 1.0]
	ConcatTransform [0.893496 0.384322 0.232297 0.0 -0.400209 0.446813 0.80012 0.0 0.20371 -0.807871 0.553034 0.0 0.118438 -0.547146 -0.412196 1.0]
311
	ConcatTransform [1.1 0.0 0.0 0.0 0.0 1.1 0.0 0.0 0.0 0.0 1.1 0.0 -9.609 0.05 6.704 1.0]
	ConcatTransform [0.892391 0.390936 0.225405 0.0 -0.397515 0.444591 0.802696 0.0 0.213589 -0.80592 0.552152 0.0 0.12117 -0.547441 -0.411953 1.0]
312
	ConcatTransform [1.1 0.0 0.0 0.0 0.0 1.1 0.0 0.0 0.0 0.0 1.1 0.0 -9.609 0.05 6.704 1.0]
	ConcatTransform [0.890445 0.40107 0.215058 0.0 -0.393536 0.441279 0.806475 0.0 0.228553 -0.802755 0.550771 0.0 0.125606 -0.54731 -0.411457 1.0]
313
	ConcatTransform [1.1 0.0 0.0 0.0 0.0 1.1 0.0 0.0 0.0 0.0 1.1 0.0 -9.609 0.05 6.704 1.0]
	ConcatTransform [0.889555 0.406838 0.207787 0.0 -0.390115 0.439848 0.808915 0.0 0.237703 -0.800635 0.549983 0.0 0.128671 -0.547007 -0.411048 1.0]
314
	ConcatTransform [1.1 0.0 0.0 0.0 0.0 1.1 0.0 0.0 0.0 0.0 1.1 0.0 -9.609 0.05 6.704 1.0]
	ConcatTransform [0.888156 0.415331 0.196669 0.0 -0.384768 0.438102 0.812416 0.0 0.251261 -0.797224 0.548909 0.0 0.133216 -0.547308 -0.41035 1.0]
315
	ConcatTransform [1.1 0.0 0.0 0.0 0.0 1.1 0.0 0.0 0.0 0.0 1.1 0.0 -9.609 0.05 6.704 1.0]
	ConcatTransform [0.887398 0.420395 0.189189 0.0 -0.380818 0.43719 0.814766 0.0 0.259812 -0.795068 0.548055 0.0 0.136146 -0.547278 -0.40984 1.0]
316
	ConcatTransform [1.1 0.0 0.0 0.0 0.0 1.1 0.0 0.0 0.0 0.0 1.1 0.0 -9.609 0.05 6.704 1.0]
	ConcatTransform [0.88699 0.426193 0.177787 0.0 -0.37377 0.436492 0.818395 0.0 0.271192 -0.79236 0.546462 0.0 0.140272 -0.547454 -0.409022 1.0]
317
	ConcatTransform [1.1 0.0 0.0 0.0 0.0 1.1 0.0 0.0 0.0 0.0 1.1 0.0 -9.609 0.05 6.704 1.0]
	ConcatTransform [0.887068 0.429221 0.169942 0.0 -0.368598 0.436912 0.820514 0.0 0.277932 -0.790491 0.545781 0.0 0.142754 -0.547003 -0.408489 1.0]
318
	ConcatTransform [1.1 0.0 0.0 0.0 0.0 1.1 0.0 0.0 0.0 0.0 1.1 0.0 -9.609 0.05 6.704 1.0]
	ConcatTransform [0.887291 0.432861 0.159204 0.0 -0.361347 0.437932 0.823191 0.0 0.286607 -0.787938 0.544986 0.0 0.145952 -0.547367 -0.407745 1.0]
319
	ConcatTransform [1.1 0.0 0.0 0.0 0.0 1.1 0.0 0.0 0.0 0.0 1.1 0.0 -9.609 0.05 6.704 1.0]
	ConcatTransform [0.888178 0.433389 0.152689 0.0 -0.35567 0.43803 0.825608 0.0 0.290927 -0.787594 0.543192 0.0 0.147749 -0.547357 -0.407248 1.0]
320
	ConcatTransform [1.1 0.0 0.0 0.0 0.0 1.1 0.0 0.0 0.0 0.0 1.1 0.0 -9.609 0.05 6.704 1.0]
	ConcatTransform [0.889698 0.433675 0.1427 0.0 -0.346829 0.438758 0.828976 0.0 0.296895 -0.787031 0.540773 0.0 0.149907 -0.547352 -0.406637 1.0]
321
	ConcatTransform [1.1 0.0 0.0 0.0 0.0 1.1 0.0 0.0 0.0 0.0 1.1 0.0 -9.609 0.05 6.704 1.0]
	ConcatTransform [0.890776 0.433528 0.13628 0.0 -0.340914 0.439194 0.831195 0.0 0.300493 -0.786869 0.539019 0.0 0.15094 -0.547354 -0.406292 1.0]
322
	ConcatTransform [1.1 0.0 0.0 0.0 0.0 1.1 0.0 0.0 0.0 0.0 1.1 0.0 -9.609 0.05 6.704 1.0]
	ConcatTransform [0.892211 0.433395 0.127001 0.0 -0.332341 0.439662 0.834414 0.0 0.305793 -0.786681 0.536305 0.0 0.151919 -0.547124 -0.405903 1.0]
323
	ConcatTransform [1.1 0.0 0.0 0.0 0.0 1.1 0.0 0.0 0.0 0.0 1.1 0.0 -9.609 0.05 6.704 1.0]
	ConcatTransform [0.893559 0.432415 0.120704 0.0 -0.32613 0.440441 0.836451 0.0 0.308531 -0.786784 0.534584 0.0 0.152225 -0.547139 -0.405729 1.0]
324
	ConcatTransform [1.1 0.0 0.0 0.0 0.0 1.1 0.0 0.0 0.0 0.0 1.1 0.0 -9.609 0.05 6.704 1.0]
	ConcatTransform [0.895758 0.430368 0.111356 0.0 -0.316899 0.442524 0.838897 0.0 0.311756 -0.786737 0.532778 0.0 0.152171 -0.547171 -0.405628 1.0]
325
	ConcatTransform [1.1 0.0 0.0 0.0 0.0 1.1 0.0 0.0 0.0 0.0 1.1 0.0 -9.609 0.05 6.704 1.0]
	ConcatTransform [0.897546 0.428 0.10596 0.0 -0.310549 0.443038 0.840997 0.0 0.313003 -0.78774 0.530562 0.0 0.151813 -0.546879 -0.405573 1.0]
326
	ConcatTransform [1.1 0.0 0.0 0.0 0.0 1.1 0.0 0.0 0.0 0.0 1.1 0.0 -9.609 0.05 6.704 1.0]
	ConcatTransform [0.90006 0.424632 0.09788 0.0 -0.301219 0.443946 0.843907 0.0 0.314896 -0.78905 0.527485 0.0 0.15081 -0.546639 -0.405598 1.0]
327
	ConcatTransform [1.1 0.0 0.0 0.0 0.0 1.1 0.0 0.0 0.0 0.0 1.1 0.0 -9.609 0.05 6.704 1.0]
	ConcatTransform [0.901795 0.422194 0.092288 0.0 -0.294868 0.44499 0.845598 0.0 0.31594 -0.789769 0.525782 0.0 0.149906 -0.547481 -0.4057 1.0]
328
	ConcatTransform [1.1 0.0 0.0 0.0 0.0 1.1 0.0 0.0 0.0 0.0 1.1 0.0 -9.609 0.05 6.704 1.0]
	ConcatTransform [0.904747 0.417584 0.084009 0.0 -0.284892 0.446623 0.848154 0.0 0.316655 -0.791298 0.523046 0.0 0.148224 -0.546981 -0.40596 1.0]
329
	ConcatTransform [1.1 0.0 0.0 0.0 0.0 1.1 0.0 0.0 0.0 0.0 1.1 0.0 -9.609 0.05 6.704 1.0]
	ConcatTransform [0.906591 0.414562 0.078935 0.0 -0.278443 0.447063 0.850061 0.0 0.317114 -0.792637 0.520735 0.0 0.146925 -0.546797 -0.40617 1.0]
330
	ConcatTransform [1.1 0.0 0.0 0.0 0.0 1.1 0.0 0.0 0.0 0.0 1.1 0.0 -9.609 0.05 6.704 1.0]
	ConcatTransform [0.909275 0.409961 0.071775 0.0 -0.268904 0.447052 0.853132 0.0 0.317664 -0.795032 0.516733 0.0 0.14482 -0.547324 -0.406543 1.0]
331
	ConcatTransform [1.1 0.0 0.0 0.0 0.0 1.1 0.0 0.0 0.0 0.0 1.1 0.0 -9.609 0.05 6.704 1.0]
	ConcatTransform [0.910967 0.407032 0.066817 0.0 -0.262565 0.447287 0.854982 0.0 0.318119 -0.796404 0.514336 0.0 0.14334 -0.547018 -0.406857 1.0]
332
	ConcatTransform [1.1 0.0 0.0 0.0 0.0 1.1 0.0 0.0 0.0 0.0 1.1 0.0 -9.609 0.05 6.704 1.0]
	ConcatTransform [0.913136 0.403247 0.059795 0.0 -0.253613 0.447102 0.857776 0.0 0.319161 -0.798431 0.510533 0.0 0.141146 -0.54753 -0.407392 1.0]
333
	ConcatTransform [1.1 0.0 0.0 0.0 0.0 1.1 0.0 0.0 0.0 0.0 1.1 0.0 -9.609 0.05 6.704 1.0]
	ConcatTransform [0.914454 0.400713 0.056587 0.0 -0.249137 0.447241 0.859015 0.0 0.31891 -0.799628 0.508814 0.0 0.13978 -0.547519 -0.407804 1.0]
334
	ConcatTransform [1.1 0.0 0.0 0.0 0.0 1.1 0.0 0.0 0.0 0.0 1.1 0.0 -9.609 0.05 6.704 1.0]
	ConcatTransform [0.916046 0.397373 0.054361 0.0 -0.245144 0.447465 0.860046 0.0 0.317434 -0.801168 0.507312 0.0 0.137926 -0.547498 -0.408471 1.0]
335
	ConcatTransform [1.1 0.0 0.0 0.0 0.0 1.1 0.0 0.0 0.0 0.0 1.1 0.0 -9.609 0.05 6.704 1.0]
	ConcatTransform [0.916746 0.39578 0.054168 0.0 -0.243859 0.447064 0.86062 0.0 0.3164 -0.802179 0.506359 0.0 0.136831 -0.547275 -0.408917 1.0]
336
	ConcatTransform [1.1 0.0 0.0 0.0 0.0 1.1 0.0 0.0 0.0 0.0 1.1 0.0 -9.609 0.05 6.704 1.0]
	ConcatTransform [0.917845 0.393223 0.054188 0.0 -0.242253 0.446776 0.861223 0.0 0.314443 -0.803597 0.50533 0.0 0.135402 -0.547252 -0.4096 1.0]
337
	ConcatTransform [1.1 0.0 0.0 0.0 0.0 1.1 0.0 0.0 0.0 0.0 1.1 0.0 -9.609 0.05 6.704 1.0]
	ConcatTransform [0.918406 0.391755 0.055299 0.0 -0.242114 0.445966 0.861681 0.0 0.312907 -0.804762 0.504428 0.0 0.134603 -0.547446 -0.41002 1.0]
338
	ConcatTransform [1.1 0.0 0.0 0.0 0.0 1.1 0.0 0.0 0.0 0.0 1.1 0.0 -9.609 0.05 6.704 1.0]
	ConcatTransform [0.918748 0.390579 0.057886 0.0 -0.243386 0.444765 0.861944 0.0 0.310912 -0.805998 0.503688 0.0 0.133646 -0.547223 -0.410652 1.0]
339
	ConcatTransform [1.1 0.0 0.0 0.0 0.0 1.1 0.0 0.0 0.0 0.0 1.1 0.0 -9.609 0.05 6.704 1.0]
	ConcatTransform [0.918875 0.389987 0.059822 0.0 -0.244702 0.444366 0.861777 0.0 0.309499 -0.806504 0.503748 0.0 0.133217 -0.547215 -0.411057 1.0]
340
	ConcatTransform [1.1 0.0 0.0 0.0 0.0 1.1 0.0 0.0 0.0 0.0 1.1 0.0 -9.609 0.05 6.704 1.0]
	ConcatTransform [0.918548 0.390217 0.063255 0.0 -0.248085 0.444445 0.860769 0.0 0.307773 -0.806349 0.505051 0.0 0.132904 -0.547218 -0.41163 1.0]
341
	ConcatTransform [1.1 0.0 0.0 0.0 0.0 1.1 0.0 0.0 0.0 0.0 1.1 0.0 -9.609 0.05 6.704 1.0]
	ConcatTransform [0.918096 0.390795 0.066176 0.0 -0.25105 0.444151 0.86006 0.0 0.306715 -0.806232 0.505882 0.0 0.132919 -0.547435 -0.411956 1.0]
342
	ConcatTransform [1.1 0.0 0.0 0.0 0.0 1.1 0.0 0.0 0.0 0.0 1.1 0.0 -9.609 0.05 6.704 1.0]
	ConcatTransform [0.917014 0.392365 0.071652 0.0 -0.256731 0.443169 0.858889 0.0 0.305244 -0.806009 0.507125 0.0 0.133291 -0.547451 -0.412377 1.0]
343
	ConcatTransform [1.1 0.0 0.0 0.0 0.0 1.1 0.0 0.0 0.0 0.0 1.1 0.0 -9.609 0.05 6.704 1.0]
	ConcatTransform [0.91618 0.393618 0.075364 0.0 -0.260759 0.442674 0.85793 0.0 0.304335 -0.80567 0.508209 0.0 0.133751 -0.547251 -0.412622 1.0]
344
	ConcatTransform [1.1 0.0 0.0 0.0 0.0 1.1 0.0 0.0 0.0 0.0 1.1 0.0 -9.609 0.05 6.704 1.0]
	ConcatTransform [0.91469 0.395877 0.081383 0.0 -0.267422 0.441854 0.856301 0.0 0.303031 -0.805013 0.510025 0.0 0.134667 -0.547483 -0.412904 1.0]
345
	ConcatTransform [1.1 0.0 0.0 0.0 0.0 1.1 0.0 0.0 0.0 0.0 1.1 0.0 -9.609 0.05 6.704 1.0]
	ConcatTransform [0.913516 0.397738 0.085394 0.0 -0.272152 0.441506 0.854989 0.0 0.30236 -0.804287 0.511568 0.0 0.135428 -0.547499 -0.413063 1.0]
346
	ConcatTransform [1.1 0.0 0.0 0.0 0.0 1.1 0.0 0.0 0.0 0.0 1.1 0.0 -9.609 0.05 6.704 1.0]
	ConcatTransform [0.911598 0.400739 0.091635 0.0 -0.279471 0.440674 0.853055 0.0 0.301472 -0.803252 0.513713 0.0 0.136776 -0.547301 -0.413198 1.0]
347
	ConcatTransform [1.1 0.0 0.0 0.0 0.0 1.1 0.0 0.0 0.0 0.0 1.1 0.0 -9.609 0.05 6.704 1.0]
	ConcatTransform [0.910337 0.402695 0.095518 0.0 -0.2842 0.44047 0.851597 0.0 0.300861 -0.802386 0.515422 0.0 0.137747 -0.546997 -0.413211 1.0]
348
	ConcatTransform [1.1 0.0 0.0 0.0 0.0 1.1 0.0 0.0 0.0 0.0 1.1 0.0 -9.609 0.05 6.704 1.0]
	ConcatTransform [0.908422 0.405594 0.10131 0.0 -0.29119 0.440007 0.849472 0.0 0.299963 -0.801179 0.517817 0.0 0.139274 -0.547538 -0.413119 1.0]
349
	ConcatTransform [1.1 0.0 0.0 0.0 0.0 1.1 0.0 0.0 0.0 0.0 1.1 0.0 -9.609 0.05 6.704 1.0]
	ConcatTransform [0.907229 0.40732 0.105003 0.0 -0.295638 0.439872 0.848004 0.0 0.299222 -0.800377 0.519484 0.0 0.140315 -0.547542 -0.412989 1.0]
350
	ConcatTransform [1.1 0.0 0.0 0.0 0.0 1.1 0.0 0.0 0.0 0.0 1.1 0.0 -9.609 0.05 6.704 1.0]
	ConcatTransform [0.905239 0.410291 0.110467 0.0 -0.302463 0.439633 0.845718 0.0 0.298425 -0.79899 0.522071 0.0 0.141865 -0.547544 -0.412723 1.0]
351
	ConcatTransform [1.1 0.0 0.0 0.0 0.0 1.1 0.0 0.0 0.0 0.0 1.1 0.0 -9.609 0.05 6.704 1.0]
	ConcatTransform [0.903977 0.412114 0.113963 0.0 -0.306858 0.439671 0.844114 0.0 0.297765 -0.79803 0.523913 0.0 0.142839 -0.547143 -0.412491 1.0]
352
	ConcatTransform [1.1 0.0 0.0 0.0 0.0 1.1 0.0 0.0 0.0 0.0 1.1 0.0 -9.609 0.05 6.704 1.0]
	ConcatTransform [0.902523 0.413855 0.119067 0.0 -0.312825 0.440032 0.841732 0.0 0.295962 -0.796929 0.526603 0.0 0.144206 -0.54714 -0.412075 1.0]
353
	ConcatTransform [1.1 0.0 0.0 0.0 0.0 1.1 0.0 0.0 0.0 0.0 1.1 0.0 -9.609 0.05 6.704 1.0]
	ConcatTransform [0.901791 0.41451 0.122289 0.0 -0.316435 0.440578 0.840095 0.0 0.29435 -0.796286 0.528475 0.0 0.145029 -0.547317 -0.411771 1.0]
354
	ConcatTransform [1.1 0.0 0.0 0.0 0.0 1.1 0.0 0.0 0.0 0.0 1.1 0.0 -9.609 0.05 6.704 1.0]
	ConcatTransform [0.90036 0.416056 0.127472 0.0 -0.322288 0.440765 0.837769 0.0 0.292374 -0.795376 0.530937 0.0 0.146096 -0.547532 -0.411289 1.0]
355
	ConcatTransform [1.1 0.0 0.0 0.0 0.0 1.1 0.0 0.0 0.0 0.0 1.1 0.0 -9.609 0.05 6.704 1.0]
	ConcatTransform [0.899767 0.416339 0.130695 0.0 -0.325667 0.441326 0.836166 0.0 0.29045 -0.794917 0.532678 0.0 0.1467 -0.547131 -0.41097 1.0]
356
	ConcatTransform [1.1 0.0 0.0 0.0 0.0 1.1 0.0 0.0 0.0 0.0 1.1 0.0 -9.609 0.05 6.704 1.0]
	ConcatTransform [0.899161 0.416157 0.135365 0.0 -0.33031 0.442489 0.833726 0.0 0.287063 -0.794366 0.53533 0.0 0.147393 -0.546786 -0.410489 1.0]
357
	ConcatTransform [1.1 0.0 0.0 0.0 0.0 1.1 0.0 0.0 0.0 0.0 1.1 0.0 -9.609 0.05 6.704 1.0]
	ConcatTransform [0.89887 0.415759 0.138482 0.0 -0.33324 0.443297 0.832129 0.0 0.284577 -0.794124 0.537014 0.0 0.147731 -0.547312 -0.410179 1.0]
358
	ConcatTransform [1.1 0.0 0.0 0.0 0.0 1.1 0.0 0.0 0.0 0.0 1.1 0.0 -9.609 0.05 6.704 1.0]
	ConcatTransform [0.898244 0.415409 0.143504 0.0 -0.337897 0.443948 0.829901 0.0 0.28104 -0.793943 0.539139 0.0 0.148017 -0.547135 -0.409739 1.0]
359
	ConcatTransform [1.1 0.0 0.0 0.0 0.0 1.1 0.0 0.0 0.0 0.0 1.1 0.0 -9.609 0.05 6.704 1.0]
	ConcatTransform [0.89794 0.414916 0.146791 0.0 -0.340822 0.444514 0.828401 0.0 0.278466 -0.793884 0.54056 0.0 0.148089 -0.547531 -0.409479 1.0]
360
	ConcatTransform [1.1 0.0 0.0 0.0 0.0 1.1 0.0 0.0 0.0 0.0 1.1 0.0 -9.609 0.05 6.704 1.0]
	ConcatTransform [-0.538103 0.405552 0.7389 0.0 -0.58306 0.453955 -0.67377 0.0 -0.608676 -0.79338 -0.007813 0.0 0.303652 -0.546355 0.070958 1.0]
