228
	ConcatTransform [1.1 0.0 0.0 0.0 0.0 1.1 0.0 0.0 0.0 0.0 1.1 0.0 -9.609 0.05 6.704 1.0]
	ConcatTransform [0.999465 0.032711 0.000312 0.0 -0.032682 0.998892 -0.033851 0.0 -0.001419 0.033822 0.999427 0.0 0.040725 -0.009282 -0.026922 1.0]
229
	ConcatTransform [1.1 0.0 0.0 0.0 0.0 1.1 0.0 0.0 0.0 0.0 1.1 0.0 -9.609 0.05 6.704 1.0]
	ConcatTransform [0.998638 0.051147 0.010289 0.0 -0.051187 0.998683 0.003618 0.0 -0.01009 -0.004139 0.999941 0.0 0.068983 -0.027878 -0.041777 1.0]
230
	ConcatTransform [1.1 0.0 0.0 0.0 0.0 1.1 0.0 0.0 0.0 0.0 1.1 0.0 -9.609 0.05 6.704 1.0]
	ConcatTransform [0.996866 0.078416 0.010413 0.0 -0.078875 0.995347 0.055343 0.0 -0.006025 -0.055991 0.998413 0.0 0.111184 -0.074437 -0.064663 1.0]
231
	ConcatTransform [1.1 0.0 0.0 0.0 0.0 1.1 0.0 0.0 0.0 0.0 1.1 0.0 -9.609 0.05 6.704 1.0]
	ConcatTransform [0.994529 0.104066 0.009025 0.0 -0.104455 0.990309 0.091528 0.0 0.000587 -0.09197 0.995762 0.0 0.139166 -0.117666 -0.079974 1.0]
232
	ConcatTransform [1.1 0.0 0.0 0.0 0.0 1.1 0.0 0.0 0.0 0.0 1.1 0.0 -9.609 0.05 6.704 1.0]
	ConcatTransform [0.982265 0.187256 0.009512 0.0 -0.186308 0.969069 0.161847 0.0 0.02109 -0.160749 0.98677 0.0 0.180069 -0.200044 -0.102598 1.0]
233
	ConcatTransform [1.1 0.0 0.0 0.0 0.0 1.1 0.0 0.0 0.0 0.0 1.1 0.0 -9.609 0.05 6.704 1.0]
	ConcatTransform [0.965821 0.258872 0.013206 0.0 -0.255636 0.942841 0.21378 0.0 0.04289 -0.209849 0.976793 0.0 0.206791 -0.267052 -0.117549 1.0]
234
	ConcatTransform [1.1 0.0 0.0 0.0 0.0 1.1 0.0 0.0 0.0 0.0 1.1 0.0 -9.609 0.05 6.704 1.0]
	ConcatTransform [0.919916 0.390625 0.03416 0.0 -0.382446 0.874591 0.298038 0.0 0.086545 -0.287234 0.953943 0.0 0.246206 -0.385623 -0.139711 1.0]
235
	ConcatTransform [1.1 0.0 0.0 0.0 0.0 1.1 0.0 0.0 0.0 0.0 1.1 0.0 -9.609 0.05 6.704 1.0]
	ConcatTransform [0.867871 0.492611 0.064297 0.0 -0.48078 0.800247 0.358406 0.0 0.125102 -0.341963 0.931349 0.0 0.273328 -0.475832 -0.154954 1.0]
236
	ConcatTransform [1.1 0.0 0.0 0.0 0.0 1.1 0.0 0.0 0.0 0.0 1.1 0.0 -9.609 0.05 6.704 1.0]
	ConcatTransform [0.712692 0.694214 0.100684 0.0 -0.670279 0.631614 0.389602 0.0 0.206874 -0.345153 0.915463 0.0 0.346225 -0.574454 -0.198843 1.0]
237
	ConcatTransform [1.1 0.0 0.0 0.0 0.0 1.1 0.0 0.0 0.0 0.0 1.1 0.0 -9.609 0.05 6.704 1.0]
	ConcatTransform [0.570274 0.783669 0.246273 0.0 -0.816078 0.506235 0.278825 0.0 0.093835 -0.359984 0.928227 0.0 0.416705 -0.603114 -0.235976 1.0]
238
	ConcatTransform [1.1 0.0 0.0 0.0 0.0 1.1 0.0 0.0 0.0 0.0 1.1 0.0 -9.609 0.05 6.704 1.0]
	ConcatTransform [0.250847 0.862812 0.438897 0.0 -0.961817 0.27342 0.01221 0.0 -0.109468 -0.425202 0.898454 0.0 0.529033 -0.624354 -0.294218 1.0]
239
	ConcatTransform [1.1 0.0 0.0 0.0 0.0 1.1 0.0 0.0 0.0 0.0 1.1 0.0 -9.609 0.05 6.704 1.0]
	ConcatTransform [0.067679 0.85304 0.517438 0.0 -0.963114 0.191242 -0.189307 0.0 -0.260443 -0.48554 0.834518 0.0 0.607304 -0.620316 -0.333687 1.0]
240
	ConcatTransform [1.1 0.0 0.0 0.0 0.0 1.1 0.0 0.0 0.0 0.0 1.1 0.0 -9.609 0.05 6.704 1.0]
	ConcatTransform [-0.090263 0.792799 0.602763 0.0 -0.911782 0.177686 -0.370244 0.0 -0.400631 -0.583008 0.706821 0.0 0.712535 -0.609949 -0.383096 1.0]
241
	ConcatTransform [1.1 0.0 0.0 0.0 0.0 1.1 0.0 0.0 0.0 0.0 1.1 0.0 -9.609 0.05 6.704 1.0]
	ConcatTransform [-0.194219 0.75149 0.630509 0.0 -0.887739 0.138823 -0.438916 0.0 -0.41737 -0.644973 0.640165 0.0 0.77692 -0.598196 -0.410441 1.0]
242
	ConcatTransform [1.1 0.0 0.0 0.0 0.0 1.1 0.0 0.0 0.0 0.0 1.1 0.0 -9.609 0.05 6.704 1.0]
	ConcatTransform [-0.26313 0.709085 0.654188 0.0 -0.836892 0.169586 -0.520435 0.0 -0.479973 -0.684426 0.548804 0.0 0.869269 -0.581763 -0.447976 1.0]
243
	ConcatTransform [1.1 0.0 0.0 0.0 0.0 1.1 0.0 0.0 0.0 0.0 1.1 0.0 -9.609 0.05 6.704 1.0]
	ConcatTransform [-0.268395 0.692608 0.669521 0.0 -0.799056 0.228115 -0.556303 0.0 -0.538028 -0.684293 0.492208 0.0 0.932045 -0.582656 -0.47272 1.0]
244
	ConcatTransform [1.1 0.0 0.0 0.0 0.0 1.1 0.0 0.0 0.0 0.0 1.1 0.0 -9.609 0.05 6.704 1.0]
	ConcatTransform [-0.362449 0.673016 0.644732 0.0 -0.731628 0.223083 -0.644169 0.0 -0.577365 -0.705183 0.411542 0.0 1.01858 -0.582617 -0.506325 1.0]
245
	ConcatTransform [1.1 0.0 0.0 0.0 0.0 1.1 0.0 0.0 0.0 0.0 1.1 0.0 -9.609 0.05 6.704 1.0]
	ConcatTransform [-0.449823 0.639427 0.623532 0.0 -0.683994 0.202284 -0.700881 0.0 -0.574293 -0.741764 0.346372 0.0 1.068783 -0.572058 -0.522961 1.0]
246
	ConcatTransform [1.1 0.0 0.0 0.0 0.0 1.1 0.0 0.0 0.0 0.0 1.1 0.0 -9.609 0.05 6.704 1.0]
	ConcatTransform [-0.577372 0.579566 0.575104 0.0 -0.601175 0.17485 -0.779754 0.0 -0.552476 -0.795946 0.247467 0.0 1.135266 -0.551504 -0.542694 1.0]
247
	ConcatTransform [1.1 0.0 0.0 0.0 0.0 1.1 0.0 0.0 0.0 0.0 1.1 0.0 -9.609 0.05 6.704 1.0]
	ConcatTransform [-0.645263 0.536416 0.543961 0.0 -0.544911 0.175888 -0.819838 0.0 -0.535451 -0.825422 0.178805 0.0 1.174006 -0.537151 -0.552558 1.0]
248
	ConcatTransform [1.1 0.0 0.0 0.0 0.0 1.1 0.0 0.0 0.0 0.0 1.1 0.0 -9.609 0.05 6.704 1.0]
	ConcatTransform [-0.725538 0.473182 0.499694 0.0 -0.463511 0.200709 -0.863061 0.0 -0.508677 -0.857797 0.073703 0.0 1.223026 -0.516746 -0.562995 1.0]
249
	ConcatTransform [1.1 0.0 0.0 0.0 0.0 1.1 0.0 0.0 0.0 0.0 1.1 0.0 -9.609 0.05 6.704 1.0]
	ConcatTransform [-0.773502 0.434829 0.461106 0.0 -0.405507 0.219601 -0.887322 0.0 -0.487092 -0.873327 0.006464 0.0 1.248441 -0.503973 -0.567541 1.0]
250
	ConcatTransform [1.1 0.0 0.0 0.0 0.0 1.1 0.0 0.0 0.0 0.0 1.1 0.0 -9.609 0.05 6.704 1.0]
	ConcatTransform [-0.832676 0.386788 0.396289 0.0 -0.315786 0.256202 -0.913586 0.0 -0.454895 -0.885864 -0.091191 0.0 1.275987 -0.488294 -0.571258 1.0]
251
	ConcatTransform [1.1 0.0 0.0 0.0 0.0 1.1 0.0 0.0 0.0 0.0 1.1 0.0 -9.609 0.05 6.704 1.0]
	ConcatTransform [-0.860112 0.364523 0.356835 0.0 -0.258702 0.29118 -0.921025 0.0 -0.439638 -0.884498 -0.156144 0.0 1.288461 -0.481982 -0.571907 1.0]
252
	ConcatTransform [1.1 0.0 0.0 0.0 0.0 1.1 0.0 0.0 0.0 0.0 1.1 0.0 -9.609 0.05 6.704 1.0]
	ConcatTransform [-0.887607 0.351004 0.298245 0.0 -0.170879 0.350362 -0.920895 0.0 -0.427731 -0.868356 -0.251004 0.0 1.298921 -0.479931 -0.570727 1.0]
253
	ConcatTransform [1.1 0.0 0.0 0.0 0.0 1.1 0.0 0.0 0.0 0.0 1.1 0.0 -9.609 0.05 6.704 1.0]
	ConcatTransform [-0.899723 0.3557 0.252936 0.0 -0.10484 0.386421 -0.916345 0.0 -0.423683 -0.850974 -0.31038 0.0 1.30005 -0.483415 -0.568841 1.0]
254
	ConcatTransform [1.1 0.0 0.0 0.0 0.0 1.1 0.0 0.0 0.0 0.0 1.1 0.0 -9.609 0.05 6.704 1.0]
	ConcatTransform [-0.906471 0.386339 0.170447 0.0 0.01197 0.426995 -0.904175 0.0 -0.422098 -0.817568 -0.391683 0.0 1.293923 -0.496682 -0.565005 1.0]
255
	ConcatTransform [1.1 0.0 0.0 0.0 0.0 1.1 0.0 0.0 0.0 0.0 1.1 0.0 -9.609 0.05 6.704 1.0]
	ConcatTransform [-0.898364 0.423635 0.116086 0.0 0.096866 0.448841 -0.888346 0.0 -0.428439 -0.786813 -0.444259 0.0 1.285479 -0.511261 -0.561671 1.0]
256
	ConcatTransform [1.1 0.0 0.0 0.0 0.0 1.1 0.0 0.0 0.0 0.0 1.1 0.0 -9.609 0.05 6.704 1.0]
	ConcatTransform [-0.862546 0.503812 0.046773 0.0 0.23102 0.474378 -0.849468 0.0 -0.450161 -0.721899 -0.525563 0.0 1.265729 -0.539683 -0.555266 1.0]
257
	ConcatTransform [1.1 0.0 0.0 0.0 0.0 1.1 0.0 0.0 0.0 0.0 1.1 0.0 -9.609 0.05 6.704 1.0]
	ConcatTransform [-0.822572 0.568644 -0.004494 0.0 0.330777 0.472027 -0.817177 0.0 -0.462561 -0.673673 -0.57637 0.0 1.24685 -0.560517 -0.550704 1.0]
258
	ConcatTransform [1.1 0.0 0.0 0.0 0.0 1.1 0.0 0.0 0.0 0.0 1.1 0.0 -9.609 0.05 6.704 1.0]
	ConcatTransform [-0.73392 0.673272 -0.089812 0.0 0.48826 0.431017 -0.758832 0.0 -0.47219 -0.600774 -0.645064 0.0 1.209496 -0.589436 -0.543855 1.0]
259
	ConcatTransform [1.1 0.0 0.0 0.0 0.0 1.1 0.0 0.0 0.0 0.0 1.1 0.0 -9.609 0.05 6.704 1.0]
	ConcatTransform [-0.662148 0.737955 -0.13032 0.0 0.582723 0.397707 -0.708705 0.0 -0.471163 -0.545208 -0.693364 0.0 1.178517 -0.603048 -0.538629 1.0]
260
	ConcatTransform [1.1 0.0 0.0 0.0 0.0 1.1 0.0 0.0 0.0 0.0 1.1 0.0 -9.609 0.05 6.704 1.0]
	ConcatTransform [-0.552835 0.811436 -0.18959 0.0 0.705348 0.334538 -0.624955 0.0 -0.443686 -0.479224 -0.757289 0.0 1.125229 -0.613234 -0.530973 1.0]
261
	ConcatTransform [1.1 0.0 0.0 0.0 0.0 1.1 0.0 0.0 0.0 0.0 1.1 0.0 -9.609 0.05 6.704 1.0]
	ConcatTransform [-0.473494 0.849051 -0.234341 0.0 0.776982 0.277321 -0.565148 0.0 -0.414851 -0.449673 -0.791007 0.0 1.087662 -0.615679 -0.526318 1.0]
262
	ConcatTransform [1.1 0.0 0.0 0.0 0.0 1.1 0.0 0.0 0.0 0.0 1.1 0.0 -9.609 0.05 6.704 1.0]
	ConcatTransform [-0.35621 0.88609 -0.29658 0.0 0.862899 0.190167 -0.468232 0.0 -0.358496 -0.422707 -0.832345 0.0 1.030574 -0.613452 -0.519735 1.0]
263
	ConcatTransform [1.1 0.0 0.0 0.0 0.0 1.1 0.0 0.0 0.0 0.0 1.1 0.0 -9.609 0.05 6.704 1.0]
	ConcatTransform [-0.280815 0.898916 -0.336292 0.0 0.906644 0.133505 -0.400216 0.0 -0.314864 -0.417284 -0.852488 0.0 0.993278 -0.609427 -0.515793 1.0]
264
	ConcatTransform [1.1 0.0 0.0 0.0 0.0 1.1 0.0 0.0 0.0 0.0 1.1 0.0 -9.609 0.05 6.704 1.0]
	ConcatTransform [-0.164306 0.906036 -0.390003 0.0 0.955074 0.04726 -0.292575 0.0 -0.246652 -0.420554 -0.873096 0.0 0.940672 -0.600021 -0.510509 1.0]
265
	ConcatTransform [1.1 0.0 0.0 0.0 0.0 1.1 0.0 0.0 0.0 0.0 1.1 0.0 -9.609 0.05 6.704 1.0]
	ConcatTransform [-0.091976 0.902243 -0.421304 0.0 0.975779 -0.002669 -0.218742 0.0 -0.198483 -0.431219 -0.880145 0.0 0.908335 -0.592804 -0.507509 1.0]
266
	ConcatTransform [1.1 0.0 0.0 0.0 0.0 1.1 0.0 0.0 0.0 0.0 1.1 0.0 -9.609 0.05 6.704 1.0]
	ConcatTransform [0.006933 0.88661 -0.462466 0.0 0.992217 -0.063599 -0.107055 0.0 -0.124328 -0.458124 -0.88015 0.0 0.864886 -0.581931 -0.5039 1.0]
267
	ConcatTransform [1.1 0.0 0.0 0.0 0.0 1.1 0.0 0.0 0.0 0.0 1.1 0.0 -9.609 0.05 6.704 1.0]
	ConcatTransform [0.070974 0.871803 -0.484688 0.0 0.994625 -0.09858 -0.031669 0.0 -0.075389 -0.479835 -0.874114 0.0 0.8403 -0.574335 -0.502053 1.0]
268
	ConcatTransform [1.1 0.0 0.0 0.0 0.0 1.1 0.0 0.0 0.0 0.0 1.1 0.0 -9.609 0.05 6.704 1.0]
	ConcatTransform [0.161441 0.844604 -0.510471 0.0 0.986879 -0.139585 0.081157 0.0 -0.002709 -0.516875 -0.856056 0.0 0.810756 -0.563458 -0.500164 1.0]
269
	ConcatTransform [1.1 0.0 0.0 0.0 0.0 1.1 0.0 0.0 0.0 0.0 1.1 0.0 -9.609 0.05 6.704 1.0]
	ConcatTransform [0.212345 0.825155 -0.523477 0.0 0.976054 -0.153223 0.154406 0.0 0.047201 -0.543729 -0.837932 0.0 0.795449 -0.558282 -0.499437 1.0]
270
	ConcatTransform [1.1 0.0 0.0 0.0 0.0 1.1 0.0 0.0 0.0 0.0 1.1 0.0 -9.609 0.05 6.704 1.0]
	ConcatTransform [0.274426 0.79768 -0.537026 0.0 0.953657 -0.154094 0.258443 0.0 0.123403 -0.583062 -0.803001 0.0 0.779414 -0.553991 -0.499091 1.0]
271
	ConcatTransform [1.1 0.0 0.0 0.0 0.0 1.1 0.0 0.0 0.0 0.0 1.1 0.0 -9.609 0.05 6.704 1.0]
	ConcatTransform [0.313075 0.781592 -0.539535 0.0 0.934162 -0.150993 0.32333 0.0 0.171246 -0.605239 -0.777406 0.0 0.774086 -0.551874 -0.49916 1.0]
272
	ConcatTransform [1.1 0.0 0.0 0.0 0.0 1.1 0.0 0.0 0.0 0.0 1.1 0.0 -9.609 0.05 6.704 1.0]
	ConcatTransform [0.35931 0.763203 -0.537045 0.0 0.902402 -0.137482 0.408375 0.0 0.237839 -0.631363 -0.738114 0.0 0.77249 -0.551226 -0.499556 1.0]
273
	ConcatTransform [1.1 0.0 0.0 0.0 0.0 1.1 0.0 0.0 0.0 0.0 1.1 0.0 -9.609 0.05 6.704 1.0]
	ConcatTransform [0.38123 0.752998 -0.536337 0.0 0.881814 -0.121973 0.455551 0.0 0.27761 -0.646619 -0.710504 0.0 0.775328 -0.552669 -0.500142 1.0]
274
	ConcatTransform [1.1 0.0 0.0 0.0 0.0 1.1 0.0 0.0 0.0 0.0 1.1 0.0 -9.609 0.05 6.704 1.0]
	ConcatTransform [0.403421 0.744419 -0.532064 0.0 0.851594 -0.092747 0.515931 0.0 0.334722 -0.66124 -0.671359 0.0 0.785318 -0.556959 -0.501219 1.0]
275
	ConcatTransform [1.1 0.0 0.0 0.0 0.0 1.1 0.0 0.0 0.0 0.0 1.1 0.0 -9.609 0.05 6.704 1.0]
	ConcatTransform [0.411725 0.743743 -0.52662 0.0 0.831837 -0.070703 0.550498 0.0 0.372196 -0.664716 -0.647783 0.0 0.795977 -0.561133 -0.502061 1.0]
276
	ConcatTransform [1.1 0.0 0.0 0.0 0.0 1.1 0.0 0.0 0.0 0.0 1.1 0.0 -9.609 0.05 6.704 1.0]
	ConcatTransform [0.413727 0.747319 -0.519947 0.0 0.804506 -0.032779 0.593039 0.0 0.426146 -0.663657 -0.614784 0.0 0.817782 -0.568879 -0.503694 1.0]
277
	ConcatTransform [1.1 0.0 0.0 0.0 0.0 1.1 0.0 0.0 0.0 0.0 1.1 0.0 -9.609 0.05 6.704 1.0]
	ConcatTransform [0.408981 0.754402 -0.513432 0.0 0.786589 -0.006207 0.617446 0.0 0.462616 -0.656383 -0.595943 0.0 0.835836 -0.574943 -0.504844 1.0]
278
	ConcatTransform [1.1 0.0 0.0 0.0 0.0 1.1 0.0 0.0 0.0 0.0 1.1 0.0 -9.609 0.05 6.704 1.0]
	ConcatTransform [0.393611 0.770423 -0.501516 0.0 0.759125 0.035278 0.649988 0.0 0.518458 -0.636556 -0.570962 0.0 0.8677 -0.584651 -0.506637 1.0]
279
	ConcatTransform [1.1 0.0 0.0 0.0 0.0 1.1 0.0 0.0 0.0 0.0 1.1 0.0 -9.609 0.05 6.704 1.0]
	ConcatTransform [0.377361 0.781662 -0.496592 0.0 0.74085 0.066932 0.668327 0.0 0.555643 -0.620101 -0.553837 0.0 0.891749 -0.59115 -0.508044 1.0]
280
	ConcatTransform [1.1 0.0 0.0 0.0 0.0 1.1 0.0 0.0 0.0 0.0 1.1 0.0 -9.609 0.05 6.704 1.0]
	ConcatTransform [0.346076 0.796809 -0.495304 0.0 0.711998 0.120741 0.691723 0.0 0.610975 -0.592044 -0.525541 0.0 0.931307 -0.600142 -0.510528 1.0]
281
	ConcatTransform [1.1 0.0 0.0 0.0 0.0 1.1 0.0 0.0 0.0 0.0 1.1 0.0 -9.609 0.05 6.704 1.0]
	ConcatTransform [0.322875 0.807816 -0.493139 0.0 0.688991 0.156608 0.707648 0.0 0.648878 -0.56825 -0.506013 0.0 0.95953 -0.605316 -0.512236 1.0]
282
	ConcatTransform [1.1 0.0 0.0 0.0 0.0 1.1 0.0 0.0 0.0 0.0 1.1 0.0 -9.609 0.05 6.704 1.0]
	ConcatTransform [0.287185 0.825614 -0.485682 0.0 0.648035 0.205928 0.733242 0.0 0.70539 -0.525315 -0.475888 0.0 1.003723 -0.611007 -0.514911 1.0]
283
	ConcatTransform [1.1 0.0 0.0 0.0 0.0 1.1 0.0 0.0 0.0 0.0 1.1 0.0 -9.609 0.05 6.704 1.0]
	ConcatTransform [0.26593 0.834542 -0.482514 0.0 0.618144 0.236461 0.749656 0.0 0.739715 -0.49762 -0.452985 0.0 1.033649 -0.61306 -0.517111 1.0]
284
	ConcatTransform [1.1 0.0 0.0 0.0 0.0 1.1 0.0 0.0 0.0 0.0 1.1 0.0 -9.609 0.05 6.704 1.0]
	ConcatTransform [0.242263 0.850976 -0.465993 0.0 0.57029 0.263665 0.777978 0.0 0.784907 -0.454226 -0.421426 0.0 1.075192 -0.614221 -0.520968 1.0]
285
	ConcatTransform [1.1 0.0 0.0 0.0 0.0 1.1 0.0 0.0 0.0 0.0 1.1 0.0 -9.609 0.05 6.704 1.0]
	ConcatTransform [0.232359 0.860276 -0.4538 0.0 0.528686 0.279912 0.801336 0.0 0.816395 -0.426115 -0.389776 0.0 1.100438 -0.613818 -0.52399 1.0]
286
	ConcatTransform [1.1 0.0 0.0 0.0 0.0 1.1 0.0 0.0 0.0 0.0 1.1 0.0 -9.609 0.05 6.704 1.0]
	ConcatTransform [0.215555 0.878158 -0.427053 0.0 0.476756 0.287024 0.830856 0.0 0.852197 -0.382695 -0.356797 0.0 1.136826 -0.612378 -0.528564 1.0]
287
	ConcatTransform [1.1 0.0 0.0 0.0 0.0 1.1 0.0 0.0 0.0 0.0 1.1 0.0 -9.609 0.05 6.704 1.0]
	ConcatTransform [0.203919 0.88936 -0.409213 0.0 0.439976 0.29015 0.849844 0.0 0.87455 -0.353343 -0.33213 0.0 1.159923 -0.610813 -0.531576 1.0]
288
	ConcatTransform [1.1 0.0 0.0 0.0 0.0 1.1 0.0 0.0 0.0 0.0 1.1 0.0 -9.609 0.05 6.704 1.0]
	ConcatTransform [0.190559 0.900884 -0.389994 0.0 0.389111 0.295416 0.872538 0.0 0.901266 -0.31802 -0.29425 0.0 1.191872 -0.607759 -0.536393 1.0]
289
	ConcatTransform [1.1 0.0 0.0 0.0 0.0 1.1 0.0 0.0 0.0 0.0 1.1 0.0 -9.609 0.05 6.704 1.0]
	ConcatTransform [0.183291 0.90921 -0.373821 0.0 0.354049 0.293692 0.887916 0.0 0.91709 -0.295098 -0.268074 0.0 1.211274 -0.605711 -0.53922 1.0]
290
	ConcatTransform [1.1 0.0 0.0 0.0 0.0 1.1 0.0 0.0 0.0 0.0 1.1 0.0 -9.609 0.05 6.704 1.0]
	ConcatTransform [0.177338 0.921336 -0.345965 0.0 0.304261 0.282988 0.909584 0.0 0.935936 -0.266567 -0.230142 0.0 1.237487 -0.60273 -0.542664 1.0]
291
	ConcatTransform [1.1 0.0 0.0 0.0 0.0 1.1 0.0 0.0 0.0 0.0 1.1 0.0 -9.609 0.05 6.704 1.0]
	ConcatTransform [0.177285 0.926444 -0.332072 0.0 0.272275 0.278076 0.921162 0.0 0.945746 -0.253724 -0.202949 0.0 1.252829 -0.601071 -0.544643 1.0]
292
	ConcatTransform [1.1 0.0 0.0 0.0 0.0 1.1 0.0 0.0 0.0 0.0 1.1 0.0 -9.609 0.05 6.704 1.0]
	ConcatTransform [0.184217 0.930032 -0.317969 0.0 0.225745 0.274823 0.934619 0.0 0.95661 -0.243952 -0.159323 0.0 1.272371 -0.599356 -0.547082 1.0]
293
	ConcatTransform [1.1 0.0 0.0 0.0 0.0 1.1 0.0 0.0 0.0 0.0 1.1 0.0 -9.609 0.05 6.704 1.0]
	ConcatTransform [0.192373 0.932321 -0.306218 0.0 0.196006 0.269253 0.942913 0.0 0.961548 -0.241411 -0.130943 0.0 1.28302 -0.599216 -0.548093 1.0]
294
	ConcatTransform [1.1 0.0 0.0 0.0 0.0 1.1 0.0 0.0 0.0 0.0 1.1 0.0 -9.609 0.05 6.704 1.0]
	ConcatTransform [0.210931 0.936638 -0.279673 0.0 0.154556 0.250555 0.955686 0.0 0.965205 -0.244809 -0.091913 0.0 1.295174 -0.599458 -0.548428 1.0]
295
	ConcatTransform [1.1 0.0 0.0 0.0 0.0 1.1 0.0 0.0 0.0 0.0 1.1 0.0 -9.609 0.05 6.704 1.0]
	ConcatTransform [0.225863 0.936645 -0.267737 0.0 0.126759 0.244244 0.961393 0.0 0.965877 -0.251081 -0.063562 0.0 1.300756 -0.600266 -0.548304 1.0]
296
	ConcatTransform [1.1 0.0 0.0 0.0 0.0 1.1 0.0 0.0 0.0 0.0 1.1 0.0 -9.609 0.05 6.704 1.0]
	ConcatTransform [0.254294 0.932893 -0.255039 0.0 0.086295 0.240769 0.966739 0.0 0.963269 -0.267844 -0.019278 0.0 1.305576 -0.602262 -0.547452 1.0]
297
	ConcatTransform [1.1 0.0 0.0 0.0 0.0 1.1 0.0 0.0 0.0 0.0 1.1 0.0 -9.609 0.05 6.704 1.0]
	ConcatTransform [0.275196 0.930078 -0.243356 0.0 0.060258 0.235945 0.969896 0.0 0.959498 -0.281576 0.008887 0.0 1.306369 -0.603594 -0.546194 1.0]
298
	ConcatTransform [1.1 0.0 0.0 0.0 0.0 1.1 0.0 0.0 0.0 0.0 1.1 0.0 -9.609 0.05 6.704 1.0]
	ConcatTransform [0.307059 0.925809 -0.220436 0.0 0.021713 0.22475 0.974174 0.0 0.951443 -0.303915 0.04891 0.0 1.304153 -0.605606 -0.543328 1.0]
299
	ConcatTransform [1.1 0.0 0.0 0.0 0.0 1.1 0.0 0.0 0.0 0.0 1.1 0.0 -9.609 0.05 6.704 1.0]
	ConcatTransform [0.330352 0.920145 -0.210238 0.0 -0.003759 0.224025 0.974576 0.0 0.94385 -0.321163 0.077466 0.0 1.300722 -0.606998 -0.541109 1.0]
300
	ConcatTransform [1.1 0.0 0.0 0.0 0.0 1.1 0.0 0.0 0.0 0.0 1.1 0.0 -9.609 0.05 6.704 1.0]
	ConcatTransform [0.368038 0.908073 -0.199881 0.0 -0.041006 0.230612 0.972181 0.0 0.928906 -0.349603 0.122111 0.0 1.293166 -0.609757 -0.537308 1.0]
301
	ConcatTransform [1.1 0.0 0.0 0.0 0.0 1.1 0.0 0.0 0.0 0.0 1.1 0.0 -9.609 0.05 6.704 1.0]
	ConcatTransform [0.391919 0.900239 -0.189653 0.0 -0.065787 0.233041 0.970239 0.0 0.917644 -0.367779 0.150557 0.0 1.286533 -0.610936 -0.534267 1.0]
302
	ConcatTransform [1.1 0.0 0.0 0.0 0.0 1.1 0.0 0.0 0.0 0.0 1.1 0.0 -9.609 0.05 6.704 1.0]
	ConcatTransform [0.425227 0.888173 -0.174156 0.0 -0.103222 0.238753 0.965579 0.0 0.899181 -0.392614 0.193203 0.0 1.27475 -0.612259 -0.529275 1.0]
303
	ConcatTransform [1.1 0.0 0.0 0.0 0.0 1.1 0.0 0.0 0.0 0.0 1.1 0.0 -9.609 0.05 6.704 1.0]
	ConcatTransform [0.447949 0.878603 -0.165524 0.0 -0.12747 0.246009 0.960849 0.0 0.884925 -0.409312 0.222195 0.0 1.266093 -0.612966 -0.525789 1.0]
304
	ConcatTransform [1.1 0.0 0.0 0.0 0.0 1.1 0.0 0.0 0.0 0.0 1.1 0.0 -9.609 0.05 6.704 1.0]
	ConcatTransform [0.480632 0.863574 -0.152424 0.0 -0.163402 0.258969 0.951964 0.0 0.861564 -0.432638 0.265578 0.0 1.252281 -0.613295 -0.520437 1.0]
305
	ConcatTransform [1.1 0.0 0.0 0.0 0.0 1.1 0.0 0.0 0.0 0.0 1.1 0.0 -9.609 0.05 6.704 1.0]
	ConcatTransform [0.499797 0.854341 -0.142492 0.0 -0.187686 0.267431 0.945122 0.0 0.845563 -0.445625 0.294009 0.0 1.242748 -0.613327 -0.516856 1.0]
306
	ConcatTransform [1.1 0.0 0.0 0.0 0.0 1.1 0.0 0.0 0.0 0.0 1.1 0.0 -9.609 0.05 6.704 1.0]
	ConcatTransform [0.526147 0.840892 -0.126764 0.0 -0.223951 0.280816 0.933268 0.0 0.820375 -0.462647 0.336069 0.0 1.228495 -0.61318 -0.511648 1.0]
307
	ConcatTransform [1.1 0.0 0.0 0.0 0.0 1.1 0.0 0.0 0.0 0.0 1.1 0.0 -9.609 0.05 6.704 1.0]
	ConcatTransform [0.54143 0.832739 -0.11575 0.0 -0.24827 0.289896 0.924295 0.0 0.803253 -0.471705 0.363703 0.0 1.219244 -0.612849 -0.508358 1.0]
308
	ConcatTransform [1.1 0.0 0.0 0.0 0.0 1.1 0.0 0.0 0.0 0.0 1.1 0.0 -9.609 0.05 6.704 1.0]
	ConcatTransform [0.55951 0.823203 -0.09636 0.0 -0.28586 0.300792 0.909839 0.0 0.777967 -0.481518 0.403617 0.0 1.206036 -0.612227 -0.503783 1.0]
309
	ConcatTransform [1.1 0.0 0.0 0.0 0.0 1.1 0.0 0.0 0.0 0.0 1.1 0.0 -9.609 0.05 6.704 1.0]
	ConcatTransform [0.568931 0.818188 -0.082983 0.0 -0.311278 0.307643 0.899145 0.0 0.761198 -0.485721 0.429712 0.0 1.197898 -0.611692 -0.501069 1.0]
310
	ConcatTransform [1.1 0.0 0.0 0.0 0.0 1.1 0.0 0.0 0.0 0.0 1.1 0.0 -9.609 0.05 6.704 1.0]
	ConcatTransform [0.581136 0.811285 -0.064013 0.0 -0.348829 0.319392 0.881083 0.0 0.735255 -0.4897 0.46861 0.0 1.187011 -0.611036 -0.497629 1.0]
311
	ConcatTransform [1.1 0.0 0.0 0.0 0.0 1.1 0.0 0.0 0.0 0.0 1.1 0.0 -9.609 0.05 6.704 1.0]
	ConcatTransform [0.586603 0.808343 -0.04978 0.0 -0.374459 0.325214 0.868341 0.0 0.718107 -0.490731 0.493463 0.0 1.180668 -0.610874 -0.4957 1.0]
312
	ConcatTransform [1.1 0.0 0.0 0.0 0.0 1.1 0.0 0.0 0.0 0.0 1.1 0.0 -9.609 0.05 6.704 1.0]
	ConcatTransform [0.588561 0.80811 -0.023558 0.0 -0.415174 0.327126 0.848893 0.0 0.693705 -0.489845 0.52804 0.0 1.172586 -0.610817 -0.49332 1.0]
313
	ConcatTransform [1.1 0.0 0.0 0.0 0.0 1.1 0.0 0.0 0.0 0.0 1.1 0.0 -9.609 0.05 6.704 1.0]
	ConcatTransform [0.588338 0.808582 -0.007246 0.0 -0.441964 0.329059 0.834499 0.0 0.677145 -0.487765 0.550962 0.0 1.168328 -0.610648 -0.492235 1.0]
314
	ConcatTransform [1.1 0.0 0.0 0.0 0.0 1.1 0.0 0.0 0.0 0.0 1.1 0.0 -9.609 0.05 6.704 1.0]
	ConcatTransform [0.587872 0.808812 0.015149 0.0 -0.480615 0.334142 0.810777 0.0 0.650704 -0.483914 0.58516 0.0 1.163709 -0.6107 -0.491369 1.0]
315
	ConcatTransform [1.1 0.0 0.0 0.0 0.0 1.1 0.0 0.0 0.0 0.0 1.1 0.0 -9.609 0.05 6.704 1.0]
	ConcatTransform [0.583828 0.811217 0.03274 0.0 -0.507549 0.333211 0.794585 0.0 0.633672 -0.480517 0.60627 0.0 1.161666 -0.610714 -0.491143 1.0]
316
	ConcatTransform [1.1 0.0 0.0 0.0 0.0 1.1 0.0 0.0 0.0 0.0 1.1 0.0 -9.609 0.05 6.704 1.0]
	ConcatTransform [0.572782 0.81734 0.062262 0.0 -0.54908 0.326171 0.769496 0.0 0.608631 -0.47494 0.63561 0.0 1.160059 -0.611455 -0.491319 1.0]
317
	ConcatTransform [1.1 0.0 0.0 0.0 0.0 1.1 0.0 0.0 0.0 0.0 1.1 0.0 -9.609 0.05 6.704 1.0]
	ConcatTransform [0.564511 0.821484 0.080575 0.0 -0.575936 0.322076 0.751375 0.0 0.591291 -0.470565 0.654938 0.0 1.160044 -0.611624 -0.491871 1.0]
318
	ConcatTransform [1.1 0.0 0.0 0.0 0.0 1.1 0.0 0.0 0.0 0.0 1.1 0.0 -9.609 0.05 6.704 1.0]
	ConcatTransform [0.552882 0.826385 0.106817 0.0 -0.614154 0.317502 0.722501 0.0 0.563149 -0.46506 0.683069 0.0 1.161497 -0.612113 -0.493241 1.0]
319
	ConcatTransform [1.1 0.0 0.0 0.0 0.0 1.1 0.0 0.0 0.0 0.0 1.1 0.0 -9.609 0.05 6.704 1.0]
	ConcatTransform [0.542071 0.830871 0.12575 0.0 -0.639962 0.311187 0.702574 0.0 0.544617 -0.461321 0.700411 0.0 1.163205 -0.612442 -0.494378 1.0]
320
	ConcatTransform [1.1 0.0 0.0 0.0 0.0 1.1 0.0 0.0 0.0 0.0 1.1 0.0 -9.609 0.05 6.704 1.0]
	ConcatTransform [0.522408 0.838525 0.15481 0.0 -0.678323 0.298659 0.671328 0.0 0.51669 -0.455718 0.724812 0.0 1.166737 -0.612777 -0.496397 1.0]
321
	ConcatTransform [1.1 0.0 0.0 0.0 0.0 1.1 0.0 0.0 0.0 0.0 1.1 0.0 -9.609 0.05 6.704 1.0]
	ConcatTransform [0.509348 0.843011 0.172909 0.0 -0.702509 0.291272 0.64934 0.0 0.497037 -0.45221 0.740581 0.0 1.169701 -0.612966 -0.49797 1.0]
322
	ConcatTransform [1.1 0.0 0.0 0.0 0.0 1.1 0.0 0.0 0.0 0.0 1.1 0.0 -9.609 0.05 6.704 1.0]
	ConcatTransform [0.490175 0.848267 0.200429 0.0 -0.73673 0.28033 0.61534 0.0 0.465786 -0.449287 0.762355 0.0 1.174889 -0.612864 -0.500527 1.0]
323
	ConcatTransform [1.1 0.0 0.0 0.0 0.0 1.1 0.0 0.0 0.0 0.0 1.1 0.0 -9.609 0.05 6.704 1.0]
	ConcatTransform [0.476244 0.851719 0.218553 0.0 -0.758683 0.272367 0.591791 0.0 0.444513 -0.44765 0.775898 0.0 1.178639 -0.612843 -0.502339 1.0]
324
	ConcatTransform [1.1 0.0 0.0 0.0 0.0 1.1 0.0 0.0 0.0 0.0 1.1 0.0 -9.609 0.05 6.704 1.0]
	ConcatTransform [0.454951 0.856144 0.245026 0.0 -0.78976 0.260771 0.555228 0.0 0.411459 -0.446113 0.794786 0.0 1.184544 -0.6128 -0.505137 1.0]
325
	ConcatTransform [1.1 0.0 0.0 0.0 0.0 1.1 0.0 0.0 0.0 0.0 1.1 0.0 -9.609 0.05 6.704 1.0]
	ConcatTransform [0.440619 0.858513 0.262318 0.0 -0.809193 0.253327 0.530125 0.0 0.388667 -0.445849 0.806323 0.0 1.188555 -0.61275 -0.506995 1.0]
326
	ConcatTransform [1.1 0.0 0.0 0.0 0.0 1.1 0.0 0.0 0.0 0.0 1.1 0.0 -9.609 0.05 6.704 1.0]
	ConcatTransform [0.419606 0.861088 0.287156 0.0 -0.836177 0.243596 0.491394 0.0 0.353184 -0.446305 0.822237 0.0 1.194519 -0.612646 -0.509714 1.0]
327
	ConcatTransform [1.1 0.0 0.0 0.0 0.0 1.1 0.0 0.0 0.0 0.0 1.1 0.0 -9.609 0.05 6.704 1.0]
	ConcatTransform [0.405727 0.86233 0.30294 0.0 -0.852804 0.237929 0.464882 0.0 0.328803 -0.446964 0.831933 0.0 1.198351 -0.612564 -0.51144 1.0]
328
	ConcatTransform [1.1 0.0 0.0 0.0 0.0 1.1 0.0 0.0 0.0 0.0 1.1 0.0 -9.609 0.05 6.704 1.0]
	ConcatTransform [0.384404 0.863759 0.325812 0.0 -0.87593 0.229817 0.424183 0.0 0.291515 -0.448446 0.844935 0.0 1.203714 -0.612421 -0.513826 1.0]
329
	ConcatTransform [1.1 0.0 0.0 0.0 0.0 1.1 0.0 0.0 0.0 0.0 1.1 0.0 -9.609 0.05 6.704 1.0]
	ConcatTransform [0.370981 0.864154 0.340015 0.0 -0.889794 0.225988 0.396479 0.0 0.26578 -0.44963 0.852757 0.0 1.207003 -0.612338 -0.515269 1.0]
330
	ConcatTransform [1.1 0.0 0.0 0.0 0.0 1.1 0.0 0.0 0.0 0.0 1.1 0.0 -9.609 0.05 6.704 1.0]
	ConcatTransform [0.352616 0.863919 0.359592 0.0 -0.908137 0.223237 0.354192 0.0 0.225718 -0.451453 0.863274 0.0 1.211428 -0.612269 -0.517182 1.0]
331
	ConcatTransform [1.1 0.0 0.0 0.0 0.0 1.1 0.0 0.0 0.0 0.0 1.1 0.0 -9.609 0.05 6.704 1.0]
	ConcatTransform [0.340023 0.863676 0.372087 0.0 -0.919188 0.221632 0.325534 0.0 0.198689 -0.452707 0.869241 0.0 1.213945 -0.612226 -0.518253 1.0]
332
	ConcatTransform [1.1 0.0 0.0 0.0 0.0 1.1 0.0 0.0 0.0 0.0 1.1 0.0 -9.609 0.05 6.704 1.0]
	ConcatTransform [0.320298 0.863333 0.389955 0.0 -0.934071 0.219224 0.281873 0.0 0.157863 -0.454529 0.876632 0.0 1.217011 -0.61216 -0.519542 1.0]
333
	ConcatTransform [1.1 0.0 0.0 0.0 0.0 1.1 0.0 0.0 0.0 0.0 1.1 0.0 -9.609 0.05 6.704 1.0]
	ConcatTransform [0.308325 0.862742 0.400765 0.0 -0.942382 0.219522 0.25244 0.0 0.129814 -0.455507 0.880717 0.0 1.218633 -0.612162 -0.520205 1.0]
334
	ConcatTransform [1.1 0.0 0.0 0.0 0.0 1.1 0.0 0.0 0.0 0.0 1.1 0.0 -9.609 0.05 6.704 1.0]
	ConcatTransform [0.292125 0.861389 0.415539 0.0 -0.952454 0.2227 0.207934 0.0 0.086572 -0.456524 0.885489 0.0 1.220433 -0.612231 -0.520904 1.0]
335
	ConcatTransform [1.1 0.0 0.0 0.0 0.0 1.1 0.0 0.0 0.0 0.0 1.1 0.0 -9.609 0.05 6.704 1.0]
	ConcatTransform [0.280627 0.860673 0.424842 0.0 -0.958078 0.224551 0.177942 0.0 0.057751 -0.456967 0.887607 0.0 1.221155 -0.612268 -0.521165 1.0]
336
	ConcatTransform [1.1 0.0 0.0 0.0 0.0 1.1 0.0 0.0 0.0 0.0 1.1 0.0 -9.609 0.05 6.704 1.0]
	ConcatTransform [0.262383 0.859943 0.437783 0.0 -0.964854 0.226942 0.132495 0.0 0.014586 -0.457161 0.889264 0.0 1.221561 -0.612315 -0.521279 1.0]
337
	ConcatTransform [1.1 0.0 0.0 0.0 0.0 1.1 0.0 0.0 0.0 0.0 1.1 0.0 -9.609 0.05 6.704 1.0]
	ConcatTransform [0.251183 0.859265 0.445613 0.0 -0.967828 0.229965 0.102109 0.0 -0.014737 -0.456925 0.889383 0.0 1.221471 -0.612373 -0.521188 1.0]
338
	ConcatTransform [1.1 0.0 0.0 0.0 0.0 1.1 0.0 0.0 0.0 0.0 1.1 0.0 -9.609 0.05 6.704 1.0]
	ConcatTransform [0.235284 0.858063 0.456474 0.0 -0.97012 0.235959 0.056489 0.0 -0.059238 -0.456126 0.887942 0.0 1.220843 -0.612475 -0.52082 1.0]
339
	ConcatTransform [1.1 0.0 0.0 0.0 0.0 1.1 0.0 0.0 0.0 0.0 1.1 0.0 -9.609 0.05 6.704 1.0]
	ConcatTransform [0.223847 0.85758 0.463086 0.0 -0.970585 0.239361 0.025894 0.0 -0.088639 -0.455261 0.885935 0.0 1.220088 -0.612524 -0.520443 1.0]
340
	ConcatTransform [1.1 0.0 0.0 0.0 0.0 1.1 0.0 0.0 0.0 0.0 1.1 0.0 -9.609 0.05 6.704 1.0]
	ConcatTransform [0.205803 0.857274 0.471938 0.0 -0.969595 0.243881 -0.020187 0.0 -0.132403 -0.453434 0.881401 0.0 1.21855 -0.61258 -0.51972 1.0]
341
	ConcatTransform [1.1 0.0 0.0 0.0 0.0 1.1 0.0 0.0 0.0 0.0 1.1 0.0 -9.609 0.05 6.704 1.0]
	ConcatTransform [0.194047 0.857012 0.477364 0.0 -0.967585 0.247382 -0.050804 0.0 -0.161631 -0.452032 0.877236 0.0 1.217335 -0.612614 -0.519144 1.0]
342
	ConcatTransform [1.1 0.0 0.0 0.0 0.0 1.1 0.0 0.0 0.0 0.0 1.1 0.0 -9.609 0.05 6.704 1.0]
	ConcatTransform [0.176115 0.856686 0.484843 0.0 -0.962747 0.252572 -0.096567 0.0 -0.205185 -0.449774 0.869254 0.0 1.215289 -0.61265 -0.51817 1.0]
343
	ConcatTransform [1.1 0.0 0.0 0.0 0.0 1.1 0.0 0.0 0.0 0.0 1.1 0.0 -9.609 0.05 6.704 1.0]
	ConcatTransform [0.163494 0.856748 0.489134 0.0 -0.958438 0.255442 -0.127062 0.0 -0.233806 -0.448031 0.862904 0.0 1.21381 -0.612661 -0.517482 1.0]
344
	ConcatTransform [1.1 0.0 0.0 0.0 0.0 1.1 0.0 0.0 0.0 0.0 1.1 0.0 -9.609 0.05 6.704 1.0]
	ConcatTransform [0.144 0.857046 0.494708 0.0 -0.950254 0.259285 -0.172593 0.0 -0.276191 -0.445245 0.851749 0.0 1.211514 -0.612666 -0.516415 1.0]
345
	ConcatTransform [1.1 0.0 0.0 0.0 0.0 1.1 0.0 0.0 0.0 0.0 1.1 0.0 -9.609 0.05 6.704 1.0]
	ConcatTransform [0.130617 0.857324 0.49793 0.0 -0.943668 0.261517 -0.202732 0.0 -0.304024 -0.443401 0.843188 0.0 1.209974 -0.612663 -0.515696 1.0]
346
	ConcatTransform [1.1 0.0 0.0 0.0 0.0 1.1 0.0 0.0 0.0 0.0 1.1 0.0 -9.609 0.05 6.704 1.0]
	ConcatTransform [0.109883 0.85797 0.501809 0.0 -0.932136 0.264209 -0.24762 0.0 -0.345034 -0.440545 0.828777 0.0 1.207717 -0.612649 -0.514649 1.0]
347
	ConcatTransform [1.1 0.0 0.0 0.0 0.0 1.1 0.0 0.0 0.0 0.0 1.1 0.0 -9.609 0.05 6.704 1.0]
	ConcatTransform [0.095609 0.858435 0.503933 0.0 -0.92337 0.265582 -0.277224 0.0 -0.371815 -0.438811 0.818046 0.0 1.206281 -0.612638 -0.513978 1.0]
348
	ConcatTransform [1.1 0.0 0.0 0.0 0.0 1.1 0.0 0.0 0.0 0.0 1.1 0.0 -9.609 0.05 6.704 1.0]
	ConcatTransform [0.073754 0.858991 0.506651 0.0 -0.90858 0.267325 -0.320966 0.0 -0.411147 -0.43666 0.800179 0.0 1.204288 -0.612619 -0.513032 1.0]
349
	ConcatTransform [1.1 0.0 0.0 0.0 0.0 1.1 0.0 0.0 0.0 0.0 1.1 0.0 -9.609 0.05 6.704 1.0]
	ConcatTransform [0.058642 0.859468 0.507814 0.0 -0.897704 0.267919 -0.349781 0.0 -0.436679 -0.435355 0.78726 0.0 1.203083 -0.612607 -0.512467 1.0]
350
	ConcatTransform [1.1 0.0 0.0 0.0 0.0 1.1 0.0 0.0 0.0 0.0 1.1 0.0 -9.609 0.05 6.704 1.0]
	ConcatTransform [0.035089 0.860377 0.508449 0.0 -0.879914 0.267815 -0.392461 0.0 -0.473835 -0.43362 0.766456 0.0 1.201488 -0.612595 -0.511744 1.0]
351
	ConcatTransform [1.1 0.0 0.0 0.0 0.0 1.1 0.0 0.0 0.0 0.0 1.1 0.0 -9.609 0.05 6.704 1.0]
	ConcatTransform [0.019214 0.860791 0.508595 0.0 -0.866996 0.26769 -0.420308 0.0 -0.497944 -0.432874 0.751446 0.0 1.200593 -0.612589 -0.511331 1.0]
352
	ConcatTransform [1.1 0.0 0.0 0.0 0.0 1.1 0.0 0.0 0.0 0.0 1.1 0.0 -9.609 0.05 6.704 1.0]
	ConcatTransform [-0.004773 0.86104 0.508515 0.0 -0.846062 0.2676 -0.461053 0.0 -0.533064 -0.432435 0.727216 0.0 1.199514 -0.612585 -0.510822 1.0]
353
	ConcatTransform [1.1 0.0 0.0 0.0 0.0 1.1 0.0 0.0 0.0 0.0 1.1 0.0 -9.609 0.05 6.704 1.0]
	ConcatTransform [-0.02122 0.861278 0.50769 0.0 -0.831162 0.267015 -0.487722 0.0 -0.555625 -0.432322 0.710196 0.0 1.198964 -0.612587 -0.510583 1.0]
354
	ConcatTransform [1.1 0.0 0.0 0.0 0.0 1.1 0.0 0.0 0.0 0.0 1.1 0.0 -9.609 0.05 6.704 1.0]
	ConcatTransform [-0.046398 0.861722 0.505255 0.0 -0.807391 0.265477 -0.526918 0.0 -0.58819 -0.432386 0.683429 0.0 1.19839 -0.612593 -0.510376 1.0]
355
	ConcatTransform [1.1 0.0 0.0 0.0 0.0 1.1 0.0 0.0 0.0 0.0 1.1 0.0 -9.609 0.05 6.704 1.0]
	ConcatTransform [-0.06315 0.861739 0.503406 0.0 -0.790554 0.264673 -0.552243 0.0 -0.609127 -0.432844 0.664537 0.0 1.19818 -0.6126 -0.510313 1.0]
356
	ConcatTransform [1.1 0.0 0.0 0.0 0.0 1.1 0.0 0.0 0.0 0.0 1.1 0.0 -9.609 0.05 6.704 1.0]
	ConcatTransform [-0.088252 0.861386 0.500227 0.0 -0.76388 0.263778 -0.588989 0.0 -0.639296 -0.434092 0.634716 0.0 1.198099 -0.612612 -0.51033 1.0]
357
	ConcatTransform [1.1 0.0 0.0 0.0 0.0 1.1 0.0 0.0 0.0 0.0 1.1 0.0 -9.609 0.05 6.704 1.0]
	ConcatTransform [-0.105113 0.861199 0.49728 0.0 -0.74519 0.262915 -0.612836 0.0 -0.658516 -0.434985 0.614121 0.0 1.198188 -0.612621 -0.510431 1.0]
358
	ConcatTransform [1.1 0.0 0.0 0.0 0.0 1.1 0.0 0.0 0.0 0.0 1.1 0.0 -9.609 0.05 6.704 1.0]
	ConcatTransform [-0.13034 0.860934 0.491736 0.0 -0.715787 0.261475 -0.647518 0.0 -0.686047 -0.436375 0.582165 0.0 1.198514 -0.612633 -0.510703 1.0]
359
	ConcatTransform [1.1 0.0 0.0 0.0 0.0 1.1 0.0 0.0 0.0 0.0 1.1 0.0 -9.609 0.05 6.704 1.0]
	ConcatTransform [-0.147013 0.860536 0.487713 0.0 -0.695312 0.260785 -0.669726 0.0 -0.703512 -0.437571 0.560002 0.0 1.198842 -0.61264 -0.510937 1.0]
360
	ConcatTransform [1.1 0.0 0.0 0.0 0.0 1.1 0.0 0.0 0.0 0.0 1.1 0.0 -9.609 0.05 6.704 1.0]
	ConcatTransform [0.138799 0.856217 0.497621 0.0 -0.950217 0.25669 -0.176627 0.0 -0.278966 -0.448332 0.849221 0.0 0.449975 -0.612657 -0.592186 1.0]
