228
	ConcatTransform [1.1 0.0 0.0 0.0 0.0 1.1 0.0 0.0 0.0 0.0 1.1 0.0 -9.609 0.05 6.704 1.0]
	ConcatTransform [0.995941 0.088256 0.017664 0.0 -0.087483 0.995338 -0.040601 0.0 -0.021165 0.038891 0.999019 0.0 0.03976 0.047881 -0.00819 1.0]
229
	ConcatTransform [1.1 0.0 0.0 0.0 0.0 1.1 0.0 0.0 0.0 0.0 1.1 0.0 -9.609 0.05 6.704 1.0]
	ConcatTransform [0.989861 0.141474 0.012671 0.0 -0.141235 0.98981 -0.018113 0.0 -0.015104 0.01614 0.999756 0.0 0.07611 0.084473 -0.01968 1.0]
230
	ConcatTransform [1.1 0.0 0.0 0.0 0.0 1.1 0.0 0.0 0.0 0.0 1.1 0.0 -9.609 0.05 6.704 1.0]
	ConcatTransform [0.975555 0.219741 0.002681 0.0 -0.219692 0.975491 -0.012379 0.0 -0.005336 0.011487 0.99992 0.0 0.130941 0.120965 -0.037922 1.0]
231
	ConcatTransform [1.1 0.0 0.0 0.0 0.0 1.1 0.0 0.0 0.0 0.0 1.1 0.0 -9.609 0.05 6.704 1.0]
	ConcatTransform [0.962337 0.271838 -0.00344 0.0 -0.271856 0.962311 -0.007267 0.0 0.001335 0.007928 0.999968 0.0 0.167486 0.132936 -0.05007 1.0]
232
	ConcatTransform [1.1 0.0 0.0 0.0 0.0 1.1 0.0 0.0 0.0 0.0 1.1 0.0 -9.609 0.05 6.704 1.0]
	ConcatTransform [0.937231 0.348499 -0.012084 0.0 -0.348513 0.937303 0.001 0.0 0.011675 0.003274 0.999926 0.0 0.222303 0.132332 -0.068292 1.0]
233
	ConcatTransform [1.1 0.0 0.0 0.0 0.0 1.1 0.0 0.0 0.0 0.0 1.1 0.0 -9.609 0.05 6.704 1.0]
	ConcatTransform [0.917047 0.398398 -0.017464 0.0 -0.398339 0.917213 0.006886 0.0 0.018762 0.000641 0.999824 0.0 0.258848 0.119556 -0.08044 1.0]
234
	ConcatTransform [1.1 0.0 0.0 0.0 0.0 1.1 0.0 0.0 0.0 0.0 1.1 0.0 -9.609 0.05 6.704 1.0]
	ConcatTransform [0.881747 0.471064 -0.02492 0.0 -0.470791 0.882095 0.016236 0.0 0.02963 -0.002584 0.999558 0.0 0.313665 0.081831 -0.098662 1.0]
235
	ConcatTransform [1.1 0.0 0.0 0.0 0.0 1.1 0.0 0.0 0.0 0.0 1.1 0.0 -9.609 0.05 6.704 1.0]
	ConcatTransform [0.854967 0.517845 -0.029459 0.0 -0.51736 0.855464 0.022788 0.0 0.037002 -0.004242 0.999306 0.0 0.35021 0.044307 -0.11081 1.0]
236
	ConcatTransform [1.1 0.0 0.0 0.0 0.0 1.1 0.0 0.0 0.0 0.0 1.1 0.0 -9.609 0.05 6.704 1.0]
	ConcatTransform [0.810125 0.585177 -0.035588 0.0 -0.584273 0.810884 0.033048 0.0 0.048197 -0.00598 0.99882 0.0 0.405027 -0.030539 -0.129032 1.0]
237
	ConcatTransform [1.1 0.0 0.0 0.0 0.0 1.1 0.0 0.0 0.0 0.0 1.1 0.0 -9.609 0.05 6.704 1.0]
	ConcatTransform [0.777243 0.627978 -0.039204 0.0 -0.626729 0.778203 0.040146 0.0 0.055719 -0.006633 0.998424 0.0 0.441572 -0.092811 -0.14118 1.0]
238
	ConcatTransform [1.1 0.0 0.0 0.0 0.0 1.1 0.0 0.0 0.0 0.0 1.1 0.0 -9.609 0.05 6.704 1.0]
	ConcatTransform [0.723683 0.688735 -0.043894 0.0 -0.686869 0.724981 0.051127 0.0 0.067035 -0.00685 0.997727 0.0 0.496389 -0.204778 -0.159402 1.0]
239
	ConcatTransform [1.1 0.0 0.0 0.0 0.0 1.1 0.0 0.0 0.0 0.0 1.1 0.0 -9.609 0.05 6.704 1.0]
	ConcatTransform [0.69673 0.717228 0.012315 0.0 -0.713656 0.691319 0.113019 0.0 0.072547 -0.087532 0.993517 0.0 0.533047 -0.269568 -0.182746 1.0]
240
	ConcatTransform [1.1 0.0 0.0 0.0 0.0 1.1 0.0 0.0 0.0 0.0 1.1 0.0 -9.609 0.05 6.704 1.0]
	ConcatTransform [0.635354 0.749635 0.185399 0.0 -0.764451 0.576593 0.288364 0.0 0.109268 -0.324942 0.9394 0.0 0.586326 -0.324786 -0.245165 1.0]
241
	ConcatTransform [1.1 0.0 0.0 0.0 0.0 1.1 0.0 0.0 0.0 0.0 1.1 0.0 -9.609 0.05 6.704 1.0]
	ConcatTransform [0.574948 0.759823 0.303485 0.0 -0.803334 0.453876 0.385554 0.0 0.155208 -0.465473 0.871347 0.0 0.620051 -0.351188 -0.292684 1.0]
242
	ConcatTransform [1.1 0.0 0.0 0.0 0.0 1.1 0.0 0.0 0.0 0.0 1.1 0.0 -9.609 0.05 6.704 1.0]
	ConcatTransform [0.570118 0.716618 0.401777 0.0 -0.801957 0.379222 0.46158 0.0 0.178414 -0.585363 0.790897 0.0 0.655944 -0.340283 -0.359233 1.0]
243
	ConcatTransform [1.1 0.0 0.0 0.0 0.0 1.1 0.0 0.0 0.0 0.0 1.1 0.0 -9.609 0.05 6.704 1.0]
	ConcatTransform [0.560941 0.696162 0.447999 0.0 -0.807174 0.339717 0.482766 0.0 0.183891 -0.632417 0.752485 0.0 0.674332 -0.326262 -0.400679 1.0]
244
	ConcatTransform [1.1 0.0 0.0 0.0 0.0 1.1 0.0 0.0 0.0 0.0 1.1 0.0 -9.609 0.05 6.704 1.0]
	ConcatTransform [0.523307 0.669653 0.526986 0.0 -0.826665 0.248849 0.504677 0.0 0.206819 -0.699742 0.683804 0.0 0.695052 -0.306445 -0.456978 1.0]
245
	ConcatTransform [1.1 0.0 0.0 0.0 0.0 1.1 0.0 0.0 0.0 0.0 1.1 0.0 -9.609 0.05 6.704 1.0]
	ConcatTransform [0.529803 0.655814 0.537788 0.0 -0.828673 0.265269 0.492883 0.0 0.180581 -0.706781 0.683996 0.0 0.702669 -0.289459 -0.490004 1.0]
246
	ConcatTransform [1.1 0.0 0.0 0.0 0.0 1.1 0.0 0.0 0.0 0.0 1.1 0.0 -9.609 0.05 6.704 1.0]
	ConcatTransform [0.595027 0.570427 0.566176 0.0 -0.789562 0.283307 0.544361 0.0 0.150116 -0.770941 0.618963 0.0 0.708402 -0.267596 -0.531597 1.0]
247
	ConcatTransform [1.1 0.0 0.0 0.0 0.0 1.1 0.0 0.0 0.0 0.0 1.1 0.0 -9.609 0.05 6.704 1.0]
	ConcatTransform [0.603582 0.537292 0.589072 0.0 -0.784317 0.26733 0.559805 0.0 0.143302 -0.799908 0.582763 0.0 0.707997 -0.255976 -0.555736 1.0]
248
	ConcatTransform [1.1 0.0 0.0 0.0 0.0 1.1 0.0 0.0 0.0 0.0 1.1 0.0 -9.609 0.05 6.704 1.0]
	ConcatTransform [0.652229 0.471122 0.593836 0.0 -0.750883 0.294291 0.591242 0.0 0.103787 -0.831527 0.545703 0.0 0.70613 -0.249966 -0.588636 1.0]
249
	ConcatTransform [1.1 0.0 0.0 0.0 0.0 1.1 0.0 0.0 0.0 0.0 1.1 0.0 -9.609 0.05 6.704 1.0]
	ConcatTransform [0.687076 0.428298 0.58693 0.0 -0.723321 0.326698 0.608339 0.0 0.068801 -0.842514 0.534263 0.0 0.703604 -0.252934 -0.607729 1.0]
250
	ConcatTransform [1.1 0.0 0.0 0.0 0.0 1.1 0.0 0.0 0.0 0.0 1.1 0.0 -9.609 0.05 6.704 1.0]
	ConcatTransform [0.730917 0.378403 0.567953 0.0 -0.682381 0.392077 0.616954 0.0 0.010776 -0.838503 0.544791 0.0 0.697996 -0.266863 -0.631592 1.0]
251
	ConcatTransform [1.1 0.0 0.0 0.0 0.0 1.1 0.0 0.0 0.0 0.0 1.1 0.0 -9.609 0.05 6.704 1.0]
	ConcatTransform [0.762907 0.343574 0.547659 0.0 -0.645693 0.447465 0.618754 0.0 -0.032471 -0.825671 0.563217 0.0 0.693679 -0.281286 -0.643408 1.0]
252
	ConcatTransform [1.1 0.0 0.0 0.0 0.0 1.1 0.0 0.0 0.0 0.0 1.1 0.0 -9.609 0.05 6.704 1.0]
	ConcatTransform [0.793979 0.327692 0.512069 0.0 -0.601298 0.547502 0.581964 0.0 -0.089654 -0.769974 0.631746 0.0 0.687511 -0.309231 -0.655178 1.0]
253
	ConcatTransform [1.1 0.0 0.0 0.0 0.0 1.1 0.0 0.0 0.0 0.0 1.1 0.0 -9.609 0.05 6.704 1.0]
	ConcatTransform [0.808932 0.328056 0.48786 0.0 -0.575125 0.613646 0.540989 0.0 -0.121899 -0.718204 0.685072 0.0 0.684327 -0.331859 -0.658915 1.0]
254
	ConcatTransform [1.1 0.0 0.0 0.0 0.0 1.1 0.0 0.0 0.0 0.0 1.1 0.0 -9.609 0.05 6.704 1.0]
	ConcatTransform [0.823161 0.346406 0.449898 0.0 -0.544825 0.70501 0.454012 0.0 -0.15991 -0.618841 0.769068 0.0 0.681766 -0.370399 -0.659215 1.0]
255
	ConcatTransform [1.1 0.0 0.0 0.0 0.0 1.1 0.0 0.0 0.0 0.0 1.1 0.0 -9.609 0.05 6.704 1.0]
	ConcatTransform [0.830802 0.3647 0.420431 0.0 -0.527061 0.75823 0.383789 0.0 -0.178816 -0.540445 0.822158 0.0 0.683581 -0.391946 -0.654781 1.0]
256
	ConcatTransform [1.1 0.0 0.0 0.0 0.0 1.1 0.0 0.0 0.0 0.0 1.1 0.0 -9.609 0.05 6.704 1.0]
	ConcatTransform [0.819169 0.399338 0.411694 0.0 -0.536863 0.78647 0.305357 0.0 -0.201844 -0.471162 0.858641 0.0 0.691279 -0.417316 -0.642253 1.0]
257
	ConcatTransform [1.1 0.0 0.0 0.0 0.0 1.1 0.0 0.0 0.0 0.0 1.1 0.0 -9.609 0.05 6.704 1.0]
	ConcatTransform [0.802127 0.424521 0.419969 0.0 -0.55669 0.786077 0.268662 0.0 -0.216075 -0.449293 0.86686 0.0 0.703179 -0.413228 -0.629987 1.0]
258
	ConcatTransform [1.1 0.0 0.0 0.0 0.0 1.1 0.0 0.0 0.0 0.0 1.1 0.0 -9.609 0.05 6.704 1.0]
	ConcatTransform [0.751136 0.500557 0.430393 0.0 -0.621741 0.755547 0.206364 0.0 -0.221885 -0.422601 0.878735 0.0 0.721487 -0.415199 -0.6115 1.0]
259
	ConcatTransform [1.1 0.0 0.0 0.0 0.0 1.1 0.0 0.0 0.0 0.0 1.1 0.0 -9.609 0.05 6.704 1.0]
	ConcatTransform [0.731405 0.515593 0.44633 0.0 -0.638617 0.747426 0.183092 0.0 -0.239197 -0.418948 0.875938 0.0 0.73555 -0.414983 -0.599052 1.0]
260
	ConcatTransform [1.1 0.0 0.0 0.0 0.0 1.1 0.0 0.0 0.0 0.0 1.1 0.0 -9.609 0.05 6.704 1.0]
	ConcatTransform [0.717278 0.520211 0.463566 0.0 -0.638837 0.756603 0.139422 0.0 -0.278207 -0.396147 0.875025 0.0 0.758214 -0.418068 -0.581738 1.0]
261
	ConcatTransform [1.1 0.0 0.0 0.0 0.0 1.1 0.0 0.0 0.0 0.0 1.1 0.0 -9.609 0.05 6.704 1.0]
	ConcatTransform [0.699369 0.520762 0.489582 0.0 -0.650997 0.746889 0.135495 0.0 -0.295103 -0.413477 0.861366 0.0 0.773827 -0.418274 -0.570718 1.0]
262
	ConcatTransform [1.1 0.0 0.0 0.0 0.0 1.1 0.0 0.0 0.0 0.0 1.1 0.0 -9.609 0.05 6.704 1.0]
	ConcatTransform [0.664888 0.540266 0.515788 0.0 -0.676704 0.728031 0.109738 0.0 -0.316222 -0.421999 0.849659 0.0 0.797297 -0.422227 -0.555076 1.0]
263
	ConcatTransform [1.1 0.0 0.0 0.0 0.0 1.1 0.0 0.0 0.0 0.0 1.1 0.0 -9.609 0.05 6.704 1.0]
	ConcatTransform [0.651635 0.548185 0.524275 0.0 -0.678534 0.730216 0.079851 0.0 -0.339061 -0.407772 0.847797 0.0 0.813305 -0.432677 -0.545151 1.0]
264
	ConcatTransform [1.1 0.0 0.0 0.0 0.0 1.1 0.0 0.0 0.0 0.0 1.1 0.0 -9.609 0.05 6.704 1.0]
	ConcatTransform [0.630775 0.562442 0.534585 0.0 -0.68034 0.732179 0.032423 0.0 -0.373177 -0.384151 0.844492 0.0 0.837276 -0.465697 -0.530369 1.0]
265
	ConcatTransform [1.1 0.0 0.0 0.0 0.0 1.1 0.0 0.0 0.0 0.0 1.1 0.0 -9.609 0.05 6.704 1.0]
	ConcatTransform [0.616484 0.572307 0.540751 0.0 -0.680703 0.732559 0.000729 0.0 -0.395715 -0.36854 0.841182 0.0 0.853251 -0.500072 -0.520515 1.0]
266
	ConcatTransform [1.1 0.0 0.0 0.0 0.0 1.1 0.0 0.0 0.0 0.0 1.1 0.0 -9.609 0.05 6.704 1.0]
	ConcatTransform [0.518704 0.631713 0.576095 0.0 -0.773814 0.63341 0.002165 0.0 -0.363536 -0.446913 0.81738 0.0 0.880858 -0.516237 -0.507842 1.0]
267
	ConcatTransform [1.1 0.0 0.0 0.0 0.0 1.1 0.0 0.0 0.0 0.0 1.1 0.0 -9.609 0.05 6.704 1.0]
	ConcatTransform [0.499235 0.647431 0.575845 0.0 -0.786847 0.617039 -0.01158 0.0 -0.362817 -0.447321 0.817477 0.0 0.900241 -0.510566 -0.499493 1.0]
268
	ConcatTransform [1.1 0.0 0.0 0.0 0.0 1.1 0.0 0.0 0.0 0.0 1.1 0.0 -9.609 0.05 6.704 1.0]
	ConcatTransform [0.46786 0.673371 0.572432 0.0 -0.808046 0.588273 -0.031573 0.0 -0.358006 -0.44778 0.819344 0.0 0.927131 -0.504139 -0.487874 1.0]
269
	ConcatTransform [1.1 0.0 0.0 0.0 0.0 1.1 0.0 0.0 0.0 0.0 1.1 0.0 -9.609 0.05 6.704 1.0]
	ConcatTransform [0.446965 0.688057 0.571665 0.0 -0.821553 0.568583 -0.042004 0.0 -0.35394 -0.450879 0.819411 0.0 0.943112 -0.500397 -0.480869 1.0]
270
	ConcatTransform [1.1 0.0 0.0 0.0 0.0 1.1 0.0 0.0 0.0 0.0 1.1 0.0 -9.609 0.05 6.704 1.0]
	ConcatTransform [0.41819 0.707408 0.569816 0.0 -0.840069 0.539822 -0.053641 0.0 -0.345545 -0.456253 0.820019 0.0 0.963618 -0.495452 -0.471777 1.0]
271
	ConcatTransform [1.1 0.0 0.0 0.0 0.0 1.1 0.0 0.0 0.0 0.0 1.1 0.0 -9.609 0.05 6.704 1.0]
	ConcatTransform [0.397743 0.723245 0.564551 0.0 -0.852488 0.518809 -0.064042 0.0 -0.339212 -0.455801 0.82291 0.0 0.974352 -0.491921 -0.467016 1.0]
272
	ConcatTransform [1.1 0.0 0.0 0.0 0.0 1.1 0.0 0.0 0.0 0.0 1.1 0.0 -9.609 0.05 6.704 1.0]
	ConcatTransform [0.380832 0.740857 0.55326 0.0 -0.865473 0.496219 -0.068733 0.0 -0.325459 -0.452656 0.830168 0.0 0.985548 -0.487994 -0.461695 1.0]
273
	ConcatTransform [1.1 0.0 0.0 0.0 0.0 1.1 0.0 0.0 0.0 0.0 1.1 0.0 -9.609 0.05 6.704 1.0]
	ConcatTransform [0.376022 0.751703 0.541802 0.0 -0.871292 0.485838 -0.069363 0.0 -0.315369 -0.445986 0.837639 0.0 0.989264 -0.485796 -0.459709 1.0]
274
	ConcatTransform [1.1 0.0 0.0 0.0 0.0 1.1 0.0 0.0 0.0 0.0 1.1 0.0 -9.609 0.05 6.704 1.0]
	ConcatTransform [0.382761 0.75939 0.526138 0.0 -0.873018 0.483615 -0.062902 0.0 -0.302215 -0.435251 0.84807 0.0 0.989505 -0.48436 -0.458968 1.0]
275
	ConcatTransform [1.1 0.0 0.0 0.0 0.0 1.1 0.0 0.0 0.0 0.0 1.1 0.0 -9.609 0.05 6.704 1.0]
	ConcatTransform [0.395083 0.75865 0.518034 0.0 -0.871265 0.488209 -0.050493 0.0 -0.291215 -0.431396 0.853868 0.0 0.986202 -0.484734 -0.459906 1.0]
276
	ConcatTransform [1.1 0.0 0.0 0.0 0.0 1.1 0.0 0.0 0.0 0.0 1.1 0.0 -9.609 0.05 6.704 1.0]
	ConcatTransform [0.424943 0.750667 0.505887 0.0 -0.862879 0.504827 -0.024279 0.0 -0.273611 -0.426202 0.862258 0.0 0.976225 -0.487131 -0.46355 1.0]
277
	ConcatTransform [1.1 0.0 0.0 0.0 0.0 1.1 0.0 0.0 0.0 0.0 1.1 0.0 -9.609 0.05 6.704 1.0]
	ConcatTransform [0.453551 0.739147 0.497949 0.0 -0.85229 0.52307 -0.000137 0.0 -0.260563 -0.424335 0.867206 0.0 0.966383 -0.48993 -0.467331 1.0]
278
	ConcatTransform [1.1 0.0 0.0 0.0 0.0 1.1 0.0 0.0 0.0 0.0 1.1 0.0 -9.609 0.05 6.704 1.0]
	ConcatTransform [0.50685 0.711964 0.486014 0.0 -0.828168 0.558645 0.045312 0.0 -0.239248 -0.425468 0.872776 0.0 0.946991 -0.495228 -0.474847 1.0]
279
	ConcatTransform [1.1 0.0 0.0 0.0 0.0 1.1 0.0 0.0 0.0 0.0 1.1 0.0 -9.609 0.05 6.704 1.0]
	ConcatTransform [0.5461 0.689786 0.475362 0.0 -0.806969 0.585493 0.077459 0.0 -0.224891 -0.425903 0.876374 0.0 0.931118 -0.498756 -0.481052 1.0]
280
	ConcatTransform [1.1 0.0 0.0 0.0 0.0 1.1 0.0 0.0 0.0 0.0 1.1 0.0 -9.609 0.05 6.704 1.0]
	ConcatTransform [0.609163 0.650797 0.453193 0.0 -0.766756 0.629244 0.127032 0.0 -0.202497 -0.424872 0.882314 0.0 0.903533 -0.503333 -0.491793 1.0]
281
	ConcatTransform [1.1 0.0 0.0 0.0 0.0 1.1 0.0 0.0 0.0 0.0 1.1 0.0 -9.609 0.05 6.704 1.0]
	ConcatTransform [0.651306 0.620374 0.436962 0.0 -0.735795 0.657089 0.163829 0.0 -0.185487 -0.428218 0.884434 0.0 0.883192 -0.505548 -0.499562 1.0]
282
	ConcatTransform [1.1 0.0 0.0 0.0 0.0 1.1 0.0 0.0 0.0 0.0 1.1 0.0 -9.609 0.05 6.704 1.0]
	ConcatTransform [0.712702 0.571115 0.407287 0.0 -0.684113 0.694259 0.223594 0.0 -0.155065 -0.437986 0.885507 0.0 0.850769 -0.507264 -0.511617 1.0]
283
	ConcatTransform [1.1 0.0 0.0 0.0 0.0 1.1 0.0 0.0 0.0 0.0 1.1 0.0 -9.609 0.05 6.704 1.0]
	ConcatTransform [0.741737 0.55123 0.382063 0.0 -0.658566 0.706428 0.259327 0.0 -0.126951 -0.443966 0.887005 0.0 0.828648 -0.507357 -0.519589 1.0]
284
	ConcatTransform [1.1 0.0 0.0 0.0 0.0 1.1 0.0 0.0 0.0 0.0 1.1 0.0 -9.609 0.05 6.704 1.0]
	ConcatTransform [0.788227 0.511355 0.342365 0.0 -0.60904 0.727908 0.314992 0.0 -0.088138 -0.456799 0.885193 0.0 0.800756 -0.501052 -0.529085 1.0]
285
	ConcatTransform [1.1 0.0 0.0 0.0 0.0 1.1 0.0 0.0 0.0 0.0 1.1 0.0 -9.609 0.05 6.704 1.0]
	ConcatTransform [0.815923 0.487214 0.311276 0.0 -0.574739 0.741993 0.345139 0.0 -0.062809 -0.460509 0.88543 0.0 0.785133 -0.49758 -0.533661 1.0]
286
	ConcatTransform [1.1 0.0 0.0 0.0 0.0 1.1 0.0 0.0 0.0 0.0 1.1 0.0 -9.609 0.05 6.704 1.0]
	ConcatTransform [0.828629 0.481208 0.286029 0.0 -0.559332 0.732561 0.387947 0.0 -0.02285 -0.48145 0.876176 0.0 0.766168 -0.495805 -0.536719 1.0]
287
	ConcatTransform [1.1 0.0 0.0 0.0 0.0 1.1 0.0 0.0 0.0 0.0 1.1 0.0 -9.609 0.05 6.704 1.0]
	ConcatTransform [0.839125 0.472624 0.26925 0.0 -0.543769 0.741231 0.393564 0.0 -0.013568 -0.476659 0.878983 0.0 0.758784 -0.494143 -0.536413 1.0]
288
	ConcatTransform [1.1 0.0 0.0 0.0 0.0 1.1 0.0 0.0 0.0 0.0 1.1 0.0 -9.609 0.05 6.704 1.0]
	ConcatTransform [0.843896 0.46929 0.260014 0.0 -0.536343 0.749943 0.387198 0.0 -0.013287 -0.466212 0.884573 0.0 0.754954 -0.493384 -0.532462 1.0]
289
	ConcatTransform [1.1 0.0 0.0 0.0 0.0 1.1 0.0 0.0 0.0 0.0 1.1 0.0 -9.609 0.05 6.704 1.0]
	ConcatTransform [0.84201 0.473849 0.257848 0.0 -0.539254 0.75258 0.377928 0.0 -0.01497 -0.457265 0.889205 0.0 0.75684 -0.494002 -0.528047 1.0]
290
	ConcatTransform [1.1 0.0 0.0 0.0 0.0 1.1 0.0 0.0 0.0 0.0 1.1 0.0 -9.609 0.05 6.704 1.0]
	ConcatTransform [0.832415 0.49414 0.250821 0.0 -0.554081 0.749471 0.362337 0.0 -0.008938 -0.44059 0.897664 0.0 0.764671 -0.497414 -0.519749 1.0]
291
	ConcatTransform [1.1 0.0 0.0 0.0 0.0 1.1 0.0 0.0 0.0 0.0 1.1 0.0 -9.609 0.05 6.704 1.0]
	ConcatTransform [0.818085 0.517202 0.251473 0.0 -0.575014 0.743056 0.342383 0.0 -0.009777 -0.424699 0.905282 0.0 0.773178 -0.50102 -0.513167 1.0]
292
	ConcatTransform [1.1 0.0 0.0 0.0 0.0 1.1 0.0 0.0 0.0 0.0 1.1 0.0 -9.609 0.05 6.704 1.0]
	ConcatTransform [0.794634 0.549138 0.258854 0.0 -0.60692 0.728652 0.317356 0.0 -0.014342 -0.409285 0.912294 0.0 0.790009 -0.505344 -0.502683 1.0]
293
	ConcatTransform [1.1 0.0 0.0 0.0 0.0 1.1 0.0 0.0 0.0 0.0 1.1 0.0 -9.609 0.05 6.704 1.0]
	ConcatTransform [0.776794 0.569085 0.269691 0.0 -0.629627 0.710425 0.314429 0.0 -0.012659 -0.414051 0.910165 0.0 0.801968 -0.50596 -0.497163 1.0]
294
	ConcatTransform [1.1 0.0 0.0 0.0 0.0 1.1 0.0 0.0 0.0 0.0 1.1 0.0 -9.609 0.05 6.704 1.0]
	ConcatTransform [0.746505 0.599534 0.2886 0.0 -0.665359 0.676069 0.316589 0.0 -0.005307 -0.428357 0.903594 0.0 0.819811 -0.506419 -0.491411 1.0]
295
	ConcatTransform [1.1 0.0 0.0 0.0 0.0 1.1 0.0 0.0 0.0 0.0 1.1 0.0 -9.609 0.05 6.704 1.0]
	ConcatTransform [0.733928 0.610257 0.298223 0.0 -0.679201 0.663262 0.314276 0.0 -0.006011 -0.433209 0.901273 0.0 0.831487 -0.506114 -0.489136 1.0]
296
	ConcatTransform [1.1 0.0 0.0 0.0 0.0 1.1 0.0 0.0 0.0 0.0 1.1 0.0 -9.609 0.05 6.704 1.0]
	ConcatTransform [0.718056 0.625307 0.305593 0.0 -0.695957 0.649083 0.307141 0.0 -0.006298 -0.433224 0.901264 0.0 0.847631 -0.505036 -0.486337 1.0]
297
	ConcatTransform [1.1 0.0 0.0 0.0 0.0 1.1 0.0 0.0 0.0 0.0 1.1 0.0 -9.609 0.05 6.704 1.0]
	ConcatTransform [0.709798 0.633215 0.308587 0.0 -0.704371 0.64238 0.30201 0.0 -0.006993 -0.431726 0.901978 0.0 0.857265 -0.504404 -0.484688 1.0]
298
	ConcatTransform [1.1 0.0 0.0 0.0 0.0 1.1 0.0 0.0 0.0 0.0 1.1 0.0 -9.609 0.05 6.704 1.0]
	ConcatTransform [0.698758 0.644375 0.310674 0.0 -0.715294 0.635176 0.291387 0.0 -0.00957 -0.425832 0.904752 0.0 0.869658 -0.503539 -0.482634 1.0]
299
	ConcatTransform [1.1 0.0 0.0 0.0 0.0 1.1 0.0 0.0 0.0 0.0 1.1 0.0 -9.609 0.05 6.704 1.0]
	ConcatTransform [0.695146 0.646863 0.313593 0.0 -0.718757 0.633087 0.287382 0.0 -0.012635 -0.42517 0.905026 0.0 0.876591 -0.503479 -0.48141 1.0]
300
	ConcatTransform [1.1 0.0 0.0 0.0 0.0 1.1 0.0 0.0 0.0 0.0 1.1 0.0 -9.609 0.05 6.704 1.0]
	ConcatTransform [0.695811 0.642869 0.320261 0.0 -0.717959 0.634719 0.285776 0.0 -0.019559 -0.42878 0.903197 0.0 0.884903 -0.503646 -0.479822 1.0]
301
	ConcatTransform [1.1 0.0 0.0 0.0 0.0 1.1 0.0 0.0 0.0 0.0 1.1 0.0 -9.609 0.05 6.704 1.0]
	ConcatTransform [0.696429 0.640611 0.323426 0.0 -0.717198 0.63687 0.282883 0.0 -0.024762 -0.428969 0.90298 0.0 0.888955 -0.503906 -0.479079 1.0]
302
	ConcatTransform [1.1 0.0 0.0 0.0 0.0 1.1 0.0 0.0 0.0 0.0 1.1 0.0 -9.609 0.05 6.704 1.0]
	ConcatTransform [0.697949 0.637508 0.326268 0.0 -0.71536 0.641988 0.275883 0.0 -0.033582 -0.425951 0.904123 0.0 0.892846 -0.50411 -0.478456 1.0]
303
	ConcatTransform [1.1 0.0 0.0 0.0 0.0 1.1 0.0 0.0 0.0 0.0 1.1 0.0 -9.609 0.05 6.704 1.0]
	ConcatTransform [0.701921 0.63125 0.329893 0.0 -0.711108 0.647356 0.274327 0.0 -0.040389 -0.427146 0.90328 0.0 0.894144 -0.504484 -0.478233 1.0]
304
	ConcatTransform [1.1 0.0 0.0 0.0 0.0 1.1 0.0 0.0 0.0 0.0 1.1 0.0 -9.609 0.05 6.704 1.0]
	ConcatTransform [0.711435 0.616437 0.337442 0.0 -0.700831 0.657826 0.275862 0.0 -0.051927 -0.432747 0.900019 0.0 0.89433 -0.50529 -0.478184 1.0]
305
	ConcatTransform [1.1 0.0 0.0 0.0 0.0 1.1 0.0 0.0 0.0 0.0 1.1 0.0 -9.609 0.05 6.704 1.0]
	ConcatTransform [0.716957 0.607818 0.341364 0.0 -0.694558 0.664743 0.275148 0.0 -0.05968 -0.434366 0.898757 0.0 0.893317 -0.505694 -0.478446 1.0]
306
	ConcatTransform [1.1 0.0 0.0 0.0 0.0 1.1 0.0 0.0 0.0 0.0 1.1 0.0 -9.609 0.05 6.704 1.0]
	ConcatTransform [0.72418 0.596395 0.346233 0.0 -0.685935 0.674724 0.272472 0.0 -0.071111 -0.434812 0.897709 0.0 0.890402 -0.506138 -0.479184 1.0]
307
	ConcatTransform [1.1 0.0 0.0 0.0 0.0 1.1 0.0 0.0 0.0 0.0 1.1 0.0 -9.609 0.05 6.704 1.0]
	ConcatTransform [0.729623 0.587317 0.350298 0.0 -0.679277 0.681578 0.272094 0.0 -0.07895 -0.436475 0.896246 0.0 0.887788 -0.506448 -0.479769 1.0]
308
	ConcatTransform [1.1 0.0 0.0 0.0 0.0 1.1 0.0 0.0 0.0 0.0 1.1 0.0 -9.609 0.05 6.704 1.0]
	ConcatTransform [0.738094 0.57251 0.357001 0.0 -0.668546 0.691887 0.272652 0.0 -0.090908 -0.439914 0.893427 0.0 0.883146 -0.506741 -0.480742 1.0]
309
	ConcatTransform [1.1 0.0 0.0 0.0 0.0 1.1 0.0 0.0 0.0 0.0 1.1 0.0 -9.609 0.05 6.704 1.0]
	ConcatTransform [0.742632 0.564169 0.360848 0.0 -0.662423 0.698028 0.271943 0.0 -0.09846 -0.440988 0.892096 0.0 0.879656 -0.506832 -0.481494 1.0]
310
	ConcatTransform [1.1 0.0 0.0 0.0 0.0 1.1 0.0 0.0 0.0 0.0 1.1 0.0 -9.609 0.05 6.704 1.0]
	ConcatTransform [0.74363 0.559369 0.366223 0.0 -0.660064 0.701418 0.26894 0.0 -0.106439 -0.441723 0.890815 0.0 0.874855 -0.506668 -0.482172 1.0]
311
	ConcatTransform [1.1 0.0 0.0 0.0 0.0 1.1 0.0 0.0 0.0 0.0 1.1 0.0 -9.609 0.05 6.704 1.0]
	ConcatTransform [0.742506 0.559655 0.368066 0.0 -0.660631 0.702638 0.264323 0.0 -0.110687 -0.439417 0.891438 0.0 0.87254 -0.506699 -0.482081 1.0]
312
	ConcatTransform [1.1 0.0 0.0 0.0 0.0 1.1 0.0 0.0 0.0 0.0 1.1 0.0 -9.609 0.05 6.704 1.0]
	ConcatTransform [0.74249 0.560404 0.366955 0.0 -0.660277 0.704604 0.259937 0.0 -0.112889 -0.435293 0.893183 0.0 0.87001 -0.506802 -0.481361 1.0]
313
	ConcatTransform [1.1 0.0 0.0 0.0 0.0 1.1 0.0 0.0 0.0 0.0 1.1 0.0 -9.609 0.05 6.704 1.0]
	ConcatTransform [0.743226 0.560356 0.365536 0.0 -0.659384 0.706 0.258413 0.0 -0.113265 -0.433087 0.894207 0.0 0.868847 -0.506796 -0.480579 1.0]
314
	ConcatTransform [1.1 0.0 0.0 0.0 0.0 1.1 0.0 0.0 0.0 0.0 1.1 0.0 -9.609 0.05 6.704 1.0]
	ConcatTransform [0.744213 0.560159 0.363826 0.0 -0.658333 0.707204 0.257797 0.0 -0.112892 -0.431375 0.895081 0.0 0.8675 -0.506753 -0.479258 1.0]
315
	ConcatTransform [1.1 0.0 0.0 0.0 0.0 1.1 0.0 0.0 0.0 0.0 1.1 0.0 -9.609 0.05 6.704 1.0]
	ConcatTransform [0.743444 0.561358 0.363551 0.0 -0.659343 0.706274 0.257769 0.0 -0.112066 -0.431341 0.895202 0.0 0.866859 -0.506775 -0.478473 1.0]
316
	ConcatTransform [1.1 0.0 0.0 0.0 0.0 1.1 0.0 0.0 0.0 0.0 1.1 0.0 -9.609 0.05 6.704 1.0]
	ConcatTransform [0.743046 0.561535 0.364089 0.0 -0.659834 0.705592 0.258379 0.0 -0.11181 -0.432226 0.894807 0.0 0.866435 -0.506765 -0.477737 1.0]
317
	ConcatTransform [1.1 0.0 0.0 0.0 0.0 1.1 0.0 0.0 0.0 0.0 1.1 0.0 -9.609 0.05 6.704 1.0]
	ConcatTransform [0.742943 0.561476 0.364392 0.0 -0.659975 0.705291 0.258841 0.0 -0.111669 -0.432793 0.89455 0.0 0.866264 -0.506781 -0.477463 1.0]
318
	ConcatTransform [1.1 0.0 0.0 0.0 0.0 1.1 0.0 0.0 0.0 0.0 1.1 0.0 -9.609 0.05 6.704 1.0]
	ConcatTransform [0.742751 0.561412 0.36488 0.0 -0.660216 0.704836 0.259464 0.0 -0.111514 -0.433617 0.89417 0.0 0.866125 -0.506775 -0.477189 1.0]
319
	ConcatTransform [1.1 0.0 0.0 0.0 0.0 1.1 0.0 0.0 0.0 0.0 1.1 0.0 -9.609 0.05 6.704 1.0]
	ConcatTransform [0.742637 0.561628 0.364779 0.0 -0.660379 0.704672 0.259494 0.0 -0.111311 -0.433602 0.894203 0.0 0.866157 -0.50679 -0.477071 1.0]
320
	ConcatTransform [1.1 0.0 0.0 0.0 0.0 1.1 0.0 0.0 0.0 0.0 1.1 0.0 -9.609 0.05 6.704 1.0]
	ConcatTransform [0.74259 0.562209 0.363981 0.0 -0.660803 0.703548 0.261456 0.0 -0.109085 -0.434674 0.893957 0.0 0.8666 -0.506855 -0.47763 1.0]
321
	ConcatTransform [1.1 0.0 0.0 0.0 0.0 1.1 0.0 0.0 0.0 0.0 1.1 0.0 -9.609 0.05 6.704 1.0]
	ConcatTransform [0.74224 0.562212 0.364689 0.0 -0.661269 0.702696 0.26257 0.0 -0.108646 -0.436047 0.893341 0.0 0.866938 -0.506831 -0.478127 1.0]
322
	ConcatTransform [1.1 0.0 0.0 0.0 0.0 1.1 0.0 0.0 0.0 0.0 1.1 0.0 -9.609 0.05 6.704 1.0]
	ConcatTransform [0.741744 0.562237 0.365657 0.0 -0.66191 0.701569 0.263963 0.0 -0.108124 -0.437825 0.892535 0.0 0.867403 -0.506812 -0.47893 1.0]
323
	ConcatTransform [1.1 0.0 0.0 0.0 0.0 1.1 0.0 0.0 0.0 0.0 1.1 0.0 -9.609 0.05 6.704 1.0]
	ConcatTransform [0.741485 0.562234 0.366187 0.0 -0.662251 0.700941 0.264774 0.0 -0.10781 -0.438833 0.892077 0.0 0.867699 -0.506802 -0.479471 1.0]
324
	ConcatTransform [1.1 0.0 0.0 0.0 0.0 1.1 0.0 0.0 0.0 0.0 1.1 0.0 -9.609 0.05 6.704 1.0]
	ConcatTransform [0.741005 0.562293 0.367067 0.0 -0.66285 0.699956 0.265878 0.0 -0.10743 -0.440327 0.891387 0.0 0.868105 -0.506791 -0.480252 1.0]
325
	ConcatTransform [1.1 0.0 0.0 0.0 0.0 1.1 0.0 0.0 0.0 0.0 1.1 0.0 -9.609 0.05 6.704 1.0]
	ConcatTransform [0.740704 0.562343 0.367597 0.0 -0.663223 0.699354 0.26653 0.0 -0.107199 -0.441219 0.890974 0.0 0.868346 -0.506786 -0.480738 1.0]
326
	ConcatTransform [1.1 0.0 0.0 0.0 0.0 1.1 0.0 0.0 0.0 0.0 1.1 0.0 -9.609 0.05 6.704 1.0]
	ConcatTransform [0.740346 0.562473 0.36812 0.0 -0.663665 0.6987 0.267147 0.0 -0.106943 -0.442089 0.890573 0.0 0.868643 -0.506786 -0.481405 1.0]
327
	ConcatTransform [1.1 0.0 0.0 0.0 0.0 1.1 0.0 0.0 0.0 0.0 1.1 0.0 -9.609 0.05 6.704 1.0]
	ConcatTransform [0.740168 0.562426 0.368549 0.0 -0.663876 0.698325 0.267602 0.0 -0.106861 -0.442742 0.890259 0.0 0.868791 -0.506778 -0.481787 1.0]
328
	ConcatTransform [1.1 0.0 0.0 0.0 0.0 1.1 0.0 0.0 0.0 0.0 1.1 0.0 -9.609 0.05 6.704 1.0]
	ConcatTransform [0.739685 0.562461 0.369464 0.0 -0.664357 0.697813 0.267745 0.0 -0.107221 -0.443503 0.889836 0.0 0.868948 -0.506771 -0.482246 1.0]
329
	ConcatTransform [1.1 0.0 0.0 0.0 0.0 1.1 0.0 0.0 0.0 0.0 1.1 0.0 -9.609 0.05 6.704 1.0]
	ConcatTransform [0.739495 0.562521 0.369753 0.0 -0.664536 0.697685 0.267634 0.0 -0.107421 -0.443627 0.88975 0.0 0.869003 -0.506772 -0.482479 1.0]
330
	ConcatTransform [1.1 0.0 0.0 0.0 0.0 1.1 0.0 0.0 0.0 0.0 1.1 0.0 -9.609 0.05 6.704 1.0]
	ConcatTransform [0.73962 0.562556 0.36945 0.0 -0.664376 0.697994 0.267223 0.0 -0.107546 -0.443097 0.889999 0.0 0.868997 -0.506771 -0.482725 1.0]
331
	ConcatTransform [1.1 0.0 0.0 0.0 0.0 1.1 0.0 0.0 0.0 0.0 1.1 0.0 -9.609 0.05 6.704 1.0]
	ConcatTransform [0.739713 0.562409 0.369488 0.0 -0.664275 0.698029 0.267385 0.0 -0.107534 -0.44323 0.889935 0.0 0.868945 -0.506766 -0.482791 1.0]
332
	ConcatTransform [1.1 0.0 0.0 0.0 0.0 1.1 0.0 0.0 0.0 0.0 1.1 0.0 -9.609 0.05 6.704 1.0]
	ConcatTransform [0.739845 0.562514 0.369063 0.0 -0.664098 0.69844 0.266749 0.0 -0.107718 -0.442447 0.890302 0.0 0.868776 -0.506782 -0.482802 1.0]
333
	ConcatTransform [1.1 0.0 0.0 0.0 0.0 1.1 0.0 0.0 0.0 0.0 1.1 0.0 -9.609 0.05 6.704 1.0]
	ConcatTransform [0.74004 0.56246 0.368754 0.0 -0.663879 0.698719 0.266564 0.0 -0.107724 -0.442076 0.890485 0.0 0.868633 -0.506783 -0.482721 1.0]
334
	ConcatTransform [1.1 0.0 0.0 0.0 0.0 1.1 0.0 0.0 0.0 0.0 1.1 0.0 -9.609 0.05 6.704 1.0]
	ConcatTransform [0.740352 0.562377 0.368254 0.0 -0.663489 0.699336 0.265917 0.0 -0.107988 -0.441204 0.890886 0.0 0.868375 -0.506783 -0.482496 1.0]
335
	ConcatTransform [1.1 0.0 0.0 0.0 0.0 1.1 0.0 0.0 0.0 0.0 1.1 0.0 -9.609 0.05 6.704 1.0]
	ConcatTransform [0.740595 0.562278 0.367915 0.0 -0.663172 0.699841 0.265378 0.0 -0.108266 -0.440529 0.891186 0.0 0.868162 -0.506784 -0.482295 1.0]
336
	ConcatTransform [1.1 0.0 0.0 0.0 0.0 1.1 0.0 0.0 0.0 0.0 1.1 0.0 -9.609 0.05 6.704 1.0]
	ConcatTransform [0.740993 0.562208 0.367222 0.0 -0.66266 0.700704 0.264376 0.0 -0.10868 -0.439244 0.89177 0.0 0.867809 -0.506788 -0.48193 1.0]
337
	ConcatTransform [1.1 0.0 0.0 0.0 0.0 1.1 0.0 0.0 0.0 0.0 1.1 0.0 -9.609 0.05 6.704 1.0]
	ConcatTransform [0.741264 0.562107 0.36683 0.0 -0.662315 0.701238 0.263826 0.0 -0.108937 -0.438522 0.892094 0.0 0.867561 -0.506788 -0.481646 1.0]
338
	ConcatTransform [1.1 0.0 0.0 0.0 0.0 1.1 0.0 0.0 0.0 0.0 1.1 0.0 -9.609 0.05 6.704 1.0]
	ConcatTransform [0.741652 0.561985 0.36623 0.0 -0.661823 0.702003 0.263025 0.0 -0.109279 -0.437452 0.892577 0.0 0.867179 -0.506787 -0.481185 1.0]
339
	ConcatTransform [1.1 0.0 0.0 0.0 0.0 1.1 0.0 0.0 0.0 0.0 1.1 0.0 -9.609 0.05 6.704 1.0]
	ConcatTransform [0.741916 0.561912 0.365808 0.0 -0.66149 0.702524 0.26247 0.0 -0.109504 -0.43671 0.892913 0.0 0.866929 -0.506786 -0.480865 1.0]
340
	ConcatTransform [1.1 0.0 0.0 0.0 0.0 1.1 0.0 0.0 0.0 0.0 1.1 0.0 -9.609 0.05 6.704 1.0]
	ConcatTransform [0.74231 0.561784 0.365204 0.0 -0.660993 0.703285 0.261684 0.0 -0.109832 -0.435648 0.893391 0.0 0.866572 -0.506783 -0.480381 1.0]
341
	ConcatTransform [1.1 0.0 0.0 0.0 0.0 1.1 0.0 0.0 0.0 0.0 1.1 0.0 -9.609 0.05 6.704 1.0]
	ConcatTransform [0.742539 0.561717 0.364843 0.0 -0.660704 0.703735 0.261205 0.0 -0.110029 -0.435008 0.893679 0.0 0.866351 -0.506782 -0.480067 1.0]
342
	ConcatTransform [1.1 0.0 0.0 0.0 0.0 1.1 0.0 0.0 0.0 0.0 1.1 0.0 -9.609 0.05 6.704 1.0]
	ConcatTransform [0.742823 0.561669 0.364337 0.0 -0.660344 0.704316 0.260546 0.0 -0.110268 -0.434128 0.894077 0.0 0.866051 -0.506782 -0.479627 1.0]
343
	ConcatTransform [1.1 0.0 0.0 0.0 0.0 1.1 0.0 0.0 0.0 0.0 1.1 0.0 -9.609 0.05 6.704 1.0]
	ConcatTransform [0.742937 0.561642 0.364147 0.0 -0.660196 0.70456 0.260264 0.0 -0.110388 -0.433768 0.894237 0.0 0.865876 -0.506782 -0.479359 1.0]
344
	ConcatTransform [1.1 0.0 0.0 0.0 0.0 1.1 0.0 0.0 0.0 0.0 1.1 0.0 -9.609 0.05 6.704 1.0]
	ConcatTransform [0.743116 0.561524 0.363963 0.0 -0.659961 0.704896 0.259948 0.0 -0.110589 -0.433373 0.894404 0.0 0.865666 -0.506777 -0.479008 1.0]
345
	ConcatTransform [1.1 0.0 0.0 0.0 0.0 1.1 0.0 0.0 0.0 0.0 1.1 0.0 -9.609 0.05 6.704 1.0]
	ConcatTransform [0.743178 0.56149 0.363889 0.0 -0.659879 0.705019 0.259822 0.0 -0.110661 -0.433217 0.894471 0.0 0.865555 -0.506775 -0.478818 1.0]
346
	ConcatTransform [1.1 0.0 0.0 0.0 0.0 1.1 0.0 0.0 0.0 0.0 1.1 0.0 -9.609 0.05 6.704 1.0]
	ConcatTransform [0.743143 0.561529 0.363901 0.0 -0.659919 0.70499 0.259801 0.0 -0.110661 -0.433214 0.894472 0.0 0.865449 -0.506775 -0.478657 1.0]
347
	ConcatTransform [1.1 0.0 0.0 0.0 0.0 1.1 0.0 0.0 0.0 0.0 1.1 0.0 -9.609 0.05 6.704 1.0]
	ConcatTransform [0.743056 0.561574 0.364008 0.0 -0.660023 0.704856 0.259898 0.0 -0.110621 -0.433373 0.8944 0.0 0.865438 -0.506779 -0.47862 1.0]
348
	ConcatTransform [1.1 0.0 0.0 0.0 0.0 1.1 0.0 0.0 0.0 0.0 1.1 0.0 -9.609 0.05 6.704 1.0]
	ConcatTransform [0.742985 0.561595 0.364122 0.0 -0.660111 0.704727 0.260025 0.0 -0.110578 -0.433555 0.894317 0.0 0.865487 -0.50678 -0.478644 1.0]
349
	ConcatTransform [1.1 0.0 0.0 0.0 0.0 1.1 0.0 0.0 0.0 0.0 1.1 0.0 -9.609 0.05 6.704 1.0]
	ConcatTransform [0.742911 0.5616 0.364265 0.0 -0.660206 0.704564 0.260225 0.0 -0.110506 -0.433814 0.8942 0.0 0.865549 -0.506779 -0.478703 1.0]
350
	ConcatTransform [1.1 0.0 0.0 0.0 0.0 1.1 0.0 0.0 0.0 0.0 1.1 0.0 -9.609 0.05 6.704 1.0]
	ConcatTransform [0.742727 0.56167 0.364531 0.0 -0.66043 0.70425 0.260508 0.0 -0.110401 -0.434233 0.89401 0.0 0.865686 -0.506782 -0.478845 1.0]
351
	ConcatTransform [1.1 0.0 0.0 0.0 0.0 1.1 0.0 0.0 0.0 0.0 1.1 0.0 -9.609 0.05 6.704 1.0]
	ConcatTransform [0.742548 0.561698 0.364853 0.0 -0.660623 0.704017 0.260649 0.0 -0.110456 -0.434575 0.893837 0.0 0.865795 -0.506783 -0.478976 1.0]
352
	ConcatTransform [1.1 0.0 0.0 0.0 0.0 1.1 0.0 0.0 0.0 0.0 1.1 0.0 -9.609 0.05 6.704 1.0]
	ConcatTransform [0.742279 0.56174 0.365336 0.0 -0.660924 0.703615 0.26097 0.0 -0.110459 -0.435171 0.893546 0.0 0.865973 -0.506783 -0.479222 1.0]
353
	ConcatTransform [1.1 0.0 0.0 0.0 0.0 1.1 0.0 0.0 0.0 0.0 1.1 0.0 -9.609 0.05 6.704 1.0]
	ConcatTransform [0.742128 0.561806 0.365541 0.0 -0.661124 0.703302 0.261308 0.0 -0.110281 -0.435591 0.893363 0.0 0.866106 -0.506784 -0.479409 1.0]
354
	ConcatTransform [1.1 0.0 0.0 0.0 0.0 1.1 0.0 0.0 0.0 0.0 1.1 0.0 -9.609 0.05 6.704 1.0]
	ConcatTransform [0.741887 0.561862 0.365943 0.0 -0.661429 0.702814 0.261847 0.0 -0.110068 -0.436306 0.893041 0.0 0.866321 -0.506785 -0.479713 1.0]
355
	ConcatTransform [1.1 0.0 0.0 0.0 0.0 1.1 0.0 0.0 0.0 0.0 1.1 0.0 -9.609 0.05 6.704 1.0]
	ConcatTransform [0.741697 0.561906 0.366262 0.0 -0.661658 0.702479 0.262169 0.0 -0.109976 -0.43679 0.892816 0.0 0.866471 -0.506785 -0.479923 1.0]
356
	ConcatTransform [1.1 0.0 0.0 0.0 0.0 1.1 0.0 0.0 0.0 0.0 1.1 0.0 -9.609 0.05 6.704 1.0]
	ConcatTransform [0.741409 0.561973 0.366741 0.0 -0.662004 0.701968 0.262662 0.0 -0.109832 -0.437524 0.892474 0.0 0.866688 -0.506785 -0.480246 1.0]
357
	ConcatTransform [1.1 0.0 0.0 0.0 0.0 1.1 0.0 0.0 0.0 0.0 1.1 0.0 -9.609 0.05 6.704 1.0]
	ConcatTransform [0.741246 0.562015 0.367007 0.0 -0.662207 0.701656 0.262984 0.0 -0.109711 -0.43797 0.89227 0.0 0.866825 -0.506784 -0.480458 1.0]
358
	ConcatTransform [1.1 0.0 0.0 0.0 0.0 1.1 0.0 0.0 0.0 0.0 1.1 0.0 -9.609 0.05 6.704 1.0]
	ConcatTransform [0.741021 0.562045 0.367414 0.0 -0.662482 0.701222 0.263449 0.0 -0.109569 -0.438627 0.891965 0.0 0.867004 -0.506782 -0.480764 1.0]
359
	ConcatTransform [1.1 0.0 0.0 0.0 0.0 1.1 0.0 0.0 0.0 0.0 1.1 0.0 -9.609 0.05 6.704 1.0]
	ConcatTransform [0.740881 0.562111 0.367595 0.0 -0.66265 0.700997 0.263624 0.0 -0.109497 -0.438901 0.891839 0.0 0.867107 -0.506784 -0.480954 1.0]
360
	ConcatTransform [1.1 0.0 0.0 0.0 0.0 1.1 0.0 0.0 0.0 0.0 1.1 0.0 -9.609 0.05 6.704 1.0]
	ConcatTransform [-0.744543 0.56236 -0.359732 0.0 0.660424 0.699138 -0.273945 0.0 0.097447 -0.44154 -0.891934 0.0 0.3486 -0.506791 -0.176024 1.0]
