228
	ConcatTransform [1.1 0.0 0.0 0.0 0.0 1.1 0.0 0.0 0.0 0.0 1.1 0.0 -9.609 0.05 6.704 1.0]
	ConcatTransform [0.871806 -0.099116 -0.479719 0.0 0.215901 0.956812 0.194675 0.0 0.439706 -0.27329 0.855553 0.0 -0.026864 0.028062 -0.037821 1.0]
229
	ConcatTransform [1.1 0.0 0.0 0.0 0.0 1.1 0.0 0.0 0.0 0.0 1.1 0.0 -9.609 0.05 6.704 1.0]
	ConcatTransform [0.636716 -0.037209 -0.7702 0.0 0.364344 0.894821 0.257969 0.0 0.679593 -0.444871 0.583304 0.0 -0.045169 0.033731 -0.062437 1.0]
230
	ConcatTransform [1.1 0.0 0.0 0.0 0.0 1.1 0.0 0.0 0.0 0.0 1.1 0.0 -9.609 0.05 6.704 1.0]
	ConcatTransform [0.183864 0.181915 -0.965972 0.0 0.285314 0.930539 0.229549 0.0 0.940633 -0.317811 0.11919 0.0 -0.085889 0.036895 -0.099886 1.0]
231
	ConcatTransform [1.1 0.0 0.0 0.0 0.0 1.1 0.0 0.0 0.0 0.0 1.1 0.0 -9.609 0.05 6.704 1.0]
	ConcatTransform [-0.02811 0.117219 -0.992708 0.0 0.187519 0.976088 0.109946 0.0 0.981859 -0.183061 -0.049419 0.0 -0.11672 0.031972 -0.12609 1.0]
232
	ConcatTransform [1.1 0.0 0.0 0.0 0.0 1.1 0.0 0.0 0.0 0.0 1.1 0.0 -9.609 0.05 6.704 1.0]
	ConcatTransform [-0.485133 0.162672 -0.859176 0.0 0.14121 0.984222 0.106613 0.0 0.862963 -0.069602 -0.50045 0.0 -0.167028 0.012479 -0.156053 1.0]
233
	ConcatTransform [1.1 0.0 0.0 0.0 0.0 1.1 0.0 0.0 0.0 0.0 1.1 0.0 -9.609 0.05 6.704 1.0]
	ConcatTransform [-0.647556 0.119931 -0.752521 0.0 0.032823 0.991011 0.129695 0.0 0.761311 0.059284 -0.645671 0.0 -0.210575 -0.003129 -0.16559 1.0]
234
	ConcatTransform [1.1 0.0 0.0 0.0 0.0 1.1 0.0 0.0 0.0 0.0 1.1 0.0 -9.609 0.05 6.704 1.0]
	ConcatTransform [-0.802 -0.057257 -0.594574 0.0 -0.126095 0.989192 0.074827 0.0 0.583863 0.134984 -0.800552 0.0 -0.2777 -0.041469 -0.176344 1.0]
235
	ConcatTransform [1.1 0.0 0.0 0.0 0.0 1.1 0.0 0.0 0.0 0.0 1.1 0.0 -9.609 0.05 6.704 1.0]
	ConcatTransform [-0.850156 -0.202943 -0.485848 0.0 -0.244242 0.969455 0.022434 0.0 0.466455 0.137736 -0.873755 0.0 -0.32292 -0.078737 -0.183075 1.0]
236
	ConcatTransform [1.1 0.0 0.0 0.0 0.0 1.1 0.0 0.0 0.0 0.0 1.1 0.0 -9.609 0.05 6.704 1.0]
	ConcatTransform [-0.862112 -0.410942 -0.296463 0.0 -0.423158 0.905713 -0.024916 0.0 0.278749 0.10397 -0.954719 0.0 -0.390749 -0.153198 -0.193172 1.0]
237
	ConcatTransform [1.1 0.0 0.0 0.0 0.0 1.1 0.0 0.0 0.0 0.0 1.1 0.0 -9.609 0.05 6.704 1.0]
	ConcatTransform [-0.829479 -0.535349 -0.159266 0.0 -0.537339 0.84268 -0.034008 0.0 0.152416 0.057371 -0.98665 0.0 -0.435969 -0.215213 -0.199903 1.0]
238
	ConcatTransform [1.1 0.0 0.0 0.0 0.0 1.1 0.0 0.0 0.0 0.0 1.1 0.0 -9.609 0.05 6.704 1.0]
	ConcatTransform [-0.726179 -0.671335 0.148237 0.0 -0.687019 0.71671 -0.119713 0.0 -0.025876 -0.188775 -0.981679 0.0 -0.503829 -0.323834 -0.208651 1.0]
239
	ConcatTransform [1.1 0.0 0.0 0.0 0.0 1.1 0.0 0.0 0.0 0.0 1.1 0.0 -9.609 0.05 6.704 1.0]
	ConcatTransform [-0.61501 -0.704042 0.355088 0.0 -0.780123 0.608815 -0.144054 0.0 -0.114763 -0.365607 -0.923667 0.0 -0.549082 -0.408549 -0.214467 1.0]
240
	ConcatTransform [1.1 0.0 0.0 0.0 0.0 1.1 0.0 0.0 0.0 0.0 1.1 0.0 -9.609 0.05 6.704 1.0]
	ConcatTransform [-0.437971 -0.534704 0.722685 0.0 -0.862974 0.47532 -0.171309 0.0 -0.251907 -0.698687 -0.669612 0.0 -0.620863 -0.512784 -0.211357 1.0]
241
	ConcatTransform [1.1 0.0 0.0 0.0 0.0 1.1 0.0 0.0 0.0 0.0 1.1 0.0 -9.609 0.05 6.704 1.0]
	ConcatTransform [-0.368363 -0.36277 0.855983 0.0 -0.793888 0.60187 -0.086565 0.0 -0.483788 -0.711442 -0.509705 0.0 -0.67349 -0.531098 -0.191835 1.0]
242
	ConcatTransform [1.1 0.0 0.0 0.0 0.0 1.1 0.0 0.0 0.0 0.0 1.1 0.0 -9.609 0.05 6.704 1.0]
	ConcatTransform [-0.197617 -0.321864 0.925933 0.0 -0.70702 0.701077 0.092806 0.0 -0.679021 -0.636313 -0.366109 0.0 -0.756894 -0.521563 -0.157508 1.0]
243
	ConcatTransform [1.1 0.0 0.0 0.0 0.0 1.1 0.0 0.0 0.0 0.0 1.1 0.0 -9.609 0.05 6.704 1.0]
	ConcatTransform [-0.063283 -0.286735 0.955918 0.0 -0.61326 0.766833 0.189419 0.0 -0.787342 -0.574239 -0.22437 0.0 -0.809397 -0.510599 -0.13448 1.0]
244
	ConcatTransform [1.1 0.0 0.0 0.0 0.0 1.1 0.0 0.0 0.0 0.0 1.1 0.0 -9.609 0.05 6.704 1.0]
	ConcatTransform [0.15147 -0.346997 0.925554 0.0 -0.483688 0.790575 0.375549 0.0 -0.862034 -0.504563 -0.04809 0.0 -0.884934 -0.495548 -0.09835 1.0]
245
	ConcatTransform [1.1 0.0 0.0 0.0 0.0 1.1 0.0 0.0 0.0 0.0 1.1 0.0 -9.609 0.05 6.704 1.0]
	ConcatTransform [0.295642 -0.359752 0.884971 0.0 -0.360288 0.815982 0.452068 0.0 -0.884753 -0.452495 0.111624 0.0 -0.930377 -0.485651 -0.075958 1.0]
246
	ConcatTransform [1.1 0.0 0.0 0.0 0.0 1.1 0.0 0.0 0.0 0.0 1.1 0.0 -9.609 0.05 6.704 1.0]
	ConcatTransform [0.471958 -0.414777 0.777956 0.0 -0.136821 0.837265 0.529402 0.0 -0.870939 -0.356297 0.338404 0.0 -0.985987 -0.464699 -0.047055 1.0]
247
	ConcatTransform [1.1 0.0 0.0 0.0 0.0 1.1 0.0 0.0 0.0 0.0 1.1 0.0 -9.609 0.05 6.704 1.0]
	ConcatTransform [0.529137 -0.52142 0.669428 0.0 0.009496 0.792511 0.609784 0.0 -0.848483 -0.316303 0.424298 0.0 -1.017905 -0.454071 -0.02903 1.0]
248
	ConcatTransform [1.1 0.0 0.0 0.0 0.0 1.1 0.0 0.0 0.0 0.0 1.1 0.0 -9.609 0.05 6.704 1.0]
	ConcatTransform [0.600754 -0.64828 0.46779 0.0 0.216529 0.69523 0.685398 0.0 -0.769551 -0.310466 0.558034 0.0 -1.060354 -0.446763 -0.004988 1.0]
249
	ConcatTransform [1.1 0.0 0.0 0.0 0.0 1.1 0.0 0.0 0.0 0.0 1.1 0.0 -9.609 0.05 6.704 1.0]
	ConcatTransform [0.649334 -0.696068 0.306357 0.0 0.316231 0.613485 0.723625 0.0 -0.691638 -0.372995 0.618475 0.0 -1.084875 -0.447125 0.009941 1.0]
250
	ConcatTransform [1.1 0.0 0.0 0.0 0.0 1.1 0.0 0.0 0.0 0.0 1.1 0.0 -9.609 0.05 6.704 1.0]
	ConcatTransform [0.679894 -0.72692 0.096598 0.0 0.458225 0.523989 0.717959 0.0 -0.572515 -0.443873 0.68935 0.0 -1.111589 -0.450046 0.030431 1.0]
251
	ConcatTransform [1.1 0.0 0.0 0.0 0.0 1.1 0.0 0.0 0.0 0.0 1.1 0.0 -9.609 0.05 6.704 1.0]
	ConcatTransform [0.674665 -0.736741 -0.045165 0.0 0.553091 0.464073 0.691901 0.0 -0.488792 -0.491781 0.720579 0.0 -1.120556 -0.450225 0.042849 1.0]
252
	ConcatTransform [1.1 0.0 0.0 0.0 0.0 1.1 0.0 0.0 0.0 0.0 1.1 0.0 -9.609 0.05 6.704 1.0]
	ConcatTransform [0.640633 -0.725408 -0.251739 0.0 0.684521 0.391011 0.615257 0.0 -0.34788 -0.566475 0.747051 0.0 -1.124089 -0.452973 0.060025 1.0]
253
	ConcatTransform [1.1 0.0 0.0 0.0 0.0 1.1 0.0 0.0 0.0 0.0 1.1 0.0 -9.609 0.05 6.704 1.0]
	ConcatTransform [0.6067 -0.697941 -0.380518 0.0 0.758942 0.36616 0.538456 0.0 -0.23648 -0.615472 0.751845 0.0 -1.121317 -0.458222 0.070485 1.0]
254
	ConcatTransform [1.1 0.0 0.0 0.0 0.0 1.1 0.0 0.0 0.0 0.0 1.1 0.0 -9.609 0.05 6.704 1.0]
	ConcatTransform [0.543364 -0.620502 -0.565449 0.0 0.837522 0.354504 0.415792 0.0 -0.057546 -0.699503 0.712309 0.0 -1.110103 -0.471493 0.085098 1.0]
255
	ConcatTransform [1.1 0.0 0.0 0.0 0.0 1.1 0.0 0.0 0.0 0.0 1.1 0.0 -9.609 0.05 6.704 1.0]
	ConcatTransform [0.478474 -0.565863 -0.671463 0.0 0.875765 0.363264 0.317923 0.0 0.064017 -0.740161 0.669375 0.0 -1.096731 -0.480745 0.093575 1.0]
256
	ConcatTransform [1.1 0.0 0.0 0.0 0.0 1.1 0.0 0.0 0.0 0.0 1.1 0.0 -9.609 0.05 6.704 1.0]
	ConcatTransform [0.352059 -0.511428 -0.783898 0.0 0.892827 0.434865 0.117268 0.0 0.280916 -0.74117 0.609715 0.0 -1.069773 -0.495124 0.103718 1.0]
257
	ConcatTransform [1.1 0.0 0.0 0.0 0.0 1.1 0.0 0.0 0.0 0.0 1.1 0.0 -9.609 0.05 6.704 1.0]
	ConcatTransform [0.261426 -0.46757 -0.844414 0.0 0.865587 0.500672 -0.009252 0.0 0.427101 -0.728496 0.535611 0.0 -1.048332 -0.504741 0.109108 1.0]
258
	ConcatTransform [1.1 0.0 0.0 0.0 0.0 1.1 0.0 0.0 0.0 0.0 1.1 0.0 -9.609 0.05 6.704 1.0]
	ConcatTransform [0.100753 -0.395052 -0.913117 0.0 0.790858 0.588657 -0.167414 0.0 0.60365 -0.705278 0.371739 0.0 -1.011658 -0.513106 0.114336 1.0]
259
	ConcatTransform [1.1 0.0 0.0 0.0 0.0 1.1 0.0 0.0 0.0 0.0 1.1 0.0 -9.609 0.05 6.704 1.0]
	ConcatTransform [-0.023438 -0.377401 -0.925753 0.0 0.729398 0.626819 -0.274002 0.0 0.683688 -0.681664 0.260584 0.0 -0.985766 -0.513535 0.115535 1.0]
260
	ConcatTransform [1.1 0.0 0.0 0.0 0.0 1.1 0.0 0.0 0.0 0.0 1.1 0.0 -9.609 0.05 6.704 1.0]
	ConcatTransform [-0.21248 -0.380682 -0.899963 0.0 0.61207 0.666087 -0.426262 0.0 0.761724 -0.641412 0.091474 0.0 -0.947359 -0.511385 0.115147 1.0]
261
	ConcatTransform [1.1 0.0 0.0 0.0 0.0 1.1 0.0 0.0 0.0 0.0 1.1 0.0 -9.609 0.05 6.704 1.0]
	ConcatTransform [-0.336602 -0.386888 -0.858497 0.0 0.52324 0.681144 -0.512116 0.0 0.782892 -0.621579 -0.026839 0.0 -0.922685 -0.509638 0.113914 1.0]
262
	ConcatTransform [1.1 0.0 0.0 0.0 0.0 1.1 0.0 0.0 0.0 0.0 1.1 0.0 -9.609 0.05 6.704 1.0]
	ConcatTransform [-0.509001 -0.411265 -0.756161 0.0 0.376377 0.683704 -0.625211 0.0 0.774118 -0.602835 -0.193216 0.0 -0.887993 -0.507047 0.110851 1.0]
263
	ConcatTransform [1.1 0.0 0.0 0.0 0.0 1.1 0.0 0.0 0.0 0.0 1.1 0.0 -9.609 0.05 6.704 1.0]
	ConcatTransform [-0.606808 -0.432475 -0.666895 0.0 0.263392 0.682209 -0.682067 0.0 0.749939 -0.589539 -0.30006 0.0 -0.867102 -0.504864 0.108334 1.0]
264
	ConcatTransform [1.1 0.0 0.0 0.0 0.0 1.1 0.0 0.0 0.0 0.0 1.1 0.0 -9.609 0.05 6.704 1.0]
	ConcatTransform [-0.715647 -0.472201 -0.514661 0.0 0.081407 0.675437 -0.732911 0.0 0.693702 -0.566402 -0.444934 0.0 -0.839947 -0.500295 0.10424 1.0]
265
	ConcatTransform [1.1 0.0 0.0 0.0 0.0 1.1 0.0 0.0 0.0 0.0 1.1 0.0 -9.609 0.05 6.704 1.0]
	ConcatTransform [-0.749027 -0.506737 -0.426821 0.0 -0.022165 0.663025 -0.748269 0.0 0.662169 -0.551013 -0.507855 0.0 -0.824871 -0.495995 0.10134 1.0]
266
	ConcatTransform [1.1 0.0 0.0 0.0 0.0 1.1 0.0 0.0 0.0 0.0 1.1 0.0 -9.609 0.05 6.704 1.0]
	ConcatTransform [-0.769692 -0.547556 -0.328263 0.0 -0.140827 0.647139 -0.749252 0.0 0.622689 -0.530465 -0.575209 0.0 -0.807117 -0.489696 0.097262 1.0]
267
	ConcatTransform [1.1 0.0 0.0 0.0 0.0 1.1 0.0 0.0 0.0 0.0 1.1 0.0 -9.609 0.05 6.704 1.0]
	ConcatTransform [-0.774571 -0.565865 -0.282554 0.0 -0.194119 0.63786 -0.745287 0.0 0.601962 -0.522428 -0.603913 0.0 -0.798813 -0.486366 0.094827 1.0]
268
	ConcatTransform [1.1 0.0 0.0 0.0 0.0 1.1 0.0 0.0 0.0 0.0 1.1 0.0 -9.609 0.05 6.704 1.0]
	ConcatTransform [-0.781475 -0.579122 -0.232196 0.0 -0.248078 0.629864 -0.736022 0.0 0.572499 -0.51758 -0.63589 0.0 -0.791668 -0.484157 0.091898 1.0]
269
	ConcatTransform [1.1 0.0 0.0 0.0 0.0 1.1 0.0 0.0 0.0 0.0 1.1 0.0 -9.609 0.05 6.704 1.0]
	ConcatTransform [-0.789236 -0.580261 -0.201008 0.0 -0.2722 0.623976 -0.732504 0.0 0.550468 -0.523403 -0.650411 0.0 -0.790308 -0.484799 0.09054 1.0]
270
	ConcatTransform [1.1 0.0 0.0 0.0 0.0 1.1 0.0 0.0 0.0 0.0 1.1 0.0 -9.609 0.05 6.704 1.0]
	ConcatTransform [-0.801826 -0.575121 -0.162207 0.0 -0.295383 0.617441 -0.729051 0.0 0.519445 -0.536659 -0.664961 0.0 -0.794066 -0.486538 0.089656 1.0]
271
	ConcatTransform [1.1 0.0 0.0 0.0 0.0 1.1 0.0 0.0 0.0 0.0 1.1 0.0 -9.609 0.05 6.704 1.0]
	ConcatTransform [-0.81631 -0.558133 -0.148748 0.0 -0.296695 0.626113 -0.721079 0.0 0.49559 -0.544492 -0.676697 0.0 -0.799843 -0.489612 0.089868 1.0]
272
	ConcatTransform [1.1 0.0 0.0 0.0 0.0 1.1 0.0 0.0 0.0 0.0 1.1 0.0 -9.609 0.05 6.704 1.0]
	ConcatTransform [-0.834828 -0.533292 -0.13661 0.0 -0.285261 0.631293 -0.721177 0.0 0.470838 -0.563089 -0.679148 0.0 -0.813445 -0.4957 0.091228 1.0]
273
	ConcatTransform [1.1 0.0 0.0 0.0 0.0 1.1 0.0 0.0 0.0 0.0 1.1 0.0 -9.609 0.05 6.704 1.0]
	ConcatTransform [-0.849479 -0.510899 -0.131782 0.0 -0.268083 0.633063 -0.726198 0.0 0.45444 -0.581561 -0.674737 0.0 -0.825934 -0.498674 0.09304 1.0]
274
	ConcatTransform [1.1 0.0 0.0 0.0 0.0 1.1 0.0 0.0 0.0 0.0 1.1 0.0 -9.609 0.05 6.704 1.0]
	ConcatTransform [-0.869577 -0.475514 -0.133122 0.0 -0.240394 0.643146 -0.72703 0.0 0.43133 -0.600207 -0.673577 0.0 -0.848845 -0.502898 0.097118 1.0]
275
	ConcatTransform [1.1 0.0 0.0 0.0 0.0 1.1 0.0 0.0 0.0 0.0 1.1 0.0 -9.609 0.05 6.704 1.0]
	ConcatTransform [-0.884658 -0.44667 -0.133665 0.0 -0.214657 0.644695 -0.733683 0.0 0.413887 -0.620366 -0.666216 0.0 -0.866096 -0.506842 0.100413 1.0]
276
	ConcatTransform [1.1 0.0 0.0 0.0 0.0 1.1 0.0 0.0 0.0 0.0 1.1 0.0 -9.609 0.05 6.704 1.0]
	ConcatTransform [-0.90758 -0.392992 -0.147837 0.0 -0.160629 0.65028 -0.742519 0.0 0.38794 -0.650148 -0.653307 0.0 -0.894976 -0.510584 0.106406 1.0]
277
	ConcatTransform [1.1 0.0 0.0 0.0 0.0 1.1 0.0 0.0 0.0 0.0 1.1 0.0 -9.609 0.05 6.704 1.0]
	ConcatTransform [-0.92155 -0.355542 -0.155997 0.0 -0.121713 0.646081 -0.753502 0.0 0.368688 -0.675403 -0.638671 0.0 -0.91545 -0.512582 0.110812 1.0]
278
	ConcatTransform [1.1 0.0 0.0 0.0 0.0 1.1 0.0 0.0 0.0 0.0 1.1 0.0 -9.609 0.05 6.704 1.0]
	ConcatTransform [-0.938257 -0.299858 -0.172508 0.0 -0.061589 0.635489 -0.769649 0.0 0.340413 -0.711504 -0.61472 0.0 -0.946882 -0.513982 0.11789 1.0]
279
	ConcatTransform [1.1 0.0 0.0 0.0 0.0 1.1 0.0 0.0 0.0 0.0 1.1 0.0 -9.609 0.05 6.704 1.0]
	ConcatTransform [-0.946095 -0.264461 -0.18699 0.0 -0.021421 0.627151 -0.778603 0.0 0.323181 -0.732627 -0.599009 0.0 -0.967782 -0.51339 0.122721 1.0]
280
	ConcatTransform [1.1 0.0 0.0 0.0 0.0 1.1 0.0 0.0 0.0 0.0 1.1 0.0 -9.609 0.05 6.704 1.0]
	ConcatTransform [-0.949958 -0.226473 -0.21515 0.0 0.030676 0.617788 -0.785746 0.0 0.310868 -0.753026 -0.579925 0.0 -0.998302 -0.511719 0.129832 1.0]
281
	ConcatTransform [1.1 0.0 0.0 0.0 0.0 1.1 0.0 0.0 0.0 0.0 1.1 0.0 -9.609 0.05 6.704 1.0]
	ConcatTransform [-0.953294 -0.190951 -0.234024 0.0 0.072979 0.606233 -0.791932 0.0 0.293094 -0.772023 -0.563983 0.0 -1.017239 -0.509287 0.13424 1.0]
282
	ConcatTransform [1.1 0.0 0.0 0.0 0.0 1.1 0.0 0.0 0.0 0.0 1.1 0.0 -9.609 0.05 6.704 1.0]
	ConcatTransform [-0.949158 -0.173219 -0.262857 0.0 0.11414 0.588812 -0.80017 0.0 0.293379 -0.789491 -0.539104 0.0 -1.043393 -0.50692 0.140492 1.0]
283
	ConcatTransform [1.1 0.0 0.0 0.0 0.0 1.1 0.0 0.0 0.0 0.0 1.1 0.0 -9.609 0.05 6.704 1.0]
	ConcatTransform [-0.942699 -0.175822 -0.283558 0.0 0.13234 0.583117 -0.801536 0.0 0.306275 -0.793134 -0.526436 0.0 -1.058738 -0.506916 0.144622 1.0]
284
	ConcatTransform [1.1 0.0 0.0 0.0 0.0 1.1 0.0 0.0 0.0 0.0 1.1 0.0 -9.609 0.05 6.704 1.0]
	ConcatTransform [-0.92818 -0.184025 -0.323445 0.0 0.15729 0.593707 -0.789159 0.0 0.337256 -0.783357 -0.522121 0.0 -1.078089 -0.508104 0.150953 1.0]
285
	ConcatTransform [1.1 0.0 0.0 0.0 0.0 1.1 0.0 0.0 0.0 0.0 1.1 0.0 -9.609 0.05 6.704 1.0]
	ConcatTransform [-0.917356 -0.199863 -0.344257 0.0 0.167128 0.591528 -0.788773 0.0 0.361284 -0.781121 -0.509239 0.0 -1.08865 -0.509601 0.154908 1.0]
286
	ConcatTransform [1.1 0.0 0.0 0.0 0.0 1.1 0.0 0.0 0.0 0.0 1.1 0.0 -9.609 0.05 6.704 1.0]
	ConcatTransform [-0.900006 -0.228144 -0.371402 0.0 0.181926 0.577696 -0.79572 0.0 0.396096 -0.78372 -0.478425 0.0 -1.101187 -0.510499 0.160193 1.0]
287
	ConcatTransform [1.1 0.0 0.0 0.0 0.0 1.1 0.0 0.0 0.0 0.0 1.1 0.0 -9.609 0.05 6.704 1.0]
	ConcatTransform [-0.887239 -0.242559 -0.392393 0.0 0.195566 0.572616 -0.796156 0.0 0.417806 -0.78312 -0.460611 0.0 -1.107831 -0.511346 0.163381 1.0]
288
	ConcatTransform [1.1 0.0 0.0 0.0 0.0 1.1 0.0 0.0 0.0 0.0 1.1 0.0 -9.609 0.05 6.704 1.0]
	ConcatTransform [-0.865877 -0.25392 -0.431024 0.0 0.219049 0.582168 -0.783005 0.0 0.449749 -0.772402 -0.448465 0.0 -1.115595 -0.51171 0.16756 1.0]
289
	ConcatTransform [1.1 0.0 0.0 0.0 0.0 1.1 0.0 0.0 0.0 0.0 1.1 0.0 -9.609 0.05 6.704 1.0]
	ConcatTransform [-0.851629 -0.261663 -0.454159 0.0 0.235362 0.583298 -0.777411 0.0 0.46833 -0.768958 -0.435168 0.0 -1.119619 -0.511763 0.169594 1.0]
290
	ConcatTransform [1.1 0.0 0.0 0.0 0.0 1.1 0.0 0.0 0.0 0.0 1.1 0.0 -9.609 0.05 6.704 1.0]
	ConcatTransform [-0.830444 -0.273112 -0.485564 0.0 0.262283 0.577281 -0.773275 0.0 0.491497 -0.769517 -0.407766 0.0 -1.124126 -0.51236 0.171621 1.0]
291
	ConcatTransform [1.1 0.0 0.0 0.0 0.0 1.1 0.0 0.0 0.0 0.0 1.1 0.0 -9.609 0.05 6.704 1.0]
	ConcatTransform [-0.813567 -0.284782 -0.50696 0.0 0.276631 0.57731 -0.768237 0.0 0.511453 -0.765253 -0.390901 0.0 -1.126247 -0.513664 0.172531 1.0]
292
	ConcatTransform [1.1 0.0 0.0 0.0 0.0 1.1 0.0 0.0 0.0 0.0 1.1 0.0 -9.609 0.05 6.704 1.0]
	ConcatTransform [-0.7887 -0.289891 -0.54214 0.0 0.300214 0.587942 -0.751129 0.0 0.536493 -0.755174 -0.376681 0.0 -1.127885 -0.513352 0.173309 1.0]
293
	ConcatTransform [1.1 0.0 0.0 0.0 0.0 1.1 0.0 0.0 0.0 0.0 1.1 0.0 -9.609 0.05 6.704 1.0]
	ConcatTransform [-0.775773 -0.291095 -0.559857 0.0 0.316747 0.587718 -0.744486 0.0 0.545754 -0.754885 -0.363732 0.0 -1.128248 -0.512916 0.173129 1.0]
294
	ConcatTransform [1.1 0.0 0.0 0.0 0.0 1.1 0.0 0.0 0.0 0.0 1.1 0.0 -9.609 0.05 6.704 1.0]
	ConcatTransform [-0.758265 -0.289758 -0.584016 0.0 0.339376 0.589427 -0.733076 0.0 0.556649 -0.754067 -0.348605 0.0 -1.127863 -0.51258 0.172065 1.0]
295
	ConcatTransform [1.1 0.0 0.0 0.0 0.0 1.1 0.0 0.0 0.0 0.0 1.1 0.0 -9.609 0.05 6.704 1.0]
	ConcatTransform [-0.743887 -0.292935 -0.600684 0.0 0.347572 0.598115 -0.722116 0.0 0.570811 -0.745954 -0.343114 0.0 -1.127155 -0.512747 0.170921 1.0]
296
	ConcatTransform [1.1 0.0 0.0 0.0 0.0 1.1 0.0 0.0 0.0 0.0 1.1 0.0 -9.609 0.05 6.704 1.0]
	ConcatTransform [-0.721835 -0.295492 -0.625811 0.0 0.3584 0.613953 -0.703286 0.0 0.592034 -0.731947 -0.337268 0.0 -1.125406 -0.513022 0.16865 1.0]
297
	ConcatTransform [1.1 0.0 0.0 0.0 0.0 1.1 0.0 0.0 0.0 0.0 1.1 0.0 -9.609 0.05 6.704 1.0]
	ConcatTransform [-0.70794 -0.29683 -0.64087 0.0 0.366797 0.620911 -0.692769 0.0 0.603558 -0.725508 -0.330692 0.0 -1.123864 -0.513095 0.166816 1.0]
298
	ConcatTransform [1.1 0.0 0.0 0.0 0.0 1.1 0.0 0.0 0.0 0.0 1.1 0.0 -9.609 0.05 6.704 1.0]
	ConcatTransform [-0.687263 -0.299289 -0.661888 0.0 0.379584 0.628915 -0.678515 0.0 0.619343 -0.71756 -0.318625 0.0 -1.121208 -0.51316 0.16384 1.0]
299
	ConcatTransform [1.1 0.0 0.0 0.0 0.0 1.1 0.0 0.0 0.0 0.0 1.1 0.0 -9.609 0.05 6.704 1.0]
	ConcatTransform [-0.673528 -0.299886 -0.675595 0.0 0.388386 0.634079 -0.668656 0.0 0.628901 -0.71275 -0.310598 0.0 -1.119311 -0.513167 0.161817 1.0]
300
	ConcatTransform [1.1 0.0 0.0 0.0 0.0 1.1 0.0 0.0 0.0 0.0 1.1 0.0 -9.609 0.05 6.704 1.0]
	ConcatTransform [-0.65363 -0.299214 -0.695154 0.0 0.403247 0.639591 -0.654458 0.0 0.640437 -0.708092 -0.297398 0.0 -1.116409 -0.513126 0.158788 1.0]
301
	ConcatTransform [1.1 0.0 0.0 0.0 0.0 1.1 0.0 0.0 0.0 0.0 1.1 0.0 -9.609 0.05 6.704 1.0]
	ConcatTransform [-0.64015 -0.299433 -0.707494 0.0 0.413027 0.642366 -0.645581 0.0 0.647778 -0.705483 -0.287536 0.0 -1.11451 -0.513083 0.156837 1.0]
302
	ConcatTransform [1.1 0.0 0.0 0.0 0.0 1.1 0.0 0.0 0.0 0.0 1.1 0.0 -9.609 0.05 6.704 1.0]
	ConcatTransform [-0.619785 -0.298711 -0.725698 0.0 0.427955 0.64648 -0.6316 0.0 0.657815 -0.702022 -0.272844 0.0 -1.111808 -0.512995 0.15408 1.0]
303
	ConcatTransform [1.1 0.0 0.0 0.0 0.0 1.1 0.0 0.0 0.0 0.0 1.1 0.0 -9.609 0.05 6.704 1.0]
	ConcatTransform [-0.606509 -0.298412 -0.736951 0.0 0.43876 0.647358 -0.623231 0.0 0.663051 -0.701341 -0.261697 0.0 -1.110117 -0.513037 0.152369 1.0]
304
	ConcatTransform [1.1 0.0 0.0 0.0 0.0 1.1 0.0 0.0 0.0 0.0 1.1 0.0 -9.609 0.05 6.704 1.0]
	ConcatTransform [-0.585836 -0.300277 -0.752749 0.0 0.453929 0.64788 -0.611719 0.0 0.671376 -0.700061 -0.243247 0.0 -1.107831 -0.513055 0.150046 1.0]
305
	ConcatTransform [1.1 0.0 0.0 0.0 0.0 1.1 0.0 0.0 0.0 0.0 1.1 0.0 -9.609 0.05 6.704 1.0]
	ConcatTransform [-0.57228 -0.300308 -0.763093 0.0 0.464807 0.647843 -0.603534 0.0 0.67561 -0.700082 -0.231162 0.0 -1.106451 -0.513056 0.148691 1.0]
306
	ConcatTransform [1.1 0.0 0.0 0.0 0.0 1.1 0.0 0.0 0.0 0.0 1.1 0.0 -9.609 0.05 6.704 1.0]
	ConcatTransform [-0.552359 -0.298237 -0.778431 0.0 0.482431 0.647176 -0.590274 0.0 0.679823 -0.701583 -0.213595 0.0 -1.104612 -0.513038 0.146917 1.0]
307
	ConcatTransform [1.1 0.0 0.0 0.0 0.0 1.1 0.0 0.0 0.0 0.0 1.1 0.0 -9.609 0.05 6.704 1.0]
	ConcatTransform [-0.53852 -0.29829 -0.788048 0.0 0.493326 0.646581 -0.581861 0.0 0.6831 -0.702108 -0.201043 0.0 -1.103563 -0.513071 0.145887 1.0]
308
	ConcatTransform [1.1 0.0 0.0 0.0 0.0 1.1 0.0 0.0 0.0 0.0 1.1 0.0 -9.609 0.05 6.704 1.0]
	ConcatTransform [-0.517113 -0.29939 -0.801847 0.0 0.508676 0.645937 -0.569223 0.0 0.688363 -0.702233 -0.18173 0.0 -1.102244 -0.513048 0.144561 1.0]
309
	ConcatTransform [1.1 0.0 0.0 0.0 0.0 1.1 0.0 0.0 0.0 0.0 1.1 0.0 -9.609 0.05 6.704 1.0]
	ConcatTransform [-0.502976 -0.299639 -0.810698 0.0 0.519368 0.644961 -0.560609 0.0 0.690849 -0.703024 -0.168777 0.0 -1.101498 -0.513087 0.143826 1.0]
310
	ConcatTransform [1.1 0.0 0.0 0.0 0.0 1.1 0.0 0.0 0.0 0.0 1.1 0.0 -9.609 0.05 6.704 1.0]
	ConcatTransform [-0.481482 -0.300087 -0.823482 0.0 0.534843 0.643739 -0.547304 0.0 0.694347 -0.703951 -0.149449 0.0 -1.100556 -0.513949 0.143015 1.0]
311
	ConcatTransform [1.1 0.0 0.0 0.0 0.0 1.1 0.0 0.0 0.0 0.0 1.1 0.0 -9.609 0.05 6.704 1.0]
	ConcatTransform [-0.467162 -0.300216 -0.831643 0.0 0.545156 0.642723 -0.538249 0.0 0.696107 -0.704824 -0.136591 0.0 -1.100077 -0.513625 0.142596 1.0]
312
	ConcatTransform [1.1 0.0 0.0 0.0 0.0 1.1 0.0 0.0 0.0 0.0 1.1 0.0 -9.609 0.05 6.704 1.0]
	ConcatTransform [-0.445152 -0.30125 -0.843261 0.0 0.559642 0.641542 -0.524618 0.0 0.699029 -0.705459 -0.116992 0.0 -1.099555 -0.513381 0.142102 1.0]
313
	ConcatTransform [1.1 0.0 0.0 0.0 0.0 1.1 0.0 0.0 0.0 0.0 1.1 0.0 -9.609 0.05 6.704 1.0]
	ConcatTransform [-0.430594 -0.300824 -0.850937 0.0 0.569603 0.640764 -0.514756 0.0 0.700101 -0.706347 -0.104559 0.0 -1.099308 -0.513262 0.141865 1.0]
314
	ConcatTransform [1.1 0.0 0.0 0.0 0.0 1.1 0.0 0.0 0.0 0.0 1.1 0.0 -9.609 0.05 6.704 1.0]
	ConcatTransform [-0.408692 -0.300082 -0.861929 0.0 0.584491 0.639269 -0.499705 0.0 0.700957 -0.708015 -0.085869 0.0 -1.099072 -0.513178 0.1416 1.0]
315
	ConcatTransform [1.1 0.0 0.0 0.0 0.0 1.1 0.0 0.0 0.0 0.0 1.1 0.0 -9.609 0.05 6.704 1.0]
	ConcatTransform [-0.393774 -0.299948 -0.868892 0.0 0.593827 0.638529 -0.489542 0.0 0.70165 -0.70874 -0.073319 0.0 -1.099 -0.513141 0.141476 1.0]
316
	ConcatTransform [1.1 0.0 0.0 0.0 0.0 1.1 0.0 0.0 0.0 0.0 1.1 0.0 -9.609 0.05 6.704 1.0]
	ConcatTransform [-0.370986 -0.300319 -0.878737 0.0 0.607083 0.637628 -0.474216 0.0 0.702723 -0.709394 -0.054232 0.0 -1.098989 -0.513111 0.141376 1.0]
317
	ConcatTransform [1.1 0.0 0.0 0.0 0.0 1.1 0.0 0.0 0.0 0.0 1.1 0.0 -9.609 0.05 6.704 1.0]
	ConcatTransform [-0.355727 -0.300138 -0.885085 0.0 0.615847 0.637067 -0.46355 0.0 0.702988 -0.709974 -0.041783 0.0 -1.099032 -0.51307 0.141338 1.0]
318
	ConcatTransform [1.1 0.0 0.0 0.0 0.0 1.1 0.0 0.0 0.0 0.0 1.1 0.0 -9.609 0.05 6.704 1.0]
	ConcatTransform [-0.332715 -0.299992 -0.894039 0.0 0.628786 0.635973 -0.4474 0.0 0.702801 -0.711016 -0.022967 0.0 -1.099147 -0.513138 0.141311 1.0]
319
	ConcatTransform [1.1 0.0 0.0 0.0 0.0 1.1 0.0 0.0 0.0 0.0 1.1 0.0 -9.609 0.05 6.704 1.0]
	ConcatTransform [-0.316952 -0.300171 -0.899688 0.0 0.636584 0.635853 -0.436408 0.0 0.703067 -0.711047 -0.010451 0.0 -1.099261 -0.513139 0.141322 1.0]
320
	ConcatTransform [1.1 0.0 0.0 0.0 0.0 1.1 0.0 0.0 0.0 0.0 1.1 0.0 -9.609 0.05 6.704 1.0]
	ConcatTransform [-0.293452 -0.300875 -0.907392 0.0 0.648531 0.634702 -0.420192 0.0 0.702348 -0.711778 0.008872 0.0 -1.09944 -0.513141 0.141391 1.0]
321
	ConcatTransform [1.1 0.0 0.0 0.0 0.0 1.1 0.0 0.0 0.0 0.0 1.1 0.0 -9.609 0.05 6.704 1.0]
	ConcatTransform [-0.277636 -0.300836 -0.912368 0.0 0.656199 0.63425 -0.408815 0.0 0.701656 -0.712197 0.021317 0.0 -1.099569 -0.513141 0.141461 1.0]
322
	ConcatTransform [1.1 0.0 0.0 0.0 0.0 1.1 0.0 0.0 0.0 0.0 1.1 0.0 -9.609 0.05 6.704 1.0]
	ConcatTransform [-0.253647 -0.300681 -0.919377 0.0 0.667119 0.633871 -0.391357 0.0 0.70044 -0.7126 0.03981 0.0 -1.099767 -0.513112 0.141579 1.0]
323
	ConcatTransform [1.1 0.0 0.0 0.0 0.0 1.1 0.0 0.0 0.0 0.0 1.1 0.0 -9.609 0.05 6.704 1.0]
	ConcatTransform [-0.237462 -0.301167 -0.923531 0.0 0.673939 0.633619 -0.379912 0.0 0.699584 -0.712618 0.052507 0.0 -1.099896 -0.513141 0.141653 1.0]
324
	ConcatTransform [1.1 0.0 0.0 0.0 0.0 1.1 0.0 0.0 0.0 0.0 1.1 0.0 -9.609 0.05 6.704 1.0]
	ConcatTransform [-0.213047 -0.301688 -0.929298 0.0 0.683781 0.633348 -0.362371 0.0 0.697892 -0.712639 0.071356 0.0 -1.100077 -0.513141 0.141774 1.0]
325
	ConcatTransform [1.1 0.0 0.0 0.0 0.0 1.1 0.0 0.0 0.0 0.0 1.1 0.0 -9.609 0.05 6.704 1.0]
	ConcatTransform [-0.196691 -0.302038 -0.932784 0.0 0.690088 0.633169 -0.350537 0.0 0.696485 -0.71265 0.083894 0.0 -1.100188 -0.513142 0.141867 1.0]
326
	ConcatTransform [1.1 0.0 0.0 0.0 0.0 1.1 0.0 0.0 0.0 0.0 1.1 0.0 -9.609 0.05 6.704 1.0]
	ConcatTransform [-0.172052 -0.301943 -0.937672 0.0 0.699189 0.633093 -0.332157 0.0 0.693926 -0.712758 0.10219 0.0 -1.100335 -0.513113 0.142017 1.0]
327
	ConcatTransform [1.1 0.0 0.0 0.0 0.0 1.1 0.0 0.0 0.0 0.0 1.1 0.0 -9.609 0.05 6.704 1.0]
	ConcatTransform [-0.155546 -0.302294 -0.940438 0.0 0.704948 0.632943 -0.32005 0.0 0.691993 -0.712742 0.11465 0.0 -1.100422 -0.513142 0.142107 1.0]
328
	ConcatTransform [1.1 0.0 0.0 0.0 0.0 1.1 0.0 0.0 0.0 0.0 1.1 0.0 -9.609 0.05 6.704 1.0]
	ConcatTransform [-0.130596 -0.302067 -0.944299 0.0 0.713004 0.633191 -0.301156 0.0 0.688891 -0.712618 0.132682 0.0 -1.100536 -0.513113 0.142228 1.0]
329
	ConcatTransform [1.1 0.0 0.0 0.0 0.0 1.1 0.0 0.0 0.0 0.0 1.1 0.0 -9.609 0.05 6.704 1.0]
	ConcatTransform [-0.113958 -0.302296 -0.946378 0.0 0.718174 0.633141 -0.288719 0.0 0.686469 -0.712565 0.144949 0.0 -1.100598 -0.513142 0.142299 1.0]
330
	ConcatTransform [1.1 0.0 0.0 0.0 0.0 1.1 0.0 0.0 0.0 0.0 1.1 0.0 -9.609 0.05 6.704 1.0]
	ConcatTransform [-0.088742 -0.301971 -0.949178 0.0 0.72515 0.633703 -0.269403 0.0 0.682849 -0.712203 0.162738 0.0 -1.100686 -0.513113 0.142394 1.0]
331
	ConcatTransform [1.1 0.0 0.0 0.0 0.0 1.1 0.0 0.0 0.0 0.0 1.1 0.0 -9.609 0.05 6.704 1.0]
	ConcatTransform [-0.072026 -0.301699 -0.950679 0.0 0.729776 0.633779 -0.25642 0.0 0.679882 -0.712251 0.174524 0.0 -1.100733 -0.51307 0.142435 1.0]
332
	ConcatTransform [1.1 0.0 0.0 0.0 0.0 1.1 0.0 0.0 0.0 0.0 1.1 0.0 -9.609 0.05 6.704 1.0]
	ConcatTransform [-0.047038 -0.301472 -0.952314 0.0 0.736533 0.633545 -0.23694 0.0 0.674764 -0.712556 0.192243 0.0 -1.100787 -0.513112 0.142474 1.0]
333
	ConcatTransform [1.1 0.0 0.0 0.0 0.0 1.1 0.0 0.0 0.0 0.0 1.1 0.0 -9.609 0.05 6.704 1.0]
	ConcatTransform [-0.030202 -0.30168 -0.952931 0.0 0.740431 0.63368 -0.224079 0.0 0.671453 -0.712347 0.204235 0.0 -1.100823 -0.513141 0.142488 1.0]
334
	ConcatTransform [1.1 0.0 0.0 0.0 0.0 1.1 0.0 0.0 0.0 0.0 1.1 0.0 -9.609 0.05 6.704 1.0]
	ConcatTransform [-0.004955 -0.301336 -0.953505 0.0 0.745913 0.63396 -0.204226 0.0 0.666025 -0.712244 0.221629 0.0 -1.100864 -0.513071 0.142497 1.0]
335
	ConcatTransform [1.1 0.0 0.0 0.0 0.0 1.1 0.0 0.0 0.0 0.0 1.1 0.0 -9.609 0.05 6.704 1.0]
	ConcatTransform [0.011858 -0.301581 -0.953367 0.0 0.749306 0.63401 -0.191238 0.0 0.662118 -0.712096 0.233494 0.0 -1.100888 -0.513112 0.142493 1.0]
336
	ConcatTransform [1.1 0.0 0.0 0.0 0.0 1.1 0.0 0.0 0.0 0.0 1.1 0.0 -9.609 0.05 6.704 1.0]
	ConcatTransform [0.036954 -0.301581 -0.952724 0.0 0.754197 0.633883 -0.1714 0.0 0.655607 -0.712208 0.250876 0.0 -1.100917 -0.513141 0.142485 1.0]
337
	ConcatTransform [1.1 0.0 0.0 0.0 0.0 1.1 0.0 0.0 0.0 0.0 1.1 0.0 -9.609 0.05 6.704 1.0]
	ConcatTransform [0.053696 -0.301823 -0.951851 0.0 0.757114 0.633822 -0.158269 0.0 0.651073 -0.712161 0.262548 0.0 -1.100937 -0.513142 0.142479 1.0]
338
	ConcatTransform [1.1 0.0 0.0 0.0 0.0 1.1 0.0 0.0 0.0 0.0 1.1 0.0 -9.609 0.05 6.704 1.0]
	ConcatTransform [0.07884 -0.301452 -0.950216 0.0 0.76094 0.633978 -0.137991 0.0 0.644014 -0.712179 0.27937 0.0 -1.100962 -0.513071 0.142456 1.0]
339
	ConcatTransform [1.1 0.0 0.0 0.0 0.0 1.1 0.0 0.0 0.0 0.0 1.1 0.0 -9.609 0.05 6.704 1.0]
	ConcatTransform [0.095586 -0.301093 -0.948792 0.0 0.763173 0.634117 -0.124347 0.0 0.639085 -0.712207 0.290399 0.0 -1.100972 -0.513044 0.142426 1.0]
340
	ConcatTransform [1.1 0.0 0.0 0.0 0.0 1.1 0.0 0.0 0.0 0.0 1.1 0.0 -9.609 0.05 6.704 1.0]
	ConcatTransform [0.120556 -0.301045 -0.945959 0.0 0.766247 0.634052 -0.10413 0.0 0.631135 -0.712284 0.307114 0.0 -1.100987 -0.513112 0.142386 1.0]
341
	ConcatTransform [1.1 0.0 0.0 0.0 0.0 1.1 0.0 0.0 0.0 0.0 1.1 0.0 -9.609 0.05 6.704 1.0]
	ConcatTransform [0.137209 -0.300789 -0.943769 0.0 0.767901 0.634148 -0.090469 0.0 0.625701 -0.712308 0.317987 0.0 -1.100994 -0.513071 0.142353 1.0]
342
	ConcatTransform [1.1 0.0 0.0 0.0 0.0 1.1 0.0 0.0 0.0 0.0 1.1 0.0 -9.609 0.05 6.704 1.0]
	ConcatTransform [0.162022 -0.301136 -0.939716 0.0 0.770092 0.634036 -0.070403 0.0 0.617014 -0.712261 0.33463 0.0 -1.101005 -0.513112 0.142314 1.0]
343
	ConcatTransform [1.1 0.0 0.0 0.0 0.0 1.1 0.0 0.0 0.0 0.0 1.1 0.0 -9.609 0.05 6.704 1.0]
	ConcatTransform [0.178571 -0.300871 -0.936797 0.0 0.771129 0.634152 -0.056679 0.0 0.611124 -0.71227 0.345252 0.0 -1.101013 -0.513141 0.142293 1.0]
344
	ConcatTransform [1.1 0.0 0.0 0.0 0.0 1.1 0.0 0.0 0.0 0.0 1.1 0.0 -9.609 0.05 6.704 1.0]
	ConcatTransform [0.203202 -0.301024 -0.931715 0.0 0.772399 0.634093 -0.036411 0.0 0.601755 -0.712257 0.36136 0.0 -1.101029 -0.513112 0.142283 1.0]
345
	ConcatTransform [1.1 0.0 0.0 0.0 0.0 1.1 0.0 0.0 0.0 0.0 1.1 0.0 -9.609 0.05 6.704 1.0]
	ConcatTransform [0.219561 -0.300851 -0.928053 0.0 0.77292 0.634097 -0.022698 0.0 0.595304 -0.712327 0.371757 0.0 -1.101035 -0.51307 0.142273 1.0]
346
	ConcatTransform [1.1 0.0 0.0 0.0 0.0 1.1 0.0 0.0 0.0 0.0 1.1 0.0 -9.609 0.05 6.704 1.0]
	ConcatTransform [0.243984 -0.300686 -0.921987 0.0 0.773226 0.634127 -0.002189 0.0 0.585315 -0.71237 0.387215 0.0 -1.101042 -0.513089 0.142262 1.0]
347
	ConcatTransform [1.1 0.0 0.0 0.0 0.0 1.1 0.0 0.0 0.0 0.0 1.1 0.0 -9.609 0.05 6.704 1.0]
	ConcatTransform [0.260183 -0.300523 -0.9176 0.0 0.77311 0.634167 0.011517 0.0 0.578451 -0.712403 0.397337 0.0 -1.101044 -0.51314 0.142255 1.0]
348
	ConcatTransform [1.1 0.0 0.0 0.0 0.0 1.1 0.0 0.0 0.0 0.0 1.1 0.0 -9.609 0.05 6.704 1.0]
	ConcatTransform [0.284265 -0.300928 -0.910295 0.0 0.772609 0.634093 0.031649 0.0 0.567687 -0.712298 0.41275 0.0 -1.101049 -0.513125 0.142261 1.0]
349
	ConcatTransform [1.1 0.0 0.0 0.0 0.0 1.1 0.0 0.0 0.0 0.0 1.1 0.0 -9.609 0.05 6.704 1.0]
	ConcatTransform [0.300261 -0.30079 -0.90519 0.0 0.771879 0.634152 0.045315 0.0 0.560398 -0.712304 0.422585 0.0 -1.101054 -0.513097 0.142277 1.0]
350
	ConcatTransform [1.1 0.0 0.0 0.0 0.0 1.1 0.0 0.0 0.0 0.0 1.1 0.0 -9.609 0.05 6.704 1.0]
	ConcatTransform [0.324083 -0.300727 -0.896958 0.0 0.77033 0.634253 0.065682 0.0 0.549146 -0.71224 0.43721 0.0 -1.101055 -0.513069 0.142298 1.0]
351
	ConcatTransform [1.1 0.0 0.0 0.0 0.0 1.1 0.0 0.0 0.0 0.0 1.1 0.0 -9.609 0.05 6.704 1.0]
	ConcatTransform [0.33984 -0.300656 -0.891131 0.0 0.769 0.634316 0.079254 0.0 0.541431 -0.712214 0.446771 0.0 -1.101053 -0.513109 0.14231 1.0]
352
	ConcatTransform [1.1 0.0 0.0 0.0 0.0 1.1 0.0 0.0 0.0 0.0 1.1 0.0 -9.609 0.05 6.704 1.0]
	ConcatTransform [0.363288 -0.300545 -0.88187 0.0 0.766536 0.634438 0.099557 0.0 0.529571 -0.712153 0.460862 0.0 -1.101049 -0.513087 0.142331 1.0]
353
	ConcatTransform [1.1 0.0 0.0 0.0 0.0 1.1 0.0 0.0 0.0 0.0 1.1 0.0 -9.609 0.05 6.704 1.0]
	ConcatTransform [0.378771 -0.300425 -0.875373 0.0 0.764614 0.634488 0.113092 0.0 0.521438 -0.712158 0.470035 0.0 -1.101046 -0.513054 0.142343 1.0]
354
	ConcatTransform [1.1 0.0 0.0 0.0 0.0 1.1 0.0 0.0 0.0 0.0 1.1 0.0 -9.609 0.05 6.704 1.0]
	ConcatTransform [0.401697 -0.300763 -0.864975 0.0 0.76144 0.634443 0.133011 0.0 0.508772 -0.712056 0.483867 0.0 -1.101047 -0.513109 0.142368 1.0]
355
	ConcatTransform [1.1 0.0 0.0 0.0 0.0 1.1 0.0 0.0 0.0 0.0 1.1 0.0 -9.609 0.05 6.704 1.0]
	ConcatTransform [0.416797 -0.300992 -0.85772 0.0 0.759088 0.634344 0.146264 0.0 0.500065 -0.712048 0.492872 0.0 -1.101054 -0.51311 0.142396 1.0]
356
	ConcatTransform [1.1 0.0 0.0 0.0 0.0 1.1 0.0 0.0 0.0 0.0 1.1 0.0 -9.609 0.05 6.704 1.0]
	ConcatTransform [0.439282 -0.301104 -0.846385 0.0 0.754965 0.634366 0.166157 0.0 0.486887 -0.711981 0.505988 0.0 -1.10107 -0.513108 0.142437 1.0]
357
	ConcatTransform [1.1 0.0 0.0 0.0 0.0 1.1 0.0 0.0 0.0 0.0 1.1 0.0 -9.609 0.05 6.704 1.0]
	ConcatTransform [0.454065 -0.301247 -0.838496 0.0 0.752001 0.634296 0.179342 0.0 0.477828 -0.711983 0.514549 0.0 -1.101086 -0.513106 0.142469 1.0]
358
	ConcatTransform [1.1 0.0 0.0 0.0 0.0 1.1 0.0 0.0 0.0 0.0 1.1 0.0 -9.609 0.05 6.704 1.0]
	ConcatTransform [0.476059 -0.301111 -0.826257 0.0 0.746948 0.634343 0.199193 0.0 0.464151 -0.711998 0.526899 0.0 -1.101112 -0.513066 0.142512 1.0]
359
	ConcatTransform [1.1 0.0 0.0 0.0 0.0 1.1 0.0 0.0 0.0 0.0 1.1 0.0 -9.609 0.05 6.704 1.0]
	ConcatTransform [0.490549 -0.300953 -0.817795 0.0 0.743271 0.63438 0.212391 0.0 0.454873 -0.712032 0.534884 0.0 -1.101123 -0.513041 0.142528 1.0]
360
	ConcatTransform [1.1 0.0 0.0 0.0 0.0 1.1 0.0 0.0 0.0 0.0 1.1 0.0 -9.609 0.05 6.704 1.0]
	ConcatTransform [-0.592441 -0.297211 0.748785 0.0 -0.707585 0.636324 -0.307271 0.0 -0.385145 -0.711869 -0.587286 0.0 -0.765593 -0.513002 0.918376 1.0]
