228
	ConcatTransform [1.1 0.0 0.0 0.0 0.0 1.1 0.0 0.0 0.0 0.0 1.1 0.0 -9.609 0.05 6.704 1.0]
	ConcatTransform [0.707833 0.697465 0.111868 0.0 -0.310339 0.164788 0.936234 0.0 0.634557 -0.697415 0.333093 0.0 -0.301232 -0.041334 0.357063 1.0]
229
	ConcatTransform [1.1 0.0 0.0 0.0 0.0 1.1 0.0 0.0 0.0 0.0 1.1 0.0 -9.609 0.05 6.704 1.0]
	ConcatTransform [0.424278 0.705962 0.567103 0.0 0.05688 -0.645805 0.76138 0.0 0.903744 -0.29078 -0.314156 0.0 -0.502053 -0.081264 0.595106 1.0]
230
	ConcatTransform [1.1 0.0 0.0 0.0 0.0 1.1 0.0 0.0 0.0 0.0 1.1 0.0 -9.609 0.05 6.704 1.0]
	ConcatTransform [0.264656 0.25755 0.929314 0.0 0.588532 -0.806537 0.055918 0.0 0.763929 0.532133 -0.365031 0.0 -0.797921 -0.163755 0.943419 1.0]
231
	ConcatTransform [1.1 0.0 0.0 0.0 0.0 1.1 0.0 0.0 0.0 0.0 1.1 0.0 -9.609 0.05 6.704 1.0]
	ConcatTransform [0.067364 0.138293 0.988098 0.0 0.54099 -0.837188 0.080289 0.0 0.838327 0.529142 -0.131211 0.0 -0.95804 -0.220734 1.108483 1.0]
232
	ConcatTransform [1.1 0.0 0.0 0.0 0.0 1.1 0.0 0.0 0.0 0.0 1.1 0.0 -9.609 0.05 6.704 1.0]
	ConcatTransform [-0.1148 -0.054509 0.991892 0.0 0.509055 -0.860655 0.011621 0.0 0.853044 0.506262 0.126551 0.0 -1.184267 -0.315807 1.332576 1.0]
233
	ConcatTransform [1.1 0.0 0.0 0.0 0.0 1.1 0.0 0.0 0.0 0.0 1.1 0.0 -9.609 0.05 6.704 1.0]
	ConcatTransform [-0.191534 -0.207221 0.959361 0.0 0.559944 -0.82585 -0.066591 0.0 0.806087 0.524435 0.274211 0.0 -1.334507 -0.390087 1.480617 1.0]
234
	ConcatTransform [1.1 0.0 0.0 0.0 0.0 1.1 0.0 0.0 0.0 0.0 1.1 0.0 -9.609 0.05 6.704 1.0]
	ConcatTransform [-0.212548 -0.435076 0.874947 0.0 0.697389 -0.694734 -0.176048 0.0 0.68445 0.57276 0.451082 0.0 -1.558651 -0.517885 1.700873 1.0]
235
	ConcatTransform [1.1 0.0 0.0 0.0 0.0 1.1 0.0 0.0 0.0 0.0 1.1 0.0 -9.609 0.05 6.704 1.0]
	ConcatTransform [-0.106311 -0.530271 0.841137 0.0 0.801944 -0.545852 -0.242759 0.0 0.587864 0.648736 0.483277 0.0 -1.705112 -0.61119 1.844659 1.0]
236
	ConcatTransform [1.1 0.0 0.0 0.0 0.0 1.1 0.0 0.0 0.0 0.0 1.1 0.0 -9.609 0.05 6.704 1.0]
	ConcatTransform [0.228327 -0.376441 0.897863 0.0 0.784418 -0.475123 -0.39868 0.0 0.576676 0.79533 0.186804 0.0 -1.875826 -0.705691 2.039906 1.0]
237
	ConcatTransform [1.1 0.0 0.0 0.0 0.0 1.1 0.0 0.0 0.0 0.0 1.1 0.0 -9.609 0.05 6.704 1.0]
	ConcatTransform [0.39211 -0.320665 0.86222 0.0 0.774669 -0.390385 -0.497481 0.0 0.496122 0.863003 0.095336 0.0 -1.95906 -0.724776 2.153699 1.0]
238
	ConcatTransform [1.1 0.0 0.0 0.0 0.0 1.1 0.0 0.0 0.0 0.0 1.1 0.0 -9.609 0.05 6.704 1.0]
	ConcatTransform [0.459253 -0.353557 0.814914 0.0 0.686964 -0.440251 -0.578152 0.0 0.563177 0.825334 0.040694 0.0 -2.052461 -0.69617 2.293811 1.0]
239
	ConcatTransform [1.1 0.0 0.0 0.0 0.0 1.1 0.0 0.0 0.0 0.0 1.1 0.0 -9.609 0.05 6.704 1.0]
	ConcatTransform [0.455224 -0.37781 0.806245 0.0 0.590224 -0.549922 -0.59095 0.0 0.666638 0.74488 -0.027345 0.0 -2.103673 -0.658537 2.36953 1.0]
240
	ConcatTransform [1.1 0.0 0.0 0.0 0.0 1.1 0.0 0.0 0.0 0.0 1.1 0.0 -9.609 0.05 6.704 1.0]
	ConcatTransform [0.489492 -0.417587 0.765518 0.0 0.461581 -0.620727 -0.633751 0.0 0.739825 0.663565 -0.111091 0.0 -2.173375 -0.595887 2.468596 1.0]
241
	ConcatTransform [1.1 0.0 0.0 0.0 0.0 1.1 0.0 0.0 0.0 0.0 1.1 0.0 -9.609 0.05 6.704 1.0]
	ConcatTransform [0.492062 -0.448582 0.746089 0.0 0.360316 -0.675229 -0.643613 0.0 0.792494 0.585526 -0.170624 0.0 -2.213683 -0.5558 2.525905 1.0]
242
	ConcatTransform [1.1 0.0 0.0 0.0 0.0 1.1 0.0 0.0 0.0 0.0 1.1 0.0 -9.609 0.05 6.704 1.0]
	ConcatTransform [0.515935 -0.494881 0.699217 0.0 0.217404 -0.713874 -0.665672 0.0 0.828581 0.495456 -0.260723 0.0 -2.267026 -0.500513 2.600192 1.0]
243
	ConcatTransform [1.1 0.0 0.0 0.0 0.0 1.1 0.0 0.0 0.0 0.0 1.1 0.0 -9.609 0.05 6.704 1.0]
	ConcatTransform [0.520549 -0.533798 0.6664 0.0 0.126501 -0.723653 -0.678472 0.0 0.844409 0.437478 -0.30917 0.0 -2.302084 -0.475386 2.649318 1.0]
244
	ConcatTransform [1.1 0.0 0.0 0.0 0.0 1.1 0.0 0.0 0.0 0.0 1.1 0.0 -9.609 0.05 6.704 1.0]
	ConcatTransform [0.513275 -0.60261 0.611074 0.0 0.00472 -0.710028 -0.704158 0.0 0.858211 0.36431 -0.361595 0.0 -2.353701 -0.454839 2.721978 1.0]
245
	ConcatTransform [1.1 0.0 0.0 0.0 0.0 1.1 0.0 0.0 0.0 0.0 1.1 0.0 -9.609 0.05 6.704 1.0]
	ConcatTransform [0.502983 -0.652109 0.567241 0.0 -0.065781 -0.683284 -0.727184 0.0 0.861789 0.328447 -0.386576 0.0 -2.387514 -0.45252 2.769622 1.0]
246
	ConcatTransform [1.1 0.0 0.0 0.0 0.0 1.1 0.0 0.0 0.0 0.0 1.1 0.0 -9.609 0.05 6.704 1.0]
	ConcatTransform [0.485682 -0.726721 0.485788 0.0 -0.155389 -0.618661 -0.770138 0.0 0.860214 0.298556 -0.413397 0.0 -2.437295 -0.46585 2.839612 1.0]
247
	ConcatTransform [1.1 0.0 0.0 0.0 0.0 1.1 0.0 0.0 0.0 0.0 1.1 0.0 -9.609 0.05 6.704 1.0]
	ConcatTransform [0.477083 -0.773147 0.417894 0.0 -0.205641 -0.5605 -0.802217 0.0 0.854461 0.296788 -0.426396 0.0 -2.469716 -0.485584 2.884953 1.0]
248
	ConcatTransform [1.1 0.0 0.0 0.0 0.0 1.1 0.0 0.0 0.0 0.0 1.1 0.0 -9.609 0.05 6.704 1.0]
	ConcatTransform [0.476772 -0.829148 0.291892 0.0 -0.273277 -0.455419 -0.847297 0.0 0.835468 0.324201 -0.443719 0.0 -2.516383 -0.529821 2.949563 1.0]
249
	ConcatTransform [1.1 0.0 0.0 0.0 0.0 1.1 0.0 0.0 0.0 0.0 1.1 0.0 -9.609 0.05 6.704 1.0]
	ConcatTransform [0.484974 -0.852259 0.196099 0.0 -0.32114 -0.382122 -0.866517 0.0 0.813431 0.357263 -0.459013 0.0 -2.54432 -0.565809 2.987694 1.0]
250
	ConcatTransform [1.1 0.0 0.0 0.0 0.0 1.1 0.0 0.0 0.0 0.0 1.1 0.0 -9.609 0.05 6.704 1.0]
	ConcatTransform [0.425299 -0.901262 0.082752 0.0 -0.371778 -0.257335 -0.891941 0.0 0.825168 0.348576 -0.444514 0.0 -2.565583 -0.603961 3.018705 1.0]
251
	ConcatTransform [1.1 0.0 0.0 0.0 0.0 1.1 0.0 0.0 0.0 0.0 1.1 0.0 -9.609 0.05 6.704 1.0]
	ConcatTransform [0.446267 -0.894898 0.001882 0.0 -0.453569 -0.227998 -0.861564 0.0 0.771441 0.383634 -0.507646 0.0 -2.572251 -0.624161 3.027185 1.0]
252
	ConcatTransform [1.1 0.0 0.0 0.0 0.0 1.1 0.0 0.0 0.0 0.0 1.1 0.0 -9.609 0.05 6.704 1.0]
	ConcatTransform [0.453196 -0.88144 -0.132954 0.0 -0.554181 -0.161772 -0.816525 0.0 0.69821 0.443726 -0.561792 0.0 -2.57124 -0.650971 3.027707 1.0]
253
	ConcatTransform [1.1 0.0 0.0 0.0 0.0 1.1 0.0 0.0 0.0 0.0 1.1 0.0 -9.609 0.05 6.704 1.0]
	ConcatTransform [0.463582 -0.858972 -0.21739 0.0 -0.635494 -0.151358 -0.757125 0.0 0.617446 0.48914 -0.616038 0.0 -2.564633 -0.664658 3.018693 1.0]
254
	ConcatTransform [1.1 0.0 0.0 0.0 0.0 1.1 0.0 0.0 0.0 0.0 1.1 0.0 -9.609 0.05 6.704 1.0]
	ConcatTransform [0.422289 -0.826061 -0.373222 0.0 -0.698813 -0.034432 -0.714475 0.0 0.577349 0.562528 -0.591803 0.0 -2.550988 -0.694748 3.002205 1.0]
255
	ConcatTransform [1.1 0.0 0.0 0.0 0.0 1.1 0.0 0.0 0.0 0.0 1.1 0.0 -9.609 0.05 6.704 1.0]
	ConcatTransform [0.396764 -0.779934 -0.484026 0.0 -0.739711 0.040555 -0.671702 0.0 0.543512 0.624547 -0.560835 0.0 -2.539592 -0.715082 2.987053 1.0]
256
	ConcatTransform [1.1 0.0 0.0 0.0 0.0 1.1 0.0 0.0 0.0 0.0 1.1 0.0 -9.609 0.05 6.704 1.0]
	ConcatTransform [0.360864 -0.693666 -0.623382 0.0 -0.809214 0.099399 -0.579044 0.0 0.463627 0.713406 -0.525455 0.0 -2.517466 -0.73374 2.956534 1.0]
257
	ConcatTransform [1.1 0.0 0.0 0.0 0.0 1.1 0.0 0.0 0.0 0.0 1.1 0.0 -9.609 0.05 6.704 1.0]
	ConcatTransform [0.325733 -0.650495 -0.686116 0.0 -0.856014 0.105206 -0.506135 0.0 0.401421 0.752189 -0.522563 0.0 -2.499404 -0.738033 2.932376 1.0]
258
	ConcatTransform [1.1 0.0 0.0 0.0 0.0 1.1 0.0 0.0 0.0 0.0 1.1 0.0 -9.609 0.05 6.704 1.0]
	ConcatTransform [0.268214 -0.587157 -0.763746 0.0 -0.918414 0.083485 -0.386712 0.0 0.290822 0.805156 -0.516862 0.0 -2.470325 -0.741895 2.89437 1.0]
259
	ConcatTransform [1.1 0.0 0.0 0.0 0.0 1.1 0.0 0.0 0.0 0.0 1.1 0.0 -9.609 0.05 6.704 1.0]
	ConcatTransform [0.222271 -0.543894 -0.809181 0.0 -0.950402 0.064326 -0.3043 0.0 0.217558 0.836685 -0.50262 0.0 -2.450099 -0.742005 2.868667 1.0]
260
	ConcatTransform [1.1 0.0 0.0 0.0 0.0 1.1 0.0 0.0 0.0 0.0 1.1 0.0 -9.609 0.05 6.704 1.0]
	ConcatTransform [0.142005 -0.497674 -0.855661 0.0 -0.983445 0.027364 -0.179128 0.0 0.112562 0.866932 -0.485549 0.0 -2.419516 -0.739262 2.830201 1.0]
261
	ConcatTransform [1.1 0.0 0.0 0.0 0.0 1.1 0.0 0.0 0.0 0.0 1.1 0.0 -9.609 0.05 6.704 1.0]
	ConcatTransform [0.083523 -0.473302 -0.876932 0.0 -0.995453 0.000815 -0.095251 0.0 0.045797 0.8809 -0.471082 0.0 -2.399508 -0.736405 2.805314 1.0]
262
	ConcatTransform [1.1 0.0 0.0 0.0 0.0 1.1 0.0 0.0 0.0 0.0 1.1 0.0 -9.609 0.05 6.704 1.0]
	ConcatTransform [-0.004505 -0.449879 -0.893078 0.0 -0.99835 -0.049105 0.029772 0.0 -0.057249 0.891739 -0.448915 0.0 -2.370854 -0.731255 2.76978 1.0]
263
	ConcatTransform [1.1 0.0 0.0 0.0 0.0 1.1 0.0 0.0 0.0 0.0 1.1 0.0 -9.609 0.05 6.704 1.0]
	ConcatTransform [-0.064888 -0.448914 -0.891216 0.0 -0.990729 -0.077841 0.111342 0.0 -0.119356 0.890178 -0.439701 0.0 -2.352729 -0.728692 2.747327 1.0]
264
	ConcatTransform [1.1 0.0 0.0 0.0 0.0 1.1 0.0 0.0 0.0 0.0 1.1 0.0 -9.609 0.05 6.704 1.0]
	ConcatTransform [-0.159677 -0.453053 -0.877067 0.0 -0.966793 -0.107817 0.231706 0.0 -0.199538 0.88494 -0.420792 0.0 -2.327359 -0.72585 2.716231 1.0]
265
	ConcatTransform [1.1 0.0 0.0 0.0 0.0 1.1 0.0 0.0 0.0 0.0 1.1 0.0 -9.609 0.05 6.704 1.0]
	ConcatTransform [-0.217026 -0.463072 -0.859339 0.0 -0.94153 -0.133121 0.309517 0.0 -0.257725 0.876267 -0.407105 0.0 -2.312237 -0.723697 2.697419 1.0]
266
	ConcatTransform [1.1 0.0 0.0 0.0 0.0 1.1 0.0 0.0 0.0 0.0 1.1 0.0 -9.609 0.05 6.704 1.0]
	ConcatTransform [-0.294214 -0.487372 -0.822135 0.0 -0.890204 -0.173305 0.421311 0.0 -0.347815 0.855824 -0.382872 0.0 -2.292677 -0.719841 2.672349 1.0]
267
	ConcatTransform [1.1 0.0 0.0 0.0 0.0 1.1 0.0 0.0 0.0 0.0 1.1 0.0 -9.609 0.05 6.704 1.0]
	ConcatTransform [-0.346752 -0.503226 -0.791534 0.0 -0.849299 -0.189691 0.492655 0.0 -0.398063 0.843078 -0.361614 0.0 -2.281508 -0.718019 2.657719 1.0]
268
	ConcatTransform [1.1 0.0 0.0 0.0 0.0 1.1 0.0 0.0 0.0 0.0 1.1 0.0 -9.609 0.05 6.704 1.0]
	ConcatTransform [-0.425368 -0.526481 -0.736125 0.0 -0.779147 -0.200769 0.59382 0.0 -0.460426 0.826141 -0.324805 0.0 -2.267769 -0.71678 2.638875 1.0]
269
	ConcatTransform [1.1 0.0 0.0 0.0 0.0 1.1 0.0 0.0 0.0 0.0 1.1 0.0 -9.609 0.05 6.704 1.0]
	ConcatTransform [-0.471899 -0.544641 -0.69331 0.0 -0.725755 -0.206525 0.656222 0.0 -0.500591 0.812843 -0.297817 0.0 -2.261091 -0.715995 2.628568 1.0]
270
	ConcatTransform [1.1 0.0 0.0 0.0 0.0 1.1 0.0 0.0 0.0 0.0 1.1 0.0 -9.609 0.05 6.704 1.0]
	ConcatTransform [-0.533577 -0.564866 -0.629462 0.0 -0.641961 -0.214049 0.736254 0.0 -0.55062 0.796938 -0.24841 0.0 -2.254853 -0.714601 2.616782 1.0]
271
	ConcatTransform [1.1 0.0 0.0 0.0 0.0 1.1 0.0 0.0 0.0 0.0 1.1 0.0 -9.609 0.05 6.704 1.0]
	ConcatTransform [-0.570919 -0.577569 -0.583494 0.0 -0.587904 -0.208485 0.781603 0.0 -0.573079 0.789271 -0.220527 0.0 -2.252752 -0.715499 2.610869 1.0]
272
	ConcatTransform [1.1 0.0 0.0 0.0 0.0 1.1 0.0 0.0 0.0 0.0 1.1 0.0 -9.609 0.05 6.704 1.0]
	ConcatTransform [-0.617149 -0.59335 -0.516781 0.0 -0.506596 -0.202915 0.837965 0.0 -0.60207 0.778948 -0.17536 0.0 -2.253178 -0.715364 2.60619 1.0]
273
	ConcatTransform [1.1 0.0 0.0 0.0 0.0 1.1 0.0 0.0 0.0 0.0 1.1 0.0 -9.609 0.05 6.704 1.0]
	ConcatTransform [-0.633341 -0.619623 -0.463623 0.0 -0.458064 -0.182713 0.869939 0.0 -0.623744 0.763337 -0.168108 0.0 -2.255255 -0.717411 2.604837 1.0]
274
	ConcatTransform [1.1 0.0 0.0 0.0 0.0 1.1 0.0 0.0 0.0 0.0 1.1 0.0 -9.609 0.05 6.704 1.0]
	ConcatTransform [-0.653219 -0.664872 -0.362283 0.0 -0.417138 -0.083308 0.905017 0.0 -0.631902 0.742297 -0.222925 0.0 -2.259529 -0.725891 2.604351 1.0]
275
	ConcatTransform [1.1 0.0 0.0 0.0 0.0 1.1 0.0 0.0 0.0 0.0 1.1 0.0 -9.609 0.05 6.704 1.0]
	ConcatTransform [-0.686977 -0.65505 -0.3146 0.0 -0.377877 -0.047773 0.924622 0.0 -0.620703 0.754074 -0.214709 0.0 -2.263883 -0.731137 2.605726 1.0]
276
	ConcatTransform [1.1 0.0 0.0 0.0 0.0 1.1 0.0 0.0 0.0 0.0 1.1 0.0 -9.609 0.05 6.704 1.0]
	ConcatTransform [-0.728307 -0.63845 -0.248897 0.0 -0.311024 -0.015661 0.950273 0.0 -0.6106 0.769504 -0.187167 0.0 -2.274051 -0.73487 2.609222 1.0]
277
	ConcatTransform [1.1 0.0 0.0 0.0 0.0 1.1 0.0 0.0 0.0 0.0 1.1 0.0 -9.609 0.05 6.704 1.0]
	ConcatTransform [-0.75184 -0.626744 -0.204766 0.0 -0.264373 0.002053 0.964418 0.0 -0.604023 0.779223 -0.167238 0.0 -2.282528 -0.736601 2.612051 1.0]
278
	ConcatTransform [1.1 0.0 0.0 0.0 0.0 1.1 0.0 0.0 0.0 0.0 1.1 0.0 -9.609 0.05 6.704 1.0]
	ConcatTransform [-0.782699 -0.606437 -0.140059 0.0 -0.190909 0.019738 0.981409 0.0 -0.592399 0.794886 -0.131223 0.0 -2.297084 -0.738386 2.616902 1.0]
279
	ConcatTransform [1.1 0.0 0.0 0.0 0.0 1.1 0.0 0.0 0.0 0.0 1.1 0.0 -9.609 0.05 6.704 1.0]
	ConcatTransform [-0.801955 -0.589672 -0.095682 0.0 -0.141012 0.031214 0.989516 0.0 -0.580503 0.807039 -0.108183 0.0 -2.307577 -0.73931 2.62038 1.0]
280
	ConcatTransform [1.1 0.0 0.0 0.0 0.0 1.1 0.0 0.0 0.0 0.0 1.1 0.0 -9.609 0.05 6.704 1.0]
	ConcatTransform [-0.824702 -0.56489 -0.027694 0.0 -0.065222 0.046352 0.996794 0.0 -0.561795 0.823863 -0.07507 0.0 -2.324083 -0.739902 2.625824 1.0]
281
	ConcatTransform [1.1 0.0 0.0 0.0 0.0 1.1 0.0 0.0 0.0 0.0 1.1 0.0 -9.609 0.05 6.704 1.0]
	ConcatTransform [-0.834358 -0.550963 0.016916 0.0 -0.014035 0.051911 0.998553 0.0 -0.551044 0.832913 -0.051045 0.0 -2.335334 -0.739854 2.629559 1.0]
282
	ConcatTransform [1.1 0.0 0.0 0.0 0.0 1.1 0.0 0.0 0.0 0.0 1.1 0.0 -9.609 0.05 6.704 1.0]
	ConcatTransform [-0.841634 -0.533509 0.083787 0.0 0.062717 0.05754 0.996371 0.0 -0.536394 0.843835 -0.014968 0.0 -2.352092 -0.739482 2.635134 1.0]
283
	ConcatTransform [1.1 0.0 0.0 0.0 0.0 1.1 0.0 0.0 0.0 0.0 1.1 0.0 -9.609 0.05 6.704 1.0]
	ConcatTransform [-0.842011 -0.524189 0.127451 0.0 0.113805 0.058337 0.991789 0.0 -0.52732 0.849601 0.010535 0.0 -2.362972 -0.739162 2.638789 1.0]
284
	ConcatTransform [1.1 0.0 0.0 0.0 0.0 1.1 0.0 0.0 0.0 0.0 1.1 0.0 -9.609 0.05 6.704 1.0]
	ConcatTransform [-0.836835 -0.513533 0.189711 0.0 0.190249 0.052142 0.98035 0.0 -0.513334 0.856484 0.054065 0.0 -2.378558 -0.738717 2.644145 1.0]
285
	ConcatTransform [1.1 0.0 0.0 0.0 0.0 1.1 0.0 0.0 0.0 0.0 1.1 0.0 -9.609 0.05 6.704 1.0]
	ConcatTransform [-0.829078 -0.509064 0.231264 0.0 0.240217 0.049199 0.969472 0.0 -0.504901 0.859321 0.081496 0.0 -2.388367 -0.738488 2.647526 1.0]
286
	ConcatTransform [1.1 0.0 0.0 0.0 0.0 1.1 0.0 0.0 0.0 0.0 1.1 0.0 -9.609 0.05 6.704 1.0]
	ConcatTransform [-0.810932 -0.505774 0.294247 0.0 0.313215 0.049555 0.948388 0.0 -0.494252 0.861241 0.11823 0.0 -2.402087 -0.738305 2.652251 1.0]
287
	ConcatTransform [1.1 0.0 0.0 0.0 0.0 1.1 0.0 0.0 0.0 0.0 1.1 0.0 -9.609 0.05 6.704 1.0]
	ConcatTransform [-0.796042 -0.504979 0.333638 0.0 0.361143 0.046054 0.931372 0.0 -0.485688 0.861902 0.145709 0.0 -2.410469 -0.738249 2.655247 1.0]
288
	ConcatTransform [1.1 0.0 0.0 0.0 0.0 1.1 0.0 0.0 0.0 0.0 1.1 0.0 -9.609 0.05 6.704 1.0]
	ConcatTransform [-0.770407 -0.505456 0.388571 0.0 0.431666 0.034983 0.901355 0.0 -0.469189 0.862143 0.191237 0.0 -2.421826 -0.738186 2.6595 1.0]
289
	ConcatTransform [1.1 0.0 0.0 0.0 0.0 1.1 0.0 0.0 0.0 0.0 1.1 0.0 -9.609 0.05 6.704 1.0]
	ConcatTransform [-0.749646 -0.507109 0.425291 0.0 0.476861 0.03175 0.878405 0.0 -0.45895 0.861297 0.218019 0.0 -2.428643 -0.738229 2.662086 1.0]
290
	ConcatTransform [1.1 0.0 0.0 0.0 0.0 1.1 0.0 0.0 0.0 0.0 1.1 0.0 -9.609 0.05 6.704 1.0]
	ConcatTransform [-0.713015 -0.511173 0.479908 0.0 0.541705 0.032947 0.839923 0.0 -0.445157 0.858846 0.253413 0.0 -2.437761 -0.738445 2.665617 1.0]
291
	ConcatTransform [1.1 0.0 0.0 0.0 0.0 1.1 0.0 0.0 0.0 0.0 1.1 0.0 -9.609 0.05 6.704 1.0]
	ConcatTransform [-0.68707 -0.514174 0.513381 0.0 0.583526 0.030526 0.81152 0.0 -0.432934 0.857143 0.27906 0.0 -2.443048 -0.738549 2.667825 1.0]
292
	ConcatTransform [1.1 0.0 0.0 0.0 0.0 1.1 0.0 0.0 0.0 0.0 1.1 0.0 -9.609 0.05 6.704 1.0]
	ConcatTransform [-0.646271 -0.518723 0.559697 0.0 0.643816 0.023122 0.764831 0.0 -0.409676 0.85463 0.319019 0.0 -2.449842 -0.738612 2.670915 1.0]
293
	ConcatTransform [1.1 0.0 0.0 0.0 0.0 1.1 0.0 0.0 0.0 0.0 1.1 0.0 -9.609 0.05 6.704 1.0]
	ConcatTransform [-0.615895 -0.522236 0.589866 0.0 0.681602 0.022258 0.731385 0.0 -0.395085 0.85251 0.342249 0.0 -2.453727 -0.738729 2.672783 1.0]
294
	ConcatTransform [1.1 0.0 0.0 0.0 0.0 1.1 0.0 0.0 0.0 0.0 1.1 0.0 -9.609 0.05 6.704 1.0]
	ConcatTransform [-0.565903 -0.528099 0.633139 0.0 0.734556 0.025785 0.678058 0.0 -0.374407 0.848791 0.373326 0.0 -2.45866 -0.738997 2.675341 1.0]
295
	ConcatTransform [1.1 0.0 0.0 0.0 0.0 1.1 0.0 0.0 0.0 0.0 1.1 0.0 -9.609 0.05 6.704 1.0]
	ConcatTransform [-0.531798 -0.531545 0.65928 0.0 0.767801 0.025839 0.640167 0.0 -0.357313 0.846636 0.39438 0.0 -2.461323 -0.739098 2.676933 1.0]
296
	ConcatTransform [1.1 0.0 0.0 0.0 0.0 1.1 0.0 0.0 0.0 0.0 1.1 0.0 -9.609 0.05 6.704 1.0]
	ConcatTransform [-0.479504 -0.535852 0.694938 0.0 0.814258 0.023589 0.580023 0.0 -0.327199 0.843983 0.425011 0.0 -2.464471 -0.73916 2.679147 1.0]
297
	ConcatTransform [1.1 0.0 0.0 0.0 0.0 1.1 0.0 0.0 0.0 0.0 1.1 0.0 -9.609 0.05 6.704 1.0]
	ConcatTransform [-0.442192 -0.538868 0.716999 0.0 0.842403 0.024936 0.538271 0.0 -0.307936 0.842021 0.442917 0.0 -2.466122 -0.739251 2.6805 1.0]
298
	ConcatTransform [1.1 0.0 0.0 0.0 0.0 1.1 0.0 0.0 0.0 0.0 1.1 0.0 -9.609 0.05 6.704 1.0]
	ConcatTransform [-0.383189 -0.543459 0.746872 0.0 0.880343 0.029863 0.473397 0.0 -0.279576 0.838904 0.466987 0.0 -2.468 -0.739419 2.682373 1.0]
299
	ConcatTransform [1.1 0.0 0.0 0.0 0.0 1.1 0.0 0.0 0.0 0.0 1.1 0.0 -9.609 0.05 6.704 1.0]
	ConcatTransform [-0.343536 -0.54579 0.764262 0.0 0.903033 0.031505 0.428413 0.0 -0.257902 0.837329 0.482044 0.0 -2.468847 -0.739475 2.68353 1.0]
300
	ConcatTransform [1.1 0.0 0.0 0.0 0.0 1.1 0.0 0.0 0.0 0.0 1.1 0.0 -9.609 0.05 6.704 1.0]
	ConcatTransform [-0.28344 -0.548338 0.786757 0.0 0.932904 0.032388 0.358665 0.0 -0.222151 0.835629 0.502367 0.0 -2.469609 -0.739513 2.685128 1.0]
301
	ConcatTransform [1.1 0.0 0.0 0.0 0.0 1.1 0.0 0.0 0.0 0.0 1.1 0.0 -9.609 0.05 6.704 1.0]
	ConcatTransform [-0.241916 -0.550009 0.799354 0.0 0.949731 0.034493 0.31116 0.0 -0.198713 0.834446 0.514017 0.0 -2.469866 -0.739554 2.68611 1.0]
302
	ConcatTransform [1.1 0.0 0.0 0.0 0.0 1.1 0.0 0.0 0.0 0.0 1.1 0.0 -9.609 0.05 6.704 1.0]
	ConcatTransform [-0.178118 -0.552224 0.814446 0.0 0.970338 0.038916 0.238598 0.0 -0.163455 0.832787 0.528913 0.0 -2.469929 -0.739615 2.687469 1.0]
303
	ConcatTransform [1.1 0.0 0.0 0.0 0.0 1.1 0.0 0.0 0.0 0.0 1.1 0.0 -9.609 0.05 6.704 1.0]
	ConcatTransform [-0.135596 -0.553166 0.821962 0.0 0.981082 0.040736 0.18926 0.0 -0.138176 0.832075 0.537177 0.0 -2.46977 -0.739634 2.688297 1.0]
304
	ConcatTransform [1.1 0.0 0.0 0.0 0.0 1.1 0.0 0.0 0.0 0.0 1.1 0.0 -9.609 0.05 6.704 1.0]
	ConcatTransform [-0.071765 -0.554062 0.829376 0.0 0.992553 0.042386 0.1142 0.0 -0.098428 0.831396 0.546894 0.0 -2.469302 -0.739646 2.689431 1.0]
305
	ConcatTransform [1.1 0.0 0.0 0.0 0.0 1.1 0.0 0.0 0.0 0.0 1.1 0.0 -9.609 0.05 6.704 1.0]
	ConcatTransform [-0.028737 -0.55453 0.831667 0.0 0.996986 0.044086 0.063844 0.0 -0.072068 0.830995 0.551592 0.0 -2.46889 -0.739656 2.690119 1.0]
306
	ConcatTransform [1.1 0.0 0.0 0.0 0.0 1.1 0.0 0.0 0.0 0.0 1.1 0.0 -9.609 0.05 6.704 1.0]
	ConcatTransform [0.035954 -0.554901 0.831139 0.0 0.998831 0.04683 -0.011943 0.0 -0.032295 0.830597 0.555937 0.0 -2.468159 -0.739667 2.691049 1.0]
307
	ConcatTransform [1.1 0.0 0.0 0.0 0.0 1.1 0.0 0.0 0.0 0.0 1.1 0.0 -9.609 0.05 6.704 1.0]
	ConcatTransform [0.078673 -0.554987 0.82813 0.0 0.996888 0.047963 -0.062562 0.0 -0.004999 0.830475 0.557034 0.0 -2.467612 -0.739668 2.691603 1.0]
308
	ConcatTransform [1.1 0.0 0.0 0.0 0.0 1.1 0.0 0.0 0.0 0.0 1.1 0.0 -9.609 0.05 6.704 1.0]
	ConcatTransform [0.142045 -0.555114 0.819556 0.0 0.989185 0.049038 -0.13823 0.0 0.036544 0.830328 0.556076 0.0 -2.466745 -0.739669 2.692343 1.0]
309
	ConcatTransform [1.1 0.0 0.0 0.0 0.0 1.1 0.0 0.0 0.0 0.0 1.1 0.0 -9.609 0.05 6.704 1.0]
	ConcatTransform [0.183896 -0.555087 0.81121 0.0 0.980856 0.049842 -0.188248 0.0 0.064061 0.830298 0.553626 0.0 -2.466161 -0.73967 2.692773 1.0]
310
	ConcatTransform [1.1 0.0 0.0 0.0 0.0 1.1 0.0 0.0 0.0 0.0 1.1 0.0 -9.609 0.05 6.704 1.0]
	ConcatTransform [0.245756 -0.554817 0.794847 0.0 0.963627 0.051002 -0.262341 0.0 0.105012 0.830408 0.54717 0.0 -2.465302 -0.739668 2.693325 1.0]
311
	ConcatTransform [1.1 0.0 0.0 0.0 0.0 1.1 0.0 0.0 0.0 0.0 1.1 0.0 -9.609 0.05 6.704 1.0]
	ConcatTransform [0.286041 -0.554732 0.781315 0.0 0.949032 0.051378 -0.310964 0.0 0.132359 0.830441 0.541155 0.0 -2.464747 -0.739667 2.693638 1.0]
312
	ConcatTransform [1.1 0.0 0.0 0.0 0.0 1.1 0.0 0.0 0.0 0.0 1.1 0.0 -9.609 0.05 6.704 1.0]
	ConcatTransform [0.344847 -0.554874 0.757097 0.0 0.922563 0.051627 -0.382376 0.0 0.173084 0.830331 0.529709 0.0 -2.463959 -0.739667 2.694034 1.0]
313
	ConcatTransform [1.1 0.0 0.0 0.0 0.0 1.1 0.0 0.0 0.0 0.0 1.1 0.0 -9.609 0.05 6.704 1.0]
	ConcatTransform [0.382979 -0.554863 0.738548 0.0 0.901923 0.051803 -0.428779 0.0 0.199655 0.830327 0.520283 0.0 -2.463476 -0.739667 2.694245 1.0]
314
	ConcatTransform [1.1 0.0 0.0 0.0 0.0 1.1 0.0 0.0 0.0 0.0 1.1 0.0 -9.609 0.05 6.704 1.0]
	ConcatTransform [0.438353 -0.554675 0.707236 0.0 0.866601 0.052091 -0.496275 0.0 0.238431 0.830435 0.503516 0.0 -2.462827 -0.739666 2.694488 1.0]
315
	ConcatTransform [1.1 0.0 0.0 0.0 0.0 1.1 0.0 0.0 0.0 0.0 1.1 0.0 -9.609 0.05 6.704 1.0]
	ConcatTransform [0.473738 -0.554743 0.683983 0.0 0.840241 0.052106 -0.539704 0.0 0.263757 0.830389 0.490802 0.0 -2.46244 -0.739666 2.694611 1.0]
316
	ConcatTransform [1.1 0.0 0.0 0.0 0.0 1.1 0.0 0.0 0.0 0.0 1.1 0.0 -9.609 0.05 6.704 1.0]
	ConcatTransform [0.524278 -0.555141 0.645718 0.0 0.79665 0.051894 -0.602209 0.0 0.300802 0.830136 0.46946 0.0 -2.461933 -0.739668 2.694743 1.0]
317
	ConcatTransform [1.1 0.0 0.0 0.0 0.0 1.1 0.0 0.0 0.0 0.0 1.1 0.0 -9.609 0.05 6.704 1.0]
	ConcatTransform [0.556346 -0.5553 0.618159 0.0 0.764991 0.051811 -0.641953 0.0 0.32445 0.830034 0.453625 0.0 -2.461652 -0.739668 2.694797 1.0]
318
	ConcatTransform [1.1 0.0 0.0 0.0 0.0 1.1 0.0 0.0 0.0 0.0 1.1 0.0 -9.609 0.05 6.704 1.0]
	ConcatTransform [0.601824 -0.555401 0.573879 0.0 0.713815 0.051829 -0.698414 0.0 0.358156 0.829966 0.427646 0.0 -2.461314 -0.739669 2.694834 1.0]
319
	ConcatTransform [1.1 0.0 0.0 0.0 0.0 1.1 0.0 0.0 0.0 0.0 1.1 0.0 -9.609 0.05 6.704 1.0]
	ConcatTransform [0.630089 -0.555621 0.54247 0.0 0.677366 0.051692 -0.733828 0.0 0.379689 0.829827 0.40893 0.0 -2.461134 -0.73967 2.694837 1.0]
320
	ConcatTransform [1.1 0.0 0.0 0.0 0.0 1.1 0.0 0.0 0.0 0.0 1.1 0.0 -9.609 0.05 6.704 1.0]
	ConcatTransform [0.669258 -0.556146 0.492742 0.0 0.619433 0.051357 -0.783368 0.0 0.410361 0.829496 0.378866 0.0 -2.460932 -0.739672 2.694816 1.0]
321
	ConcatTransform [1.1 0.0 0.0 0.0 0.0 1.1 0.0 0.0 0.0 0.0 1.1 0.0 -9.609 0.05 6.704 1.0]
	ConcatTransform [0.693293 -0.5564 0.458001 0.0 0.578784 0.051247 -0.813869 0.0 0.429366 0.829333 0.357564 0.0 -2.460845 -0.739672 2.694788 1.0]
322
	ConcatTransform [1.1 0.0 0.0 0.0 0.0 1.1 0.0 0.0 0.0 0.0 1.1 0.0 -9.609 0.05 6.704 1.0]
	ConcatTransform [0.72604 -0.556687 0.40369 0.0 0.515038 0.051245 -0.855634 0.0 0.455633 0.82914 0.323921 0.0 -2.460776 -0.739673 2.694731 1.0]
323
	ConcatTransform [1.1 0.0 0.0 0.0 0.0 1.1 0.0 0.0 0.0 0.0 1.1 0.0 -9.609 0.05 6.704 1.0]
	ConcatTransform [0.745457 -0.556947 0.366201 0.0 0.47084 0.051108 -0.880737 0.0 0.471808 0.828974 0.300332 0.0 -2.460763 -0.739674 2.694687 1.0]
324
	ConcatTransform [1.1 0.0 0.0 0.0 0.0 1.1 0.0 0.0 0.0 0.0 1.1 0.0 -9.609 0.05 6.704 1.0]
	ConcatTransform [0.770875 -0.557433 0.308253 0.0 0.402286 0.050837 -0.914101 0.0 0.49388 0.828664 0.263436 0.0 -2.460783 -0.739675 2.694616 1.0]
325
	ConcatTransform [1.1 0.0 0.0 0.0 0.0 1.1 0.0 0.0 0.0 0.0 1.1 0.0 -9.609 0.05 6.704 1.0]
	ConcatTransform [0.785407 -0.557664 0.268601 0.0 0.355259 0.050772 -0.933388 0.0 0.506879 0.828513 0.237992 0.0 -2.460825 -0.739675 2.694568 1.0]
326
	ConcatTransform [1.1 0.0 0.0 0.0 0.0 1.1 0.0 0.0 0.0 0.0 1.1 0.0 -9.609 0.05 6.704 1.0]
	ConcatTransform [0.80343 -0.557934 0.20787 0.0 0.283027 0.050725 -0.95777 0.0 0.523828 0.828333 0.198665 0.0 -2.460919 -0.739675 2.6945 1.0]
327
	ConcatTransform [1.1 0.0 0.0 0.0 0.0 1.1 0.0 0.0 0.0 0.0 1.1 0.0 -9.609 0.05 6.704 1.0]
	ConcatTransform [0.81283 -0.558133 0.166719 0.0 0.233923 0.050644 -0.970935 0.0 0.533467 0.828205 0.171725 0.0 -2.460997 -0.739675 2.694456 1.0]
328
	ConcatTransform [1.1 0.0 0.0 0.0 0.0 1.1 0.0 0.0 0.0 0.0 1.1 0.0 -9.609 0.05 6.704 1.0]
	ConcatTransform [0.822984 -0.55842 0.10423 0.0 0.159167 0.050546 -0.985957 0.0 0.54531 0.828017 0.130481 0.0 -2.461128 -0.739675 2.694396 1.0]
329
	ConcatTransform [1.1 0.0 0.0 0.0 0.0 1.1 0.0 0.0 0.0 0.0 1.1 0.0 -9.609 0.05 6.704 1.0]
	ConcatTransform [0.827152 -0.558523 0.062215 0.0 0.108784 0.050517 -0.992781 0.0 0.551348 0.827949 0.102544 0.0 -2.461226 -0.739676 2.69436 1.0]
330
	ConcatTransform [1.1 0.0 0.0 0.0 0.0 1.1 0.0 0.0 0.0 0.0 1.1 0.0 -9.609 0.05 6.704 1.0]
	ConcatTransform [0.829357 -0.558718 -0.00107 0.0 0.032723 0.050486 -0.998189 0.0 0.55776 0.82782 0.060154 0.0 -2.461379 -0.739676 2.694312 1.0]
331
	ConcatTransform [1.1 0.0 0.0 0.0 0.0 1.1 0.0 0.0 0.0 0.0 1.1 0.0 -9.609 0.05 6.704 1.0]
	ConcatTransform [0.828155 -0.558826 -0.04327 0.0 -0.01812 0.050465 -0.998561 0.0 0.560206 0.827748 0.031667 0.0 -2.461483 -0.739676 2.694285 1.0]
332
	ConcatTransform [1.1 0.0 0.0 0.0 0.0 1.1 0.0 0.0 0.0 0.0 1.1 0.0 -9.609 0.05 6.704 1.0]
	ConcatTransform [0.822337 -0.55898 -0.106316 0.0 -0.094258 0.050439 -0.994269 0.0 0.561139 0.827645 -0.011211 0.0 -2.461638 -0.739676 2.694249 1.0]
333
	ConcatTransform [1.1 0.0 0.0 0.0 0.0 1.1 0.0 0.0 0.0 0.0 1.1 0.0 -9.609 0.05 6.704 1.0]
	ConcatTransform [0.815795 -0.559075 -0.148033 0.0 -0.144735 0.050457 -0.988183 0.0 0.559938 0.82758 -0.039755 0.0 -2.461739 -0.739676 2.69423 1.0]
334
	ConcatTransform [1.1 0.0 0.0 0.0 0.0 1.1 0.0 0.0 0.0 0.0 1.1 0.0 -9.609 0.05 6.704 1.0]
	ConcatTransform [0.802074 -0.559137 -0.209867 0.0 -0.219711 0.050507 -0.974257 0.0 0.555342 0.827536 -0.082339 0.0 -2.461884 -0.739676 2.694207 1.0]
335
	ConcatTransform [1.1 0.0 0.0 0.0 0.0 1.1 0.0 0.0 0.0 0.0 1.1 0.0 -9.609 0.05 6.704 1.0]
	ConcatTransform [0.790311 -0.559191 -0.250426 0.0 -0.26901 0.050539 -0.961811 0.0 0.550492 0.827497 -0.110486 0.0 -2.461976 -0.739675 2.694194 1.0]
336
	ConcatTransform [1.1 0.0 0.0 0.0 0.0 1.1 0.0 0.0 0.0 0.0 1.1 0.0 -9.609 0.05 6.704 1.0]
	ConcatTransform [0.768857 -0.559244 -0.31001 0.0 -0.341614 0.050578 -0.938478 0.0 0.540517 0.827459 -0.152159 0.0 -2.462101 -0.739676 2.69418 1.0]
337
	ConcatTransform [1.1 0.0 0.0 0.0 0.0 1.1 0.0 0.0 0.0 0.0 1.1 0.0 -9.609 0.05 6.704 1.0]
	ConcatTransform [0.75207 -0.559255 -0.348748 0.0 -0.38894 0.050591 -0.919873 0.0 0.532087 0.82745 -0.179469 0.0 -2.462178 -0.739676 2.694173 1.0]
338
	ConcatTransform [1.1 0.0 0.0 0.0 0.0 1.1 0.0 0.0 0.0 0.0 1.1 0.0 -9.609 0.05 6.704 1.0]
	ConcatTransform [0.723276 -0.559222 -0.405145 0.0 -0.458004 0.050616 -0.887508 0.0 0.516821 0.827471 -0.219516 0.0 -2.46228 -0.739676 2.694168 1.0]
339
	ConcatTransform [1.1 0.0 0.0 0.0 0.0 1.1 0.0 0.0 0.0 0.0 1.1 0.0 -9.609 0.05 6.704 1.0]
	ConcatTransform [0.701717 -0.559212 -0.441448 0.0 -0.502585 0.050635 -0.863043 0.0 0.504977 0.827477 -0.24552 0.0 -2.462339 -0.739676 2.694166 1.0]
340
	ConcatTransform [1.1 0.0 0.0 0.0 0.0 1.1 0.0 0.0 0.0 0.0 1.1 0.0 -9.609 0.05 6.704 1.0]
	ConcatTransform [0.665975 -0.559209 -0.493724 0.0 -0.566977 0.050669 -0.822174 0.0 0.484783 0.827477 -0.283314 0.0 -2.462413 -0.739676 2.694167 1.0]
341
	ConcatTransform [1.1 0.0 0.0 0.0 0.0 1.1 0.0 0.0 0.0 0.0 1.1 0.0 -9.609 0.05 6.704 1.0]
	ConcatTransform [0.640005 -0.559165 -0.526999 0.0 -0.608098 0.050658 -0.792244 0.0 0.469692 0.827507 -0.307606 0.0 -2.462455 -0.739675 2.694169 1.0]
342
	ConcatTransform [1.1 0.0 0.0 0.0 0.0 1.1 0.0 0.0 0.0 0.0 1.1 0.0 -9.609 0.05 6.704 1.0]
	ConcatTransform [0.597939 -0.559131 -0.574318 0.0 -0.666786 0.050657 -0.743526 0.0 0.444822 0.82753 -0.342531 0.0 -2.462503 -0.739675 2.694175 1.0]
343
	ConcatTransform [1.1 0.0 0.0 0.0 0.0 1.1 0.0 0.0 0.0 0.0 1.1 0.0 -9.609 0.05 6.704 1.0]
	ConcatTransform [0.567959 -0.55909 -0.60402 0.0 -0.703776 0.050623 -0.708616 0.0 0.426758 0.82756 -0.364722 0.0 -2.462529 -0.739675 2.69418 1.0]
344
	ConcatTransform [1.1 0.0 0.0 0.0 0.0 1.1 0.0 0.0 0.0 0.0 1.1 0.0 -9.609 0.05 6.704 1.0]
	ConcatTransform [0.52023 -0.559057 -0.645613 0.0 -0.755804 0.050604 -0.65284 0.0 0.397645 0.827584 -0.396211 0.0 -2.462554 -0.739676 2.694188 1.0]
345
	ConcatTransform [1.1 0.0 0.0 0.0 0.0 1.1 0.0 0.0 0.0 0.0 1.1 0.0 -9.609 0.05 6.704 1.0]
	ConcatTransform [0.48672 -0.559006 -0.671279 0.0 -0.78806 0.050583 -0.613517 0.0 0.376915 0.827619 -0.415911 0.0 -2.462565 -0.739676 2.694196 1.0]
346
	ConcatTransform [1.1 0.0 0.0 0.0 0.0 1.1 0.0 0.0 0.0 0.0 1.1 0.0 -9.609 0.05 6.704 1.0]
	ConcatTransform [0.434152 -0.558893 -0.706506 0.0 -0.832598 0.050484 -0.551573 0.0 0.343937 0.827702 -0.443415 0.0 -2.462574 -0.739676 2.69421 1.0]
347
	ConcatTransform [1.1 0.0 0.0 0.0 0.0 1.1 0.0 0.0 0.0 0.0 1.1 0.0 -9.609 0.05 6.704 1.0]
	ConcatTransform [0.397631 -0.558886 -0.727693 0.0 -0.859594 0.050483 -0.508477 0.0 0.320917 0.827707 -0.460341 0.0 -2.462573 -0.739676 2.694219 1.0]
348
	ConcatTransform [1.1 0.0 0.0 0.0 0.0 1.1 0.0 0.0 0.0 0.0 1.1 0.0 -9.609 0.05 6.704 1.0]
	ConcatTransform [0.340965 -0.558869 -0.755915 0.0 -0.895896 0.050434 -0.441393 0.0 0.284804 0.827721 -0.483492 0.0 -2.462566 -0.739676 2.694234 1.0]
349
	ConcatTransform [1.1 0.0 0.0 0.0 0.0 1.1 0.0 0.0 0.0 0.0 1.1 0.0 -9.609 0.05 6.704 1.0]
	ConcatTransform [0.302078 -0.558844 -0.772297 0.0 -0.917209 0.050374 -0.39521 0.0 0.259765 0.827741 -0.49736 0.0 -2.462557 -0.739676 2.694244 1.0]
350
	ConcatTransform [1.1 0.0 0.0 0.0 0.0 1.1 0.0 0.0 0.0 0.0 1.1 0.0 -9.609 0.05 6.704 1.0]
	ConcatTransform [0.2423 -0.55882 -0.793102 0.0 -0.9447 0.050298 -0.324055 0.0 0.22098 0.827762 -0.51573 0.0 -2.462541 -0.739676 2.69426 1.0]
351
	ConcatTransform [1.1 0.0 0.0 0.0 0.0 1.1 0.0 0.0 0.0 0.0 1.1 0.0 -9.609 0.05 6.704 1.0]
	ConcatTransform [0.201626 -0.558823 -0.804403 0.0 -0.959972 0.050275 -0.275547 0.0 0.194423 0.827762 -0.526318 0.0 -2.462527 -0.739676 2.694272 1.0]
352
	ConcatTransform [1.1 0.0 0.0 0.0 0.0 1.1 0.0 0.0 0.0 0.0 1.1 0.0 -9.609 0.05 6.704 1.0]
	ConcatTransform [0.13967 -0.558829 -0.817437 0.0 -0.978202 0.05024 -0.201485 0.0 0.153663 0.82776 -0.53963 0.0 -2.462504 -0.739676 2.694289 1.0]
353
	ConcatTransform [1.1 0.0 0.0 0.0 0.0 1.1 0.0 0.0 0.0 0.0 1.1 0.0 -9.609 0.05 6.704 1.0]
	ConcatTransform [0.097894 -0.558833 -0.823482 0.0 -0.987192 0.050209 -0.151429 0.0 0.12597 0.827759 -0.546761 0.0 -2.462488 -0.739676 2.694299 1.0]
354
	ConcatTransform [1.1 0.0 0.0 0.0 0.0 1.1 0.0 0.0 0.0 0.0 1.1 0.0 -9.609 0.05 6.704 1.0]
	ConcatTransform [0.034789 -0.558831 -0.828552 0.0 -0.995872 0.050165 -0.075649 0.0 0.083839 0.827763 -0.554779 0.0 -2.462462 -0.739676 2.694316 1.0]
355
	ConcatTransform [1.1 0.0 0.0 0.0 0.0 1.1 0.0 0.0 0.0 0.0 1.1 0.0 -9.609 0.05 6.704 1.0]
	ConcatTransform [-0.007419 -0.558848 -0.829237 0.0 -0.998433 0.05014 -0.024858 0.0 0.05547 0.827753 -0.558345 0.0 -2.462445 -0.739676 2.694326 1.0]
356
	ConcatTransform [1.1 0.0 0.0 0.0 0.0 1.1 0.0 0.0 0.0 0.0 1.1 0.0 -9.609 0.05 6.704 1.0]
	ConcatTransform [-0.07065 -0.558855 -0.82625 0.0 -0.997421 0.050082 0.051413 0.0 0.012648 0.827752 -0.560952 0.0 -2.462419 -0.739676 2.694341 1.0]
357
	ConcatTransform [1.1 0.0 0.0 0.0 0.0 1.1 0.0 0.0 0.0 0.0 1.1 0.0 -9.609 0.05 6.704 1.0]
	ConcatTransform [-0.112606 -0.558866 -0.821577 0.0 -0.993512 0.050062 0.102118 0.0 -0.01594 0.827746 -0.560877 0.0 -2.462403 -0.739676 2.69435 1.0]
358
	ConcatTransform [1.1 0.0 0.0 0.0 0.0 1.1 0.0 0.0 0.0 0.0 1.1 0.0 -9.609 0.05 6.704 1.0]
	ConcatTransform [-0.174963 -0.558875 -0.810584 0.0 -0.982823 0.050043 0.177637 0.0 -0.058713 0.827741 -0.558031 0.0 -2.46238 -0.739676 2.694363 1.0]
359
	ConcatTransform [1.1 0.0 0.0 0.0 0.0 1.1 0.0 0.0 0.0 0.0 1.1 0.0 -9.609 0.05 6.704 1.0]
	ConcatTransform [-0.216 -0.558872 -0.800629 0.0 -0.972507 0.050053 0.227432 0.0 -0.087031 0.827742 -0.554318 0.0 -2.462367 -0.739676 2.694371 1.0]
360
	ConcatTransform [1.1 0.0 0.0 0.0 0.0 1.1 0.0 0.0 0.0 0.0 1.1 0.0 -9.609 0.05 6.704 1.0]
	ConcatTransform [0.816559 -0.551553 -0.170356 0.0 -0.163962 0.061356 -0.984557 0.0 0.553487 0.83188 -0.040333 0.0 -0.569345 -0.739612 -0.026945 1.0]
