228
	ConcatTransform [1.1 0.0 0.0 0.0 0.0 1.1 0.0 0.0 0.0 0.0 1.1 0.0 -9.609 0.05 6.704 1.0]
	ConcatTransform [0.207685 0.975879 -0.067285 0.0 -0.865541 0.215379 0.452163 0.0 0.455748 -0.03567 0.889394 0.0 -0.038282 0.164105 0.076381 1.0]
229
	ConcatTransform [1.1 0.0 0.0 0.0 0.0 1.1 0.0 0.0 0.0 0.0 1.1 0.0 -9.609 0.05 6.704 1.0]
	ConcatTransform [-0.577184 0.811825 -0.088307 0.0 -0.708252 -0.44383 0.548994 0.0 0.406494 0.379414 0.831149 0.0 -0.063364 0.268603 0.117723 1.0]
230
	ConcatTransform [1.1 0.0 0.0 0.0 0.0 1.1 0.0 0.0 0.0 0.0 1.1 0.0 -9.609 0.05 6.704 1.0]
	ConcatTransform [-0.974956 -0.161672 -0.152716 0.0 0.01957 -0.746389 0.665222 0.0 -0.221533 0.645574 0.730861 0.0 -0.103889 0.410385 0.175352 1.0]
231
	ConcatTransform [1.1 0.0 0.0 0.0 0.0 1.1 0.0 0.0 0.0 0.0 1.1 0.0 -9.609 0.05 6.704 1.0]
	ConcatTransform [-0.630738 -0.760328 -0.155148 0.0 0.417398 -0.500964 0.758165 0.0 -0.654177 0.413445 0.633336 0.0 -0.131873 0.49373 0.21231 1.0]
232
	ConcatTransform [1.1 0.0 0.0 0.0 0.0 1.1 0.0 0.0 0.0 0.0 1.1 0.0 -9.609 0.05 6.704 1.0]
	ConcatTransform [0.326019 -0.924818 0.196021 0.0 0.472417 0.338981 0.813581 0.0 -0.818862 -0.172639 0.547413 0.0 -0.171642 0.607566 0.261611 1.0]
233
	ConcatTransform [1.1 0.0 0.0 0.0 0.0 1.1 0.0 0.0 0.0 0.0 1.1 0.0 -9.609 0.05 6.704 1.0]
	ConcatTransform [0.802792 -0.441809 0.400412 0.0 0.067413 0.734487 0.675266 0.0 -0.592436 -0.515105 0.619424 0.0 -0.198158 0.671273 0.294334 1.0]
234
	ConcatTransform [1.1 0.0 0.0 0.0 0.0 1.1 0.0 0.0 0.0 0.0 1.1 0.0 -9.609 0.05 6.704 1.0]
	ConcatTransform [0.643821 0.597689 0.477768 0.0 -0.754337 0.600496 0.265292 0.0 -0.128336 -0.531199 0.837471 0.0 -0.241366 0.750564 0.343881 1.0]
235
	ConcatTransform [1.1 0.0 0.0 0.0 0.0 1.1 0.0 0.0 0.0 0.0 1.1 0.0 -9.609 0.05 6.704 1.0]
	ConcatTransform [0.281917 0.954055 0.101503 0.0 -0.951601 0.26455 0.156423 0.0 0.122384 -0.140689 0.982461 0.0 -0.262815 0.795373 0.377029 1.0]
236
	ConcatTransform [1.1 0.0 0.0 0.0 0.0 1.1 0.0 0.0 0.0 0.0 1.1 0.0 -9.609 0.05 6.704 1.0]
	ConcatTransform [-0.341024 0.775149 -0.531834 0.0 -0.938167 -0.244799 0.244778 0.0 0.059547 0.582424 0.810701 0.0 -0.295746 0.846247 0.425161 1.0]
237
	ConcatTransform [1.1 0.0 0.0 0.0 0.0 1.1 0.0 0.0 0.0 0.0 1.1 0.0 -9.609 0.05 6.704 1.0]
	ConcatTransform [-0.517834 0.278864 -0.808754 0.0 -0.818388 -0.436841 0.373377 0.0 -0.249175 0.855222 0.454431 0.0 -0.320782 0.868641 0.45573 1.0]
238
	ConcatTransform [1.1 0.0 0.0 0.0 0.0 1.1 0.0 0.0 0.0 0.0 1.1 0.0 -9.609 0.05 6.704 1.0]
	ConcatTransform [-0.297214 -0.559379 -0.773795 0.0 -0.633707 -0.490626 0.598082 0.0 -0.714199 0.668117 -0.208662 0.0 -0.362284 0.88373 0.501066 1.0]
239
	ConcatTransform [1.1 0.0 0.0 0.0 0.0 1.1 0.0 0.0 0.0 0.0 1.1 0.0 -9.609 0.05 6.704 1.0]
	ConcatTransform [0.063156 -0.892416 -0.446772 0.0 -0.570008 -0.39972 0.717854 0.0 -0.819208 0.209327 -0.533929 0.0 -0.391008 0.881453 0.53062 1.0]
240
	ConcatTransform [1.1 0.0 0.0 0.0 0.0 1.1 0.0 0.0 0.0 0.0 1.1 0.0 -9.609 0.05 6.704 1.0]
	ConcatTransform [0.550737 -0.795837 0.251659 0.0 -0.657128 -0.227503 0.718627 0.0 -0.514657 -0.561146 -0.648261 0.0 -0.437431 0.85933 0.571938 1.0]
241
	ConcatTransform [1.1 0.0 0.0 0.0 0.0 1.1 0.0 0.0 0.0 0.0 1.1 0.0 -9.609 0.05 6.704 1.0]
	ConcatTransform [0.641948 -0.396735 0.656128 0.0 -0.757252 -0.193784 0.623712 0.0 -0.120302 -0.897245 -0.424828 0.0 -0.46926 0.831659 0.598448 1.0]
242
	ConcatTransform [1.1 0.0 0.0 0.0 0.0 1.1 0.0 0.0 0.0 0.0 1.1 0.0 -9.609 0.05 6.704 1.0]
	ConcatTransform [0.337309 0.361291 0.869305 0.0 -0.84369 -0.293634 0.449407 0.0 0.417624 -0.885013 0.205772 0.0 -0.517043 0.771115 0.637876 1.0]
243
	ConcatTransform [1.1 0.0 0.0 0.0 0.0 1.1 0.0 0.0 0.0 0.0 1.1 0.0 -9.609 0.05 6.704 1.0]
	ConcatTransform [-0.064766 0.72292 0.68789 0.0 -0.820749 -0.430685 0.375343 0.0 0.567606 -0.540275 0.621229 0.0 -0.548734 0.718031 0.664079 1.0]
244
	ConcatTransform [1.1 0.0 0.0 0.0 0.0 1.1 0.0 0.0 0.0 0.0 1.1 0.0 -9.609 0.05 6.704 1.0]
	ConcatTransform [-0.643613 0.761079 0.080753 0.0 -0.680424 -0.617308 0.39491 0.0 0.350407 0.199223 0.915164 0.0 -0.596211 0.61977 0.703401 1.0]
245
	ConcatTransform [1.1 0.0 0.0 0.0 0.0 1.1 0.0 0.0 0.0 0.0 1.1 0.0 -9.609 0.05 6.704 1.0]
	ConcatTransform [-0.826817 0.438661 -0.352066 0.0 -0.562096 -0.667245 0.488705 0.0 -0.020538 0.601964 0.798259 0.0 -0.627863 0.54189 0.729615 1.0]
246
	ConcatTransform [1.1 0.0 0.0 0.0 0.0 1.1 0.0 0.0 0.0 0.0 1.1 0.0 -9.609 0.05 6.704 1.0]
	ConcatTransform [-0.650104 -0.30721 -0.694972 0.0 -0.442688 -0.590234 0.675019 0.0 -0.617569 0.746489 0.247715 0.0 -0.67534 0.406508 0.768938 1.0]
247
	ConcatTransform [1.1 0.0 0.0 0.0 0.0 1.1 0.0 0.0 0.0 0.0 1.1 0.0 -9.609 0.05 6.704 1.0]
	ConcatTransform [-0.288205 -0.739033 -0.608908 0.0 -0.440269 -0.462422 0.769629 0.0 -0.850353 0.489894 -0.1921 0.0 -0.706992 0.30388 0.795152 1.0]
248
	ConcatTransform [1.1 0.0 0.0 0.0 0.0 1.1 0.0 0.0 0.0 0.0 1.1 0.0 -9.609 0.05 6.704 1.0]
	ConcatTransform [0.09863 -0.995109 -0.005469 0.0 -0.618745 -0.065629 0.782845 0.0 -0.779376 -0.073828 -0.622192 0.0 -0.751137 0.140203 0.83287 1.0]
249
	ConcatTransform [1.1 0.0 0.0 0.0 0.0 1.1 0.0 0.0 0.0 0.0 1.1 0.0 -9.609 0.05 6.704 1.0]
	ConcatTransform [-0.114944 -0.839156 0.531606 0.0 -0.739398 0.429655 0.51835 0.0 -0.663384 -0.333488 -0.669857 0.0 -0.775021 0.032069 0.857116 1.0]
250
	ConcatTransform [1.1 0.0 0.0 0.0 0.0 1.1 0.0 0.0 0.0 0.0 1.1 0.0 -9.609 0.05 6.704 1.0]
	ConcatTransform [-0.461887 0.006805 0.886913 0.0 -0.381326 0.90131 -0.205502 0.0 -0.800782 -0.433122 -0.413708 0.0 -0.805301 -0.138239 0.901843 1.0]
251
	ConcatTransform [1.1 0.0 0.0 0.0 0.0 1.1 0.0 0.0 0.0 0.0 1.1 0.0 -9.609 0.05 6.704 1.0]
	ConcatTransform [-0.205193 0.558767 0.803539 0.0 -0.041889 0.815243 -0.577602 0.0 -0.977825 -0.15218 -0.143876 0.0 -0.835117 -0.253699 0.934913 1.0]
252
	ConcatTransform [1.1 0.0 0.0 0.0 0.0 1.1 0.0 0.0 0.0 0.0 1.1 0.0 -9.609 0.05 6.704 1.0]
	ConcatTransform [0.551469 0.703835 0.44777 0.0 0.138454 0.452098 -0.881157 0.0 -0.822625 0.547927 0.15187 0.0 -0.944796 -0.378598 0.947416 1.0]
253
	ConcatTransform [1.1 0.0 0.0 0.0 0.0 1.1 0.0 0.0 0.0 0.0 1.1 0.0 -9.609 0.05 6.704 1.0]
	ConcatTransform [0.843523 0.355194 0.402873 0.0 0.196277 0.494357 -0.846809 0.0 -0.499945 0.793378 0.347285 0.0 -1.030691 -0.438037 0.931175 1.0]
254
	ConcatTransform [1.1 0.0 0.0 0.0 0.0 1.1 0.0 0.0 0.0 0.0 1.1 0.0 -9.609 0.05 6.704 1.0]
	ConcatTransform [0.896319 0.0061 0.443367 0.0 0.351601 0.599451 -0.719051 0.0 -0.270163 0.800388 0.535155 0.0 -1.161671 -0.468419 0.859614 1.0]
255
	ConcatTransform [1.1 0.0 0.0 0.0 0.0 1.1 0.0 0.0 0.0 0.0 1.1 0.0 -9.609 0.05 6.704 1.0]
	ConcatTransform [0.863182 -0.161988 0.478202 0.0 0.459259 0.645397 -0.610364 0.0 -0.209758 0.746474 0.631489 0.0 -1.240923 -0.464592 0.793899 1.0]
256
	ConcatTransform [1.1 0.0 0.0 0.0 0.0 1.1 0.0 0.0 0.0 0.0 1.1 0.0 -9.609 0.05 6.704 1.0]
	ConcatTransform [0.801016 -0.351885 0.484305 0.0 0.576154 0.672814 -0.464077 0.0 -0.162546 0.650767 0.741674 0.0 -1.340008 -0.44172 0.682223 1.0]
257
	ConcatTransform [1.1 0.0 0.0 0.0 0.0 1.1 0.0 0.0 0.0 0.0 1.1 0.0 -9.609 0.05 6.704 1.0]
	ConcatTransform [0.747801 -0.471448 0.467473 0.0 0.647249 0.674483 -0.355165 0.0 -0.14786 0.568164 0.809523 0.0 -1.391889 -0.420081 0.605725 1.0]
258
	ConcatTransform [1.1 0.0 0.0 0.0 0.0 1.1 0.0 0.0 0.0 0.0 1.1 0.0 -9.609 0.05 6.704 1.0]
	ConcatTransform [0.661473 -0.621382 0.419926 0.0 0.737124 0.64186 -0.21134 0.0 -0.138211 0.449334 0.882608 0.0 -1.435841 -0.363482 0.501726 1.0]
259
	ConcatTransform [1.1 0.0 0.0 0.0 0.0 1.1 0.0 0.0 0.0 0.0 1.1 0.0 -9.609 0.05 6.704 1.0]
	ConcatTransform [0.612494 -0.682798 0.398294 0.0 0.773659 0.621184 -0.124828 0.0 -0.162181 0.3846 0.908724 0.0 -1.455726 -0.323993 0.440125 1.0]
260
	ConcatTransform [1.1 0.0 0.0 0.0 0.0 1.1 0.0 0.0 0.0 0.0 1.1 0.0 -9.609 0.05 6.704 1.0]
	ConcatTransform [0.556159 -0.741601 0.37512 0.0 0.805306 0.592422 -0.022758 0.0 -0.205352 0.314743 0.926697 0.0 -1.48295 -0.279054 0.351103 1.0]
261
	ConcatTransform [1.1 0.0 0.0 0.0 0.0 1.1 0.0 0.0 0.0 0.0 1.1 0.0 -9.609 0.05 6.704 1.0]
	ConcatTransform [0.529162 -0.763988 0.369202 0.0 0.815068 0.578631 0.029155 0.0 -0.235906 0.285498 0.928892 0.0 -1.500088 -0.259718 0.293182 1.0]
262
	ConcatTransform [1.1 0.0 0.0 0.0 0.0 1.1 0.0 0.0 0.0 0.0 1.1 0.0 -9.609 0.05 6.704 1.0]
	ConcatTransform [0.503511 -0.776503 0.378839 0.0 0.816763 0.570773 0.084357 0.0 -0.281735 0.266947 0.92161 0.0 -1.524654 -0.247178 0.208061 1.0]
263
	ConcatTransform [1.1 0.0 0.0 0.0 0.0 1.1 0.0 0.0 0.0 0.0 1.1 0.0 -9.609 0.05 6.704 1.0]
	ConcatTransform [0.495575 -0.771406 0.399172 0.0 0.810837 0.575636 0.105767 0.0 -0.311367 0.271248 0.910755 0.0 -1.540345 -0.24986 0.152453 1.0]
264
	ConcatTransform [1.1 0.0 0.0 0.0 0.0 1.1 0.0 0.0 0.0 0.0 1.1 0.0 -9.609 0.05 6.704 1.0]
	ConcatTransform [0.495875 -0.741714 0.451629 0.0 0.793064 0.598671 0.11244 0.0 -0.353775 0.302414 0.885092 0.0 -1.562856 -0.270315 0.070907 1.0]
265
	ConcatTransform [1.1 0.0 0.0 0.0 0.0 1.1 0.0 0.0 0.0 0.0 1.1 0.0 -9.609 0.05 6.704 1.0]
	ConcatTransform [0.503221 -0.704283 0.500754 0.0 0.775807 0.623438 0.097202 0.0 -0.380647 0.339575 0.860115 0.0 -1.577108 -0.294632 0.01806 1.0]
266
	ConcatTransform [1.1 0.0 0.0 0.0 0.0 1.1 0.0 0.0 0.0 0.0 1.1 0.0 -9.609 0.05 6.704 1.0]
	ConcatTransform [0.52315 -0.613506 0.591544 0.0 0.74238 0.668944 0.037233 0.0 -0.418552 0.419672 0.805413 0.0 -1.596949 -0.345802 -0.057666 1.0]
267
	ConcatTransform [1.1 0.0 0.0 0.0 0.0 1.1 0.0 0.0 0.0 0.0 1.1 0.0 -9.609 0.05 6.704 1.0]
	ConcatTransform [0.540692 -0.526755 0.655882 0.0 0.716859 0.696502 -0.031582 0.0 -0.440187 0.487251 0.754203 0.0 -1.608361 -0.387033 -0.103217 1.0]
268
	ConcatTransform [1.1 0.0 0.0 0.0 0.0 1.1 0.0 0.0 0.0 0.0 1.1 0.0 -9.609 0.05 6.704 1.0]
	ConcatTransform [0.546761 -0.452533 0.704462 0.0 0.698337 0.710644 -0.085504 0.0 -0.461928 0.538702 0.704573 0.0 -1.615477 -0.42614 -0.133049 1.0]
269
	ConcatTransform [1.1 0.0 0.0 0.0 0.0 1.1 0.0 0.0 0.0 0.0 1.1 0.0 -9.609 0.05 6.704 1.0]
	ConcatTransform [0.556396 -0.419855 0.71704 0.0 0.68915 0.715286 -0.115926 0.0 -0.464216 0.558649 0.687325 0.0 -1.612344 -0.433046 -0.128228 1.0]
270
	ConcatTransform [1.1 0.0 0.0 0.0 0.0 1.1 0.0 0.0 0.0 0.0 1.1 0.0 -9.609 0.05 6.704 1.0]
	ConcatTransform [0.574873 -0.352007 0.738655 0.0 0.658238 0.735188 -0.161932 0.0 -0.486049 0.579301 0.654344 0.0 -1.603855 -0.44773 -0.112459 1.0]
271
	ConcatTransform [1.1 0.0 0.0 0.0 0.0 1.1 0.0 0.0 0.0 0.0 1.1 0.0 -9.609 0.05 6.704 1.0]
	ConcatTransform [0.593541 -0.293657 0.749316 0.0 0.632279 0.746184 -0.208405 0.0 -0.497928 0.597473 0.628564 0.0 -1.592878 -0.459091 -0.098544 1.0]
272
	ConcatTransform [1.1 0.0 0.0 0.0 0.0 1.1 0.0 0.0 0.0 0.0 1.1 0.0 -9.609 0.05 6.704 1.0]
	ConcatTransform [0.597286 -0.186971 0.77993 0.0 0.579819 0.772537 -0.258838 0.0 -0.554129 0.606819 0.569835 0.0 -1.570969 -0.476488 -0.071917 1.0]
273
	ConcatTransform [1.1 0.0 0.0 0.0 0.0 1.1 0.0 0.0 0.0 0.0 1.1 0.0 -9.609 0.05 6.704 1.0]
	ConcatTransform [0.595633 -0.111603 0.795466 0.0 0.545503 0.783114 -0.298594 0.0 -0.589617 0.611782 0.527328 0.0 -1.552501 -0.487837 -0.051652 1.0]
274
	ConcatTransform [1.1 0.0 0.0 0.0 0.0 1.1 0.0 0.0 0.0 0.0 1.1 0.0 -9.609 0.05 6.704 1.0]
	ConcatTransform [0.592104 0.001241 0.805861 0.0 0.496841 0.786765 -0.366264 0.0 -0.634477 0.617252 0.46523 0.0 -1.523548 -0.497593 -0.013831 1.0]
275
	ConcatTransform [1.1 0.0 0.0 0.0 0.0 1.1 0.0 0.0 0.0 0.0 1.1 0.0 -9.609 0.05 6.704 1.0]
	ConcatTransform [0.59103 0.077196 0.802948 0.0 0.464047 0.781666 -0.416723 0.0 -0.659807 0.618901 0.426165 0.0 -1.503578 -0.500653 0.013779 1.0]
276
	ConcatTransform [1.1 0.0 0.0 0.0 0.0 1.1 0.0 0.0 0.0 0.0 1.1 0.0 -9.609 0.05 6.704 1.0]
	ConcatTransform [0.585751 0.171045 0.792237 0.0 0.422629 0.769606 -0.478635 0.0 -0.691578 0.615183 0.378509 0.0 -1.474612 -0.495552 0.055179 1.0]
277
	ConcatTransform [1.1 0.0 0.0 0.0 0.0 1.1 0.0 0.0 0.0 0.0 1.1 0.0 -9.609 0.05 6.704 1.0]
	ConcatTransform [0.573646 0.232119 0.785526 0.0 0.398251 0.758987 -0.515107 0.0 -0.71577 0.608326 0.342948 0.0 -1.457535 -0.489227 0.081414 1.0]
278
	ConcatTransform [1.1 0.0 0.0 0.0 0.0 1.1 0.0 0.0 0.0 0.0 1.1 0.0 -9.609 0.05 6.704 1.0]
	ConcatTransform [0.555674 0.300478 0.775203 0.0 0.380196 0.737365 -0.55834 0.0 -0.739377 0.604984 0.295494 0.0 -1.434886 -0.479837 0.117909 1.0]
279
	ConcatTransform [1.1 0.0 0.0 0.0 0.0 1.1 0.0 0.0 0.0 0.0 1.1 0.0 -9.609 0.05 6.704 1.0]
	ConcatTransform [0.545989 0.335563 0.767655 0.0 0.370765 0.724891 -0.580574 0.0 -0.751285 0.601607 0.271367 0.0 -1.422711 -0.473529 0.139788 1.0]
280
	ConcatTransform [1.1 0.0 0.0 0.0 0.0 1.1 0.0 0.0 0.0 0.0 1.1 0.0 -9.609 0.05 6.704 1.0]
	ConcatTransform [0.532821 0.371984 0.760085 0.0 0.361954 0.711713 -0.602041 0.0 -0.764912 0.595897 0.244575 0.0 -1.409101 -0.466461 0.168849 1.0]
281
	ConcatTransform [1.1 0.0 0.0 0.0 0.0 1.1 0.0 0.0 0.0 0.0 1.1 0.0 -9.609 0.05 6.704 1.0]
	ConcatTransform [0.525939 0.38554 0.758121 0.0 0.367756 0.700643 -0.611436 0.0 -0.766906 0.600381 0.226711 0.0 -1.402802 -0.463909 0.185256 1.0]
282
	ConcatTransform [1.1 0.0 0.0 0.0 0.0 1.1 0.0 0.0 0.0 0.0 1.1 0.0 -9.609 0.05 6.704 1.0]
	ConcatTransform [0.506773 0.417324 0.754335 0.0 0.362186 0.690979 -0.625595 0.0 -0.782305 0.590245 0.199021 0.0 -1.396626 -0.45737 0.200296 1.0]
283
	ConcatTransform [1.1 0.0 0.0 0.0 0.0 1.1 0.0 0.0 0.0 0.0 1.1 0.0 -9.609 0.05 6.704 1.0]
	ConcatTransform [0.500902 0.420208 0.756652 0.0 0.365619 0.689666 -0.625046 0.0 -0.784487 0.589733 0.191819 0.0 -1.39301 -0.4565 0.206368 1.0]
284
	ConcatTransform [1.1 0.0 0.0 0.0 0.0 1.1 0.0 0.0 0.0 0.0 1.1 0.0 -9.609 0.05 6.704 1.0]
	ConcatTransform [0.501101 0.337394 0.796908 0.0 0.390786 0.733407 -0.556238 0.0 -0.77213 0.590152 0.235662 0.0 -1.389003 -0.461468 0.212711 1.0]
285
	ConcatTransform [1.1 0.0 0.0 0.0 0.0 1.1 0.0 0.0 0.0 0.0 1.1 0.0 -9.609 0.05 6.704 1.0]
	ConcatTransform [0.498349 0.247706 0.830837 0.0 0.41829 0.770705 -0.480675 0.0 -0.759396 0.587074 0.280467 0.0 -1.386057 -0.477153 0.217977 1.0]
286
	ConcatTransform [1.1 0.0 0.0 0.0 0.0 1.1 0.0 0.0 0.0 0.0 1.1 0.0 -9.609 0.05 6.704 1.0]
	ConcatTransform [0.474448 0.191903 0.859111 0.0 0.47591 0.765107 -0.433728 0.0 -0.740546 0.614641 0.271675 0.0 -1.387897 -0.490995 0.218111 1.0]
287
	ConcatTransform [1.1 0.0 0.0 0.0 0.0 1.1 0.0 0.0 0.0 0.0 1.1 0.0 -9.609 0.05 6.704 1.0]
	ConcatTransform [0.456107 0.161056 0.87523 0.0 0.505412 0.762609 -0.403716 0.0 -0.732479 0.626489 0.266432 0.0 -1.393532 -0.494188 0.215809 1.0]
288
	ConcatTransform [1.1 0.0 0.0 0.0 0.0 1.1 0.0 0.0 0.0 0.0 1.1 0.0 -9.609 0.05 6.704 1.0]
	ConcatTransform [0.440586 0.120202 0.889627 0.0 0.530575 0.764517 -0.366065 0.0 -0.724137 0.633297 0.273059 0.0 -1.40406 -0.496412 0.209533 1.0]
289
	ConcatTransform [1.1 0.0 0.0 0.0 0.0 1.1 0.0 0.0 0.0 0.0 1.1 0.0 -9.609 0.05 6.704 1.0]
	ConcatTransform [0.432686 0.102586 0.895689 0.0 0.535117 0.770342 -0.346733 0.0 -0.725556 0.629325 0.278421 0.0 -1.409266 -0.497291 0.203137 1.0]
290
	ConcatTransform [1.1 0.0 0.0 0.0 0.0 1.1 0.0 0.0 0.0 0.0 1.1 0.0 -9.609 0.05 6.704 1.0]
	ConcatTransform [0.43671 0.075996 0.896386 0.0 0.537978 0.776556 -0.327934 0.0 -0.721016 0.625449 0.298245 0.0 -1.413489 -0.498159 0.191409 1.0]
291
	ConcatTransform [1.1 0.0 0.0 0.0 0.0 1.1 0.0 0.0 0.0 0.0 1.1 0.0 -9.609 0.05 6.704 1.0]
	ConcatTransform [0.43679 0.054005 0.897941 0.0 0.542015 0.780856 -0.310619 0.0 -0.717937 0.622373 0.311799 0.0 -1.415483 -0.498604 0.182828 1.0]
292
	ConcatTransform [1.1 0.0 0.0 0.0 0.0 1.1 0.0 0.0 0.0 0.0 1.1 0.0 -9.609 0.05 6.704 1.0]
	ConcatTransform [0.438361 0.031714 0.898239 0.0 0.547543 0.783104 -0.294862 0.0 -0.712766 0.621081 0.325917 0.0 -1.41957 -0.497751 0.17107 1.0]
293
	ConcatTransform [1.1 0.0 0.0 0.0 0.0 1.1 0.0 0.0 0.0 0.0 1.1 0.0 -9.609 0.05 6.704 1.0]
	ConcatTransform [0.438529 0.020108 0.898492 0.0 0.553466 0.781631 -0.287624 0.0 -0.708073 0.623417 0.331639 0.0 -1.422763 -0.497267 0.164449 1.0]
294
	ConcatTransform [1.1 0.0 0.0 0.0 0.0 1.1 0.0 0.0 0.0 0.0 1.1 0.0 -9.609 0.05 6.704 1.0]
	ConcatTransform [0.441433 0.001309 0.897293 0.0 0.55932 0.781549 -0.276303 0.0 -0.70164 0.623843 0.344269 0.0 -1.427365 -0.495911 0.156826 1.0]
295
	ConcatTransform [1.1 0.0 0.0 0.0 0.0 1.1 0.0 0.0 0.0 0.0 1.1 0.0 -9.609 0.05 6.704 1.0]
	ConcatTransform [0.445701 -0.00758 0.89515 0.0 0.560885 0.78171 -0.272649 0.0 -0.697681 0.623596 0.35266 0.0 -1.429678 -0.495199 0.152998 1.0]
296
	ConcatTransform [1.1 0.0 0.0 0.0 0.0 1.1 0.0 0.0 0.0 0.0 1.1 0.0 -9.609 0.05 6.704 1.0]
	ConcatTransform [0.45094 -0.011434 0.892481 0.0 0.562559 0.779945 -0.274249 0.0 -0.692951 0.625743 0.358141 0.0 -1.432894 -0.495159 0.149533 1.0]
297
	ConcatTransform [1.1 0.0 0.0 0.0 0.0 1.1 0.0 0.0 0.0 0.0 1.1 0.0 -9.609 0.05 6.704 1.0]
	ConcatTransform [0.449716 -0.006409 0.893148 0.0 0.560765 0.780352 -0.276756 0.0 -0.695196 0.625308 0.354531 0.0 -1.434943 -0.495343 0.148781 1.0]
298
	ConcatTransform [1.1 0.0 0.0 0.0 0.0 1.1 0.0 0.0 0.0 0.0 1.1 0.0 -9.609 0.05 6.704 1.0]
	ConcatTransform [0.452974 0.008251 0.891485 0.0 0.553475 0.781318 -0.288459 0.0 -0.698913 0.624079 0.34935 0.0 -1.436812 -0.496143 0.149527 1.0]
299
	ConcatTransform [1.1 0.0 0.0 0.0 0.0 1.1 0.0 0.0 0.0 0.0 1.1 0.0 -9.609 0.05 6.704 1.0]
	ConcatTransform [0.44928 0.02079 0.893149 0.0 0.542962 0.787556 -0.291458 0.0 -0.709465 0.615892 0.342545 0.0 -1.437336 -0.498047 0.151048 1.0]
300
	ConcatTransform [1.1 0.0 0.0 0.0 0.0 1.1 0.0 0.0 0.0 0.0 1.1 0.0 -9.609 0.05 6.704 1.0]
	ConcatTransform [0.447695 0.033888 0.893544 0.0 0.541948 0.784549 -0.301288 0.0 -0.711239 0.61914 0.332874 0.0 -1.437199 -0.497901 0.155572 1.0]
301
	ConcatTransform [1.1 0.0 0.0 0.0 0.0 1.1 0.0 0.0 0.0 0.0 1.1 0.0 -9.609 0.05 6.704 1.0]
	ConcatTransform [0.446498 0.046152 0.893593 0.0 0.539194 0.783106 -0.309863 0.0 -0.714079 0.620174 0.32477 0.0 -1.43651 -0.49812 0.159492 1.0]
302
	ConcatTransform [1.1 0.0 0.0 0.0 0.0 1.1 0.0 0.0 0.0 0.0 1.1 0.0 -9.609 0.05 6.704 1.0]
	ConcatTransform [0.442988 0.063417 0.894282 0.0 0.535338 0.781428 -0.320598 0.0 -0.719149 0.620764 0.312214 0.0 -1.433922 -0.498445 0.16633 1.0]
303
	ConcatTransform [1.1 0.0 0.0 0.0 0.0 1.1 0.0 0.0 0.0 0.0 1.1 0.0 -9.609 0.05 6.704 1.0]
	ConcatTransform [0.440681 0.075811 0.894457 0.0 0.532359 0.780218 -0.328411 0.0 -0.722768 0.620897 0.303469 0.0 -1.431626 -0.49866 0.171463 1.0]
304
	ConcatTransform [1.1 0.0 0.0 0.0 0.0 1.1 0.0 0.0 0.0 0.0 1.1 0.0 -9.609 0.05 6.704 1.0]
	ConcatTransform [0.43835 0.088153 0.894471 0.0 0.533 0.775818 -0.337665 0.0 -0.723713 0.624769 0.293094 0.0 -1.428946 -0.498101 0.178788 1.0]
305
	ConcatTransform [1.1 0.0 0.0 0.0 0.0 1.1 0.0 0.0 0.0 0.0 1.1 0.0 -9.609 0.05 6.704 1.0]
	ConcatTransform [0.437082 0.091649 0.89474 0.0 0.536666 0.771729 -0.34121 0.0 -0.721768 0.629313 0.288124 0.0 -1.428265 -0.497975 0.183245 1.0]
306
	ConcatTransform [1.1 0.0 0.0 0.0 0.0 1.1 0.0 0.0 0.0 0.0 1.1 0.0 -9.609 0.05 6.704 1.0]
	ConcatTransform [0.436155 0.094958 0.894848 0.0 0.535305 0.771957 -0.342828 0.0 -0.723338 0.628542 0.285861 0.0 -1.427852 -0.497715 0.188941 1.0]
307
	ConcatTransform [1.1 0.0 0.0 0.0 0.0 1.1 0.0 0.0 0.0 0.0 1.1 0.0 -9.609 0.05 6.704 1.0]
	ConcatTransform [0.433948 0.099309 0.895448 0.0 0.534878 0.771392 -0.344761 0.0 -0.724979 0.628564 0.281625 0.0 -1.427513 -0.497536 0.191774 1.0]
308
	ConcatTransform [1.1 0.0 0.0 0.0 0.0 1.1 0.0 0.0 0.0 0.0 1.1 0.0 -9.609 0.05 6.704 1.0]
	ConcatTransform [0.434229 0.10219 0.894987 0.0 0.533882 0.771048 -0.347067 0.0 -0.725544 0.628524 0.280254 0.0 -1.427282 -0.497395 0.194812 1.0]
309
	ConcatTransform [1.1 0.0 0.0 0.0 0.0 1.1 0.0 0.0 0.0 0.0 1.1 0.0 -9.609 0.05 6.704 1.0]
	ConcatTransform [0.432436 0.104011 0.895645 0.0 0.534389 0.770504 -0.347493 0.0 -0.726241 0.628892 0.277612 0.0 -1.427311 -0.497295 0.195883 1.0]
310
	ConcatTransform [1.1 0.0 0.0 0.0 0.0 1.1 0.0 0.0 0.0 0.0 1.1 0.0 -9.609 0.05 6.704 1.0]
	ConcatTransform [0.431637 0.104123 0.896018 0.0 0.534331 0.77078 -0.346971 0.0 -0.72676 0.628536 0.277061 0.0 -1.427197 -0.497289 0.196036 1.0]
311
	ConcatTransform [1.1 0.0 0.0 0.0 0.0 1.1 0.0 0.0 0.0 0.0 1.1 0.0 -9.609 0.05 6.704 1.0]
	ConcatTransform [0.432415 0.101023 0.895997 0.0 0.534639 0.77145 -0.345001 0.0 -0.72607 0.628219 0.279576 0.0 -1.427423 -0.497406 0.195296 1.0]
312
	ConcatTransform [1.1 0.0 0.0 0.0 0.0 1.1 0.0 0.0 0.0 0.0 1.1 0.0 -9.609 0.05 6.704 1.0]
	ConcatTransform [0.434562 0.094891 0.895629 0.0 0.534839 0.772915 -0.341395 0.0 -0.72464 0.627374 0.285128 0.0 -1.427976 -0.497612 0.192832 1.0]
313
	ConcatTransform [1.1 0.0 0.0 0.0 0.0 1.1 0.0 0.0 0.0 0.0 1.1 0.0 -9.609 0.05 6.704 1.0]
	ConcatTransform [0.437455 0.088782 0.894847 0.0 0.534985 0.774156 -0.33834 0.0 -0.722789 0.626738 0.291161 0.0 -1.428435 -0.497804 0.190374 1.0]
314
	ConcatTransform [1.1 0.0 0.0 0.0 0.0 1.1 0.0 0.0 0.0 0.0 1.1 0.0 -9.609 0.05 6.704 1.0]
	ConcatTransform [0.441099 0.078126 0.894052 0.0 0.5352 0.776778 -0.33193 0.0 -0.720412 0.62491 0.300823 0.0 -1.429012 -0.498037 0.185557 1.0]
315
	ConcatTransform [1.1 0.0 0.0 0.0 0.0 1.1 0.0 0.0 0.0 0.0 1.1 0.0 -9.609 0.05 6.704 1.0]
	ConcatTransform [0.44379 0.069709 0.893416 0.0 0.535276 0.778953 -0.326668 0.0 -0.7187 0.623196 0.308378 0.0 -1.429337 -0.498192 0.181761 1.0]
316
	ConcatTransform [1.1 0.0 0.0 0.0 0.0 1.1 0.0 0.0 0.0 0.0 1.1 0.0 -9.609 0.05 6.704 1.0]
	ConcatTransform [0.443543 0.058015 0.894373 0.0 0.538778 0.780205 -0.317804 0.0 -0.716232 0.622828 0.314797 0.0 -1.431192 -0.498261 0.176677 1.0]
317
	ConcatTransform [1.1 0.0 0.0 0.0 0.0 1.1 0.0 0.0 0.0 0.0 1.1 0.0 -9.609 0.05 6.704 1.0]
	ConcatTransform [0.443962 0.051894 0.894542 0.0 0.541596 0.779781 -0.314031 0.0 -0.713843 0.623898 0.318087 0.0 -1.432798 -0.498083 0.174252 1.0]
318
	ConcatTransform [1.1 0.0 0.0 0.0 0.0 1.1 0.0 0.0 0.0 0.0 1.1 0.0 -9.609 0.05 6.704 1.0]
	ConcatTransform [0.443754 0.044909 0.895023 0.0 0.54426 0.779944 -0.30898 0.0 -0.711943 0.624236 0.321661 0.0 -1.43438 -0.497812 0.17156 1.0]
319
	ConcatTransform [1.1 0.0 0.0 0.0 0.0 1.1 0.0 0.0 0.0 0.0 1.1 0.0 -9.609 0.05 6.704 1.0]
	ConcatTransform [0.442453 0.042727 0.895773 0.0 0.545365 0.780117 -0.306585 0.0 -0.711908 0.624172 0.321863 0.0 -1.434694 -0.497665 0.170364 1.0]
320
	ConcatTransform [1.1 0.0 0.0 0.0 0.0 1.1 0.0 0.0 0.0 0.0 1.1 0.0 -9.609 0.05 6.704 1.0]
	ConcatTransform [0.440551 0.042601 0.896716 0.0 0.545834 0.780318 -0.305236 0.0 -0.712727 0.62393 0.320517 0.0 -1.434416 -0.497599 0.169805 1.0]
321
	ConcatTransform [1.1 0.0 0.0 0.0 0.0 1.1 0.0 0.0 0.0 0.0 1.1 0.0 -9.609 0.05 6.704 1.0]
	ConcatTransform [0.440788 0.044741 0.896495 0.0 0.544505 0.780679 -0.306683 0.0 -0.713596 0.623329 0.319752 0.0 -1.433787 -0.497614 0.170328 1.0]
322
	ConcatTransform [1.1 0.0 0.0 0.0 0.0 1.1 0.0 0.0 0.0 0.0 1.1 0.0 -9.609 0.05 6.704 1.0]
	ConcatTransform [0.43618 0.049462 0.898499 0.0 0.545361 0.779693 -0.307669 0.0 -0.715771 0.624206 0.313112 0.0 -1.432594 -0.497927 0.172521 1.0]
323
	ConcatTransform [1.1 0.0 0.0 0.0 0.0 1.1 0.0 0.0 0.0 0.0 1.1 0.0 -9.609 0.05 6.704 1.0]
	ConcatTransform [0.436407 0.055317 0.898047 0.0 0.542998 0.779663 -0.311895 0.0 -0.717427 0.623751 0.310214 0.0 -1.431203 -0.498104 0.174655 1.0]
324
	ConcatTransform [1.1 0.0 0.0 0.0 0.0 1.1 0.0 0.0 0.0 0.0 1.1 0.0 -9.609 0.05 6.704 1.0]
	ConcatTransform [0.43547 0.065983 0.897782 0.0 0.53959 0.779157 -0.318993 0.0 -0.720561 0.623346 0.303695 0.0 -1.429072 -0.498397 0.178956 1.0]
325
	ConcatTransform [1.1 0.0 0.0 0.0 0.0 1.1 0.0 0.0 0.0 0.0 1.1 0.0 -9.609 0.05 6.704 1.0]
	ConcatTransform [0.435727 0.072415 0.897161 0.0 0.537701 0.778407 -0.323976 0.0 -0.721817 0.623569 0.300235 0.0 -1.427907 -0.498235 0.18169 1.0]
326
	ConcatTransform [1.1 0.0 0.0 0.0 0.0 1.1 0.0 0.0 0.0 0.0 1.1 0.0 -9.609 0.05 6.704 1.0]
	ConcatTransform [0.437597 0.079384 0.89566 0.0 0.536339 0.776449 -0.33086 0.0 -0.721699 0.625161 0.297194 0.0 -1.427253 -0.498084 0.18526 1.0]
327
	ConcatTransform [1.1 0.0 0.0 0.0 0.0 1.1 0.0 0.0 0.0 0.0 1.1 0.0 -9.609 0.05 6.704 1.0]
	ConcatTransform [0.438413 0.081926 0.895032 0.0 0.535671 0.775822 -0.333402 0.0 -0.7217 0.62561 0.296245 0.0 -1.427115 -0.498013 0.187113 1.0]
328
	ConcatTransform [1.1 0.0 0.0 0.0 0.0 1.1 0.0 0.0 0.0 0.0 1.1 0.0 -9.609 0.05 6.704 1.0]
	ConcatTransform [0.440039 0.085432 0.893906 0.0 0.534466 0.775024 -0.337169 0.0 -0.721603 0.62613 0.295381 0.0 -1.426948 -0.49788 0.188837 1.0]
329
	ConcatTransform [1.1 0.0 0.0 0.0 0.0 1.1 0.0 0.0 0.0 0.0 1.1 0.0 -9.609 0.05 6.704 1.0]
	ConcatTransform [0.441211 0.086417 0.893233 0.0 0.533679 0.774951 -0.338583 0.0 -0.721471 0.626086 0.295798 0.0 -1.426754 -0.497819 0.189311 1.0]
330
	ConcatTransform [1.1 0.0 0.0 0.0 0.0 1.1 0.0 0.0 0.0 0.0 1.1 0.0 -9.609 0.05 6.704 1.0]
	ConcatTransform [0.444106 0.085361 0.891899 0.0 0.533168 0.77484 -0.339639 0.0 -0.720071 0.626367 0.298599 0.0 -1.426983 -0.497884 0.189071 1.0]
331
	ConcatTransform [1.1 0.0 0.0 0.0 0.0 1.1 0.0 0.0 0.0 0.0 1.1 0.0 -9.609 0.05 6.704 1.0]
	ConcatTransform [0.445138 0.083271 0.891582 0.0 0.533248 0.775224 -0.338637 0.0 -0.719374 0.626174 0.300678 0.0 -1.427282 -0.497933 0.18822 1.0]
332
	ConcatTransform [1.1 0.0 0.0 0.0 0.0 1.1 0.0 0.0 0.0 0.0 1.1 0.0 -9.609 0.05 6.704 1.0]
	ConcatTransform [0.446869 0.078266 0.891169 0.0 0.533035 0.776732 -0.335501 0.0 -0.718458 0.624949 0.305379 0.0 -1.427643 -0.498017 0.185973 1.0]
333
	ConcatTransform [1.1 0.0 0.0 0.0 0.0 1.1 0.0 0.0 0.0 0.0 1.1 0.0 -9.609 0.05 6.704 1.0]
	ConcatTransform [0.447557 0.07384 0.891201 0.0 0.533241 0.777987 -0.332251 0.0 -0.717876 0.623926 0.308819 0.0 -1.427914 -0.498102 0.183902 1.0]
334
	ConcatTransform [1.1 0.0 0.0 0.0 0.0 1.1 0.0 0.0 0.0 0.0 1.1 0.0 -9.609 0.05 6.704 1.0]
	ConcatTransform [0.446677 0.066399 0.892228 0.0 0.535768 0.778819 -0.326181 0.0 -0.716542 0.623725 0.312306 0.0 -1.428835 -0.498319 0.180076 1.0]
335
	ConcatTransform [1.1 0.0 0.0 0.0 0.0 1.1 0.0 0.0 0.0 0.0 1.1 0.0 -9.609 0.05 6.704 1.0]
	ConcatTransform [0.447703 0.063639 0.891915 0.0 0.535629 0.77962 -0.324489 0.0 -0.716005 0.623011 0.314951 0.0 -1.429731 -0.498327 0.177528 1.0]
336
	ConcatTransform [1.1 0.0 0.0 0.0 0.0 1.1 0.0 0.0 0.0 0.0 1.1 0.0 -9.609 0.05 6.704 1.0]
	ConcatTransform [0.445297 0.057437 0.893539 0.0 0.539244 0.77946 -0.318838 0.0 -0.714791 0.623813 0.316119 0.0 -1.430858 -0.498167 0.174824 1.0]
337
	ConcatTransform [1.1 0.0 0.0 0.0 0.0 1.1 0.0 0.0 0.0 0.0 1.1 0.0 -9.609 0.05 6.704 1.0]
	ConcatTransform [0.445207 0.060351 0.893392 0.0 0.53787 0.779643 -0.320706 0.0 -0.715882 0.623309 0.314641 0.0 -1.431383 -0.498181 0.173603 1.0]
338
	ConcatTransform [1.1 0.0 0.0 0.0 0.0 1.1 0.0 0.0 0.0 0.0 1.1 0.0 -9.609 0.05 6.704 1.0]
	ConcatTransform [0.444357 0.064449 0.893529 0.0 0.536825 0.779342 -0.323179 0.0 -0.717193 0.623275 0.311708 0.0 -1.431269 -0.49833 0.172662 1.0]
339
	ConcatTransform [1.1 0.0 0.0 0.0 0.0 1.1 0.0 0.0 0.0 0.0 1.1 0.0 -9.609 0.05 6.704 1.0]
	ConcatTransform [0.444203 0.064789 0.89358 0.0 0.536236 0.779779 -0.323103 0.0 -0.717729 0.622694 0.311638 0.0 -1.430957 -0.498278 0.172609 1.0]
340
	ConcatTransform [1.1 0.0 0.0 0.0 0.0 1.1 0.0 0.0 0.0 0.0 1.1 0.0 -9.609 0.05 6.704 1.0]
	ConcatTransform [0.444528 0.06514 0.893393 0.0 0.536116 0.779654 -0.323603 0.0 -0.717617 0.622813 0.311656 0.0 -1.430434 -0.498301 0.172467 1.0]
341
	ConcatTransform [1.1 0.0 0.0 0.0 0.0 1.1 0.0 0.0 0.0 0.0 1.1 0.0 -9.609 0.05 6.704 1.0]
	ConcatTransform [0.444756 0.065004 0.89329 0.0 0.536577 0.779231 -0.323858 0.0 -0.717131 0.623357 0.311688 0.0 -1.430257 -0.498367 0.172331 1.0]
342
	ConcatTransform [1.1 0.0 0.0 0.0 0.0 1.1 0.0 0.0 0.0 0.0 1.1 0.0 -9.609 0.05 6.704 1.0]
	ConcatTransform [0.44444 0.065067 0.893442 0.0 0.536465 0.779405 -0.323625 0.0 -0.717411 0.623133 0.311492 0.0 -1.430003 -0.498322 0.171945 1.0]
343
	ConcatTransform [1.1 0.0 0.0 0.0 0.0 1.1 0.0 0.0 0.0 0.0 1.1 0.0 -9.609 0.05 6.704 1.0]
	ConcatTransform [0.444645 0.064418 0.893387 0.0 0.536755 0.779324 -0.32334 0.0 -0.717067 0.623301 0.311946 0.0 -1.429897 -0.498342 0.171635 1.0]
344
	ConcatTransform [1.1 0.0 0.0 0.0 0.0 1.1 0.0 0.0 0.0 0.0 1.1 0.0 -9.609 0.05 6.704 1.0]
	ConcatTransform [0.445083 0.063881 0.893208 0.0 0.536863 0.779287 -0.32325 0.0 -0.716715 0.623403 0.312552 0.0 -1.430161 -0.498351 0.171427 1.0]
345
	ConcatTransform [1.1 0.0 0.0 0.0 0.0 1.1 0.0 0.0 0.0 0.0 1.1 0.0 -9.609 0.05 6.704 1.0]
	ConcatTransform [0.445075 0.063556 0.893235 0.0 0.537114 0.779187 -0.323071 0.0 -0.71653 0.623561 0.31266 0.0 -1.430275 -0.49834 0.171333 1.0]
346
	ConcatTransform [1.1 0.0 0.0 0.0 0.0 1.1 0.0 0.0 0.0 0.0 1.1 0.0 -9.609 0.05 6.704 1.0]
	ConcatTransform [0.4447 0.064546 0.893351 0.0 0.536569 0.779422 -0.323413 0.0 -0.717172 0.623166 0.311976 0.0 -1.430083 -0.498349 0.17143 1.0]
347
	ConcatTransform [1.1 0.0 0.0 0.0 0.0 1.1 0.0 0.0 0.0 0.0 1.1 0.0 -9.609 0.05 6.704 1.0]
	ConcatTransform [0.44458 0.064768 0.893395 0.0 0.536581 0.779369 -0.32352 0.0 -0.717237 0.623209 0.311739 0.0 -1.430043 -0.49833 0.171475 1.0]
348
	ConcatTransform [1.1 0.0 0.0 0.0 0.0 1.1 0.0 0.0 0.0 0.0 1.1 0.0 -9.609 0.05 6.704 1.0]
	ConcatTransform [0.444489 0.065161 0.893411 0.0 0.535982 0.779775 -0.323534 0.0 -0.717742 0.62266 0.311676 0.0 -1.429792 -0.498261 0.171403 1.0]
349
	ConcatTransform [1.1 0.0 0.0 0.0 0.0 1.1 0.0 0.0 0.0 0.0 1.1 0.0 -9.609 0.05 6.704 1.0]
	ConcatTransform [0.444879 0.064909 0.893235 0.0 0.536547 0.779253 -0.323856 0.0 -0.717077 0.62334 0.311846 0.0 -1.430223 -0.498381 0.171506 1.0]
350
	ConcatTransform [1.1 0.0 0.0 0.0 0.0 1.1 0.0 0.0 0.0 0.0 1.1 0.0 -9.609 0.05 6.704 1.0]
	ConcatTransform [0.444914 0.064285 0.893263 0.0 0.536957 0.779111 -0.323516 0.0 -0.716749 0.623581 0.312119 0.0 -1.430535 -0.498354 0.171471 1.0]
351
	ConcatTransform [1.1 0.0 0.0 0.0 0.0 1.1 0.0 0.0 0.0 0.0 1.1 0.0 -9.609 0.05 6.704 1.0]
	ConcatTransform [0.444888 0.06484 0.893236 0.0 0.536437 0.77937 -0.323754 0.0 -0.717154 0.623199 0.31195 0.0 -1.430545 -0.498301 0.171406 1.0]
352
	ConcatTransform [1.1 0.0 0.0 0.0 0.0 1.1 0.0 0.0 0.0 0.0 1.1 0.0 -9.609 0.05 6.704 1.0]
	ConcatTransform [0.445122 0.064949 0.893111 0.0 0.536312 0.779366 -0.323973 0.0 -0.717102 0.623194 0.31208 0.0 -1.430643 -0.498321 0.171468 1.0]
353
	ConcatTransform [1.1 0.0 0.0 0.0 0.0 1.1 0.0 0.0 0.0 0.0 1.1 0.0 -9.609 0.05 6.704 1.0]
	ConcatTransform [0.445355 0.064942 0.892996 0.0 0.535853 0.779694 -0.323942 0.0 -0.717301 0.622784 0.312441 0.0 -1.430454 -0.498273 0.171407 1.0]
354
	ConcatTransform [1.1 0.0 0.0 0.0 0.0 1.1 0.0 0.0 0.0 0.0 1.1 0.0 -9.609 0.05 6.704 1.0]
	ConcatTransform [0.445094 0.064879 0.893131 0.0 0.536431 0.779297 -0.323941 0.0 -0.717031 0.623287 0.312057 0.0 -1.430656 -0.498365 0.17107 1.0]
355
	ConcatTransform [1.1 0.0 0.0 0.0 0.0 1.1 0.0 0.0 0.0 0.0 1.1 0.0 -9.609 0.05 6.704 1.0]
	ConcatTransform [0.445685 0.063889 0.892907 0.0 0.536451 0.779452 -0.323535 0.0 -0.716648 0.623196 0.313116 0.0 -1.430867 -0.498342 0.17074 1.0]
356
	ConcatTransform [1.1 0.0 0.0 0.0 0.0 1.1 0.0 0.0 0.0 0.0 1.1 0.0 -9.609 0.05 6.704 1.0]
	ConcatTransform [0.445678 0.06324 0.892957 0.0 0.536868 0.779326 -0.323145 0.0 -0.71634 0.623419 0.313378 0.0 -1.431176 -0.498336 0.17047 1.0]
357
	ConcatTransform [1.1 0.0 0.0 0.0 0.0 1.1 0.0 0.0 0.0 0.0 1.1 0.0 -9.609 0.05 6.704 1.0]
	ConcatTransform [0.444273 0.063725 0.893622 0.0 0.537104 0.779388 -0.322606 0.0 -0.717036 0.623293 0.312034 0.0 -1.430948 -0.498339 0.170597 1.0]
358
	ConcatTransform [1.1 0.0 0.0 0.0 0.0 1.1 0.0 0.0 0.0 0.0 1.1 0.0 -9.609 0.05 6.704 1.0]
	ConcatTransform [0.442372 0.065123 0.894464 0.0 0.537479 0.779153 -0.322547 0.0 -0.71793 0.623441 0.309674 0.0 -1.430789 -0.498374 0.171086 1.0]
359
	ConcatTransform [1.1 0.0 0.0 0.0 0.0 1.1 0.0 0.0 0.0 0.0 1.1 0.0 -9.609 0.05 6.704 1.0]
	ConcatTransform [0.442611 0.065268 0.894335 0.0 0.537303 0.779179 -0.322778 0.0 -0.717914 0.623394 0.309805 0.0 -1.430687 -0.498371 0.171184 1.0]
360
	ConcatTransform [1.1 0.0 0.0 0.0 0.0 1.1 0.0 0.0 0.0 0.0 1.1 0.0 -9.609 0.05 6.704 1.0]
	ConcatTransform [0.165612 -0.166751 -0.971991 0.0 -0.000955 -0.985628 0.168927 0.0 -0.986191 -0.027048 -0.163391 0.0 -21.841633 -114.118507 31.119684 1.0]
