228
	ConcatTransform [1.1 0.0 0.0 0.0 0.0 1.1 0.0 0.0 0.0 0.0 1.1 0.0 -9.609 0.05 6.704 1.0]
	ConcatTransform [0.995729 -0.083554 -0.039282 0.0 0.084811 0.995899 0.031493 0.0 0.036489 -0.03469 0.998732 0.0 -0.020515 -0.032569 0.010258 1.0]
229
	ConcatTransform [1.1 0.0 0.0 0.0 0.0 1.1 0.0 0.0 0.0 0.0 1.1 0.0 -9.609 0.05 6.704 1.0]
	ConcatTransform [0.985376 -0.142283 -0.093756 0.0 0.149541 0.985867 0.075529 0.0 0.081685 -0.088445 0.992726 0.0 -0.038211 -0.07004 0.019291 1.0]
230
	ConcatTransform [1.1 0.0 0.0 0.0 0.0 1.1 0.0 0.0 0.0 0.0 1.1 0.0 -9.609 0.05 6.704 1.0]
	ConcatTransform [0.989255 -0.046733 -0.138528 0.0 0.084693 0.955535 0.282454 0.0 0.119168 -0.291152 0.949226 0.0 -0.069253 -0.145801 0.035086 1.0]
231
	ConcatTransform [1.1 0.0 0.0 0.0 0.0 1.1 0.0 0.0 0.0 0.0 1.1 0.0 -9.609 0.05 6.704 1.0]
	ConcatTransform [0.978123 -0.065046 -0.197595 0.0 0.131017 0.930422 0.34227 0.0 0.161583 -0.36067 0.91859 0.0 -0.092119 -0.211462 0.045933 1.0]
232
	ConcatTransform [1.1 0.0 0.0 0.0 0.0 1.1 0.0 0.0 0.0 0.0 1.1 0.0 -9.609 0.05 6.704 1.0]
	ConcatTransform [0.960639 0.191209 -0.201524 0.0 -0.063686 0.857691 0.510206 0.0 0.270401 -0.47729 0.836109 0.0 -0.118041 -0.317795 0.060577 1.0]
233
	ConcatTransform [1.1 0.0 0.0 0.0 0.0 1.1 0.0 0.0 0.0 0.0 1.1 0.0 -9.609 0.05 6.704 1.0]
	ConcatTransform [0.924944 0.324789 -0.19746 0.0 -0.164446 0.810287 0.562488 0.0 0.34269 -0.487799 0.80288 0.0 -0.122341 -0.383467 0.067393 1.0]
234
	ConcatTransform [1.1 0.0 0.0 0.0 0.0 1.1 0.0 0.0 0.0 0.0 1.1 0.0 -9.609 0.05 6.704 1.0]
	ConcatTransform [0.890626 0.441363 -0.109477 0.0 -0.330664 0.793841 0.510371 0.0 0.312166 -0.418349 0.852958 0.0 -0.109354 -0.465245 0.077039 1.0]
235
	ConcatTransform [1.1 0.0 0.0 0.0 0.0 1.1 0.0 0.0 0.0 0.0 1.1 0.0 -9.609 0.05 6.704 1.0]
	ConcatTransform [0.859332 0.509508 0.044157 0.0 -0.494305 0.805328 0.327276 0.0 0.131188 -0.303066 0.943897 0.0 -0.088164 -0.502583 0.08284 1.0]
236
	ConcatTransform [1.1 0.0 0.0 0.0 0.0 1.1 0.0 0.0 0.0 0.0 1.1 0.0 -9.609 0.05 6.704 1.0]
	ConcatTransform [0.63782 0.648902 0.414863 0.0 -0.639009 0.746551 -0.185279 0.0 -0.429945 -0.146926 0.89082 0.0 -0.030029 -0.518523 0.090528 1.0]
237
	ConcatTransform [1.1 0.0 0.0 0.0 0.0 1.1 0.0 0.0 0.0 0.0 1.1 0.0 -9.609 0.05 6.704 1.0]
	ConcatTransform [0.414651 0.748339 0.517738 0.0 -0.611651 0.650462 -0.450313 0.0 -0.673756 -0.129952 0.727438 0.0 0.013144 -0.518077 0.091072 1.0]
238
	ConcatTransform [1.1 0.0 0.0 0.0 0.0 1.1 0.0 0.0 0.0 0.0 1.1 0.0 -9.609 0.05 6.704 1.0]
	ConcatTransform [0.141009 0.749654 0.646634 0.0 -0.49189 0.619886 -0.61138 0.0 -0.859163 -0.231863 0.456157 0.0 0.077652 -0.525827 0.08789 1.0]
239
	ConcatTransform [1.1 0.0 0.0 0.0 0.0 1.1 0.0 0.0 0.0 0.0 1.1 0.0 -9.609 0.05 6.704 1.0]
	ConcatTransform [-0.034552 0.754165 0.655775 0.0 -0.440034 0.57766 -0.687516 0.0 -0.897316 -0.312319 0.311899 0.0 0.121694 -0.525014 0.08192 1.0]
240
	ConcatTransform [1.1 0.0 0.0 0.0 0.0 1.1 0.0 0.0 0.0 0.0 1.1 0.0 -9.609 0.05 6.704 1.0]
	ConcatTransform [-0.230927 0.706985 0.668464 0.0 -0.382705 0.565654 -0.73046 0.0 -0.894544 -0.424508 0.139942 0.0 0.187752 -0.519526 0.070347 1.0]
241
	ConcatTransform [1.1 0.0 0.0 0.0 0.0 1.1 0.0 0.0 0.0 0.0 1.1 0.0 -9.609 0.05 6.704 1.0]
	ConcatTransform [-0.27313 0.683003 0.677427 0.0 -0.29624 0.610262 -0.734726 0.0 -0.915228 -0.401356 0.035652 0.0 0.231239 -0.513556 0.061855 1.0]
242
	ConcatTransform [1.1 0.0 0.0 0.0 0.0 1.1 0.0 0.0 0.0 0.0 1.1 0.0 -9.609 0.05 6.704 1.0]
	ConcatTransform [-0.401658 0.646355 0.648765 0.0 -0.255921 0.600976 -0.757187 0.0 -0.879304 -0.470163 -0.075971 0.0 0.29409 -0.510051 0.0491 1.0]
243
	ConcatTransform [1.1 0.0 0.0 0.0 0.0 1.1 0.0 0.0 0.0 0.0 1.1 0.0 -9.609 0.05 6.704 1.0]
	ConcatTransform [-0.447291 0.612988 0.651288 0.0 -0.217132 0.631985 -0.743942 0.0 -0.867632 -0.474174 -0.149582 0.0 0.334042 -0.506553 0.041639 1.0]
244
	ConcatTransform [1.1 0.0 0.0 0.0 0.0 1.1 0.0 0.0 0.0 0.0 1.1 0.0 -9.609 0.05 6.704 1.0]
	ConcatTransform [-0.526787 0.547454 0.650223 0.0 -0.180886 0.675245 -0.715069 0.0 -0.830528 -0.494305 -0.256683 0.0 0.388425 -0.496977 0.033263 1.0]
245
	ConcatTransform [1.1 0.0 0.0 0.0 0.0 1.1 0.0 0.0 0.0 0.0 1.1 0.0 -9.609 0.05 6.704 1.0]
	ConcatTransform [-0.574242 0.509766 0.640613 0.0 -0.158149 0.69868 -0.697736 0.0 -0.803265 -0.501981 -0.320592 0.0 0.421623 -0.49143 0.029271 1.0]
246
	ConcatTransform [1.1 0.0 0.0 0.0 0.0 1.1 0.0 0.0 0.0 0.0 1.1 0.0 -9.609 0.05 6.704 1.0]
	ConcatTransform [-0.633363 0.475289 0.610697 0.0 -0.114711 0.722782 -0.68149 0.0 -0.765305 -0.501684 -0.403262 0.0 0.466744 -0.486427 0.025751 1.0]
247
	ConcatTransform [1.1 0.0 0.0 0.0 0.0 1.1 0.0 0.0 0.0 0.0 1.1 0.0 -9.609 0.05 6.704 1.0]
	ConcatTransform [-0.658648 0.460931 0.594748 0.0 -0.077933 0.744375 -0.663199 0.0 -0.748404 -0.483165 -0.45436 0.0 0.492935 -0.483789 0.025868 1.0]
248
	ConcatTransform [1.1 0.0 0.0 0.0 0.0 1.1 0.0 0.0 0.0 0.0 1.1 0.0 -9.609 0.05 6.704 1.0]
	ConcatTransform [-0.688112 0.441736 0.575649 0.0 -0.020404 0.781243 -0.623893 0.0 -0.725318 -0.441054 -0.52857 0.0 0.526002 -0.480963 0.030186 1.0]
249
	ConcatTransform [1.1 0.0 0.0 0.0 0.0 1.1 0.0 0.0 0.0 0.0 1.1 0.0 -9.609 0.05 6.704 1.0]
	ConcatTransform [-0.711557 0.441796 0.546354 0.0 0.021155 0.790704 -0.611833 0.0 -0.70231 -0.423796 -0.571977 0.0 0.544244 -0.481052 0.035354 1.0]
250
	ConcatTransform [1.1 0.0 0.0 0.0 0.0 1.1 0.0 0.0 0.0 0.0 1.1 0.0 -9.609 0.05 6.704 1.0]
	ConcatTransform [-0.755021 0.459476 0.467788 0.0 0.089403 0.778891 -0.620754 0.0 -0.649577 -0.426861 -0.629158 0.0 0.565802 -0.484088 0.046982 1.0]
251
	ConcatTransform [1.1 0.0 0.0 0.0 0.0 1.1 0.0 0.0 0.0 0.0 1.1 0.0 -9.609 0.05 6.704 1.0]
	ConcatTransform [-0.750417 0.484111 0.450012 0.0 0.149616 0.787583 -0.597769 0.0 -0.643808 -0.381248 -0.663447 0.0 0.576993 -0.488915 0.057807 1.0]
252
	ConcatTransform [1.1 0.0 0.0 0.0 0.0 1.1 0.0 0.0 0.0 0.0 1.1 0.0 -9.609 0.05 6.704 1.0]
	ConcatTransform [-0.772825 0.522178 0.360653 0.0 0.22876 0.759314 -0.609189 0.0 -0.591954 -0.388294 -0.70627 0.0 0.587386 -0.495349 0.07773 1.0]
253
	ConcatTransform [1.1 0.0 0.0 0.0 0.0 1.1 0.0 0.0 0.0 0.0 1.1 0.0 -9.609 0.05 6.704 1.0]
	ConcatTransform [-0.780571 0.546941 0.302594 0.0 0.277407 0.736936 -0.616417 0.0 -0.560137 -0.397216 -0.726957 0.0 0.590544 -0.499122 0.093294 1.0]
254
	ConcatTransform [1.1 0.0 0.0 0.0 0.0 1.1 0.0 0.0 0.0 0.0 1.1 0.0 -9.609 0.05 6.704 1.0]
	ConcatTransform [-0.781599 0.583824 0.219666 0.0 0.351895 0.703446 -0.617522 0.0 -0.515047 -0.405355 -0.755257 0.0 0.590497 -0.504169 0.118448 1.0]
255
	ConcatTransform [1.1 0.0 0.0 0.0 0.0 1.1 0.0 0.0 0.0 0.0 1.1 0.0 -9.609 0.05 6.704 1.0]
	ConcatTransform [-0.77409 0.612611 0.159666 0.0 0.405352 0.673348 -0.618298 0.0 -0.486286 -0.413898 -0.769555 0.0 0.587774 -0.50739 0.135607 1.0]
256
	ConcatTransform [1.1 0.0 0.0 0.0 0.0 1.1 0.0 0.0 0.0 0.0 1.1 0.0 -9.609 0.05 6.704 1.0]
	ConcatTransform [-0.753742 0.653645 0.067981 0.0 0.485424 0.623501 -0.612871 0.0 -0.442986 -0.428947 -0.787253 0.0 0.579935 -0.509973 0.160814 1.0]
257
	ConcatTransform [1.1 0.0 0.0 0.0 0.0 1.1 0.0 0.0 0.0 0.0 1.1 0.0 -9.609 0.05 6.704 1.0]
	ConcatTransform [-0.740168 0.672119 0.020176 0.0 0.531905 0.603587 -0.593936 0.0 -0.411374 -0.42888 -0.804259 0.0 0.573021 -0.511497 0.17693 1.0]
258
	ConcatTransform [1.1 0.0 0.0 0.0 0.0 1.1 0.0 0.0 0.0 0.0 1.1 0.0 -9.609 0.05 6.704 1.0]
	ConcatTransform [-0.70869 0.705329 -0.016406 0.0 0.591102 0.580902 -0.559599 0.0 -0.385171 -0.40628 -0.828601 0.0 0.560455 -0.513678 0.199699 1.0]
259
	ConcatTransform [1.1 0.0 0.0 0.0 0.0 1.1 0.0 0.0 0.0 0.0 1.1 0.0 -9.609 0.05 6.704 1.0]
	ConcatTransform [-0.67924 0.733372 -0.028248 0.0 0.629468 0.562351 -0.53622 0.0 -0.377363 -0.382004 -0.843605 0.0 0.551558 -0.515131 0.213843 1.0]
260
	ConcatTransform [1.1 0.0 0.0 0.0 0.0 1.1 0.0 0.0 0.0 0.0 1.1 0.0 -9.609 0.05 6.704 1.0]
	ConcatTransform [-0.660482 0.747655 -0.069103 0.0 0.659392 0.533558 -0.52964 0.0 -0.359117 -0.395384 -0.845403 0.0 0.537785 -0.513731 0.2328 1.0]
261
	ConcatTransform [1.1 0.0 0.0 0.0 0.0 1.1 0.0 0.0 0.0 0.0 1.1 0.0 -9.609 0.05 6.704 1.0]
	ConcatTransform [-0.653657 0.751805 -0.086731 0.0 0.674036 0.526235 -0.518413 0.0 -0.344105 -0.397324 -0.850721 0.0 0.528544 -0.513256 0.24428 1.0]
262
	ConcatTransform [1.1 0.0 0.0 0.0 0.0 1.1 0.0 0.0 0.0 0.0 1.1 0.0 -9.609 0.05 6.704 1.0]
	ConcatTransform [-0.635487 0.763676 -0.113826 0.0 0.699882 0.507486 -0.502617 0.0 -0.326071 -0.399071 -0.856983 0.0 0.51515 -0.512331 0.259402 1.0]
263
	ConcatTransform [1.1 0.0 0.0 0.0 0.0 1.1 0.0 0.0 0.0 0.0 1.1 0.0 -9.609 0.05 6.704 1.0]
	ConcatTransform [-0.619796 0.772863 -0.136142 0.0 0.717096 0.487294 -0.498315 0.0 -0.318788 -0.406481 -0.85624 0.0 0.50674 -0.511008 0.267986 1.0]
264
	ConcatTransform [1.1 0.0 0.0 0.0 0.0 1.1 0.0 0.0 0.0 0.0 1.1 0.0 -9.609 0.05 6.704 1.0]
	ConcatTransform [-0.598774 0.78484 -0.159673 0.0 0.737714 0.462827 -0.491496 0.0 -0.311845 -0.412088 -0.856117 0.0 0.495106 -0.509115 0.278554 1.0]
265
	ConcatTransform [1.1 0.0 0.0 0.0 0.0 1.1 0.0 0.0 0.0 0.0 1.1 0.0 -9.609 0.05 6.704 1.0]
	ConcatTransform [-0.58357 0.793218 -0.173929 0.0 0.752248 0.447361 -0.483726 0.0 -0.305891 -0.413126 -0.857763 0.0 0.488382 -0.507853 0.283787 1.0]
266
	ConcatTransform [1.1 0.0 0.0 0.0 0.0 1.1 0.0 0.0 0.0 0.0 1.1 0.0 -9.609 0.05 6.704 1.0]
	ConcatTransform [-0.56544 0.802832 -0.189043 0.0 0.768503 0.429609 -0.474172 0.0 -0.299467 -0.413396 -0.859897 0.0 0.480142 -0.505932 0.288961 1.0]
267
	ConcatTransform [1.1 0.0 0.0 0.0 0.0 1.1 0.0 0.0 0.0 0.0 1.1 0.0 -9.609 0.05 6.704 1.0]
	ConcatTransform [-0.55738 0.806585 -0.196848 0.0 0.776955 0.423141 -0.466147 0.0 -0.292693 -0.412763 -0.86253 0.0 0.476062 -0.505005 0.290759 1.0]
268
	ConcatTransform [1.1 0.0 0.0 0.0 0.0 1.1 0.0 0.0 0.0 0.0 1.1 0.0 -9.609 0.05 6.704 1.0]
	ConcatTransform [-0.547271 0.808746 -0.215465 0.0 0.791625 0.416609 -0.446953 0.0 -0.271707 -0.415172 -0.868221 0.0 0.472703 -0.504591 0.291037 1.0]
269
	ConcatTransform [1.1 0.0 0.0 0.0 0.0 1.1 0.0 0.0 0.0 0.0 1.1 0.0 -9.609 0.05 6.704 1.0]
	ConcatTransform [-0.543762 0.807264 -0.229449 0.0 0.801966 0.419242 -0.425543 0.0 -0.247331 -0.415404 -0.875367 0.0 0.472371 -0.504884 0.28953 1.0]
270
	ConcatTransform [1.1 0.0 0.0 0.0 0.0 1.1 0.0 0.0 0.0 0.0 1.1 0.0 -9.609 0.05 6.704 1.0]
	ConcatTransform [-0.54048 0.805011 -0.244621 0.0 0.813299 0.425426 -0.396937 0.0 -0.21547 -0.413486 -0.884648 0.0 0.474615 -0.505573 0.284566 1.0]
271
	ConcatTransform [1.1 0.0 0.0 0.0 0.0 1.1 0.0 0.0 0.0 0.0 1.1 0.0 -9.609 0.05 6.704 1.0]
	ConcatTransform [-0.548994 0.795313 -0.257067 0.0 0.815116 0.441397 -0.375173 0.0 -0.184911 -0.415507 -0.890596 0.0 0.477722 -0.507012 0.279497 1.0]
272
	ConcatTransform [1.1 0.0 0.0 0.0 0.0 1.1 0.0 0.0 0.0 0.0 1.1 0.0 -9.609 0.05 6.704 1.0]
	ConcatTransform [-0.558953 0.784878 -0.267468 0.0 0.817995 0.469079 -0.33294 0.0 -0.135854 -0.404885 -0.904219 0.0 0.484722 -0.509619 0.269513 1.0]
273
	ConcatTransform [1.1 0.0 0.0 0.0 0.0 1.1 0.0 0.0 0.0 0.0 1.1 0.0 -9.609 0.05 6.704 1.0]
	ConcatTransform [-0.567285 0.777704 -0.270859 0.0 0.817082 0.490481 -0.302994 0.0 -0.102788 -0.393198 -0.91369 0.0 0.490735 -0.511424 0.261532 1.0]
274
	ConcatTransform [1.1 0.0 0.0 0.0 0.0 1.1 0.0 0.0 0.0 0.0 1.1 0.0 -9.609 0.05 6.704 1.0]
	ConcatTransform [-0.58351 0.765905 -0.270012 0.0 0.810075 0.525438 -0.260178 0.0 -0.057397 -0.370547 -0.927039 0.0 0.501453 -0.513703 0.24786 1.0]
275
	ConcatTransform [1.1 0.0 0.0 0.0 0.0 1.1 0.0 0.0 0.0 0.0 1.1 0.0 -9.609 0.05 6.704 1.0]
	ConcatTransform [-0.588324 0.761673 -0.271532 0.0 0.808225 0.543314 -0.227119 0.0 -0.025464 -0.353078 -0.935247 0.0 0.509659 -0.514388 0.238099 1.0]
276
	ConcatTransform [1.1 0.0 0.0 0.0 0.0 1.1 0.0 0.0 0.0 0.0 1.1 0.0 -9.609 0.05 6.704 1.0]
	ConcatTransform [-0.602846 0.748906 -0.275168 0.0 0.797645 0.573678 -0.186162 0.0 0.01844 -0.331713 -0.9432 0.0 0.522879 -0.515032 0.223292 1.0]
277
	ConcatTransform [1.1 0.0 0.0 0.0 0.0 1.1 0.0 0.0 0.0 0.0 1.1 0.0 -9.609 0.05 6.704 1.0]
	ConcatTransform [-0.610002 0.743609 -0.273756 0.0 0.79117 0.590796 -0.158148 0.0 0.044134 -0.313058 -0.948708 0.0 0.532094 -0.514876 0.213698 1.0]
278
	ConcatTransform [1.1 0.0 0.0 0.0 0.0 1.1 0.0 0.0 0.0 0.0 1.1 0.0 -9.609 0.05 6.704 1.0]
	ConcatTransform [-0.620784 0.734542 -0.273998 0.0 0.780442 0.612184 -0.127048 0.0 0.074415 -0.292709 -0.953301 0.0 0.546152 -0.51415 0.200092 1.0]
279
	ConcatTransform [1.1 0.0 0.0 0.0 0.0 1.1 0.0 0.0 0.0 0.0 1.1 0.0 -9.609 0.05 6.704 1.0]
	ConcatTransform [-0.626711 0.728787 -0.275865 0.0 0.774087 0.622931 -0.112899 0.0 0.089566 -0.284299 -0.954543 0.0 0.55541 -0.513678 0.191789 1.0]
280
	ConcatTransform [1.1 0.0 0.0 0.0 0.0 1.1 0.0 0.0 0.0 0.0 1.1 0.0 -9.609 0.05 6.704 1.0]
	ConcatTransform [-0.639087 0.715315 -0.282652 0.0 0.760785 0.641919 -0.09564 0.0 0.113027 -0.276159 -0.954443 0.0 0.568621 -0.512942 0.180721 1.0]
281
	ConcatTransform [1.1 0.0 0.0 0.0 0.0 1.1 0.0 0.0 0.0 0.0 1.1 0.0 -9.609 0.05 6.704 1.0]
	ConcatTransform [-0.644531 0.712966 -0.276149 0.0 0.754924 0.650648 -0.08214 0.0 0.121113 -0.261414 -0.957598 0.0 0.57691 -0.512028 0.174501 1.0]
282
	ConcatTransform [1.1 0.0 0.0 0.0 0.0 1.1 0.0 0.0 0.0 0.0 1.1 0.0 -9.609 0.05 6.704 1.0]
	ConcatTransform [-0.652776 0.706704 -0.272859 0.0 0.746827 0.660731 -0.075385 0.0 0.127011 -0.252988 -0.959096 0.0 0.588464 -0.511235 0.16697 1.0]
283
	ConcatTransform [1.1 0.0 0.0 0.0 0.0 1.1 0.0 0.0 0.0 0.0 1.1 0.0 -9.609 0.05 6.704 1.0]
	ConcatTransform [-0.663484 0.698299 -0.268642 0.0 0.737428 0.671014 -0.077067 0.0 0.126447 -0.249237 -0.960152 0.0 0.595548 -0.510758 0.163448 1.0]
284
	ConcatTransform [1.1 0.0 0.0 0.0 0.0 1.1 0.0 0.0 0.0 0.0 1.1 0.0 -9.609 0.05 6.704 1.0]
	ConcatTransform [-0.667772 0.700862 -0.250745 0.0 0.736195 0.671618 -0.083345 0.0 0.109991 -0.240252 -0.964459 0.0 0.605032 -0.510267 0.160271 1.0]
285
	ConcatTransform [1.1 0.0 0.0 0.0 0.0 1.1 0.0 0.0 0.0 0.0 1.1 0.0 -9.609 0.05 6.704 1.0]
	ConcatTransform [-0.669894 0.70311 -0.238491 0.0 0.736507 0.669893 -0.093813 0.0 0.093803 -0.238495 -0.966603 0.0 0.610539 -0.5123 0.159243 1.0]
286
	ConcatTransform [1.1 0.0 0.0 0.0 0.0 1.1 0.0 0.0 0.0 0.0 1.1 0.0 -9.609 0.05 6.704 1.0]
	ConcatTransform [-0.659755 0.711105 -0.243007 0.0 0.748636 0.650053 -0.130285 0.0 0.065321 -0.26788 -0.961235 0.0 0.616871 -0.514593 0.159127 1.0]
287
	ConcatTransform [1.1 0.0 0.0 0.0 0.0 1.1 0.0 0.0 0.0 0.0 1.1 0.0 -9.609 0.05 6.704 1.0]
	ConcatTransform [-0.662271 0.710261 -0.238592 0.0 0.748063 0.644815 -0.156893 0.0 0.042412 -0.282388 -0.958362 0.0 0.62041 -0.5145 0.16064 1.0]
288
	ConcatTransform [1.1 0.0 0.0 0.0 0.0 1.1 0.0 0.0 0.0 0.0 1.1 0.0 -9.609 0.05 6.704 1.0]
	ConcatTransform [-0.665874 0.712816 -0.220239 0.0 0.74606 0.637262 -0.193111 0.0 0.002697 -0.2929 -0.956139 0.0 0.625311 -0.514305 0.164794 1.0]
289
	ConcatTransform [1.1 0.0 0.0 0.0 0.0 1.1 0.0 0.0 0.0 0.0 1.1 0.0 -9.609 0.05 6.704 1.0]
	ConcatTransform [-0.665718 0.716364 -0.208907 0.0 0.745829 0.629914 -0.216672 0.0 -0.023623 -0.300052 -0.95363 0.0 0.628091 -0.514462 0.168431 1.0]
290
	ConcatTransform [1.1 0.0 0.0 0.0 0.0 1.1 0.0 0.0 0.0 0.0 1.1 0.0 -9.609 0.05 6.704 1.0]
	ConcatTransform [-0.675775 0.707216 -0.207781 0.0 0.735512 0.628432 -0.253169 0.0 -0.048469 -0.323911 -0.944845 0.0 0.631605 -0.514858 0.175045 1.0]
291
	ConcatTransform [1.1 0.0 0.0 0.0 0.0 1.1 0.0 0.0 0.0 0.0 1.1 0.0 -9.609 0.05 6.704 1.0]
	ConcatTransform [-0.68335 0.700661 -0.205199 0.0 0.727364 0.629088 -0.274207 0.0 -0.063038 -0.336634 -0.939523 0.0 0.633918 -0.514758 0.18024 1.0]
292
	ConcatTransform [1.1 0.0 0.0 0.0 0.0 1.1 0.0 0.0 0.0 0.0 1.1 0.0 -9.609 0.05 6.704 1.0]
	ConcatTransform [-0.691845 0.69186 -0.206591 0.0 0.717177 0.625276 -0.307713 0.0 -0.083717 -0.361052 -0.92878 0.0 0.637545 -0.51445 0.188616 1.0]
293
	ConcatTransform [1.1 0.0 0.0 0.0 0.0 1.1 0.0 0.0 0.0 0.0 1.1 0.0 -9.609 0.05 6.704 1.0]
	ConcatTransform [-0.693975 0.687246 -0.21469 0.0 0.71462 0.621079 -0.321837 0.0 -0.087842 -0.376769 -0.922133 0.0 0.639679 -0.513742 0.19371 1.0]
294
	ConcatTransform [1.1 0.0 0.0 0.0 0.0 1.1 0.0 0.0 0.0 0.0 1.1 0.0 -9.609 0.05 6.704 1.0]
	ConcatTransform [-0.692071 0.683367 -0.232482 0.0 0.717813 0.617619 -0.32139 0.0 -0.076042 -0.389304 -0.917965 0.0 0.642049 -0.513033 0.199901 1.0]
295
	ConcatTransform [1.1 0.0 0.0 0.0 0.0 1.1 0.0 0.0 0.0 0.0 1.1 0.0 -9.609 0.05 6.704 1.0]
	ConcatTransform [-0.685081 0.688467 -0.238072 0.0 0.725452 0.615078 -0.308866 0.0 -0.066211 -0.384308 -0.920827 0.0 0.643091 -0.513667 0.203195 1.0]
296
	ConcatTransform [1.1 0.0 0.0 0.0 0.0 1.1 0.0 0.0 0.0 0.0 1.1 0.0 -9.609 0.05 6.704 1.0]
	ConcatTransform [-0.66406 0.700709 -0.260827 0.0 0.746493 0.601714 -0.284057 0.0 -0.042098 -0.383337 -0.922649 0.0 0.643935 -0.514005 0.206412 1.0]
297
	ConcatTransform [1.1 0.0 0.0 0.0 0.0 1.1 0.0 0.0 0.0 0.0 1.1 0.0 -9.609 0.05 6.704 1.0]
	ConcatTransform [-0.657159 0.700208 -0.279017 0.0 0.7536 0.602938 -0.261825 0.0 -0.015103 -0.382328 -0.923903 0.0 0.644022 -0.513884 0.207435 1.0]
298
	ConcatTransform [1.1 0.0 0.0 0.0 0.0 1.1 0.0 0.0 0.0 0.0 1.1 0.0 -9.609 0.05 6.704 1.0]
	ConcatTransform [-0.644913 0.699176 -0.30861 0.0 0.763606 0.606138 -0.222491 0.0 0.0315 -0.379144 -0.924801 0.0 0.643853 -0.513894 0.207292 1.0]
299
	ConcatTransform [1.1 0.0 0.0 0.0 0.0 1.1 0.0 0.0 0.0 0.0 1.1 0.0 -9.609 0.05 6.704 1.0]
	ConcatTransform [-0.634312 0.698647 -0.330971 0.0 0.770179 0.608132 -0.192355 0.0 0.066885 -0.37692 -0.923828 0.0 0.643609 -0.51399 0.206136 1.0]
300
	ConcatTransform [1.1 0.0 0.0 0.0 0.0 1.1 0.0 0.0 0.0 0.0 1.1 0.0 -9.609 0.05 6.704 1.0]
	ConcatTransform [-0.611907 0.70035 -0.367533 0.0 0.779529 0.612632 -0.130443 0.0 0.133807 -0.366322 -0.920817 0.0 0.643073 -0.514361 0.20294 1.0]
301
	ConcatTransform [1.1 0.0 0.0 0.0 0.0 1.1 0.0 0.0 0.0 0.0 1.1 0.0 -9.609 0.05 6.704 1.0]
	ConcatTransform [-0.600439 0.695795 -0.394134 0.0 0.777844 0.622552 -0.085959 0.0 0.185558 -0.358188 -0.915024 0.0 0.642531 -0.514329 0.199776 1.0]
302
	ConcatTransform [1.1 0.0 0.0 0.0 0.0 1.1 0.0 0.0 0.0 0.0 1.1 0.0 -9.609 0.05 6.704 1.0]
	ConcatTransform [-0.568487 0.694398 -0.441173 0.0 0.774607 0.632437 -0.0027 0.0 0.277139 -0.343271 -0.897418 0.0 0.641967 -0.514323 0.194142 1.0]
303
	ConcatTransform [1.1 0.0 0.0 0.0 0.0 1.1 0.0 0.0 0.0 0.0 1.1 0.0 -9.609 0.05 6.704 1.0]
	ConcatTransform [-0.537598 0.699354 -0.471055 0.0 0.771888 0.633025 0.058896 0.0 0.339379 -0.33194 -0.880135 0.0 0.641685 -0.514248 0.190293 1.0]
304
	ConcatTransform [1.1 0.0 0.0 0.0 0.0 1.1 0.0 0.0 0.0 0.0 1.1 0.0 -9.609 0.05 6.704 1.0]
	ConcatTransform [-0.498851 0.705616 -0.503244 0.0 0.763393 0.632649 0.130331 0.0 0.41034 -0.319157 -0.85426 0.0 0.641034 -0.514227 0.185288 1.0]
305
	ConcatTransform [1.1 0.0 0.0 0.0 0.0 1.1 0.0 0.0 0.0 0.0 1.1 0.0 -9.609 0.05 6.704 1.0]
	ConcatTransform [-0.476018 0.70869 -0.520735 0.0 0.757354 0.631322 0.166874 0.0 0.447014 -0.314946 -0.83725 0.0 0.640462 -0.51417 0.182542 1.0]
306
	ConcatTransform [1.1 0.0 0.0 0.0 0.0 1.1 0.0 0.0 0.0 0.0 1.1 0.0 -9.609 0.05 6.704 1.0]
	ConcatTransform [-0.440181 0.713307 -0.545374 0.0 0.749039 0.626653 0.21505 0.0 0.495157 -0.313846 -0.810136 0.0 0.639326 -0.514256 0.179518 1.0]
307
	ConcatTransform [1.1 0.0 0.0 0.0 0.0 1.1 0.0 0.0 0.0 0.0 1.1 0.0 -9.609 0.05 6.704 1.0]
	ConcatTransform [-0.416679 0.71508 -0.561283 0.0 0.742449 0.623973 0.243777 0.0 0.524546 -0.315148 -0.790907 0.0 0.638308 -0.514283 0.178302 1.0]
308
	ConcatTransform [1.1 0.0 0.0 0.0 0.0 1.1 0.0 0.0 0.0 0.0 1.1 0.0 -9.609 0.05 6.704 1.0]
	ConcatTransform [-0.383138 0.717953 -0.581162 0.0 0.730309 0.620682 0.28531 0.0 0.565556 -0.315115 -0.762134 0.0 0.636253 -0.514512 0.177204 1.0]
309
	ConcatTransform [1.1 0.0 0.0 0.0 0.0 1.1 0.0 0.0 0.0 0.0 1.1 0.0 -9.609 0.05 6.704 1.0]
	ConcatTransform [-0.362006 0.719123 -0.593139 0.0 0.7247 0.617322 0.306143 0.0 0.586313 -0.319022 -0.744623 0.0 0.634515 -0.514576 0.176817 1.0]
310
	ConcatTransform [1.1 0.0 0.0 0.0 0.0 1.1 0.0 0.0 0.0 0.0 1.1 0.0 -9.609 0.05 6.704 1.0]
	ConcatTransform [-0.331972 0.721595 -0.607533 0.0 0.715418 0.612372 0.336419 0.0 0.614794 -0.322958 -0.719532 0.0 0.631288 -0.514758 0.176771 1.0]
311
	ConcatTransform [1.1 0.0 0.0 0.0 0.0 1.1 0.0 0.0 0.0 0.0 1.1 0.0 -9.609 0.05 6.704 1.0]
	ConcatTransform [-0.309666 0.724924 -0.615299 0.0 0.714631 0.604302 0.35231 0.0 0.627224 -0.330613 -0.705185 0.0 0.628951 -0.514918 0.177112 1.0]
312
	ConcatTransform [1.1 0.0 0.0 0.0 0.0 1.1 0.0 0.0 0.0 0.0 1.1 0.0 -9.609 0.05 6.704 1.0]
	ConcatTransform [-0.273115 0.725094 -0.632176 0.0 0.706079 0.59742 0.380187 0.0 0.653346 -0.342532 -0.675138 0.0 0.625323 -0.514993 0.178463 1.0]
313
	ConcatTransform [1.1 0.0 0.0 0.0 0.0 1.1 0.0 0.0 0.0 0.0 1.1 0.0 -9.609 0.05 6.704 1.0]
	ConcatTransform [-0.245498 0.719435 -0.649726 0.0 0.693814 0.598488 0.400543 0.0 0.677018 -0.352456 -0.646082 0.0 0.623004 -0.515014 0.179878 1.0]
314
	ConcatTransform [1.1 0.0 0.0 0.0 0.0 1.1 0.0 0.0 0.0 0.0 1.1 0.0 -9.609 0.05 6.704 1.0]
	ConcatTransform [-0.196156 0.715772 -0.670219 0.0 0.672001 0.595881 0.439705 0.0 0.714099 -0.364137 -0.597885 0.0 0.619781 -0.514844 0.182447 1.0]
315
	ConcatTransform [1.1 0.0 0.0 0.0 0.0 1.1 0.0 0.0 0.0 0.0 1.1 0.0 -9.609 0.05 6.704 1.0]
	ConcatTransform [-0.160516 0.71321 -0.682324 0.0 0.648542 0.597328 0.471797 0.0 0.744061 -0.366785 -0.558428 0.0 0.617972 -0.514703 0.184077 1.0]
316
	ConcatTransform [1.1 0.0 0.0 0.0 0.0 1.1 0.0 0.0 0.0 0.0 1.1 0.0 -9.609 0.05 6.704 1.0]
	ConcatTransform [-0.098255 0.709833 -0.697484 0.0 0.599963 0.601433 0.527564 0.0 0.793972 -0.366629 -0.484967 0.0 0.616176 -0.514523 0.185657 1.0]
317
	ConcatTransform [1.1 0.0 0.0 0.0 0.0 1.1 0.0 0.0 0.0 0.0 1.1 0.0 -9.609 0.05 6.704 1.0]
	ConcatTransform [-0.050251 0.708215 -0.704206 0.0 0.558088 0.604653 0.568271 0.0 0.828259 -0.364453 -0.42563 0.0 0.615689 -0.5145 0.186036 1.0]
318
	ConcatTransform [1.1 0.0 0.0 0.0 0.0 1.1 0.0 0.0 0.0 0.0 1.1 0.0 -9.609 0.05 6.704 1.0]
	ConcatTransform [0.02899 0.706552 -0.707067 0.0 0.480045 0.610612 0.629849 0.0 0.876765 -0.357683 -0.321475 0.0 0.616091 -0.514633 0.185618 1.0]
319
	ConcatTransform [1.1 0.0 0.0 0.0 0.0 1.1 0.0 0.0 0.0 0.0 1.1 0.0 -9.609 0.05 6.704 1.0]
	ConcatTransform [0.082893 0.706331 -0.703012 0.0 0.424975 0.613026 0.66603 0.0 0.901402 -0.353972 -0.249357 0.0 0.616682 -0.51477 0.185079 1.0]
320
	ConcatTransform [1.1 0.0 0.0 0.0 0.0 1.1 0.0 0.0 0.0 0.0 1.1 0.0 -9.609 0.05 6.704 1.0]
	ConcatTransform [0.1746 0.711565 -0.680581 0.0 0.348777 0.601688 0.718558 0.0 0.920798 -0.362831 -0.143122 0.0 0.617713 -0.514939 0.184353 1.0]
321
	ConcatTransform [1.1 0.0 0.0 0.0 0.0 1.1 0.0 0.0 0.0 0.0 1.1 0.0 -9.609 0.05 6.704 1.0]
	ConcatTransform [0.217327 0.713364 -0.666243 0.0 0.292336 0.603658 0.741712 0.0 0.931294 -0.355961 -0.077351 0.0 0.618305 -0.514886 0.183763 1.0]
322
	ConcatTransform [1.1 0.0 0.0 0.0 0.0 1.1 0.0 0.0 0.0 0.0 1.1 0.0 -9.609 0.05 6.704 1.0]
	ConcatTransform [0.269391 0.716063 -0.643958 0.0 0.216524 0.606522 0.765015 0.0 0.938374 -0.345521 0.008346 0.0 0.619172 -0.514855 0.182721 1.0]
323
	ConcatTransform [1.1 0.0 0.0 0.0 0.0 1.1 0.0 0.0 0.0 0.0 1.1 0.0 -9.609 0.05 6.704 1.0]
	ConcatTransform [0.29876 0.718932 -0.627598 0.0 0.172261 0.606205 0.776429 0.0 0.938652 -0.340077 0.057266 0.0 0.619715 -0.514833 0.181964 1.0]
324
	ConcatTransform [1.1 0.0 0.0 0.0 0.0 1.1 0.0 0.0 0.0 0.0 1.1 0.0 -9.609 0.05 6.704 1.0]
	ConcatTransform [0.334275 0.723585 -0.603892 0.0 0.117729 0.603674 0.788491 0.0 0.935094 -0.334668 0.116606 0.0 0.620382 -0.514776 0.180783 1.0]
325
	ConcatTransform [1.1 0.0 0.0 0.0 0.0 1.1 0.0 0.0 0.0 0.0 1.1 0.0 -9.609 0.05 6.704 1.0]
	ConcatTransform [0.355303 0.725638 -0.589245 0.0 0.085538 0.602491 0.793528 0.0 0.930829 -0.332346 0.151997 0.0 0.620505 -0.514776 0.18 1.0]
326
	ConcatTransform [1.1 0.0 0.0 0.0 0.0 1.1 0.0 0.0 0.0 0.0 1.1 0.0 -9.609 0.05 6.704 1.0]
	ConcatTransform [0.384319 0.727913 -0.56784 0.0 0.039835 0.60143 0.797932 0.0 0.922341 -0.32928 0.202144 0.0 0.620128 -0.515118 0.178882 1.0]
327
	ConcatTransform [1.1 0.0 0.0 0.0 0.0 1.1 0.0 0.0 0.0 0.0 1.1 0.0 -9.609 0.05 6.704 1.0]
	ConcatTransform [0.401513 0.728623 -0.554884 0.0 0.016597 0.599977 0.799845 0.0 0.915703 -0.330358 0.228805 0.0 0.61967 -0.515141 0.178236 1.0]
328
	ConcatTransform [1.1 0.0 0.0 0.0 0.0 1.1 0.0 0.0 0.0 0.0 1.1 0.0 -9.609 0.05 6.704 1.0]
	ConcatTransform [0.421041 0.730245 -0.538021 0.0 -0.010557 0.597066 0.802123 0.0 0.90698 -0.332047 0.259098 0.0 0.618532 -0.51559 0.17756 1.0]
329
	ConcatTransform [1.1 0.0 0.0 0.0 0.0 1.1 0.0 0.0 0.0 0.0 1.1 0.0 -9.609 0.05 6.704 1.0]
	ConcatTransform [0.429588 0.728676 -0.533371 0.0 -0.020023 0.59819 0.801104 0.0 0.902803 -0.333465 0.271566 0.0 0.617436 -0.51532 0.177204 1.0]
330
	ConcatTransform [1.1 0.0 0.0 0.0 0.0 1.1 0.0 0.0 0.0 0.0 1.1 0.0 -9.609 0.05 6.704 1.0]
	ConcatTransform [0.440289 0.725735 -0.528635 0.0 -0.02897 0.59995 0.799513 0.0 0.897389 -0.336702 0.285176 0.0 0.615124 -0.515102 0.176879 1.0]
331
	ConcatTransform [1.1 0.0 0.0 0.0 0.0 1.1 0.0 0.0 0.0 0.0 1.1 0.0 -9.609 0.05 6.704 1.0]
	ConcatTransform [0.445062 0.724422 -0.526433 0.0 -0.031257 0.600074 0.799334 0.0 0.894954 -0.339298 0.289714 0.0 0.613186 -0.515023 0.176834 1.0]
332
	ConcatTransform [1.1 0.0 0.0 0.0 0.0 1.1 0.0 0.0 0.0 0.0 1.1 0.0 -9.609 0.05 6.704 1.0]
	ConcatTransform [0.445248 0.722514 -0.528893 0.0 -0.023798 0.600013 0.799636 0.0 0.895091 -0.34345 0.284349 0.0 0.609873 -0.514982 0.176835 1.0]
333
	ConcatTransform [1.1 0.0 0.0 0.0 0.0 1.1 0.0 0.0 0.0 0.0 1.1 0.0 -9.609 0.05 6.704 1.0]
	ConcatTransform [0.443272 0.72016 -0.533741 0.0 -0.014622 0.601166 0.79899 0.0 0.896268 -0.346366 0.27701 0.0 0.607411 -0.514957 0.176894 1.0]
334
	ConcatTransform [1.1 0.0 0.0 0.0 0.0 1.1 0.0 0.0 0.0 0.0 1.1 0.0 -9.609 0.05 6.704 1.0]
	ConcatTransform [0.439518 0.714125 -0.544838 0.0 0.000549 0.606353 0.795196 0.0 0.898234 -0.349802 0.266111 0.0 0.603452 -0.514877 0.177024 1.0]
335
	ConcatTransform [1.1 0.0 0.0 0.0 0.0 1.1 0.0 0.0 0.0 0.0 1.1 0.0 -9.609 0.05 6.704 1.0]
	ConcatTransform [0.438948 0.712016 -0.548049 0.0 0.010006 0.606041 0.795371 0.0 0.898457 -0.35461 0.258896 0.0 0.600673 -0.51488 0.177201 1.0]
336
	ConcatTransform [1.1 0.0 0.0 0.0 0.0 1.1 0.0 0.0 0.0 0.0 1.1 0.0 -9.609 0.05 6.704 1.0]
	ConcatTransform [0.438759 0.707692 -0.553772 0.0 0.026207 0.605918 0.795096 0.0 0.898223 -0.363367 0.247306 0.0 0.596913 -0.514796 0.177517 1.0]
337
	ConcatTransform [1.1 0.0 0.0 0.0 0.0 1.1 0.0 0.0 0.0 0.0 1.1 0.0 -9.609 0.05 6.704 1.0]
	ConcatTransform [0.436334 0.704855 -0.559278 0.0 0.037055 0.606965 0.793865 0.0 0.899021 -0.367114 0.238721 0.0 0.59487 -0.514698 0.177688 1.0]
338
	ConcatTransform [1.1 0.0 0.0 0.0 0.0 1.1 0.0 0.0 0.0 0.0 1.1 0.0 -9.609 0.05 6.704 1.0]
	ConcatTransform [0.432952 0.702738 -0.564546 0.0 0.0473 0.607713 0.792747 0.0 0.900175 -0.369924 0.229871 0.0 0.592563 -0.514593 0.177863 1.0]
339
	ConcatTransform [1.1 0.0 0.0 0.0 0.0 1.1 0.0 0.0 0.0 0.0 1.1 0.0 -9.609 0.05 6.704 1.0]
	ConcatTransform [0.429038 0.702759 -0.5675 0.0 0.053931 0.607212 0.792708 0.0 0.901675 -0.370708 0.222617 0.0 0.591662 -0.514556 0.177847 1.0]
340
	ConcatTransform [1.1 0.0 0.0 0.0 0.0 1.1 0.0 0.0 0.0 0.0 1.1 0.0 -9.609 0.05 6.704 1.0]
	ConcatTransform [0.425642 0.702751 -0.570061 0.0 0.060143 0.606614 0.792718 0.0 0.902891 -0.371699 0.215935 0.0 0.591429 -0.514542 0.177619 1.0]
341
	ConcatTransform [1.1 0.0 0.0 0.0 0.0 1.1 0.0 0.0 0.0 0.0 1.1 0.0 -9.609 0.05 6.704 1.0]
	ConcatTransform [0.423439 0.703939 -0.570236 0.0 0.057592 0.607262 0.792412 0.0 0.904092 -0.368379 0.216597 0.0 0.591896 -0.514618 0.177427 1.0]
342
	ConcatTransform [1.1 0.0 0.0 0.0 0.0 1.1 0.0 0.0 0.0 0.0 1.1 0.0 -9.609 0.05 6.704 1.0]
	ConcatTransform [0.423575 0.705717 -0.567932 0.0 0.052217 0.606889 0.79307 0.0 0.904355 -0.365581 0.220213 0.0 0.593443 -0.514669 0.177077 1.0]
343
	ConcatTransform [1.1 0.0 0.0 0.0 0.0 1.1 0.0 0.0 0.0 0.0 1.1 0.0 -9.609 0.05 6.704 1.0]
	ConcatTransform [0.424017 0.707091 -0.565891 0.0 0.0444 0.60786 0.792802 0.0 0.904565 -0.361287 0.226348 0.0 0.595117 -0.514738 0.17679 1.0]
344
	ConcatTransform [1.1 0.0 0.0 0.0 0.0 1.1 0.0 0.0 0.0 0.0 1.1 0.0 -9.609 0.05 6.704 1.0]
	ConcatTransform [0.424847 0.709596 -0.562119 0.0 0.031073 0.609147 0.792448 0.0 0.904732 -0.354136 0.236745 0.0 0.598334 -0.514864 0.176285 1.0]
345
	ConcatTransform [1.1 0.0 0.0 0.0 0.0 1.1 0.0 0.0 0.0 0.0 1.1 0.0 -9.609 0.05 6.704 1.0]
	ConcatTransform [0.422734 0.713197 -0.559148 0.0 0.02233 0.608604 0.79316 0.0 0.905979 -0.347781 0.241351 0.0 0.600788 -0.514966 0.175822 1.0]
346
	ConcatTransform [1.1 0.0 0.0 0.0 0.0 1.1 0.0 0.0 0.0 0.0 1.1 0.0 -9.609 0.05 6.704 1.0]
	ConcatTransform [0.422051 0.717173 -0.554559 0.0 0.011087 0.607581 0.794181 0.0 0.906504 -0.341333 0.248479 0.0 0.604387 -0.514964 0.17502 1.0]
347
	ConcatTransform [1.1 0.0 0.0 0.0 0.0 1.1 0.0 0.0 0.0 0.0 1.1 0.0 -9.609 0.05 6.704 1.0]
	ConcatTransform [0.421143 0.72001 -0.551565 0.0 0.003375 0.606875 0.79479 0.0 0.906988 -0.336582 0.253151 0.0 0.606501 -0.514888 0.174473 1.0]
348
	ConcatTransform [1.1 0.0 0.0 0.0 0.0 1.1 0.0 0.0 0.0 0.0 1.1 0.0 -9.609 0.05 6.704 1.0]
	ConcatTransform [0.422208 0.722584 -0.547369 0.0 -0.007056 0.606429 0.795107 0.0 0.906472 -0.331838 0.261138 0.0 0.60903 -0.514794 0.173756 1.0]
349
	ConcatTransform [1.1 0.0 0.0 0.0 0.0 1.1 0.0 0.0 0.0 0.0 1.1 0.0 -9.609 0.05 6.704 1.0]
	ConcatTransform [0.424464 0.723379 -0.544567 0.0 -0.011959 0.605862 0.79548 0.0 0.905366 -0.33114 0.265818 0.0 0.610189 -0.514771 0.173447 1.0]
350
	ConcatTransform [1.1 0.0 0.0 0.0 0.0 1.1 0.0 0.0 0.0 0.0 1.1 0.0 -9.609 0.05 6.704 1.0]
	ConcatTransform [0.430578 0.722344 -0.54113 0.0 -0.017341 0.606065 0.795226 0.0 0.902387 -0.333023 0.273485 0.0 0.611097 -0.514774 0.173264 1.0]
351
	ConcatTransform [1.1 0.0 0.0 0.0 0.0 1.1 0.0 0.0 0.0 0.0 1.1 0.0 -9.609 0.05 6.704 1.0]
	ConcatTransform [0.434639 0.720677 -0.540105 0.0 -0.017389 0.606317 0.795033 0.0 0.900437 -0.336161 0.276061 0.0 0.611141 -0.514799 0.173295 1.0]
352
	ConcatTransform [1.1 0.0 0.0 0.0 0.0 1.1 0.0 0.0 0.0 0.0 1.1 0.0 -9.609 0.05 6.704 1.0]
	ConcatTransform [0.438134 0.718758 -0.539839 0.0 -0.015636 0.606551 0.794891 0.0 0.898774 -0.339827 0.276989 0.0 0.610499 -0.514821 0.173466 1.0]
353
	ConcatTransform [1.1 0.0 0.0 0.0 0.0 1.1 0.0 0.0 0.0 0.0 1.1 0.0 -9.609 0.05 6.704 1.0]
	ConcatTransform [0.441185 0.716947 -0.539762 0.0 -0.013578 0.606726 0.794795 0.0 0.897314 -0.343322 0.277413 0.0 0.609694 -0.514842 0.173604 1.0]
354
	ConcatTransform [1.1 0.0 0.0 0.0 0.0 1.1 0.0 0.0 0.0 0.0 1.1 0.0 -9.609 0.05 6.704 1.0]
	ConcatTransform [0.449972 0.712485 -0.538415 0.0 -0.010811 0.607202 0.794474 0.0 0.892977 -0.351671 0.280927 0.0 0.60802 -0.514844 0.173803 1.0]
355
	ConcatTransform [1.1 0.0 0.0 0.0 0.0 1.1 0.0 0.0 0.0 0.0 1.1 0.0 -9.609 0.05 6.704 1.0]
	ConcatTransform [0.454443 0.70994 -0.538021 0.0 -0.009138 0.607675 0.794133 0.0 0.890729 -0.355972 0.282641 0.0 0.60665 -0.514774 0.173983 1.0]
356
	ConcatTransform [1.1 0.0 0.0 0.0 0.0 1.1 0.0 0.0 0.0 0.0 1.1 0.0 -9.609 0.05 6.704 1.0]
	ConcatTransform [0.462337 0.706816 -0.535403 0.0 -0.011518 0.608548 0.793433 0.0 0.88663 -0.360667 0.289495 0.0 0.604588 -0.514655 0.1742 1.0]
357
	ConcatTransform [1.1 0.0 0.0 0.0 0.0 1.1 0.0 0.0 0.0 0.0 1.1 0.0 -9.609 0.05 6.704 1.0]
	ConcatTransform [0.468939 0.704137 -0.533186 0.0 -0.013716 0.60941 0.792737 0.0 0.883124 -0.364432 0.295434 0.0 0.603331 -0.514662 0.174307 1.0]
358
	ConcatTransform [1.1 0.0 0.0 0.0 0.0 1.1 0.0 0.0 0.0 0.0 1.1 0.0 -9.609 0.05 6.704 1.0]
	ConcatTransform [0.476529 0.702435 -0.528683 0.0 -0.019888 0.60981 0.792298 0.0 0.878934 -0.367039 0.304562 0.0 0.601839 -0.514552 0.174367 1.0]
359
	ConcatTransform [1.1 0.0 0.0 0.0 0.0 1.1 0.0 0.0 0.0 0.0 1.1 0.0 -9.609 0.05 6.704 1.0]
	ConcatTransform [0.481864 0.700843 -0.525953 0.0 -0.028094 0.612282 0.79014 0.0 0.875796 -0.365963 0.314726 0.0 0.601485 -0.514423 0.174304 1.0]
360
	ConcatTransform [1.1 0.0 0.0 0.0 0.0 1.1 0.0 0.0 0.0 0.0 1.1 0.0 -9.609 0.05 6.704 1.0]
	ConcatTransform [0.596178 0.256223 0.760869 0.0 -0.157579 0.966618 -0.202038 0.0 -0.787236 0.000553 0.616651 0.0 3.090916 -119.084122 -0.936969 1.0]
