228
	ConcatTransform [1.1 0.0 0.0 0.0 0.0 1.1 0.0 0.0 0.0 0.0 1.1 0.0 -9.609 0.05 6.704 1.0]
	ConcatTransform [0.18519 0.982645 -0.010671 0.0 -0.967961 0.184275 0.170573 0.0 0.169579 -0.021259 0.985287 0.0 -0.206246 0.194528 0.214577 1.0]
229
	ConcatTransform [1.1 0.0 0.0 0.0 0.0 1.1 0.0 0.0 0.0 0.0 1.1 0.0 -9.609 0.05 6.704 1.0]
	ConcatTransform [-0.445774 0.881722 -0.154437 0.0 -0.894021 -0.429894 0.126167 0.0 0.044853 0.194312 0.979914 0.0 -0.347783 0.333059 0.358569 1.0]
230
	ConcatTransform [1.1 0.0 0.0 0.0 0.0 1.1 0.0 0.0 0.0 0.0 1.1 0.0 -9.609 0.05 6.704 1.0]
	ConcatTransform [-0.905725 0.144257 -0.398563 0.0 -0.239519 -0.94997 0.200467 0.0 -0.349704 0.277032 0.894964 0.0 -0.564223 0.526227 0.570377 1.0]
231
	ConcatTransform [1.1 0.0 0.0 0.0 0.0 1.1 0.0 0.0 0.0 0.0 1.1 0.0 -9.609 0.05 6.704 1.0]
	ConcatTransform [-0.758462 -0.404652 -0.510874 0.0 0.262782 -0.907227 0.32846 0.0 -0.59639 0.114876 0.794432 0.0 -0.711458 0.644238 0.708267 1.0]
232
	ConcatTransform [1.1 0.0 0.0 0.0 0.0 1.1 0.0 0.0 0.0 0.0 1.1 0.0 -9.609 0.05 6.704 1.0]
	ConcatTransform [-0.072313 -0.841022 -0.536146 0.0 0.712214 -0.419861 0.562554 0.0 -0.698227 -0.341171 0.62935 0.0 -0.935858 0.797545 0.914728 1.0]
233
	ConcatTransform [1.1 0.0 0.0 0.0 0.0 1.1 0.0 0.0 0.0 0.0 1.1 0.0 -9.609 0.05 6.704 1.0]
	ConcatTransform [0.464413 -0.777211 -0.424574 0.0 0.704888 0.034161 0.708495 0.0 -0.536147 -0.628312 0.563712 0.0 -1.085458 0.887375 1.052368 1.0]
234
	ConcatTransform [1.1 0.0 0.0 0.0 0.0 1.1 0.0 0.0 0.0 0.0 1.1 0.0 -9.609 0.05 6.704 1.0]
	ConcatTransform [0.968065 -0.199386 -0.151974 0.0 0.239216 0.553262 0.79792 0.0 -0.075013 -0.808793 0.58329 0.0 -1.309859 1.00356 1.258828 1.0]
235
	ConcatTransform [1.1 0.0 0.0 0.0 0.0 1.1 0.0 0.0 0.0 0.0 1.1 0.0 -9.609 0.05 6.704 1.0]
	ConcatTransform [0.945157 0.326291 0.014557 0.0 -0.22853 0.62882 0.743209 0.0 0.233348 -0.705776 0.668901 0.0 -1.459459 1.068643 1.396467 1.0]
236
	ConcatTransform [1.1 0.0 0.0 0.0 0.0 1.1 0.0 0.0 0.0 0.0 1.1 0.0 -9.609 0.05 6.704 1.0]
	ConcatTransform [0.390725 0.913776 0.11112 0.0 -0.799747 0.277212 0.532501 0.0 0.455783 -0.29693 0.839103 0.0 -1.68386 1.147707 1.602927 1.0]
237
	ConcatTransform [1.1 0.0 0.0 0.0 0.0 1.1 0.0 0.0 0.0 0.0 1.1 0.0 -9.609 0.05 6.704 1.0]
	ConcatTransform [-0.151991 0.987442 0.043101 0.0 -0.914748 -0.15705 0.372252 0.0 0.374346 0.017152 0.92713 0.0 -1.83346 1.188042 1.740566 1.0]
238
	ConcatTransform [1.1 0.0 0.0 0.0 0.0 1.1 0.0 0.0 0.0 0.0 1.1 0.0 -9.609 0.05 6.704 1.0]
	ConcatTransform [-0.80064 0.563257 -0.204246 0.0 -0.598461 -0.768106 0.227722 0.0 -0.028616 0.304556 0.952064 0.0 -2.05786 1.229985 1.947025 1.0]
239
	ConcatTransform [1.1 0.0 0.0 0.0 0.0 1.1 0.0 0.0 0.0 0.0 1.1 0.0 -9.609 0.05 6.704 1.0]
	ConcatTransform [-0.919666 0.056845 -0.388566 0.0 -0.160791 -0.957233 0.240524 0.0 -0.358275 0.283679 0.889475 0.0 -2.207461 1.245573 2.084665 1.0]
240
	ConcatTransform [1.1 0.0 0.0 0.0 0.0 1.1 0.0 0.0 0.0 0.0 1.1 0.0 -9.609 0.05 6.704 1.0]
	ConcatTransform [-0.53487 -0.641574 -0.549816 0.0 0.493142 -0.76543 0.413434 0.0 -0.686094 -0.050004 0.725793 0.0 -2.431861 1.250394 2.291124 1.0]
241
	ConcatTransform [1.1 0.0 0.0 0.0 0.0 1.1 0.0 0.0 0.0 0.0 1.1 0.0 -9.609 0.05 6.704 1.0]
	ConcatTransform [-0.023282 -0.847678 -0.53 0.0 0.722604 -0.380629 0.577031 0.0 -0.69087 -0.369546 0.621397 0.0 -2.581461 1.241235 2.428764 1.0]
242
	ConcatTransform [1.1 0.0 0.0 0.0 0.0 1.1 0.0 0.0 0.0 0.0 1.1 0.0 -9.609 0.05 6.704 1.0]
	ConcatTransform [0.726 -0.606147 -0.324824 0.0 0.577336 0.280587 0.766781 0.0 -0.37364 -0.744216 0.553657 0.0 -2.805862 1.208935 2.635223 1.0]
243
	ConcatTransform [1.1 0.0 0.0 0.0 0.0 1.1 0.0 0.0 0.0 0.0 1.1 0.0 -9.609 0.05 6.704 1.0]
	ConcatTransform [0.978818 -0.153636 -0.135322 0.0 0.199675 0.570348 0.796764 0.0 -0.045231 -0.806907 0.588944 0.0 -2.955462 1.175028 2.772862 1.0]
244
	ConcatTransform [1.1 0.0 0.0 0.0 0.0 1.1 0.0 0.0 0.0 0.0 1.1 0.0 -9.609 0.05 6.704 1.0]
	ConcatTransform [0.789977 0.607949 0.079586 0.0 -0.492249 0.551469 0.673478 0.0 0.365551 -0.571209 0.73491 0.0 -3.179862 1.105607 2.979321 1.0]
245
	ConcatTransform [1.1 0.0 0.0 0.0 0.0 1.1 0.0 0.0 0.0 0.0 1.1 0.0 -9.609 0.05 6.704 1.0]
	ConcatTransform [0.344507 0.932396 0.10933 0.0 -0.820477 0.242448 0.517722 0.0 0.456214 -0.268062 0.848535 0.0 -3.329463 1.046952 3.116961 1.0]
246
	ConcatTransform [1.1 0.0 0.0 0.0 0.0 1.1 0.0 0.0 0.0 0.0 1.1 0.0 -9.609 0.05 6.704 1.0]
	ConcatTransform [-0.454162 0.890037 -0.039642 0.0 -0.856164 -0.423706 0.295729 0.0 0.246414 0.168249 0.954449 0.0 -3.553863 0.94041 3.32342 1.0]
247
	ConcatTransform [1.1 0.0 0.0 0.0 0.0 1.1 0.0 0.0 0.0 0.0 1.1 0.0 -9.609 0.05 6.704 1.0]
	ConcatTransform [-0.823481 0.522376 -0.221365 0.0 -0.564343 -0.794284 0.225013 0.0 -0.058285 0.31022 0.948876 0.0 -3.703464 0.857008 3.46106 1.0]
248
	ConcatTransform [1.1 0.0 0.0 0.0 0.0 1.1 0.0 0.0 0.0 0.0 1.1 0.0 -9.609 0.05 6.704 1.0]
	ConcatTransform [-0.84351 -0.250287 -0.475234 0.0 0.118248 -0.949619 0.290243 0.0 -0.523935 0.188627 0.830609 0.0 -3.927864 0.713345 3.667519 1.0]
249
	ConcatTransform [1.1 0.0 0.0 0.0 0.0 1.1 0.0 0.0 0.0 0.0 1.1 0.0 -9.609 0.05 6.704 1.0]
	ConcatTransform [-0.494625 -0.670885 -0.552503 0.0 0.522795 -0.737512 0.427505 0.0 -0.694284 -0.077391 0.715528 0.0 -4.077464 0.605195 3.805158 1.0]
250
	ConcatTransform [1.1 0.0 0.0 0.0 0.0 1.1 0.0 0.0 0.0 0.0 1.1 0.0 -9.609 0.05 6.704 1.0]
	ConcatTransform [0.298805 -0.830595 -0.469923 0.0 0.736996 -0.111982 0.666556 0.0 -0.606262 -0.545501 0.578684 0.0 -4.301865 0.42441 4.011618 1.0]
251
	ConcatTransform [1.1 0.0 0.0 0.0 0.0 1.1 0.0 0.0 0.0 0.0 1.1 0.0 -9.609 0.05 6.704 1.0]
	ConcatTransform [0.652234 -0.746828 -0.129765 0.0 0.448647 0.242354 0.860221 0.0 -0.610988 -0.619284 0.493134 0.0 -4.453202 0.318268 4.127785 1.0]
252
	ConcatTransform [1.1 0.0 0.0 0.0 0.0 1.1 0.0 0.0 0.0 0.0 1.1 0.0 -9.609 0.05 6.704 1.0]
	ConcatTransform [0.516804 -0.541278 0.663273 0.0 -0.157096 0.701643 0.694995 0.0 -0.841566 -0.463374 0.277579 0.0 -4.668896 0.194817 4.272205 1.0]
253
	ConcatTransform [1.1 0.0 0.0 0.0 0.0 1.1 0.0 0.0 0.0 0.0 1.1 0.0 -9.609 0.05 6.704 1.0]
	ConcatTransform [0.203542 -0.201103 0.95819 0.0 -0.292308 0.921559 0.255508 0.0 -0.934412 -0.332093 0.128792 0.0 -4.800951 0.11231 4.371498 1.0]
254
	ConcatTransform [1.1 0.0 0.0 0.0 0.0 1.1 0.0 0.0 0.0 0.0 1.1 0.0 -9.609 0.05 6.704 1.0]
	ConcatTransform [-0.193921 0.411805 0.890399 0.0 0.047812 0.910518 -0.410697 0.0 -0.979851 -0.037071 -0.196258 0.0 -4.978417 -0.00841 4.526855 1.0]
255
	ConcatTransform [1.1 0.0 0.0 0.0 0.0 1.1 0.0 0.0 0.0 0.0 1.1 0.0 -9.609 0.05 6.704 1.0]
	ConcatTransform [-0.171887 0.716984 0.675566 0.0 0.494756 0.65584 -0.570167 0.0 -0.851864 0.236236 -0.467462 0.0 -5.084508 -0.084232 4.639111 1.0]
256
	ConcatTransform [1.1 0.0 0.0 0.0 0.0 1.1 0.0 0.0 0.0 0.0 1.1 0.0 -9.609 0.05 6.704 1.0]
	ConcatTransform [0.223023 0.782056 0.581936 0.0 0.915213 0.037552 -0.401216 0.0 -0.335626 0.622076 -0.707373 0.0 -5.250763 -0.194701 4.794785 1.0]
257
	ConcatTransform [1.1 0.0 0.0 0.0 0.0 1.1 0.0 0.0 0.0 0.0 1.1 0.0 -9.609 0.05 6.704 1.0]
	ConcatTransform [0.402257 0.422961 0.811969 0.0 0.915211 -0.209053 -0.344507 0.0 0.024032 0.881703 -0.471192 0.0 -5.363949 -0.243056 4.862044 1.0]
258
	ConcatTransform [1.1 0.0 0.0 0.0 0.0 1.1 0.0 0.0 0.0 0.0 1.1 0.0 -9.609 0.05 6.704 1.0]
	ConcatTransform [0.42999 -0.375634 0.820979 0.0 0.832978 -0.185666 -0.521225 0.0 0.348218 0.90798 0.233061 0.0 -5.525898 -0.298552 4.929402 1.0]
259
	ConcatTransform [1.1 0.0 0.0 0.0 0.0 1.1 0.0 0.0 0.0 0.0 1.1 0.0 -9.609 0.05 6.704 1.0]
	ConcatTransform [0.515704 -0.735545 0.439343 0.0 0.710537 0.080642 -0.699023 0.0 0.478733 0.672659 0.56422 0.0 -5.621367 -0.325416 4.955597 1.0]
260
	ConcatTransform [1.1 0.0 0.0 0.0 0.0 1.1 0.0 0.0 0.0 0.0 1.1 0.0 -9.609 0.05 6.704 1.0]
	ConcatTransform [0.596247 -0.705549 -0.383003 0.0 0.365277 0.663266 -0.653185 0.0 0.714886 0.249557 0.653191 0.0 -5.749674 -0.362488 4.980656 1.0]
261
	ConcatTransform [1.1 0.0 0.0 0.0 0.0 1.1 0.0 0.0 0.0 0.0 1.1 0.0 -9.609 0.05 6.704 1.0]
	ConcatTransform [0.647888 -0.303066 -0.698851 0.0 -0.039633 0.902791 -0.428249 0.0 0.760704 0.305155 0.572896 0.0 -5.832878 -0.374078 4.999517 1.0]
262
	ConcatTransform [1.1 0.0 0.0 0.0 0.0 1.1 0.0 0.0 0.0 0.0 1.1 0.0 -9.609 0.05 6.704 1.0]
	ConcatTransform [0.287127 0.295816 -0.911071 0.0 -0.608344 0.790998 0.065108 0.0 0.739916 0.535551 0.407075 0.0 -5.951418 -0.400879 5.02772 1.0]
263
	ConcatTransform [1.1 0.0 0.0 0.0 0.0 1.1 0.0 0.0 0.0 0.0 1.1 0.0 -9.609 0.05 6.704 1.0]
	ConcatTransform [-0.158006 0.470777 -0.867988 0.0 -0.790957 0.465879 0.396666 0.0 0.591119 0.749217 0.298752 0.0 -6.027677 -0.424551 5.04576 1.0]
264
	ConcatTransform [1.1 0.0 0.0 0.0 0.0 1.1 0.0 0.0 0.0 0.0 1.1 0.0 -9.609 0.05 6.704 1.0]
	ConcatTransform [-0.776253 0.050591 -0.628389 0.0 -0.59693 0.261584 0.758451 0.0 0.202747 0.963854 -0.172856 0.0 -6.123905 -0.439342 5.0595 1.0]
265
	ConcatTransform [1.1 0.0 0.0 0.0 0.0 1.1 0.0 0.0 0.0 0.0 1.1 0.0 -9.609 0.05 6.704 1.0]
	ConcatTransform [-0.94024 -0.269199 -0.208521 0.0 -0.290861 0.316516 0.902894 0.0 -0.177058 0.909587 -0.375901 0.0 -6.181676 -0.45527 5.069586 1.0]
266
	ConcatTransform [1.1 0.0 0.0 0.0 0.0 1.1 0.0 0.0 0.0 0.0 1.1 0.0 -9.609 0.05 6.704 1.0]
	ConcatTransform [-0.689961 -0.453993 0.563776 0.0 0.234282 0.596876 0.767367 0.0 -0.684884 0.661536 -0.305459 0.0 -6.262799 -0.485478 5.089262 1.0]
267
	ConcatTransform [1.1 0.0 0.0 0.0 0.0 1.1 0.0 0.0 0.0 0.0 1.1 0.0 -9.609 0.05 6.704 1.0]
	ConcatTransform [-0.247744 -0.291233 0.924016 0.0 0.49384 0.782582 0.379062 0.0 -0.833514 0.550226 -0.050057 0.0 -6.311806 -0.502311 5.106615 1.0]
268
	ConcatTransform [1.1 0.0 0.0 0.0 0.0 1.1 0.0 0.0 0.0 0.0 1.1 0.0 -9.609 0.05 6.704 1.0]
	ConcatTransform [0.382412 0.02969 0.923515 0.0 0.673512 0.675294 -0.3006 0.0 -0.632568 0.736951 0.238244 0.0 -6.37185 -0.521139 5.131501 1.0]
269
	ConcatTransform [1.1 0.0 0.0 0.0 0.0 1.1 0.0 0.0 0.0 0.0 1.1 0.0 -9.609 0.05 6.704 1.0]
	ConcatTransform [0.672024 -0.032796 0.739803 0.0 0.664456 0.467751 -0.582844 0.0 -0.326929 0.883251 0.336132 0.0 -6.405854 -0.502234 5.14102 1.0]
270
	ConcatTransform [1.1 0.0 0.0 0.0 0.0 1.1 0.0 0.0 0.0 0.0 1.1 0.0 -9.609 0.05 6.704 1.0]
	ConcatTransform [0.850676 -0.373973 0.369453 0.0 0.494914 0.332793 -0.802689 0.0 0.177232 0.865675 0.468183 0.0 -6.453401 -0.45213 5.15805 1.0]
271
	ConcatTransform [1.1 0.0 0.0 0.0 0.0 1.1 0.0 0.0 0.0 0.0 1.1 0.0 -9.609 0.05 6.704 1.0]
	ConcatTransform [0.81764 -0.570903 0.074393 0.0 0.328673 0.356772 -0.874464 0.0 0.472693 0.739448 0.479352 0.0 -6.482519 -0.419608 5.170847 1.0]
272
	ConcatTransform [1.1 0.0 0.0 0.0 0.0 1.1 0.0 0.0 0.0 0.0 1.1 0.0 -9.609 0.05 6.704 1.0]
	ConcatTransform [0.604709 -0.702533 -0.375199 0.0 0.100081 0.534385 -0.839295 0.0 0.790133 0.469979 0.393457 0.0 -6.521954 -0.375276 5.193055 1.0]
273
	ConcatTransform [1.1 0.0 0.0 0.0 0.0 1.1 0.0 0.0 0.0 0.0 1.1 0.0 -9.609 0.05 6.704 1.0]
	ConcatTransform [0.461774 -0.643967 -0.609976 0.0 -0.015286 0.681807 -0.731373 0.0 0.886866 0.347053 0.304997 0.0 -6.545987 -0.348581 5.21114 1.0]
274
	ConcatTransform [1.1 0.0 0.0 0.0 0.0 1.1 0.0 0.0 0.0 0.0 1.1 0.0 -9.609 0.05 6.704 1.0]
	ConcatTransform [0.311252 -0.419776 -0.852591 0.0 -0.177501 0.855687 -0.4861 0.0 0.933604 0.302635 0.191823 0.0 -6.583851 -0.318412 5.241557 1.0]
275
	ConcatTransform [1.1 0.0 0.0 0.0 0.0 1.1 0.0 0.0 0.0 0.0 1.1 0.0 -9.609 0.05 6.704 1.0]
	ConcatTransform [0.211085 -0.231344 -0.949696 0.0 -0.264621 0.921782 -0.28336 0.0 0.940967 0.311123 0.133356 0.0 -6.608541 -0.308905 5.263505 1.0]
276
	ConcatTransform [1.1 0.0 0.0 0.0 0.0 1.1 0.0 0.0 0.0 0.0 1.1 0.0 -9.609 0.05 6.704 1.0]
	ConcatTransform [0.020243 0.051035 -0.998492 0.0 -0.368846 0.92863 0.039987 0.0 0.92927 0.36748 0.037622 0.0 -6.642341 -0.310032 5.296837 1.0]
277
	ConcatTransform [1.1 0.0 0.0 0.0 0.0 1.1 0.0 0.0 0.0 0.0 1.1 0.0 -9.609 0.05 6.704 1.0]
	ConcatTransform [-0.114296 0.207527 -0.971529 0.0 -0.441784 0.865302 0.23681 0.0 0.889811 0.456273 -0.007218 0.0 -6.660579 -0.317858 5.321424 1.0]
278
	ConcatTransform [1.1 0.0 0.0 0.0 0.0 1.1 0.0 0.0 0.0 0.0 1.1 0.0 -9.609 0.05 6.704 1.0]
	ConcatTransform [-0.338897 0.389368 -0.85647 0.0 -0.493432 0.701532 0.514177 0.0 0.801046 0.596862 -0.04562 0.0 -6.685875 -0.34664 5.358651 1.0]
279
	ConcatTransform [1.1 0.0 0.0 0.0 0.0 1.1 0.0 0.0 0.0 0.0 1.1 0.0 -9.609 0.05 6.704 1.0]
	ConcatTransform [-0.527352 0.380904 -0.759481 0.0 -0.500622 0.582936 0.639972 0.0 0.686497 0.717703 -0.116723 0.0 -6.700213 -0.37015 5.381106 1.0]
280
	ConcatTransform [1.1 0.0 0.0 0.0 0.0 1.1 0.0 0.0 0.0 0.0 1.1 0.0 -9.609 0.05 6.704 1.0]
	ConcatTransform [-0.783209 0.252589 -0.568139 0.0 -0.429703 0.440525 0.788221 0.0 0.449376 0.861473 -0.236485 0.0 -6.714473 -0.412433 5.416825 1.0]
281
	ConcatTransform [1.1 0.0 0.0 0.0 0.0 1.1 0.0 0.0 0.0 0.0 1.1 0.0 -9.609 0.05 6.704 1.0]
	ConcatTransform [-0.907678 0.085673 -0.41083 0.0 -0.334262 0.444327 0.831169 0.0 0.253752 0.891759 -0.374669 0.0 -6.718276 -0.43533 5.442778 1.0]
282
	ConcatTransform [1.1 0.0 0.0 0.0 0.0 1.1 0.0 0.0 0.0 0.0 1.1 0.0 -9.609 0.05 6.704 1.0]
	ConcatTransform [-0.986356 -0.13553 -0.09345 0.0 -0.149829 0.503852 0.850697 0.0 -0.06821 0.853092 -0.517284 0.0 -6.719536 -0.467467 5.494212 1.0]
283
	ConcatTransform [1.1 0.0 0.0 0.0 0.0 1.1 0.0 0.0 0.0 0.0 1.1 0.0 -9.609 0.05 6.704 1.0]
	ConcatTransform [-0.957795 -0.245278 0.149892 0.0 -0.019643 0.576078 0.817159 0.0 -0.286781 0.779726 -0.556582 0.0 -6.718225 -0.486099 5.53484 1.0]
284
	ConcatTransform [1.1 0.0 0.0 0.0 0.0 1.1 0.0 0.0 0.0 0.0 1.1 0.0 -9.609 0.05 6.704 1.0]
	ConcatTransform [-0.820139 -0.229487 0.524126 0.0 0.206632 0.735422 0.645335 0.0 -0.53355 0.637566 -0.555729 0.0 -6.711652 -0.499548 5.599086 1.0]
285
	ConcatTransform [1.1 0.0 0.0 0.0 0.0 1.1 0.0 0.0 0.0 0.0 1.1 0.0 -9.609 0.05 6.704 1.0]
	ConcatTransform [-0.712188 -0.091649 0.69598 0.0 0.365194 0.798346 0.478828 0.0 -0.599518 0.595184 -0.535103 0.0 -6.705604 -0.499185 5.640374 1.0]
286
	ConcatTransform [1.1 0.0 0.0 0.0 0.0 1.1 0.0 0.0 0.0 0.0 1.1 0.0 -9.609 0.05 6.704 1.0]
	ConcatTransform [-0.588654 0.079129 0.804503 0.0 0.586071 0.727227 0.357299 0.0 -0.556783 0.681821 -0.474461 0.0 -6.700739 -0.478393 5.681 1.0]
287
	ConcatTransform [1.1 0.0 0.0 0.0 0.0 1.1 0.0 0.0 0.0 0.0 1.1 0.0 -9.609 0.05 6.704 1.0]
	ConcatTransform [-0.461163 0.141547 0.875953 0.0 0.697606 0.667898 0.259342 0.0 -0.548338 0.730669 -0.406753 0.0 -6.699818 -0.462249 5.698305 1.0]
288
	ConcatTransform [1.1 0.0 0.0 0.0 0.0 1.1 0.0 0.0 0.0 0.0 1.1 0.0 -9.609 0.05 6.704 1.0]
	ConcatTransform [-0.25327 0.204042 0.945633 0.0 0.828165 0.550953 0.102927 0.0 -0.499997 0.809208 -0.30852 0.0 -6.696449 -0.446245 5.71687 1.0]
289
	ConcatTransform [1.1 0.0 0.0 0.0 0.0 1.1 0.0 0.0 0.0 0.0 1.1 0.0 -9.609 0.05 6.704 1.0]
	ConcatTransform [-0.124917 0.180892 0.975538 0.0 0.864373 0.502547 0.017496 0.0 -0.487089 0.845414 -0.219135 0.0 -6.695415 -0.437586 5.727181 1.0]
290
	ConcatTransform [1.1 0.0 0.0 0.0 0.0 1.1 0.0 0.0 0.0 0.0 1.1 0.0 -9.609 0.05 6.704 1.0]
	ConcatTransform [0.052115 0.113584 0.992161 0.0 0.882361 0.460038 -0.099013 0.0 -0.467678 0.880604 -0.076247 0.0 -6.690917 -0.43214 5.739887 1.0]
291
	ConcatTransform [1.1 0.0 0.0 0.0 0.0 1.1 0.0 0.0 0.0 0.0 1.1 0.0 -9.609 0.05 6.704 1.0]
	ConcatTransform [0.164966 0.056344 0.984688 0.0 0.879026 0.444398 -0.172693 0.0 -0.447324 0.894056 0.023783 0.0 -6.684691 -0.433488 5.746112 1.0]
292
	ConcatTransform [1.1 0.0 0.0 0.0 0.0 1.1 0.0 0.0 0.0 0.0 1.1 0.0 -9.609 0.05 6.704 1.0]
	ConcatTransform [0.329414 -0.035781 0.943507 0.0 0.85274 0.440294 -0.281026 0.0 -0.405365 0.89714 0.175551 0.0 -6.669295 -0.440314 5.750374 1.0]
293
	ConcatTransform [1.1 0.0 0.0 0.0 0.0 1.1 0.0 0.0 0.0 0.0 1.1 0.0 -9.609 0.05 6.704 1.0]
	ConcatTransform [0.437495 -0.09428 0.894265 0.0 0.818338 0.453952 -0.352491 0.0 -0.37272 0.886024 0.275755 0.0 -6.655755 -0.447945 5.749775 1.0]
294
	ConcatTransform [1.1 0.0 0.0 0.0 0.0 1.1 0.0 0.0 0.0 0.0 1.1 0.0 -9.609 0.05 6.704 1.0]
	ConcatTransform [0.59123 -0.174423 0.787416 0.0 0.742276 0.49949 -0.446694 0.0 -0.315393 0.848579 0.424784 0.0 -6.630944 -0.463398 5.744407 1.0]
295
	ConcatTransform [1.1 0.0 0.0 0.0 0.0 1.1 0.0 0.0 0.0 0.0 1.1 0.0 -9.609 0.05 6.704 1.0]
	ConcatTransform [0.685285 -0.21663 0.69531 0.0 0.677396 0.54019 -0.499328 0.0 -0.26743 0.813182 0.516929 0.0 -6.610686 -0.473984 5.736943 1.0]
296
	ConcatTransform [1.1 0.0 0.0 0.0 0.0 1.1 0.0 0.0 0.0 0.0 1.1 0.0 -9.609 0.05 6.704 1.0]
	ConcatTransform [0.811919 -0.249775 0.527636 0.0 0.554406 0.612968 -0.562943 0.0 -0.182814 0.749588 0.636157 0.0 -6.575965 -0.48866 5.719825 1.0]
297
	ConcatTransform [1.1 0.0 0.0 0.0 0.0 1.1 0.0 0.0 0.0 0.0 1.1 0.0 -9.609 0.05 6.704 1.0]
	ConcatTransform [0.886981 -0.222939 0.40443 0.0 0.439976 0.674026 -0.593389 0.0 -0.140306 0.704264 0.695936 0.0 -6.55138 -0.49466 5.707149 1.0]
298
	ConcatTransform [1.1 0.0 0.0 0.0 0.0 1.1 0.0 0.0 0.0 0.0 1.1 0.0 -9.609 0.05 6.704 1.0]
	ConcatTransform [0.9649 -0.14691 0.217684 0.0 0.2517 0.753858 -0.606915 0.0 -0.074941 0.640403 0.764374 0.0 -6.510838 -0.501141 5.689065 1.0]
299
	ConcatTransform [1.1 0.0 0.0 0.0 0.0 1.1 0.0 0.0 0.0 0.0 1.1 0.0 -9.609 0.05 6.704 1.0]
	ConcatTransform [0.984822 -0.091538 0.147468 0.0 0.166129 0.743197 -0.64812 0.0 -0.05027 0.662782 0.747123 0.0 -6.488744 -0.49487 5.675024 1.0]
300
	ConcatTransform [1.1 0.0 0.0 0.0 0.0 1.1 0.0 0.0 0.0 0.0 1.1 0.0 -9.609 0.05 6.704 1.0]
	ConcatTransform [0.999497 -0.013316 0.028797 0.0 0.029566 0.720174 -0.693164 0.0 -0.011509 0.693666 0.720205 0.0 -6.465837 -0.482423 5.661374 1.0]
301
	ConcatTransform [1.1 0.0 0.0 0.0 0.0 1.1 0.0 0.0 0.0 0.0 1.1 0.0 -9.609 0.05 6.704 1.0]
	ConcatTransform [0.998342 0.030035 -0.049094 0.0 -0.056188 0.693298 -0.718457 0.0 0.012458 0.720025 0.693836 0.0 -6.455532 -0.476446 5.654771 1.0]
302
	ConcatTransform [1.1 0.0 0.0 0.0 0.0 1.1 0.0 0.0 0.0 0.0 1.1 0.0 -9.609 0.05 6.704 1.0]
	ConcatTransform [0.983876 0.074678 -0.162513 0.0 -0.172423 0.637449 -0.750952 0.0 0.047514 0.766865 0.640047 0.0 -6.44706 -0.47232 5.648215 1.0]
303
	ConcatTransform [1.1 0.0 0.0 0.0 0.0 1.1 0.0 0.0 0.0 0.0 1.1 0.0 -9.609 0.05 6.704 1.0]
	ConcatTransform [0.969318 0.062756 -0.237663 0.0 -0.22524 0.613932 -0.756541 0.0 0.098431 0.78686 0.609231 0.0 -6.443346 -0.470807 5.646047 1.0]
304
	ConcatTransform [1.1 0.0 0.0 0.0 0.0 1.1 0.0 0.0 0.0 0.0 1.1 0.0 -9.609 0.05 6.704 1.0]
	ConcatTransform [0.939965 0.025992 -0.340281 0.0 -0.286058 0.603771 -0.744064 0.0 0.186112 0.796734 0.574959 0.0 -6.441499 -0.471582 5.641587 1.0]
305
	ConcatTransform [1.1 0.0 0.0 0.0 0.0 1.1 0.0 0.0 0.0 0.0 1.1 0.0 -9.609 0.05 6.704 1.0]
	ConcatTransform [0.914377 -0.004777 -0.404836 0.0 -0.320099 0.603717 -0.730111 0.0 0.247894 0.797185 0.550495 0.0 -6.443347 -0.474179 5.63659 1.0]
306
	ConcatTransform [1.1 0.0 0.0 0.0 0.0 1.1 0.0 0.0 0.0 0.0 1.1 0.0 -9.609 0.05 6.704 1.0]
	ConcatTransform [0.865135 -0.052661 -0.498767 0.0 -0.366186 0.613214 -0.699912 0.0 0.342709 0.78816 0.511229 0.0 -6.451349 -0.47976 5.626094 1.0]
307
	ConcatTransform [1.1 0.0 0.0 0.0 0.0 1.1 0.0 0.0 0.0 0.0 1.1 0.0 -9.609 0.05 6.704 1.0]
	ConcatTransform [0.824221 -0.083881 -0.560022 0.0 -0.392496 0.628238 -0.671761 0.0 0.408175 0.773486 0.484884 0.0 -6.459698 -0.484647 5.617641 1.0]
308
	ConcatTransform [1.1 0.0 0.0 0.0 0.0 1.1 0.0 0.0 0.0 0.0 1.1 0.0 -9.609 0.05 6.704 1.0]
	ConcatTransform [0.750722 -0.128843 -0.647932 0.0 -0.42164 0.661595 -0.620091 0.0 0.508563 0.73871 0.442348 0.0 -6.476282 -0.492765 5.602825 1.0]
309
	ConcatTransform [1.1 0.0 0.0 0.0 0.0 1.1 0.0 0.0 0.0 0.0 1.1 0.0 -9.609 0.05 6.704 1.0]
	ConcatTransform [0.693984 -0.15374 -0.703385 0.0 -0.435942 0.687778 -0.580445 0.0 0.57301 0.709454 0.410285 0.0 -6.490173 -0.497579 5.591541 1.0]
310
	ConcatTransform [1.1 0.0 0.0 0.0 0.0 1.1 0.0 0.0 0.0 0.0 1.1 0.0 -9.609 0.05 6.704 1.0]
	ConcatTransform [0.600831 -0.159406 -0.783321 0.0 -0.455821 0.736672 -0.499541 0.0 0.656681 0.657194 0.369956 0.0 -6.512839 -0.500114 5.57402 1.0]
311
	ConcatTransform [1.1 0.0 0.0 0.0 0.0 1.1 0.0 0.0 0.0 0.0 1.1 0.0 -9.609 0.05 6.704 1.0]
	ConcatTransform [0.539557 -0.147748 -0.828884 0.0 -0.464577 0.768798 -0.439451 0.0 0.702173 0.622189 0.34617 0.0 -6.526574 -0.499236 5.561331 1.0]
312
	ConcatTransform [1.1 0.0 0.0 0.0 0.0 1.1 0.0 0.0 0.0 0.0 1.1 0.0 -9.609 0.05 6.704 1.0]
	ConcatTransform [0.480242 -0.139878 -0.865911 0.0 -0.492865 0.773584 -0.398311 0.0 0.72557 0.618063 0.302567 0.0 -6.548581 -0.494053 5.548388 1.0]
313
	ConcatTransform [1.1 0.0 0.0 0.0 0.0 1.1 0.0 0.0 0.0 0.0 1.1 0.0 -9.609 0.05 6.704 1.0]
	ConcatTransform [0.444099 -0.1334 -0.885991 0.0 -0.510412 0.775046 -0.372537 0.0 0.73638 0.617664 0.276108 0.0 -6.561435 -0.491583 5.54604 1.0]
314
	ConcatTransform [1.1 0.0 0.0 0.0 0.0 1.1 0.0 0.0 0.0 0.0 1.1 0.0 -9.609 0.05 6.704 1.0]
	ConcatTransform [0.395391 -0.131854 -0.909 0.0 -0.537275 0.769475 -0.345317 0.0 0.744984 0.624918 0.233402 0.0 -6.578375 -0.492234 5.549405 1.0]
315
	ConcatTransform [1.1 0.0 0.0 0.0 0.0 1.1 0.0 0.0 0.0 0.0 1.1 0.0 -9.609 0.05 6.704 1.0]
	ConcatTransform [0.363514 -0.141271 -0.920815 0.0 -0.554774 0.761226 -0.335798 0.0 0.748387 0.632911 0.198343 0.0 -6.587564 -0.495727 5.555704 1.0]
316
	ConcatTransform [1.1 0.0 0.0 0.0 0.0 1.1 0.0 0.0 0.0 0.0 1.1 0.0 -9.609 0.05 6.704 1.0]
	ConcatTransform [0.317773 -0.161354 -0.934337 0.0 -0.57326 0.752217 -0.324872 0.0 0.755244 0.638854 0.146536 0.0 -6.59665 -0.500183 5.570894 1.0]
317
	ConcatTransform [1.1 0.0 0.0 0.0 0.0 1.1 0.0 0.0 0.0 0.0 1.1 0.0 -9.609 0.05 6.704 1.0]
	ConcatTransform [0.29162 -0.173511 -0.940666 0.0 -0.577997 0.751603 -0.317824 0.0 0.762153 0.636385 0.118894 0.0 -6.59953 -0.498441 5.580113 1.0]
318
	ConcatTransform [1.1 0.0 0.0 0.0 0.0 1.1 0.0 0.0 0.0 0.0 1.1 0.0 -9.609 0.05 6.704 1.0]
	ConcatTransform [0.261183 -0.186951 -0.947013 0.0 -0.587071 0.748004 -0.309577 0.0 0.766245 0.63682 0.085612 0.0 -6.602075 -0.496724 5.591273 1.0]
319
	ConcatTransform [1.1 0.0 0.0 0.0 0.0 1.1 0.0 0.0 0.0 0.0 1.1 0.0 -9.609 0.05 6.704 1.0]
	ConcatTransform [0.244754 -0.190996 -0.950587 0.0 -0.592599 0.746509 -0.302572 0.0 0.767412 0.637373 0.069527 0.0 -6.602268 -0.496158 5.597 1.0]
320
	ConcatTransform [1.1 0.0 0.0 0.0 0.0 1.1 0.0 0.0 0.0 0.0 1.1 0.0 -9.609 0.05 6.704 1.0]
	ConcatTransform [0.223513 -0.189146 -0.956172 0.0 -0.601283 0.745331 -0.287993 0.0 0.767138 0.639301 0.052861 0.0 -6.60044 -0.496226 5.60287 1.0]
321
	ConcatTransform [1.1 0.0 0.0 0.0 0.0 1.1 0.0 0.0 0.0 0.0 1.1 0.0 -9.609 0.05 6.704 1.0]
	ConcatTransform [0.209942 -0.185057 -0.960041 0.0 -0.609471 0.743028 -0.276505 0.0 0.764506 0.643167 0.043206 0.0 -6.598101 -0.496702 5.60464 1.0]
322
	ConcatTransform [1.1 0.0 0.0 0.0 0.0 1.1 0.0 0.0 0.0 0.0 1.1 0.0 -9.609 0.05 6.704 1.0]
	ConcatTransform [0.189361 -0.173723 -0.966418 0.0 -0.625173 0.737623 -0.255092 0.0 0.757167 0.652482 0.03107 0.0 -6.593072 -0.498022 5.604215 1.0]
323
	ConcatTransform [1.1 0.0 0.0 0.0 0.0 1.1 0.0 0.0 0.0 0.0 1.1 0.0 -9.609 0.05 6.704 1.0]
	ConcatTransform [0.175455 -0.161354 -0.971175 0.0 -0.635874 0.734531 -0.236916 0.0 0.751585 0.659113 0.026276 0.0 -6.588609 -0.499269 5.602127 1.0]
324
	ConcatTransform [1.1 0.0 0.0 0.0 0.0 1.1 0.0 0.0 0.0 0.0 1.1 0.0 -9.609 0.05 6.704 1.0]
	ConcatTransform [0.154052 -0.136756 -0.978553 0.0 -0.651988 0.730083 -0.204672 0.0 0.742415 0.669535 0.023308 0.0 -6.580517 -0.501414 5.596399 1.0]
325
	ConcatTransform [1.1 0.0 0.0 0.0 0.0 1.1 0.0 0.0 0.0 0.0 1.1 0.0 -9.609 0.05 6.704 1.0]
	ConcatTransform [0.144425 -0.13188 -0.980688 0.0 -0.666244 0.71981 -0.194915 0.0 0.731615 0.681528 0.016094 0.0 -6.574861 -0.501318 5.593007 1.0]
326
	ConcatTransform [1.1 0.0 0.0 0.0 0.0 1.1 0.0 0.0 0.0 0.0 1.1 0.0 -9.609 0.05 6.704 1.0]
	ConcatTransform [0.132619 -0.128075 -0.982858 0.0 -0.677182 0.712386 -0.184204 0.0 0.723766 0.690002 0.007746 0.0 -6.567772 -0.499639 5.589551 1.0]
327
	ConcatTransform [1.1 0.0 0.0 0.0 0.0 1.1 0.0 0.0 0.0 0.0 1.1 0.0 -9.609 0.05 6.704 1.0]
	ConcatTransform [0.127482 -0.126876 -0.983692 0.0 -0.680167 0.710663 -0.179807 0.0 0.721887 0.691998 0.0043 0.0 -6.564646 -0.49912 5.587911 1.0]
328
	ConcatTransform [1.1 0.0 0.0 0.0 0.0 1.1 0.0 0.0 0.0 0.0 1.1 0.0 -9.609 0.05 6.704 1.0]
	ConcatTransform [0.121302 -0.125989 -0.984588 0.0 -0.678929 0.71307 -0.17489 0.0 0.724114 0.68968 0.000959 0.0 -6.562465 -0.499115 5.58656 1.0]
329
	ConcatTransform [1.1 0.0 0.0 0.0 0.0 1.1 0.0 0.0 0.0 0.0 1.1 0.0 -9.609 0.05 6.704 1.0]
	ConcatTransform [0.11837 -0.128437 -0.984628 0.0 -0.675284 0.716581 -0.174654 0.0 0.727997 0.685577 -0.00191 0.0 -6.562815 -0.499533 5.586192 1.0]
330
	ConcatTransform [1.1 0.0 0.0 0.0 0.0 1.1 0.0 0.0 0.0 0.0 1.1 0.0 -9.609 0.05 6.704 1.0]
	ConcatTransform [0.115055 -0.136427 -0.983946 0.0 -0.666036 0.724295 -0.178307 0.0 0.736993 0.675858 -0.007531 0.0 -6.565976 -0.500637 5.586419 1.0]
331
	ConcatTransform [1.1 0.0 0.0 0.0 0.0 1.1 0.0 0.0 0.0 0.0 1.1 0.0 -9.609 0.05 6.704 1.0]
	ConcatTransform [0.113758 -0.139735 -0.983633 0.0 -0.660384 0.72905 -0.179943 0.0 0.742262 0.670045 -0.009344 0.0 -6.569225 -0.501006 5.587745 1.0]
332
	ConcatTransform [1.1 0.0 0.0 0.0 0.0 1.1 0.0 0.0 0.0 0.0 1.1 0.0 -9.609 0.05 6.704 1.0]
	ConcatTransform [0.113758 -0.14274 -0.983201 0.0 -0.65491 0.733402 -0.182249 0.0 0.747096 0.66464 -0.010051 0.0 -6.573394 -0.500828 5.588865 1.0]
333
	ConcatTransform [1.1 0.0 0.0 0.0 0.0 1.1 0.0 0.0 0.0 0.0 1.1 0.0 -9.609 0.05 6.704 1.0]
	ConcatTransform [0.113193 -0.142612 -0.983285 0.0 -0.652482 0.735671 -0.181811 0.0 0.749303 0.662156 -0.009779 0.0 -6.575493 -0.50076 5.58897 1.0]
334
	ConcatTransform [1.1 0.0 0.0 0.0 0.0 1.1 0.0 0.0 0.0 0.0 1.1 0.0 -9.609 0.05 6.704 1.0]
	ConcatTransform [0.112853 -0.14316 -0.983244 0.0 -0.649452 0.738291 -0.182037 0.0 0.751981 0.659114 -0.009657 0.0 -6.577342 -0.500597 5.589011 1.0]
335
	ConcatTransform [1.1 0.0 0.0 0.0 0.0 1.1 0.0 0.0 0.0 0.0 1.1 0.0 -9.609 0.05 6.704 1.0]
	ConcatTransform [0.112766 -0.143244 -0.983242 0.0 -0.648763 0.738894 -0.182051 0.0 0.752589 0.658421 -0.009609 0.0 -6.57776 -0.50055 5.588906 1.0]
336
	ConcatTransform [1.1 0.0 0.0 0.0 0.0 1.1 0.0 0.0 0.0 0.0 1.1 0.0 -9.609 0.05 6.704 1.0]
	ConcatTransform [0.113859 -0.14271 -0.983194 0.0 -0.651145 0.736724 -0.182341 0.0 0.750364 0.660963 -0.009043 0.0 -6.577212 -0.500682 5.588773 1.0]
337
	ConcatTransform [1.1 0.0 0.0 0.0 0.0 1.1 0.0 0.0 0.0 0.0 1.1 0.0 -9.609 0.05 6.704 1.0]
	ConcatTransform [0.114206 -0.141868 -0.983275 0.0 -0.653583 0.734668 -0.181912 0.0 0.748189 0.663428 -0.008819 0.0 -6.57592 -0.500801 5.588609 1.0]
338
	ConcatTransform [1.1 0.0 0.0 0.0 0.0 1.1 0.0 0.0 0.0 0.0 1.1 0.0 -9.609 0.05 6.704 1.0]
	ConcatTransform [0.115624 -0.140724 -0.983274 0.0 -0.658837 0.729953 -0.181943 0.0 0.743347 0.668854 -0.008314 0.0 -6.572814 -0.501025 5.58834 1.0]
339
	ConcatTransform [1.1 0.0 0.0 0.0 0.0 1.1 0.0 0.0 0.0 0.0 1.1 0.0 -9.609 0.05 6.704 1.0]
	ConcatTransform [0.11612 -0.141647 -0.983083 0.0 -0.661835 0.72699 -0.182923 0.0 0.740602 0.67188 -0.009329 0.0 -6.570691 -0.501024 5.588338 1.0]
340
	ConcatTransform [1.1 0.0 0.0 0.0 0.0 1.1 0.0 0.0 0.0 0.0 1.1 0.0 -9.609 0.05 6.704 1.0]
	ConcatTransform [0.115698 -0.141476 -0.983157 0.0 -0.661322 0.727558 -0.182519 0.0 0.741126 0.671301 -0.009384 0.0 -6.568892 -0.501041 5.588698 1.0]
341
	ConcatTransform [1.1 0.0 0.0 0.0 0.0 1.1 0.0 0.0 0.0 0.0 1.1 0.0 -9.609 0.05 6.704 1.0]
	ConcatTransform [0.115645 -0.14127 -0.983193 0.0 -0.661593 0.727359 -0.182328 0.0 0.740892 0.671559 -0.009348 0.0 -6.568729 -0.501043 5.588605 1.0]
342
	ConcatTransform [1.1 0.0 0.0 0.0 0.0 1.1 0.0 0.0 0.0 0.0 1.1 0.0 -9.609 0.05 6.704 1.0]
	ConcatTransform [0.114705 -0.140198 -0.983457 0.0 -0.66065 0.728568 -0.180916 0.0 0.741879 0.670473 -0.009051 0.0 -6.569404 -0.501058 5.587998 1.0]
343
	ConcatTransform [1.1 0.0 0.0 0.0 0.0 1.1 0.0 0.0 0.0 0.0 1.1 0.0 -9.609 0.05 6.704 1.0]
	ConcatTransform [0.114861 -0.140398 -0.98341 0.0 -0.660479 0.728659 -0.181171 0.0 0.742007 0.670331 -0.009035 0.0 -6.569571 -0.501071 5.587736 1.0]
344
	ConcatTransform [1.1 0.0 0.0 0.0 0.0 1.1 0.0 0.0 0.0 0.0 1.1 0.0 -9.609 0.05 6.704 1.0]
	ConcatTransform [0.114559 -0.14027 -0.983464 0.0 -0.660915 0.728339 -0.180868 0.0 0.741665 0.670706 -0.009269 0.0 -6.569416 -0.501086 5.587628 1.0]
345
	ConcatTransform [1.1 0.0 0.0 0.0 0.0 1.1 0.0 0.0 0.0 0.0 1.1 0.0 -9.609 0.05 6.704 1.0]
	ConcatTransform [0.114459 -0.140313 -0.983469 0.0 -0.660935 0.72833 -0.180833 0.0 0.741663 0.670707 -0.009374 0.0 -6.569432 -0.501085 5.587589 1.0]
346
	ConcatTransform [1.1 0.0 0.0 0.0 0.0 1.1 0.0 0.0 0.0 0.0 1.1 0.0 -9.609 0.05 6.704 1.0]
	ConcatTransform [0.114518 -0.140359 -0.983456 0.0 -0.660916 0.728328 -0.180908 0.0 0.741671 0.670699 -0.009359 0.0 -6.569513 -0.501085 5.587557 1.0]
347
	ConcatTransform [1.1 0.0 0.0 0.0 0.0 1.1 0.0 0.0 0.0 0.0 1.1 0.0 -9.609 0.05 6.704 1.0]
	ConcatTransform [0.114506 -0.140384 -0.983453 0.0 -0.66091 0.728331 -0.180918 0.0 0.741678 0.670691 -0.009383 0.0 -6.569571 -0.501084 5.587536 1.0]
348
	ConcatTransform [1.1 0.0 0.0 0.0 0.0 1.1 0.0 0.0 0.0 0.0 1.1 0.0 -9.609 0.05 6.704 1.0]
	ConcatTransform [0.114495 -0.140309 -0.983465 0.0 -0.66094 0.72832 -0.180855 0.0 0.741653 0.670718 -0.009346 0.0 -6.569664 -0.501082 5.587501 1.0]
349
	ConcatTransform [1.1 0.0 0.0 0.0 0.0 1.1 0.0 0.0 0.0 0.0 1.1 0.0 -9.609 0.05 6.704 1.0]
	ConcatTransform [0.114499 -0.140303 -0.983466 0.0 -0.66094 0.728321 -0.180852 0.0 0.741653 0.670719 -0.00934 0.0 -6.56973 -0.50108 5.587476 1.0]
350
	ConcatTransform [1.1 0.0 0.0 0.0 0.0 1.1 0.0 0.0 0.0 0.0 1.1 0.0 -9.609 0.05 6.704 1.0]
	ConcatTransform [0.114509 -0.140388 -0.983453 0.0 -0.660927 0.728315 -0.180923 0.0 0.741663 0.670707 -0.009387 0.0 -6.56983 -0.501085 5.587438 1.0]
351
	ConcatTransform [1.1 0.0 0.0 0.0 0.0 1.1 0.0 0.0 0.0 0.0 1.1 0.0 -9.609 0.05 6.704 1.0]
	ConcatTransform [0.114515 -0.140391 -0.983451 0.0 -0.660924 0.728316 -0.180929 0.0 0.741664 0.670705 -0.009384 0.0 -6.5699 -0.501084 5.58741 1.0]
352
	ConcatTransform [1.1 0.0 0.0 0.0 0.0 1.1 0.0 0.0 0.0 0.0 1.1 0.0 -9.609 0.05 6.704 1.0]
	ConcatTransform [0.114502 -0.1403 -0.983466 0.0 -0.660929 0.72833 -0.180853 0.0 0.741661 0.670709 -0.009333 0.0 -6.570007 -0.50108 5.587372 1.0]
353
	ConcatTransform [1.1 0.0 0.0 0.0 0.0 1.1 0.0 0.0 0.0 0.0 1.1 0.0 -9.609 0.05 6.704 1.0]
	ConcatTransform [0.114503 -0.140297 -0.983466 0.0 -0.66093 0.72833 -0.180851 0.0 0.74166 0.670711 -0.009331 0.0 -6.570078 -0.50108 5.587347 1.0]
354
	ConcatTransform [1.1 0.0 0.0 0.0 0.0 1.1 0.0 0.0 0.0 0.0 1.1 0.0 -9.609 0.05 6.704 1.0]
	ConcatTransform [0.11435 -0.140095 -0.983513 0.0 -0.660845 0.72847 -0.1806 0.0 0.74176 0.670601 -0.009281 0.0 -6.569993 -0.501084 5.587308 1.0]
355
	ConcatTransform [1.1 0.0 0.0 0.0 0.0 1.1 0.0 0.0 0.0 0.0 1.1 0.0 -9.609 0.05 6.704 1.0]
	ConcatTransform [0.114234 -0.140301 -0.983497 0.0 -0.660822 0.728472 -0.180675 0.0 0.741798 0.670556 -0.009498 0.0 -6.570009 -0.501084 5.587405 1.0]
356
	ConcatTransform [1.1 0.0 0.0 0.0 0.0 1.1 0.0 0.0 0.0 0.0 1.1 0.0 -9.609 0.05 6.704 1.0]
	ConcatTransform [0.114337 -0.140249 -0.983492 0.0 -0.66086 0.728429 -0.180705 0.0 0.741748 0.670613 -0.009398 0.0 -6.570224 -0.501084 5.587349 1.0]
357
	ConcatTransform [1.1 0.0 0.0 0.0 0.0 1.1 0.0 0.0 0.0 0.0 1.1 0.0 -9.609 0.05 6.704 1.0]
	ConcatTransform [0.114286 -0.140306 -0.98349 0.0 -0.660922 0.728372 -0.180712 0.0 0.741702 0.670663 -0.009489 0.0 -6.570282 -0.501086 5.587393 1.0]
358
	ConcatTransform [1.1 0.0 0.0 0.0 0.0 1.1 0.0 0.0 0.0 0.0 1.1 0.0 -9.609 0.05 6.704 1.0]
	ConcatTransform [0.114278 -0.140368 -0.983482 0.0 -0.66098 0.728309 -0.180752 0.0 0.741651 0.670718 -0.009551 0.0 -6.570339 -0.501086 5.587424 1.0]
359
	ConcatTransform [1.1 0.0 0.0 0.0 0.0 1.1 0.0 0.0 0.0 0.0 1.1 0.0 -9.609 0.05 6.704 1.0]
	ConcatTransform [0.114263 -0.140376 -0.983483 0.0 -0.660989 0.728302 -0.180748 0.0 0.741645 0.670724 -0.009568 0.0 -6.57038 -0.501086 5.587438 1.0]
360
	ConcatTransform [1.1 0.0 0.0 0.0 0.0 1.1 0.0 0.0 0.0 0.0 1.1 0.0 -9.609 0.05 6.704 1.0]
	ConcatTransform [-0.125393 -0.367442 -0.921555 0.0 -0.323618 0.893228 -0.312114 0.0 0.937842 0.259095 -0.230915 0.0 -153.551819 -286.307617 53.131245 1.0]
