228
	ConcatTransform [1.1 0.0 0.0 0.0 0.0 1.1 0.0 0.0 0.0 0.0 1.1 0.0 -9.609 0.05 6.704 1.0]
	ConcatTransform [0.997662 0.007172 -0.067966 0.0 -0.012781 0.996514 -0.082445 0.0 0.067137 0.08312 0.994275 0.0 0.025987 0.028642 -0.000206 1.0]
229
	ConcatTransform [1.1 0.0 0.0 0.0 0.0 1.1 0.0 0.0 0.0 0.0 1.1 0.0 -9.609 0.05 6.704 1.0]
	ConcatTransform [0.991947 0.061817 -0.110544 0.0 -0.076296 0.988316 -0.131951 0.0 0.101096 0.139322 0.985073 0.0 0.049867 0.045112 0.010318 1.0]
230
	ConcatTransform [1.1 0.0 0.0 0.0 0.0 1.1 0.0 0.0 0.0 0.0 1.1 0.0 -9.609 0.05 6.704 1.0]
	ConcatTransform [0.970499 0.159632 -0.180691 0.0 -0.191532 0.965646 -0.175623 0.0 0.146448 0.205051 0.967733 0.0 0.083979 0.05293 0.028346 1.0]
231
	ConcatTransform [1.1 0.0 0.0 0.0 0.0 1.1 0.0 0.0 0.0 0.0 1.1 0.0 -9.609 0.05 6.704 1.0]
	ConcatTransform [0.949195 0.218066 -0.226883 0.0 -0.264669 0.943221 -0.200711 0.0 0.170233 0.250563 0.953016 0.0 0.10707 0.045778 0.040286 1.0]
232
	ConcatTransform [1.1 0.0 0.0 0.0 0.0 1.1 0.0 0.0 0.0 0.0 1.1 0.0 -9.609 0.05 6.704 1.0]
	ConcatTransform [0.907971 0.29693 -0.29567 0.0 -0.369677 0.899844 -0.231561 0.0 0.197299 0.319553 0.9268 0.0 0.14199 0.016475 0.058252 1.0]
233
	ConcatTransform [1.1 0.0 0.0 0.0 0.0 1.1 0.0 0.0 0.0 0.0 1.1 0.0 -9.609 0.05 6.704 1.0]
	ConcatTransform [0.870721 0.360983 -0.333971 0.0 -0.446768 0.86447 -0.230414 0.0 0.205532 0.349834 0.913987 0.0 0.165047 -0.013899 0.071176 1.0]
234
	ConcatTransform [1.1 0.0 0.0 0.0 0.0 1.1 0.0 0.0 0.0 0.0 1.1 0.0 -9.609 0.05 6.704 1.0]
	ConcatTransform [0.792581 0.485137 -0.369401 0.0 -0.574961 0.796338 -0.187791 0.0 0.203063 0.361231 0.910098 0.0 0.200031 -0.074618 0.090602 1.0]
235
	ConcatTransform [1.1 0.0 0.0 0.0 0.0 1.1 0.0 0.0 0.0 0.0 1.1 0.0 -9.609 0.05 6.704 1.0]
	ConcatTransform [0.726934 0.574506 -0.376179 0.0 -0.658914 0.737815 -0.146495 0.0 0.193388 0.354362 0.914893 0.0 0.224176 -0.12628 0.102439 1.0]
236
	ConcatTransform [1.1 0.0 0.0 0.0 0.0 1.1 0.0 0.0 0.0 0.0 1.1 0.0 -9.609 0.05 6.704 1.0]
	ConcatTransform [0.658091 0.695416 -0.28864 0.0 -0.742822 0.662278 -0.097997 0.0 0.123011 0.278899 0.952409 0.0 0.275375 -0.220557 0.117282 1.0]
237
	ConcatTransform [1.1 0.0 0.0 0.0 0.0 1.1 0.0 0.0 0.0 0.0 1.1 0.0 -9.609 0.05 6.704 1.0]
	ConcatTransform [0.609804 0.762106 -0.217563 0.0 -0.785218 0.618211 -0.035329 0.0 0.107575 0.192378 0.975407 0.0 0.320309 -0.279199 0.103114 1.0]
238
	ConcatTransform [1.1 0.0 0.0 0.0 0.0 1.1 0.0 0.0 0.0 0.0 1.1 0.0 -9.609 0.05 6.704 1.0]
	ConcatTransform [0.533496 0.838453 -0.111257 0.0 -0.837189 0.5422 0.071647 0.0 0.120397 0.05492 0.991206 0.0 0.378719 -0.339088 0.047469 1.0]
239
	ConcatTransform [1.1 0.0 0.0 0.0 0.0 1.1 0.0 0.0 0.0 0.0 1.1 0.0 -9.609 0.05 6.704 1.0]
	ConcatTransform [0.582467 0.810761 -0.058301 0.0 -0.802206 0.584928 0.119686 0.0 0.131138 -0.022944 0.991099 0.0 0.412983 -0.36848 0.003804 1.0]
240
	ConcatTransform [1.1 0.0 0.0 0.0 0.0 1.1 0.0 0.0 0.0 0.0 1.1 0.0 -9.609 0.05 6.704 1.0]
	ConcatTransform [0.615482 0.787982 0.016353 0.0 -0.766768 0.593854 0.243728 0.0 0.182342 -0.162548 0.969706 0.0 0.456481 -0.41846 -0.046609 1.0]
241
	ConcatTransform [1.1 0.0 0.0 0.0 0.0 1.1 0.0 0.0 0.0 0.0 1.1 0.0 -9.609 0.05 6.704 1.0]
	ConcatTransform [0.606741 0.791989 0.067965 0.0 -0.76625 0.559984 0.315086 0.0 0.211485 -0.243254 0.946626 0.0 0.481239 -0.464188 -0.076157 1.0]
242
	ConcatTransform [1.1 0.0 0.0 0.0 0.0 1.1 0.0 0.0 0.0 0.0 1.1 0.0 -9.609 0.05 6.704 1.0]
	ConcatTransform [0.615829 0.778112 0.123676 0.0 -0.740156 0.517553 0.429311 0.0 0.270043 -0.355922 0.894649 0.0 0.509866 -0.491845 -0.134806 1.0]
243
	ConcatTransform [1.1 0.0 0.0 0.0 0.0 1.1 0.0 0.0 0.0 0.0 1.1 0.0 -9.609 0.05 6.704 1.0]
	ConcatTransform [0.637335 0.761356 0.118916 0.0 -0.690582 0.495853 0.526524 0.0 0.341907 -0.417693 0.841803 0.0 0.517569 -0.501016 -0.177105 1.0]
244
	ConcatTransform [1.1 0.0 0.0 0.0 0.0 1.1 0.0 0.0 0.0 0.0 1.1 0.0 -9.609 0.05 6.704 1.0]
	ConcatTransform [0.69447 0.715509 0.075875 0.0 -0.555165 0.465766 0.689097 0.0 0.457715 -0.520681 0.720686 0.0 0.519408 -0.512477 -0.23732 1.0]
245
	ConcatTransform [1.1 0.0 0.0 0.0 0.0 1.1 0.0 0.0 0.0 0.0 1.1 0.0 -9.609 0.05 6.704 1.0]
	ConcatTransform [0.724679 0.687957 0.039437 0.0 -0.476471 0.458915 0.749914 0.0 0.497811 -0.562238 0.660358 0.0 0.516324 -0.505406 -0.268753 1.0]
246
	ConcatTransform [1.1 0.0 0.0 0.0 0.0 1.1 0.0 0.0 0.0 0.0 1.1 0.0 -9.609 0.05 6.704 1.0]
	ConcatTransform [0.748012 0.663118 0.02744 0.0 -0.417965 0.438551 0.795599 0.0 0.515543 -0.606586 0.605201 0.0 0.510532 -0.495339 -0.301077 1.0]
247
	ConcatTransform [1.1 0.0 0.0 0.0 0.0 1.1 0.0 0.0 0.0 0.0 1.1 0.0 -9.609 0.05 6.704 1.0]
	ConcatTransform [0.75703 0.652091 0.041011 0.0 -0.416579 0.433357 0.799164 0.0 0.503356 -0.622076 0.599712 0.0 0.50579 -0.491242 -0.314819 1.0]
248
	ConcatTransform [1.1 0.0 0.0 0.0 0.0 1.1 0.0 0.0 0.0 0.0 1.1 0.0 -9.609 0.05 6.704 1.0]
	ConcatTransform [0.766899 0.639252 0.056768 0.0 -0.425809 0.440657 0.790258 0.0 0.480159 -0.630221 0.610139 0.0 0.499646 -0.489796 -0.32877 1.0]
249
	ConcatTransform [1.1 0.0 0.0 0.0 0.0 1.1 0.0 0.0 0.0 0.0 1.1 0.0 -9.609 0.05 6.704 1.0]
	ConcatTransform [0.774568 0.629688 0.059474 0.0 -0.431921 0.457909 0.777022 0.0 0.462048 -0.627545 0.626658 0.0 0.498312 -0.491208 -0.331964 1.0]
250
	ConcatTransform [1.1 0.0 0.0 0.0 0.0 1.1 0.0 0.0 0.0 0.0 1.1 0.0 -9.609 0.05 6.704 1.0]
	ConcatTransform [0.785759 0.616746 0.04699 0.0 -0.438256 0.501523 0.745927 0.0 0.436481 -0.606712 0.664368 0.0 0.501176 -0.495369 -0.326072 1.0]
251
	ConcatTransform [1.1 0.0 0.0 0.0 0.0 1.1 0.0 0.0 0.0 0.0 1.1 0.0 -9.609 0.05 6.704 1.0]
	ConcatTransform [0.791602 0.610274 0.030528 0.0 -0.443303 0.539199 0.716064 0.0 0.420535 -0.58037 0.697367 0.0 0.504301 -0.499822 -0.315368 1.0]
252
	ConcatTransform [1.1 0.0 0.0 0.0 0.0 1.1 0.0 0.0 0.0 0.0 1.1 0.0 -9.609 0.05 6.704 1.0]
	ConcatTransform [0.791874 0.610642 -0.007213 0.0 -0.461709 0.606386 0.647395 0.0 0.399701 -0.509325 0.76212 0.0 0.507392 -0.507188 -0.290888 1.0]
253
	ConcatTransform [1.1 0.0 0.0 0.0 0.0 1.1 0.0 0.0 0.0 0.0 1.1 0.0 -9.609 0.05 6.704 1.0]
	ConcatTransform [0.794864 0.605378 -0.041333 0.0 -0.466209 0.652893 0.596975 0.0 0.388382 -0.455245 0.801194 0.0 0.510364 -0.509576 -0.267643 1.0]
254
	ConcatTransform [1.1 0.0 0.0 0.0 0.0 1.1 0.0 0.0 0.0 0.0 1.1 0.0 -9.609 0.05 6.704 1.0]
	ConcatTransform [0.810929 0.574998 -0.108494 0.0 -0.445709 0.727114 0.522157 0.0 0.379127 -0.375076 0.84592 0.0 0.513546 -0.50473 -0.227147 1.0]
255
	ConcatTransform [1.1 0.0 0.0 0.0 0.0 1.1 0.0 0.0 0.0 0.0 1.1 0.0 -9.609 0.05 6.704 1.0]
	ConcatTransform [0.829833 0.528533 -0.178967 0.0 -0.374521 0.76529 0.523512 0.0 0.413655 -0.367401 0.83301 0.0 0.507796 -0.494908 -0.20224 1.0]
256
	ConcatTransform [1.1 0.0 0.0 0.0 0.0 1.1 0.0 0.0 0.0 0.0 1.1 0.0 -9.609 0.05 6.704 1.0]
	ConcatTransform [0.86777 0.417538 -0.269514 0.0 -0.211583 0.801116 0.559863 0.0 0.449676 -0.428807 0.783528 0.0 0.497154 -0.481348 -0.191815 1.0]
257
	ConcatTransform [1.1 0.0 0.0 0.0 0.0 1.1 0.0 0.0 0.0 0.0 1.1 0.0 -9.609 0.05 6.704 1.0]
	ConcatTransform [0.872996 0.410536 -0.263321 0.0 -0.205149 0.798897 0.565401 0.0 0.442483 -0.439572 0.781655 0.0 0.489148 -0.474588 -0.194724 1.0]
258
	ConcatTransform [1.1 0.0 0.0 0.0 0.0 1.1 0.0 0.0 0.0 0.0 1.1 0.0 -9.609 0.05 6.704 1.0]
	ConcatTransform [0.859684 0.435976 -0.266211 0.0 -0.22272 0.788896 0.572747 0.0 0.459716 -0.433091 0.775302 0.0 0.477966 -0.481132 -0.199111 1.0]
259
	ConcatTransform [1.1 0.0 0.0 0.0 0.0 1.1 0.0 0.0 0.0 0.0 1.1 0.0 -9.609 0.05 6.704 1.0]
	ConcatTransform [0.85307 0.459966 -0.246378 0.0 -0.254577 0.779047 0.572955 0.0 0.45548 -0.426049 0.781678 0.0 0.478228 -0.487746 -0.203639 1.0]
260
	ConcatTransform [1.1 0.0 0.0 0.0 0.0 1.1 0.0 0.0 0.0 0.0 1.1 0.0 -9.609 0.05 6.704 1.0]
	ConcatTransform [0.844339 0.492505 -0.211022 0.0 -0.314609 0.774498 0.548793 0.0 0.433719 -0.396978 0.808886 0.0 0.490585 -0.492581 -0.211553 1.0]
261
	ConcatTransform [1.1 0.0 0.0 0.0 0.0 1.1 0.0 0.0 0.0 0.0 1.1 0.0 -9.609 0.05 6.704 1.0]
	ConcatTransform [0.835379 0.511593 -0.201032 0.0 -0.335381 0.764154 0.550988 0.0 0.435501 -0.392862 0.809938 0.0 0.498298 -0.495448 -0.214606 1.0]
262
	ConcatTransform [1.1 0.0 0.0 0.0 0.0 1.1 0.0 0.0 0.0 0.0 1.1 0.0 -9.609 0.05 6.704 1.0]
	ConcatTransform [0.826248 0.526865 -0.199318 0.0 -0.346257 0.754123 0.558036 0.0 0.44432 -0.392061 0.805523 0.0 0.51197 -0.498307 -0.220495 1.0]
263
	ConcatTransform [1.1 0.0 0.0 0.0 0.0 1.1 0.0 0.0 0.0 0.0 1.1 0.0 -9.609 0.05 6.704 1.0]
	ConcatTransform [0.816784 0.542782 -0.195579 0.0 -0.357591 0.742296 0.566679 0.0 0.452761 -0.392917 0.80039 0.0 0.52143 -0.501133 -0.22623 1.0]
264
	ConcatTransform [1.1 0.0 0.0 0.0 0.0 1.1 0.0 0.0 0.0 0.0 1.1 0.0 -9.609 0.05 6.704 1.0]
	ConcatTransform [0.801655 0.567324 -0.188395 0.0 -0.375394 0.723028 0.579922 0.0 0.465219 -0.394175 0.792589 0.0 0.537742 -0.503381 -0.237632 1.0]
265
	ConcatTransform [1.1 0.0 0.0 0.0 0.0 1.1 0.0 0.0 0.0 0.0 1.1 0.0 -9.609 0.05 6.704 1.0]
	ConcatTransform [0.789891 0.584673 -0.185012 0.0 -0.3818 0.704952 0.597722 0.0 0.479896 -0.401498 0.780064 0.0 0.547939 -0.505173 -0.247813 1.0]
266
	ConcatTransform [1.1 0.0 0.0 0.0 0.0 1.1 0.0 0.0 0.0 0.0 1.1 0.0 -9.609 0.05 6.704 1.0]
	ConcatTransform [0.768784 0.613306 -0.181181 0.0 -0.386135 0.671011 0.632964 0.0 0.509775 -0.416653 0.752682 0.0 0.561376 -0.508175 -0.266781 1.0]
267
	ConcatTransform [1.1 0.0 0.0 0.0 0.0 1.1 0.0 0.0 0.0 0.0 1.1 0.0 -9.609 0.05 6.704 1.0]
	ConcatTransform [0.75586 0.630742 -0.175616 0.0 -0.385198 0.645291 0.659714 0.0 0.529433 -0.431004 0.73071 0.0 0.568945 -0.510263 -0.281749 1.0]
268
	ConcatTransform [1.1 0.0 0.0 0.0 0.0 1.1 0.0 0.0 0.0 0.0 1.1 0.0 -9.609 0.05 6.704 1.0]
	ConcatTransform [0.739909 0.649872 -0.173788 0.0 -0.373876 0.612032 0.696874 0.0 0.559242 -0.450648 0.695819 0.0 0.57885 -0.512285 -0.307521 1.0]
269
	ConcatTransform [1.1 0.0 0.0 0.0 0.0 1.1 0.0 0.0 0.0 0.0 1.1 0.0 -9.609 0.05 6.704 1.0]
	ConcatTransform [0.723388 0.670719 -0.163848 0.0 -0.374866 0.58082 0.722581 0.0 0.579815 -0.461285 0.671588 0.0 0.585884 -0.512216 -0.323788 1.0]
270
	ConcatTransform [1.1 0.0 0.0 0.0 0.0 1.1 0.0 0.0 0.0 0.0 1.1 0.0 -9.609 0.05 6.704 1.0]
	ConcatTransform [0.705627 0.693704 -0.144451 0.0 -0.378278 0.541167 0.751028 0.0 0.599163 -0.475303 0.644275 0.0 0.59809 -0.51235 -0.347392 1.0]
271
	ConcatTransform [1.1 0.0 0.0 0.0 0.0 1.1 0.0 0.0 0.0 0.0 1.1 0.0 -9.609 0.05 6.704 1.0]
	ConcatTransform [0.691771 0.710964 -0.126426 0.0 -0.387907 0.513537 0.765381 0.0 0.609083 -0.480427 0.631037 0.0 0.606189 -0.510712 -0.361971 1.0]
272
	ConcatTransform [1.1 0.0 0.0 0.0 0.0 1.1 0.0 0.0 0.0 0.0 1.1 0.0 -9.609 0.05 6.704 1.0]
	ConcatTransform [0.671856 0.734064 -0.098786 0.0 -0.403432 0.474527 0.782347 0.0 0.62117 -0.485772 0.614958 0.0 0.619357 -0.507934 -0.381175 1.0]
273
	ConcatTransform [1.1 0.0 0.0 0.0 0.0 1.1 0.0 0.0 0.0 0.0 1.1 0.0 -9.609 0.05 6.704 1.0]
	ConcatTransform [0.658004 0.748395 -0.083281 0.0 -0.414459 0.45228 0.789726 0.0 0.628693 -0.485126 0.607781 0.0 0.628403 -0.506202 -0.392198 1.0]
274
	ConcatTransform [1.1 0.0 0.0 0.0 0.0 1.1 0.0 0.0 0.0 0.0 1.1 0.0 -9.609 0.05 6.704 1.0]
	ConcatTransform [0.64469 0.762003 -0.061046 0.0 -0.425484 0.424027 0.799478 0.0 0.63509 -0.489441 0.597585 0.0 0.640917 -0.503215 -0.406197 1.0]
275
	ConcatTransform [1.1 0.0 0.0 0.0 0.0 1.1 0.0 0.0 0.0 0.0 1.1 0.0 -9.609 0.05 6.704 1.0]
	ConcatTransform [0.638127 0.768413 -0.048319 0.0 -0.430286 0.407965 0.805245 0.0 0.638473 -0.493058 0.590971 0.0 0.647069 -0.501372 -0.414387 1.0]
276
	ConcatTransform [1.1 0.0 0.0 0.0 0.0 1.1 0.0 0.0 0.0 0.0 1.1 0.0 -9.609 0.05 6.704 1.0]
	ConcatTransform [0.628324 0.777182 -0.034598 0.0 -0.436142 0.388734 0.811582 0.0 0.644196 -0.494847 0.583213 0.0 0.653752 -0.498986 -0.423881 1.0]
277
	ConcatTransform [1.1 0.0 0.0 0.0 0.0 1.1 0.0 0.0 0.0 0.0 1.1 0.0 -9.609 0.05 6.704 1.0]
	ConcatTransform [0.625966 0.779225 -0.031219 0.0 -0.437041 0.383676 0.813503 0.0 0.64588 -0.495581 0.580722 0.0 0.657242 -0.498151 -0.428257 1.0]
278
	ConcatTransform [1.1 0.0 0.0 0.0 0.0 1.1 0.0 0.0 0.0 0.0 1.1 0.0 -9.609 0.05 6.704 1.0]
	ConcatTransform [0.622797 0.781879 -0.028092 0.0 -0.437194 0.377569 0.816274 0.0 0.648834 -0.496092 0.576981 0.0 0.660073 -0.497335 -0.430975 1.0]
279
	ConcatTransform [1.1 0.0 0.0 0.0 0.0 1.1 0.0 0.0 0.0 0.0 1.1 0.0 -9.609 0.05 6.704 1.0]
	ConcatTransform [0.624104 0.780651 -0.032845 0.0 -0.435352 0.382341 0.815036 0.0 0.648817 -0.494368 0.578478 0.0 0.660771 -0.497941 -0.430976 1.0]
280
	ConcatTransform [1.1 0.0 0.0 0.0 0.0 1.1 0.0 0.0 0.0 0.0 1.1 0.0 -9.609 0.05 6.704 1.0]
	ConcatTransform [0.630573 0.775054 -0.040849 0.0 -0.434582 0.396197 0.808806 0.0 0.643053 -0.492259 0.586656 0.0 0.658732 -0.499693 -0.428367 1.0]
281
	ConcatTransform [1.1 0.0 0.0 0.0 0.0 1.1 0.0 0.0 0.0 0.0 1.1 0.0 -9.609 0.05 6.704 1.0]
	ConcatTransform [0.636962 0.769234 -0.050582 0.0 -0.431616 0.410226 0.803382 0.0 0.638738 -0.489892 0.593312 0.0 0.655923 -0.501312 -0.424616 1.0]
282
	ConcatTransform [1.1 0.0 0.0 0.0 0.0 1.1 0.0 0.0 0.0 0.0 1.1 0.0 -9.609 0.05 6.704 1.0]
	ConcatTransform [0.650179 0.756771 -0.067565 0.0 -0.425109 0.436048 0.793186 0.0 0.629722 -0.48699 0.60522 0.0 0.649993 -0.504079 -0.415802 1.0]
283
	ConcatTransform [1.1 0.0 0.0 0.0 0.0 1.1 0.0 0.0 0.0 0.0 1.1 0.0 -9.609 0.05 6.704 1.0]
	ConcatTransform [0.66007 0.746745 -0.081731 0.0 -0.419589 0.456742 0.784431 0.0 0.6231 -0.483486 0.614807 0.0 0.644371 -0.506101 -0.408425 1.0]
284
	ConcatTransform [1.1 0.0 0.0 0.0 0.0 1.1 0.0 0.0 0.0 0.0 1.1 0.0 -9.609 0.05 6.704 1.0]
	ConcatTransform [0.682009 0.721252 -0.121075 0.0 -0.398173 0.505053 0.765754 0.0 0.613451 -0.474042 0.631634 0.0 0.631462 -0.509656 -0.394209 1.0]
285
	ConcatTransform [1.1 0.0 0.0 0.0 0.0 1.1 0.0 0.0 0.0 0.0 1.1 0.0 -9.609 0.05 6.704 1.0]
	ConcatTransform [0.696197 0.702734 -0.146546 0.0 -0.384482 0.537426 0.750565 0.0 0.606205 -0.466196 0.644342 0.0 0.620566 -0.511213 -0.382923 1.0]
286
	ConcatTransform [1.1 0.0 0.0 0.0 0.0 1.1 0.0 0.0 0.0 0.0 1.1 0.0 -9.609 0.05 6.704 1.0]
	ConcatTransform [0.707432 0.683118 -0.181355 0.0 -0.362386 0.570875 0.736735 0.0 0.606807 -0.455469 0.651408 0.0 0.604528 -0.5118 -0.365109 1.0]
287
	ConcatTransform [1.1 0.0 0.0 0.0 0.0 1.1 0.0 0.0 0.0 0.0 1.1 0.0 -9.609 0.05 6.704 1.0]
	ConcatTransform [0.713097 0.672574 -0.19783 0.0 -0.348559 0.584969 0.732337 0.0 0.608275 -0.453272 0.651571 0.0 0.594761 -0.51167 -0.354668 1.0]
288
	ConcatTransform [1.1 0.0 0.0 0.0 0.0 1.1 0.0 0.0 0.0 0.0 1.1 0.0 -9.609 0.05 6.704 1.0]
	ConcatTransform [0.723162 0.655384 -0.217965 0.0 -0.331675 0.60634 0.722733 0.0 0.605829 -0.45036 0.655857 0.0 0.581951 -0.511661 -0.34287 1.0]
289
	ConcatTransform [1.1 0.0 0.0 0.0 0.0 1.1 0.0 0.0 0.0 0.0 1.1 0.0 -9.609 0.05 6.704 1.0]
	ConcatTransform [0.730537 0.645159 -0.223799 0.0 -0.326176 0.617599 0.715668 0.0 0.599937 -0.449824 0.661614 0.0 0.575205 -0.511121 -0.336636 1.0]
290
	ConcatTransform [1.1 0.0 0.0 0.0 0.0 1.1 0.0 0.0 0.0 0.0 1.1 0.0 -9.609 0.05 6.704 1.0]
	ConcatTransform [0.736991 0.63334 -0.23606 0.0 -0.31616 0.631714 0.707799 0.0 0.5974 -0.447009 0.665805 0.0 0.567305 -0.510467 -0.328261 1.0]
291
	ConcatTransform [1.1 0.0 0.0 0.0 0.0 1.1 0.0 0.0 0.0 0.0 1.1 0.0 -9.609 0.05 6.704 1.0]
	ConcatTransform [0.737125 0.628364 -0.248606 0.0 -0.308013 0.639876 0.70405 0.0 0.601477 -0.442399 0.665213 0.0 0.56342 -0.510632 -0.323643 1.0]
292
	ConcatTransform [1.1 0.0 0.0 0.0 0.0 1.1 0.0 0.0 0.0 0.0 1.1 0.0 -9.609 0.05 6.704 1.0]
	ConcatTransform [0.736882 0.619616 -0.270336 0.0 -0.29256 0.652795 0.698761 0.0 0.609438 -0.435815 0.662308 0.0 0.5593 -0.510019 -0.317605 1.0]
293
	ConcatTransform [1.1 0.0 0.0 0.0 0.0 1.1 0.0 0.0 0.0 0.0 1.1 0.0 -9.609 0.05 6.704 1.0]
	ConcatTransform [0.7377 0.614328 -0.28 0.0 -0.284762 0.65917 0.695992 0.0 0.612135 -0.4337 0.661207 0.0 0.557436 -0.509631 -0.314099 1.0]
294
	ConcatTransform [1.1 0.0 0.0 0.0 0.0 1.1 0.0 0.0 0.0 0.0 1.1 0.0 -9.609 0.05 6.704 1.0]
	ConcatTransform [0.738434 0.609683 -0.2881 0.0 -0.280183 0.666024 0.69131 0.0 0.613361 -0.429767 0.662638 0.0 0.55586 -0.509198 -0.309913 1.0]
295
	ConcatTransform [1.1 0.0 0.0 0.0 0.0 1.1 0.0 0.0 0.0 0.0 1.1 0.0 -9.609 0.05 6.704 1.0]
	ConcatTransform [0.739015 0.608326 -0.289476 0.0 -0.280531 0.668538 0.688738 0.0 0.612503 -0.427781 0.664714 0.0 0.55554 -0.508934 -0.307999 1.0]
296
	ConcatTransform [1.1 0.0 0.0 0.0 0.0 1.1 0.0 0.0 0.0 0.0 1.1 0.0 -9.609 0.05 6.704 1.0]
	ConcatTransform [0.739362 0.608055 -0.289158 0.0 -0.281307 0.669147 0.687829 0.0 0.611727 -0.427212 0.665793 0.0 0.555767 -0.508847 -0.30667 1.0]
297
	ConcatTransform [1.1 0.0 0.0 0.0 0.0 1.1 0.0 0.0 0.0 0.0 1.1 0.0 -9.609 0.05 6.704 1.0]
	ConcatTransform [0.738705 0.609733 -0.2873 0.0 -0.282528 0.667091 0.689324 0.0 0.611958 -0.428037 0.66505 0.0 0.556379 -0.508987 -0.306817 1.0]
298
	ConcatTransform [1.1 0.0 0.0 0.0 0.0 1.1 0.0 0.0 0.0 0.0 1.1 0.0 -9.609 0.05 6.704 1.0]
	ConcatTransform [0.736041 0.614609 -0.283726 0.0 -0.284651 0.661282 0.694032 0.0 0.61418 -0.430073 0.66168 0.0 0.55767 -0.509373 -0.308872 1.0]
299
	ConcatTransform [1.1 0.0 0.0 0.0 0.0 1.1 0.0 0.0 0.0 0.0 1.1 0.0 -9.609 0.05 6.704 1.0]
	ConcatTransform [0.733993 0.619055 -0.279328 0.0 -0.287235 0.655649 0.698298 0.0 0.615426 -0.432313 0.659057 0.0 0.558955 -0.509746 -0.311335 1.0]
300
	ConcatTransform [1.1 0.0 0.0 0.0 0.0 1.1 0.0 0.0 0.0 0.0 1.1 0.0 -9.609 0.05 6.704 1.0]
	ConcatTransform [0.73006 0.626934 -0.271966 0.0 -0.290993 0.645278 0.706356 0.0 0.618333 -0.436542 0.653525 0.0 0.561502 -0.510292 -0.316551 1.0]
301
	ConcatTransform [1.1 0.0 0.0 0.0 0.0 1.1 0.0 0.0 0.0 0.0 1.1 0.0 -9.609 0.05 6.704 1.0]
	ConcatTransform [0.726554 0.633143 -0.266926 0.0 -0.293727 0.637386 0.712364 0.0 0.621164 -0.439168 0.649067 0.0 0.563815 -0.510651 -0.32078 1.0]
302
	ConcatTransform [1.1 0.0 0.0 0.0 0.0 1.1 0.0 0.0 0.0 0.0 1.1 0.0 -9.609 0.05 6.704 1.0]
	ConcatTransform [0.719735 0.644362 -0.258418 0.0 -0.298453 0.623251 0.722831 0.0 0.626823 -0.443121 0.640887 0.0 0.568168 -0.511172 -0.327864 1.0]
303
	ConcatTransform [1.1 0.0 0.0 0.0 0.0 1.1 0.0 0.0 0.0 0.0 1.1 0.0 -9.609 0.05 6.704 1.0]
	ConcatTransform [0.714814 0.652343 -0.251973 0.0 -0.302099 0.613012 0.730036 0.0 0.630696 -0.445719 0.635262 0.0 0.571532 -0.511447 -0.333043 1.0]
304
	ConcatTransform [1.1 0.0 0.0 0.0 0.0 1.1 0.0 0.0 0.0 0.0 1.1 0.0 -9.609 0.05 6.704 1.0]
	ConcatTransform [0.707711 0.664414 -0.240207 0.0 -0.308089 0.596195 0.741373 0.0 0.635789 -0.450672 0.626632 0.0 0.576717 -0.511723 -0.341393 1.0]
305
	ConcatTransform [1.1 0.0 0.0 0.0 0.0 1.1 0.0 0.0 0.0 0.0 1.1 0.0 -9.609 0.05 6.704 1.0]
	ConcatTransform [0.703185 0.672354 -0.231239 0.0 -0.312383 0.584307 0.749001 0.0 0.638708 -0.454451 0.620907 0.0 0.579975 -0.511772 -0.347296 1.0]
306
	ConcatTransform [1.1 0.0 0.0 0.0 0.0 1.1 0.0 0.0 0.0 0.0 1.1 0.0 -9.609 0.05 6.704 1.0]
	ConcatTransform [0.696506 0.683617 -0.218053 0.0 -0.31838 0.566761 0.759879 0.0 0.64305 -0.459837 0.612402 0.0 0.58475 -0.511672 -0.356258 1.0]
307
	ConcatTransform [1.1 0.0 0.0 0.0 0.0 1.1 0.0 0.0 0.0 0.0 1.1 0.0 -9.609 0.05 6.704 1.0]
	ConcatTransform [0.692199 0.690489 -0.209965 0.0 -0.321862 0.555744 0.76652 0.0 0.645961 -0.463005 0.606928 0.0 0.587852 -0.511498 -0.362086 1.0]
308
	ConcatTransform [1.1 0.0 0.0 0.0 0.0 1.1 0.0 0.0 0.0 0.0 1.1 0.0 -9.609 0.05 6.704 1.0]
	ConcatTransform [0.685437 0.700609 -0.198301 0.0 -0.327221 0.539683 0.775673 0.0 0.650464 -0.466786 0.599172 0.0 0.592366 -0.511025 -0.370099 1.0]
309
	ConcatTransform [1.1 0.0 0.0 0.0 0.0 1.1 0.0 0.0 0.0 0.0 1.1 0.0 -9.609 0.05 6.704 1.0]
	ConcatTransform [0.681493 0.706349 -0.191411 0.0 -0.330106 0.530135 0.781017 0.0 0.653144 -0.469071 0.594453 0.0 0.595282 -0.510689 -0.374831 1.0]
310
	ConcatTransform [1.1 0.0 0.0 0.0 0.0 1.1 0.0 0.0 0.0 0.0 1.1 0.0 -9.609 0.05 6.704 1.0]
	ConcatTransform [0.676453 0.713441 -0.182792 0.0 -0.334092 0.518447 0.787144 0.0 0.656349 -0.471396 0.58906 0.0 0.599097 -0.510129 -0.381004 1.0]
311
	ConcatTransform [1.1 0.0 0.0 0.0 0.0 1.1 0.0 0.0 0.0 0.0 1.1 0.0 -9.609 0.05 6.704 1.0]
	ConcatTransform [0.674335 0.716458 -0.178772 0.0 -0.335711 0.513087 0.789962 0.0 0.657701 -0.472684 0.586515 0.0 0.601206 -0.509845 -0.38445 1.0]
312
	ConcatTransform [1.1 0.0 0.0 0.0 0.0 1.1 0.0 0.0 0.0 0.0 1.1 0.0 -9.609 0.05 6.704 1.0]
	ConcatTransform [0.671526 0.720456 -0.173195 0.0 -0.338118 0.505922 0.793549 0.0 0.65934 -0.474328 0.583339 0.0 0.603345 -0.509447 -0.388283 1.0]
313
	ConcatTransform [1.1 0.0 0.0 0.0 0.0 1.1 0.0 0.0 0.0 0.0 1.1 0.0 -9.609 0.05 6.704 1.0]
	ConcatTransform [0.670199 0.722386 -0.17027 0.0 -0.339741 0.502578 0.794979 0.0 0.659855 -0.474946 0.582252 0.0 0.604339 -0.509235 -0.389801 1.0]
314
	ConcatTransform [1.1 0.0 0.0 0.0 0.0 1.1 0.0 0.0 0.0 0.0 1.1 0.0 -9.609 0.05 6.704 1.0]
	ConcatTransform [0.669692 0.723078 -0.169326 0.0 -0.340098 0.501304 0.795631 0.0 0.660186 -0.47524 0.581636 0.0 0.604929 -0.50915 -0.390733 1.0]
315
	ConcatTransform [1.1 0.0 0.0 0.0 0.0 1.1 0.0 0.0 0.0 0.0 1.1 0.0 -9.609 0.05 6.704 1.0]
	ConcatTransform [0.670142 0.722633 -0.169444 0.0 -0.340452 0.502125 0.794961 0.0 0.659547 -0.475049 0.582516 0.0 0.604702 -0.509191 -0.39036 1.0]
316
	ConcatTransform [1.1 0.0 0.0 0.0 0.0 1.1 0.0 0.0 0.0 0.0 1.1 0.0 -9.609 0.05 6.704 1.0]
	ConcatTransform [0.671855 0.720183 -0.173054 0.0 -0.338808 0.506584 0.792832 0.0 0.65865 -0.474036 0.584355 0.0 0.603547 -0.509434 -0.388332 1.0]
317
	ConcatTransform [1.1 0.0 0.0 0.0 0.0 1.1 0.0 0.0 0.0 0.0 1.1 0.0 -9.609 0.05 6.704 1.0]
	ConcatTransform [0.67385 0.717423 -0.176722 0.0 -0.337245 0.511452 0.790368 0.0 0.657413 -0.472991 0.58659 0.0 0.602276 -0.509699 -0.386015 1.0]
318
	ConcatTransform [1.1 0.0 0.0 0.0 0.0 1.1 0.0 0.0 0.0 0.0 1.1 0.0 -9.609 0.05 6.704 1.0]
	ConcatTransform [0.678936 0.710563 -0.184787 0.0 -0.334299 0.523268 0.783859 0.0 0.653674 -0.470416 0.592806 0.0 0.599729 -0.510285 -0.381412 1.0]
319
	ConcatTransform [1.1 0.0 0.0 0.0 0.0 1.1 0.0 0.0 0.0 0.0 1.1 0.0 -9.609 0.05 6.704 1.0]
	ConcatTransform [0.682287 0.705843 -0.190447 0.0 -0.332309 0.531455 0.779183 0.0 0.651195 -0.468339 0.597163 0.0 0.597587 -0.510623 -0.377433 1.0]
320
	ConcatTransform [1.1 0.0 0.0 0.0 0.0 1.1 0.0 0.0 0.0 0.0 1.1 0.0 -9.609 0.05 6.704 1.0]
	ConcatTransform [0.688434 0.697071 -0.200377 0.0 -0.327985 0.545605 0.771194 0.0 0.646904 -0.465196 0.604242 0.0 0.593614 -0.511129 -0.370617 1.0]
321
	ConcatTransform [1.1 0.0 0.0 0.0 0.0 1.1 0.0 0.0 0.0 0.0 1.1 0.0 -9.609 0.05 6.704 1.0]
	ConcatTransform [0.692851 0.690311 -0.208395 0.0 -0.324486 0.556567 0.764815 0.0 0.643946 -0.462282 0.609614 0.0 0.59065 -0.511407 -0.365619 1.0]
322
	ConcatTransform [1.1 0.0 0.0 0.0 0.0 1.1 0.0 0.0 0.0 0.0 1.1 0.0 -9.609 0.05 6.704 1.0]
	ConcatTransform [0.700049 0.679236 -0.220386 0.0 -0.318828 0.573453 0.754652 0.0 0.638968 -0.458029 0.618005 0.0 0.585873 -0.511688 -0.357581 1.0]
323
	ConcatTransform [1.1 0.0 0.0 0.0 0.0 1.1 0.0 0.0 0.0 0.0 1.1 0.0 -9.609 0.05 6.704 1.0]
	ConcatTransform [0.704549 0.671746 -0.22884 0.0 -0.315079 0.585043 0.747295 0.0 0.635873 -0.454403 0.623845 0.0 0.582668 -0.511734 -0.352001 1.0]
324
	ConcatTransform [1.1 0.0 0.0 0.0 0.0 1.1 0.0 0.0 0.0 0.0 1.1 0.0 -9.609 0.05 6.704 1.0]
	ConcatTransform [0.711568 0.660238 -0.240325 0.0 -0.309088 0.601314 0.736808 0.0 0.63098 -0.450008 0.631948 0.0 0.577848 -0.511648 -0.343552 1.0]
325
	ConcatTransform [1.1 0.0 0.0 0.0 0.0 1.1 0.0 0.0 0.0 0.0 1.1 0.0 -9.609 0.05 6.704 1.0]
	ConcatTransform [0.716057 0.652628 -0.247666 0.0 -0.305241 0.61183 0.72972 0.0 0.627766 -0.446923 0.637315 0.0 0.574719 -0.511468 -0.338107 1.0]
326
	ConcatTransform [1.1 0.0 0.0 0.0 0.0 1.1 0.0 0.0 0.0 0.0 1.1 0.0 -9.609 0.05 6.704 1.0]
	ConcatTransform [0.722147 0.642008 -0.257545 0.0 -0.300655 0.626615 0.718999 0.0 0.622985 -0.441791 0.645531 0.0 0.570702 -0.511025 -0.330274 1.0]
327
	ConcatTransform [1.1 0.0 0.0 0.0 0.0 1.1 0.0 0.0 0.0 0.0 1.1 0.0 -9.609 0.05 6.704 1.0]
	ConcatTransform [0.725871 0.635575 -0.262973 0.0 -0.297553 0.634852 0.71304 0.0 0.620139 -0.439327 0.649938 0.0 0.568314 -0.510716 -0.325477 1.0]
328
	ConcatTransform [1.1 0.0 0.0 0.0 0.0 1.1 0.0 0.0 0.0 0.0 1.1 0.0 -9.609 0.05 6.704 1.0]
	ConcatTransform [0.730276 0.627972 -0.268976 0.0 -0.294091 0.644361 0.70591 0.0 0.61661 -0.436405 0.655242 0.0 0.565277 -0.510289 -0.319083 1.0]
329
	ConcatTransform [1.1 0.0 0.0 0.0 0.0 1.1 0.0 0.0 0.0 0.0 1.1 0.0 -9.609 0.05 6.704 1.0]
	ConcatTransform [0.73259 0.623765 -0.272449 0.0 -0.292094 0.64963 0.701899 0.0 0.614811 -0.434624 0.658111 0.0 0.563711 -0.51001 -0.315546 1.0]
330
	ConcatTransform [1.1 0.0 0.0 0.0 0.0 1.1 0.0 0.0 0.0 0.0 1.1 0.0 -9.609 0.05 6.704 1.0]
	ConcatTransform [0.735151 0.618701 -0.277058 0.0 -0.289003 0.655737 0.697486 0.0 0.613213 -0.432687 0.660872 0.0 0.56194 -0.509649 -0.311592 1.0]
331
	ConcatTransform [1.1 0.0 0.0 0.0 0.0 1.1 0.0 0.0 0.0 0.0 1.1 0.0 -9.609 0.05 6.704 1.0]
	ConcatTransform [0.735964 0.617605 -0.277345 0.0 -0.289105 0.657122 0.696139 0.0 0.612189 -0.432151 0.662171 0.0 0.561151 -0.50955 -0.309738 1.0]
332
	ConcatTransform [1.1 0.0 0.0 0.0 0.0 1.1 0.0 0.0 0.0 0.0 1.1 0.0 -9.609 0.05 6.704 1.0]
	ConcatTransform [0.736775 0.616719 -0.277166 0.0 -0.289686 0.65832 0.694764 0.0 0.610938 -0.431593 0.663688 0.0 0.560703 -0.509455 -0.308544 1.0]
333
	ConcatTransform [1.1 0.0 0.0 0.0 0.0 1.1 0.0 0.0 0.0 0.0 1.1 0.0 -9.609 0.05 6.704 1.0]
	ConcatTransform [0.73681 0.617056 -0.276321 0.0 -0.290363 0.657889 0.694889 0.0 0.610574 -0.431768 0.663909 0.0 0.560807 -0.509474 -0.308779 1.0]
334
	ConcatTransform [1.1 0.0 0.0 0.0 0.0 1.1 0.0 0.0 0.0 0.0 1.1 0.0 -9.609 0.05 6.704 1.0]
	ConcatTransform [0.735964 0.619735 -0.272554 0.0 -0.293184 0.654615 0.696795 0.0 0.610246 -0.432907 0.663469 0.0 0.561649 -0.509647 -0.310521 1.0]
335
	ConcatTransform [1.1 0.0 0.0 0.0 0.0 1.1 0.0 0.0 0.0 0.0 1.1 0.0 -9.609 0.05 6.704 1.0]
	ConcatTransform [0.734746 0.62277 -0.268897 0.0 -0.295799 0.650877 0.699187 0.0 0.610451 -0.434186 0.662444 0.0 0.562808 -0.509884 -0.312507 1.0]
336
	ConcatTransform [1.1 0.0 0.0 0.0 0.0 1.1 0.0 0.0 0.0 0.0 1.1 0.0 -9.609 0.05 6.704 1.0]
	ConcatTransform [0.731781 0.6292 -0.261924 0.0 -0.300574 0.642865 0.704542 0.0 0.611679 -0.436843 0.659558 0.0 0.56523 -0.51032 -0.31671 1.0]
337
	ConcatTransform [1.1 0.0 0.0 0.0 0.0 1.1 0.0 0.0 0.0 0.0 1.1 0.0 -9.609 0.05 6.704 1.0]
	ConcatTransform [0.72942 0.634258 -0.256249 0.0 -0.304028 0.636147 0.709143 0.0 0.612791 -0.439356 0.656851 0.0 0.567158 -0.510628 -0.320321 1.0]
338
	ConcatTransform [1.1 0.0 0.0 0.0 0.0 1.1 0.0 0.0 0.0 0.0 1.1 0.0 -9.609 0.05 6.704 1.0]
	ConcatTransform [0.725478 0.643236 -0.244803 0.0 -0.311673 0.624178 0.716423 0.0 0.61363 -0.443451 0.653307 0.0 0.570663 -0.511088 -0.326601 1.0]
339
	ConcatTransform [1.1 0.0 0.0 0.0 0.0 1.1 0.0 0.0 0.0 0.0 1.1 0.0 -9.609 0.05 6.704 1.0]
	ConcatTransform [0.722139 0.650196 -0.236134 0.0 -0.31791 0.615117 0.721502 0.0 0.614368 -0.445955 0.650904 0.0 0.573356 -0.511358 -0.331235 1.0]
340
	ConcatTransform [1.1 0.0 0.0 0.0 0.0 1.1 0.0 0.0 0.0 0.0 1.1 0.0 -9.609 0.05 6.704 1.0]
	ConcatTransform [0.71624 0.661019 -0.223725 0.0 -0.325945 0.600348 0.730302 0.0 0.617057 -0.45015 0.64545 0.0 0.577906 -0.511633 -0.338592 1.0]
341
	ConcatTransform [1.1 0.0 0.0 0.0 0.0 1.1 0.0 0.0 0.0 0.0 1.1 0.0 -9.609 0.05 6.704 1.0]
	ConcatTransform [0.712121 0.668169 -0.215486 0.0 -0.33073 0.590022 0.73654 0.0 0.619275 -0.453238 0.641151 0.0 0.580992 -0.511719 -0.343767 1.0]
342
	ConcatTransform [1.1 0.0 0.0 0.0 0.0 1.1 0.0 0.0 0.0 0.0 1.1 0.0 -9.609 0.05 6.704 1.0]
	ConcatTransform [0.705527 0.678822 -0.203547 0.0 -0.337234 0.574202 0.746033 0.0 0.623301 -0.457704 0.634037 0.0 0.585662 -0.511688 -0.351598 1.0]
343
	ConcatTransform [1.1 0.0 0.0 0.0 0.0 1.1 0.0 0.0 0.0 0.0 1.1 0.0 -9.609 0.05 6.704 1.0]
	ConcatTransform [0.701144 0.685499 -0.196186 0.0 -0.340965 0.563994 0.7521 0.0 0.626211 -0.460438 0.629172 0.0 0.588757 -0.51157 -0.356724 1.0]
344
	ConcatTransform [1.1 0.0 0.0 0.0 0.0 1.1 0.0 0.0 0.0 0.0 1.1 0.0 -9.609 0.05 6.704 1.0]
	ConcatTransform [0.695181 0.69438 -0.185901 0.0 -0.34562 0.549637 0.760557 0.0 0.630294 -0.464473 0.622089 0.0 0.593121 -0.511313 -0.364116 1.0]
345
	ConcatTransform [1.1 0.0 0.0 0.0 0.0 1.1 0.0 0.0 0.0 0.0 1.1 0.0 -9.609 0.05 6.704 1.0]
	ConcatTransform [0.691305 0.699773 -0.180043 0.0 -0.34864 0.541286 0.765153 0.0 0.632888 -0.466184 0.618163 0.0 0.595916 -0.511036 -0.368631 1.0]
346
	ConcatTransform [1.1 0.0 0.0 0.0 0.0 1.1 0.0 0.0 0.0 0.0 1.1 0.0 -9.609 0.05 6.704 1.0]
	ConcatTransform [0.685608 0.707621 -0.170921 0.0 -0.353534 0.528897 0.771545 0.0 0.636361 -0.468551 0.612784 0.0 0.599786 -0.510563 -0.374362 1.0]
347
	ConcatTransform [1.1 0.0 0.0 0.0 0.0 1.1 0.0 0.0 0.0 0.0 1.1 0.0 -9.609 0.05 6.704 1.0]
	ConcatTransform [0.682514 0.711801 -0.165874 0.0 -0.356143 0.522085 0.774977 0.0 0.63823 -0.469858 0.609833 0.0 0.601947 -0.510267 -0.377592 1.0]
348
	ConcatTransform [1.1 0.0 0.0 0.0 0.0 1.1 0.0 0.0 0.0 0.0 1.1 0.0 -9.609 0.05 6.704 1.0]
	ConcatTransform [0.67985 0.715513 -0.160765 0.0 -0.358025 0.515152 0.77874 0.0 0.640017 -0.471869 0.606398 0.0 0.604336 -0.509928 -0.381566 1.0]
349
	ConcatTransform [1.1 0.0 0.0 0.0 0.0 1.1 0.0 0.0 0.0 0.0 1.1 0.0 -9.609 0.05 6.704 1.0]
	ConcatTransform [0.678669 0.717224 -0.158109 0.0 -0.359412 0.512069 0.780134 0.0 0.640493 -0.472626 0.605304 0.0 0.605523 -0.50978 -0.383375 1.0]
350
	ConcatTransform [1.1 0.0 0.0 0.0 0.0 1.1 0.0 0.0 0.0 0.0 1.1 0.0 -9.609 0.05 6.704 1.0]
	ConcatTransform [0.67759 0.718968 -0.154783 0.0 -0.361515 0.508897 0.781237 0.0 0.640453 -0.473402 0.60474 0.0 0.606402 -0.509587 -0.384755 1.0]
351
	ConcatTransform [1.1 0.0 0.0 0.0 0.0 1.1 0.0 0.0 0.0 0.0 1.1 0.0 -9.609 0.05 6.704 1.0]
	ConcatTransform [0.6778 0.718917 -0.154094 0.0 -0.3621 0.508798 0.78103 0.0 0.639899 -0.473585 0.605183 0.0 0.606449 -0.509582 -0.384824 1.0]
352
	ConcatTransform [1.1 0.0 0.0 0.0 0.0 1.1 0.0 0.0 0.0 0.0 1.1 0.0 -9.609 0.05 6.704 1.0]
	ConcatTransform [0.679153 0.717321 -0.155571 0.0 -0.361565 0.5114 0.779577 0.0 0.638766 -0.473203 0.606677 0.0 0.605684 -0.509722 -0.383625 1.0]
353
	ConcatTransform [1.1 0.0 0.0 0.0 0.0 1.1 0.0 0.0 0.0 0.0 1.1 0.0 -9.609 0.05 6.704 1.0]
	ConcatTransform [0.681285 0.714628 -0.15861 0.0 -0.360451 0.516086 0.777001 0.0 0.637123 -0.472188 0.60919 0.0 0.604667 -0.509958 -0.382105 1.0]
354
	ConcatTransform [1.1 0.0 0.0 0.0 0.0 1.1 0.0 0.0 0.0 0.0 1.1 0.0 -9.609 0.05 6.704 1.0]
	ConcatTransform [0.684695 0.710307 -0.163267 0.0 -0.359412 0.523947 0.772206 0.0 0.634047 -0.470046 0.614037 0.0 0.602588 -0.510293 -0.378319 1.0]
355
	ConcatTransform [1.1 0.0 0.0 0.0 0.0 1.1 0.0 0.0 0.0 0.0 1.1 0.0 -9.609 0.05 6.704 1.0]
	ConcatTransform [0.688401 0.705367 -0.169001 0.0 -0.356759 0.532143 0.76782 0.0 0.631527 -0.468275 0.617974 0.0 0.600783 -0.51065 -0.375208 1.0]
356
	ConcatTransform [1.1 0.0 0.0 0.0 0.0 1.1 0.0 0.0 0.0 0.0 1.1 0.0 -9.609 0.05 6.704 1.0]
	ConcatTransform [0.693854 0.697914 -0.177433 0.0 -0.352761 0.544224 0.76117 0.0 0.627795 -0.46555 0.623809 0.0 0.59722 -0.511077 -0.369535 1.0]
357
	ConcatTransform [1.1 0.0 0.0 0.0 0.0 1.1 0.0 0.0 0.0 0.0 1.1 0.0 -9.609 0.05 6.704 1.0]
	ConcatTransform [0.697822 0.692243 -0.183969 0.0 -0.349552 0.553305 0.756087 0.0 0.625187 -0.463307 0.628083 0.0 0.594552 -0.511325 -0.365218 1.0]
358
	ConcatTransform [1.1 0.0 0.0 0.0 0.0 1.1 0.0 0.0 0.0 0.0 1.1 0.0 -9.609 0.05 6.704 1.0]
	ConcatTransform [0.703929 0.683053 -0.19474 0.0 -0.344259 0.56793 0.747624 0.0 0.621265 -0.459232 0.634929 0.0 0.590368 -0.511596 -0.358078 1.0]
359
	ConcatTransform [1.1 0.0 0.0 0.0 0.0 1.1 0.0 0.0 0.0 0.0 1.1 0.0 -9.609 0.05 6.704 1.0]
	ConcatTransform [0.708232 0.676418 -0.202155 0.0 -0.340516 0.578134 0.741492 0.0 0.618431 -0.456311 0.639784 0.0 0.587559 -0.511694 -0.353009 1.0]
360
	ConcatTransform [1.1 0.0 0.0 0.0 0.0 1.1 0.0 0.0 0.0 0.0 1.1 0.0 -9.609 0.05 6.704 1.0]
	ConcatTransform [0.723815 0.655996 -0.213918 0.0 -0.337742 0.607188 0.719203 0.0 0.601683 -0.448321 0.661049 0.0 0.198648 -0.511481 -0.21303 1.0]
