228
	ConcatTransform [1.1 0.0 0.0 0.0 0.0 1.1 0.0 0.0 0.0 0.0 1.1 0.0 -9.609 0.05 6.704 1.0]
	ConcatTransform [0.992059 0.1118 0.057619 0.0 -0.115376 0.991323 0.062984 0.0 -0.050078 -0.069131 0.99635 0.0 0.049673 0.023643 -0.002138 1.0]
229
	ConcatTransform [1.1 0.0 0.0 0.0 0.0 1.1 0.0 0.0 0.0 0.0 1.1 0.0 -9.609 0.05 6.704 1.0]
	ConcatTransform [0.980676 0.191168 0.041576 0.0 -0.193855 0.978165 0.074924 0.0 -0.026345 -0.081536 0.996322 0.0 0.092188 0.034769 -0.005482 1.0]
230
	ConcatTransform [1.1 0.0 0.0 0.0 0.0 1.1 0.0 0.0 0.0 0.0 1.1 0.0 -9.609 0.05 6.704 1.0]
	ConcatTransform [0.950483 0.308722 0.035667 0.0 -0.310775 0.944446 0.106965 0.0 -0.000663 -0.112753 0.993623 0.0 0.156022 0.032999 -0.01015 1.0]
231
	ConcatTransform [1.1 0.0 0.0 0.0 0.0 1.1 0.0 0.0 0.0 0.0 1.1 0.0 -9.609 0.05 6.704 1.0]
	ConcatTransform [0.923708 0.381524 0.03468 0.0 -0.382692 0.914788 0.129261 0.0 0.017592 -0.132672 0.991004 0.0 0.198633 0.019454 -0.01324 1.0]
232
	ConcatTransform [1.1 0.0 0.0 0.0 0.0 1.1 0.0 0.0 0.0 0.0 1.1 0.0 -9.609 0.05 6.704 1.0]
	ConcatTransform [0.873764 0.484949 0.036902 0.0 -0.484061 0.859788 0.162633 0.0 0.047141 -0.159966 0.985996 0.0 0.262571 -0.019433 -0.017866 1.0]
233
	ConcatTransform [1.1 0.0 0.0 0.0 0.0 1.1 0.0 0.0 0.0 0.0 1.1 0.0 -9.609 0.05 6.704 1.0]
	ConcatTransform [0.834712 0.549217 0.040198 0.0 -0.546432 0.816998 0.184191 0.0 0.068319 -0.175712 0.982068 0.0 0.305215 -0.057736 -0.020959 1.0]
234
	ConcatTransform [1.1 0.0 0.0 0.0 0.0 1.1 0.0 0.0 0.0 0.0 1.1 0.0 -9.609 0.05 6.704 1.0]
	ConcatTransform [0.76734 0.639426 0.048198 0.0 -0.63306 0.74344 0.215715 0.0 0.102101 -0.196039 0.975266 0.0 0.369183 -0.133752 -0.025597 1.0]
235
	ConcatTransform [1.1 0.0 0.0 0.0 0.0 1.1 0.0 0.0 0.0 0.0 1.1 0.0 -9.609 0.05 6.704 1.0]
	ConcatTransform [0.71845 0.69341 0.054883 0.0 -0.684195 0.690273 0.235373 0.0 0.125326 -0.206654 0.970354 0.0 0.411848 -0.196883 -0.028698 1.0]
236
	ConcatTransform [1.1 0.0 0.0 0.0 0.0 1.1 0.0 0.0 0.0 0.0 1.1 0.0 -9.609 0.05 6.704 1.0]
	ConcatTransform [0.669127 0.741887 0.04327 0.0 -0.727449 0.641977 0.242247 0.0 0.151941 -0.193571 0.969249 0.0 0.475995 -0.314342 -0.033568 1.0]
237
	ConcatTransform [1.1 0.0 0.0 0.0 0.0 1.1 0.0 0.0 0.0 0.0 1.1 0.0 -9.609 0.05 6.704 1.0]
	ConcatTransform [0.622079 0.782954 0.001079 0.0 -0.764605 0.607202 0.216066 0.0 0.168515 -0.135235 0.976378 0.0 0.51863 -0.404415 -0.037413 1.0]
238
	ConcatTransform [1.1 0.0 0.0 0.0 0.0 1.1 0.0 0.0 0.0 0.0 1.1 0.0 -9.609 0.05 6.704 1.0]
	ConcatTransform [0.381866 0.9233 -0.041183 0.0 -0.922838 0.383351 0.037567 0.0 0.050473 0.023659 0.998445 0.0 0.596979 -0.501269 -0.047696 1.0]
239
	ConcatTransform [1.1 0.0 0.0 0.0 0.0 1.1 0.0 0.0 0.0 0.0 1.1 0.0 -9.609 0.05 6.704 1.0]
	ConcatTransform [0.348344 0.935196 0.06375 0.0 -0.936388 0.350282 -0.021912 0.0 -0.042822 -0.052061 0.997725 0.0 0.63257 -0.504966 -0.069035 1.0]
240
	ConcatTransform [1.1 0.0 0.0 0.0 0.0 1.1 0.0 0.0 0.0 0.0 1.1 0.0 -9.609 0.05 6.704 1.0]
	ConcatTransform [0.293454 0.933453 0.206279 0.0 -0.95299 0.30268 -0.013955 0.0 -0.075463 -0.192487 0.978394 0.0 0.670742 -0.500564 -0.109158 1.0]
241
	ConcatTransform [1.1 0.0 0.0 0.0 0.0 1.1 0.0 0.0 0.0 0.0 1.1 0.0 -9.609 0.05 6.704 1.0]
	ConcatTransform [0.2711 0.900943 0.338832 0.0 -0.953622 0.29923 -0.032649 0.0 -0.130803 -0.314267 0.94028 0.0 0.692242 -0.499894 -0.138684 1.0]
242
	ConcatTransform [1.1 0.0 0.0 0.0 0.0 1.1 0.0 0.0 0.0 0.0 1.1 0.0 -9.609 0.05 6.704 1.0]
	ConcatTransform [0.26876 0.811899 0.518254 0.0 -0.940509 0.337321 -0.040714 0.0 -0.207874 -0.476481 0.854257 0.0 0.717791 -0.498529 -0.1789 1.0]
243
	ConcatTransform [1.1 0.0 0.0 0.0 0.0 1.1 0.0 0.0 0.0 0.0 1.1 0.0 -9.609 0.05 6.704 1.0]
	ConcatTransform [0.246214 0.772769 0.584985 0.0 -0.912984 0.387514 -0.127642 0.0 -0.325328 -0.502655 0.800937 0.0 0.730219 -0.494888 -0.200256 1.0]
244
	ConcatTransform [1.1 0.0 0.0 0.0 0.0 1.1 0.0 0.0 0.0 0.0 1.1 0.0 -9.609 0.05 6.704 1.0]
	ConcatTransform [0.188497 0.715238 0.672981 0.0 -0.810972 0.499853 -0.304092 0.0 -0.553889 -0.488449 0.674258 0.0 0.744212 -0.496216 -0.224042 1.0]
245
	ConcatTransform [1.1 0.0 0.0 0.0 0.0 1.1 0.0 0.0 0.0 0.0 1.1 0.0 -9.609 0.05 6.704 1.0]
	ConcatTransform [0.107472 0.694935 0.710996 0.0 -0.714424 0.551315 -0.430871 0.0 -0.69141 -0.461646 0.55573 0.0 0.749185 -0.497191 -0.234669 1.0]
246
	ConcatTransform [1.1 0.0 0.0 0.0 0.0 1.1 0.0 0.0 0.0 0.0 1.1 0.0 -9.609 0.05 6.704 1.0]
	ConcatTransform [0.016059 0.690428 0.723222 0.0 -0.522005 0.622706 -0.582879 0.0 -0.852791 -0.368165 0.370407 0.0 0.753996 -0.503387 -0.245654 1.0]
247
	ConcatTransform [1.1 0.0 0.0 0.0 0.0 1.1 0.0 0.0 0.0 0.0 1.1 0.0 -9.609 0.05 6.704 1.0]
	ConcatTransform [-0.04018 0.679796 0.7323 0.0 -0.390071 0.664066 -0.637857 0.0 -0.919908 -0.311278 0.238486 0.0 0.754423 -0.507174 -0.248737 1.0]
248
	ConcatTransform [1.1 0.0 0.0 0.0 0.0 1.1 0.0 0.0 0.0 0.0 1.1 0.0 -9.609 0.05 6.704 1.0]
	ConcatTransform [-0.106873 0.6869 0.718851 0.0 -0.263536 0.677563 -0.686628 0.0 -0.958711 -0.262825 0.10861 0.0 0.7503 -0.512013 -0.247543 1.0]
249
	ConcatTransform [1.1 0.0 0.0 0.0 0.0 1.1 0.0 0.0 0.0 0.0 1.1 0.0 -9.609 0.05 6.704 1.0]
	ConcatTransform [-0.13708 0.706811 0.693994 0.0 -0.210816 0.66374 -0.717639 0.0 -0.967867 -0.244679 0.058022 0.0 0.745352 -0.515759 -0.243828 1.0]
250
	ConcatTransform [1.1 0.0 0.0 0.0 0.0 1.1 0.0 0.0 0.0 0.0 1.1 0.0 -9.609 0.05 6.704 1.0]
	ConcatTransform [-0.164571 0.738562 0.65379 0.0 -0.143353 0.637882 -0.756675 0.0 -0.975893 -0.218249 0.000898 0.0 0.73619 -0.517712 -0.234662 1.0]
251
	ConcatTransform [1.1 0.0 0.0 0.0 0.0 1.1 0.0 0.0 0.0 0.0 1.1 0.0 -9.609 0.05 6.704 1.0]
	ConcatTransform [-0.161123 0.76148 0.627844 0.0 -0.116009 0.617133 -0.77826 0.0 -0.980093 -0.198231 -0.011096 0.0 0.730748 -0.516979 -0.227707 1.0]
252
	ConcatTransform [1.1 0.0 0.0 0.0 0.0 1.1 0.0 0.0 0.0 0.0 1.1 0.0 -9.609 0.05 6.704 1.0]
	ConcatTransform [-0.172876 0.777774 0.604303 0.0 -0.111802 0.594079 -0.796599 0.0 -0.978578 -0.205275 -0.015745 0.0 0.723518 -0.517041 -0.216718 1.0]
253
	ConcatTransform [1.1 0.0 0.0 0.0 0.0 1.1 0.0 0.0 0.0 0.0 1.1 0.0 -9.609 0.05 6.704 1.0]
	ConcatTransform [-0.18795 0.782917 0.593056 0.0 -0.111388 0.582931 -0.804851 0.0 -0.975842 -0.217331 -0.022354 0.0 0.719823 -0.517381 -0.209412 1.0]
254
	ConcatTransform [1.1 0.0 0.0 0.0 0.0 1.1 0.0 0.0 0.0 0.0 1.1 0.0 -9.609 0.05 6.704 1.0]
	ConcatTransform [-0.211422 0.783328 0.584549 0.0 -0.108566 0.575546 -0.810531 0.0 -0.971347 -0.234826 -0.03664 0.0 0.715986 -0.517853 -0.198793 1.0]
255
	ConcatTransform [1.1 0.0 0.0 0.0 0.0 1.1 0.0 0.0 0.0 0.0 1.1 0.0 -9.609 0.05 6.704 1.0]
	ConcatTransform [-0.228411 0.784456 0.576592 0.0 -0.102412 0.569602 -0.815515 0.0 -0.968163 -0.245322 -0.049765 0.0 0.714422 -0.51762 -0.192224 1.0]
256
	ConcatTransform [1.1 0.0 0.0 0.0 0.0 1.1 0.0 0.0 0.0 0.0 1.1 0.0 -9.609 0.05 6.704 1.0]
	ConcatTransform [-0.210738 0.806647 0.552186 0.0 -0.062875 0.552517 -0.831127 0.0 -0.975518 -0.209869 -0.065718 0.0 0.714337 -0.516631 -0.183841 1.0]
257
	ConcatTransform [1.1 0.0 0.0 0.0 0.0 1.1 0.0 0.0 0.0 0.0 1.1 0.0 -9.609 0.05 6.704 1.0]
	ConcatTransform [-0.214949 0.802401 0.556731 0.0 -0.075528 0.554691 -0.828621 0.0 -0.9737 -0.22016 -0.058627 0.0 0.71522 -0.516775 -0.179189 1.0]
258
	ConcatTransform [1.1 0.0 0.0 0.0 0.0 1.1 0.0 0.0 0.0 0.0 1.1 0.0 -9.609 0.05 6.704 1.0]
	ConcatTransform [-0.211465 0.804793 0.554609 0.0 -0.095227 0.547777 -0.831187 0.0 -0.972736 -0.228581 -0.039197 0.0 0.718513 -0.516757 -0.17365 1.0]
259
	ConcatTransform [1.1 0.0 0.0 0.0 0.0 1.1 0.0 0.0 0.0 0.0 1.1 0.0 -9.609 0.05 6.704 1.0]
	ConcatTransform [-0.209658 0.807724 0.551022 0.0 -0.111385 0.540149 -0.834166 0.0 -0.97141 -0.236265 -0.023278 0.0 0.721852 -0.516691 -0.171057 1.0]
260
	ConcatTransform [1.1 0.0 0.0 0.0 0.0 1.1 0.0 0.0 0.0 0.0 1.1 0.0 -9.609 0.05 6.704 1.0]
	ConcatTransform [-0.208558 0.809857 0.548302 0.0 -0.135567 0.531279 -0.83628 0.0 -0.968569 -0.248744 -0.001013 0.0 0.728289 -0.51661 -0.168711 1.0]
261
	ConcatTransform [1.1 0.0 0.0 0.0 0.0 1.1 0.0 0.0 0.0 0.0 1.1 0.0 -9.609 0.05 6.704 1.0]
	ConcatTransform [-0.215157 0.811205 0.54374 0.0 -0.139617 0.52551 -0.839254 0.0 -0.966548 -0.256487 0.000191 0.0 0.733419 -0.51649 -0.168221 1.0]
262
	ConcatTransform [1.1 0.0 0.0 0.0 0.0 1.1 0.0 0.0 0.0 0.0 1.1 0.0 -9.609 0.05 6.704 1.0]
	ConcatTransform [-0.23018 0.807034 0.543795 0.0 -0.153622 0.52166 -0.839209 0.0 -0.960946 -0.276708 0.003903 0.0 0.741888 -0.516836 -0.169015 1.0]
263
	ConcatTransform [1.1 0.0 0.0 0.0 0.0 1.1 0.0 0.0 0.0 0.0 1.1 0.0 -9.609 0.05 6.704 1.0]
	ConcatTransform [-0.242056 0.803041 0.544549 0.0 -0.164417 0.519174 -0.838705 0.0 -0.95623 -0.292546 0.006365 0.0 0.747899 -0.517005 -0.170686 1.0]
264
	ConcatTransform [1.1 0.0 0.0 0.0 0.0 1.1 0.0 0.0 0.0 0.0 1.1 0.0 -9.609 0.05 6.704 1.0]
	ConcatTransform [-0.253787 0.79571 0.549943 0.0 -0.183444 0.518644 -0.835079 0.0 -0.949705 -0.312816 0.014343 0.0 0.756887 -0.516811 -0.174768 1.0]
265
	ConcatTransform [1.1 0.0 0.0 0.0 0.0 1.1 0.0 0.0 0.0 0.0 1.1 0.0 -9.609 0.05 6.704 1.0]
	ConcatTransform [-0.252351 0.796272 0.549791 0.0 -0.194441 0.514862 -0.834931 0.0 -0.947898 -0.317598 0.024901 0.0 0.7612 -0.515926 -0.177858 1.0]
266
	ConcatTransform [1.1 0.0 0.0 0.0 0.0 1.1 0.0 0.0 0.0 0.0 1.1 0.0 -9.609 0.05 6.704 1.0]
	ConcatTransform [-0.237817 0.796992 0.5552 0.0 -0.210018 0.515884 -0.830515 0.0 -0.948333 -0.314112 0.044697 0.0 0.763985 -0.516245 -0.18202 1.0]
267
	ConcatTransform [1.1 0.0 0.0 0.0 0.0 1.1 0.0 0.0 0.0 0.0 1.1 0.0 -9.609 0.05 6.704 1.0]
	ConcatTransform [-0.225068 0.797689 0.559497 0.0 -0.220296 0.517699 -0.826715 0.0 -0.949112 -0.309322 0.05921 0.0 0.763348 -0.516766 -0.184546 1.0]
268
	ConcatTransform [1.1 0.0 0.0 0.0 0.0 1.1 0.0 0.0 0.0 0.0 1.1 0.0 -9.609 0.05 6.704 1.0]
	ConcatTransform [-0.209152 0.79496 0.569469 0.0 -0.234285 0.524652 -0.818444 0.0 -0.949403 -0.304597 0.076515 0.0 0.760428 -0.517304 -0.188898 1.0]
269
	ConcatTransform [1.1 0.0 0.0 0.0 0.0 1.1 0.0 0.0 0.0 0.0 1.1 0.0 -9.609 0.05 6.704 1.0]
	ConcatTransform [-0.200669 0.791623 0.577118 0.0 -0.239622 0.531545 -0.812429 0.0 -0.949902 -0.30132 0.083026 0.0 0.75818 -0.517598 -0.192603 1.0]
270
	ConcatTransform [1.1 0.0 0.0 0.0 0.0 1.1 0.0 0.0 0.0 0.0 1.1 0.0 -9.609 0.05 6.704 1.0]
	ConcatTransform [-0.189225 0.785825 0.588789 0.0 -0.244179 0.543129 -0.80336 0.0 -0.951089 -0.295786 0.089108 0.0 0.753859 -0.518027 -0.198991 1.0]
271
	ConcatTransform [1.1 0.0 0.0 0.0 0.0 1.1 0.0 0.0 0.0 0.0 1.1 0.0 -9.609 0.05 6.704 1.0]
	ConcatTransform [-0.183025 0.782293 0.595415 0.0 -0.242939 0.550873 -0.798448 0.0 -0.952619 -0.290786 0.089226 0.0 0.750486 -0.518326 -0.20368 1.0]
272
	ConcatTransform [1.1 0.0 0.0 0.0 0.0 1.1 0.0 0.0 0.0 0.0 1.1 0.0 -9.609 0.05 6.704 1.0]
	ConcatTransform [-0.172541 0.773387 0.610002 0.0 -0.238632 0.568021 -0.787659 0.0 -0.955659 -0.281469 0.086548 0.0 0.744853 -0.51874 -0.211086 1.0]
273
	ConcatTransform [1.1 0.0 0.0 0.0 0.0 1.1 0.0 0.0 0.0 0.0 1.1 0.0 -9.609 0.05 6.704 1.0]
	ConcatTransform [-0.166715 0.768749 0.617439 0.0 -0.235993 0.576892 -0.781987 0.0 -0.957347 -0.276081 0.085243 0.0 0.74104 -0.518854 -0.216369 1.0]
274
	ConcatTransform [1.1 0.0 0.0 0.0 0.0 1.1 0.0 0.0 0.0 0.0 1.1 0.0 -9.609 0.05 6.704 1.0]
	ConcatTransform [-0.158727 0.761777 0.628094 0.0 -0.229864 0.590165 -0.773865 0.0 -0.960192 -0.26721 0.081429 0.0 0.735647 -0.518924 -0.224609 1.0]
275
	ConcatTransform [1.1 0.0 0.0 0.0 0.0 1.1 0.0 0.0 0.0 0.0 1.1 0.0 -9.609 0.05 6.704 1.0]
	ConcatTransform [-0.154783 0.757447 0.634284 0.0 -0.225981 0.597856 -0.769091 0.0 -0.961756 -0.262379 0.078631 0.0 0.732387 -0.518814 -0.230199 1.0]
276
	ConcatTransform [1.1 0.0 0.0 0.0 0.0 1.1 0.0 0.0 0.0 0.0 1.1 0.0 -9.609 0.05 6.704 1.0]
	ConcatTransform [-0.151902 0.74891 0.645026 0.0 -0.221009 0.61034 -0.760684 0.0 -0.96337 -0.258106 0.072804 0.0 0.72801 -0.51865 -0.238461 1.0]
277
	ConcatTransform [1.1 0.0 0.0 0.0 0.0 1.1 0.0 0.0 0.0 0.0 1.1 0.0 -9.609 0.05 6.704 1.0]
	ConcatTransform [-0.150782 0.744196 0.65072 0.0 -0.218329 0.616923 -0.756134 0.0 -0.964156 -0.256083 0.069458 0.0 0.725445 -0.518515 -0.243762 1.0]
278
	ConcatTransform [1.1 0.0 0.0 0.0 0.0 1.1 0.0 0.0 0.0 0.0 1.1 0.0 -9.609 0.05 6.704 1.0]
	ConcatTransform [-0.14819 0.737087 0.65935 0.0 -0.212342 0.627447 -0.749147 0.0 -0.965894 -0.251023 0.063533 0.0 0.721269 -0.518162 -0.250481 1.0]
279
	ConcatTransform [1.1 0.0 0.0 0.0 0.0 1.1 0.0 0.0 0.0 0.0 1.1 0.0 -9.609 0.05 6.704 1.0]
	ConcatTransform [-0.144341 0.733829 0.663823 0.0 -0.20842 0.633253 -0.745354 0.0 -0.96733 -0.245939 0.06154 0.0 0.718523 -0.517935 -0.254215 1.0]
280
	ConcatTransform [1.1 0.0 0.0 0.0 0.0 1.1 0.0 0.0 0.0 0.0 1.1 0.0 -9.609 0.05 6.704 1.0]
	ConcatTransform [-0.141666 0.72989 0.668724 0.0 -0.203395 0.639662 -0.741258 0.0 -0.968794 -0.241027 0.057838 0.0 0.714711 -0.517641 -0.258629 1.0]
281
	ConcatTransform [1.1 0.0 0.0 0.0 0.0 1.1 0.0 0.0 0.0 0.0 1.1 0.0 -9.609 0.05 6.704 1.0]
	ConcatTransform [-0.143155 0.730204 0.668064 0.0 -0.197823 0.640283 -0.742229 0.0 -0.969728 -0.238412 0.052792 0.0 0.712231 -0.517661 -0.260674 1.0]
282
	ConcatTransform [1.1 0.0 0.0 0.0 0.0 1.1 0.0 0.0 0.0 0.0 1.1 0.0 -9.609 0.05 6.704 1.0]
	ConcatTransform [-0.130191 0.729654 0.671309 0.0 -0.202726 0.643177 -0.738393 0.0 -0.970542 -0.232224 0.064184 0.0 0.70974 -0.517417 -0.262747 1.0]
283
	ConcatTransform [1.1 0.0 0.0 0.0 0.0 1.1 0.0 0.0 0.0 0.0 1.1 0.0 -9.609 0.05 6.704 1.0]
	ConcatTransform [-0.114565 0.727571 0.676399 0.0 -0.218877 0.645663 -0.731582 0.0 -0.969004 -0.231862 0.085278 0.0 0.709276 -0.517242 -0.263623 1.0]
284
	ConcatTransform [1.1 0.0 0.0 0.0 0.0 1.1 0.0 0.0 0.0 0.0 1.1 0.0 -9.609 0.05 6.704 1.0]
	ConcatTransform [-0.092463 0.724933 0.682586 0.0 -0.251 0.646415 -0.720518 0.0 -0.963561 -0.23795 0.122189 0.0 0.710061 -0.517303 -0.264297 1.0]
285
	ConcatTransform [1.1 0.0 0.0 0.0 0.0 1.1 0.0 0.0 0.0 0.0 1.1 0.0 -9.609 0.05 6.704 1.0]
	ConcatTransform [-0.090044 0.725601 0.682199 0.0 -0.256201 0.645053 -0.719908 0.0 -0.962421 -0.239603 0.127816 0.0 0.711326 -0.517346 -0.264011 1.0]
286
	ConcatTransform [1.1 0.0 0.0 0.0 0.0 1.1 0.0 0.0 0.0 0.0 1.1 0.0 -9.609 0.05 6.704 1.0]
	ConcatTransform [-0.09129 0.731563 0.675634 0.0 -0.261486 0.637049 -0.725116 0.0 -0.96088 -0.242865 0.133138 0.0 0.712671 -0.517768 -0.261674 1.0]
287
	ConcatTransform [1.1 0.0 0.0 0.0 0.0 1.1 0.0 0.0 0.0 0.0 1.1 0.0 -9.609 0.05 6.704 1.0]
	ConcatTransform [-0.093888 0.735567 0.670915 0.0 -0.264883 0.631147 -0.729034 0.0 -0.959699 -0.246161 0.135582 0.0 0.713937 -0.518007 -0.259323 1.0]
288
	ConcatTransform [1.1 0.0 0.0 0.0 0.0 1.1 0.0 0.0 0.0 0.0 1.1 0.0 -9.609 0.05 6.704 1.0]
	ConcatTransform [-0.098264 0.74176 0.663427 0.0 -0.272691 0.621068 -0.734789 0.0 -0.95707 -0.253114 0.141243 0.0 0.716679 -0.518328 -0.2551 1.0]
289
	ConcatTransform [1.1 0.0 0.0 0.0 0.0 1.1 0.0 0.0 0.0 0.0 1.1 0.0 -9.609 0.05 6.704 1.0]
	ConcatTransform [-0.100212 0.745917 0.658457 0.0 -0.277726 0.614514 -0.738404 0.0 -0.955419 -0.256868 0.145579 0.0 0.71887 -0.518506 -0.251808 1.0]
290
	ConcatTransform [1.1 0.0 0.0 0.0 0.0 1.1 0.0 0.0 0.0 0.0 1.1 0.0 -9.609 0.05 6.704 1.0]
	ConcatTransform [-0.106177 0.752699 0.649746 0.0 -0.282475 0.603686 -0.745501 0.0 -0.95338 -0.262692 0.148521 0.0 0.722567 -0.518711 -0.24635 1.0]
291
	ConcatTransform [1.1 0.0 0.0 0.0 0.0 1.1 0.0 0.0 0.0 0.0 1.1 0.0 -9.609 0.05 6.704 1.0]
	ConcatTransform [-0.111487 0.758805 0.641705 0.0 -0.285107 0.594163 -0.75212 0.0 -0.95199 -0.266807 0.150099 0.0 0.725232 -0.51886 -0.242511 1.0]
292
	ConcatTransform [1.1 0.0 0.0 0.0 0.0 1.1 0.0 0.0 0.0 0.0 1.1 0.0 -9.609 0.05 6.704 1.0]
	ConcatTransform [-0.117787 0.765919 0.632056 0.0 -0.293948 0.581071 -0.758914 0.0 -0.948536 -0.275182 0.156698 0.0 0.729653 -0.51884 -0.236934 1.0]
293
	ConcatTransform [1.1 0.0 0.0 0.0 0.0 1.1 0.0 0.0 0.0 0.0 1.1 0.0 -9.609 0.05 6.704 1.0]
	ConcatTransform [-0.120047 0.768987 0.627891 0.0 -0.296591 0.575801 -0.761897 0.0 -0.947429 -0.27769 0.158952 0.0 0.73275 -0.518766 -0.23342 1.0]
294
	ConcatTransform [1.1 0.0 0.0 0.0 0.0 1.1 0.0 0.0 0.0 0.0 1.1 0.0 -9.609 0.05 6.704 1.0]
	ConcatTransform [-0.125295 0.775154 0.619223 0.0 -0.304094 0.564095 -0.767674 0.0 -0.944366 -0.284488 0.165042 0.0 0.737484 -0.518631 -0.228743 1.0]
295
	ConcatTransform [1.1 0.0 0.0 0.0 0.0 1.1 0.0 0.0 0.0 0.0 1.1 0.0 -9.609 0.05 6.704 1.0]
	ConcatTransform [-0.126729 0.777387 0.616124 0.0 -0.308818 0.559343 -0.769264 0.0 -0.942641 -0.287758 0.169186 0.0 0.740191 -0.518515 -0.225704 1.0]
296
	ConcatTransform [1.1 0.0 0.0 0.0 0.0 1.1 0.0 0.0 0.0 0.0 1.1 0.0 -9.609 0.05 6.704 1.0]
	ConcatTransform [-0.131813 0.78299 0.607908 0.0 -0.312038 0.549308 -0.775173 0.0 -0.940881 -0.291868 0.171917 0.0 0.743102 -0.518306 -0.221316 1.0]
297
	ConcatTransform [1.1 0.0 0.0 0.0 0.0 1.1 0.0 0.0 0.0 0.0 1.1 0.0 -9.609 0.05 6.704 1.0]
	ConcatTransform [-0.135215 0.786223 0.602967 0.0 -0.31216 0.543761 -0.779025 0.0 -0.940358 -0.293558 0.171903 0.0 0.744526 -0.518156 -0.218759 1.0]
298
	ConcatTransform [1.1 0.0 0.0 0.0 0.0 1.1 0.0 0.0 0.0 0.0 1.1 0.0 -9.609 0.05 6.704 1.0]
	ConcatTransform [-0.140157 0.78919 0.597942 0.0 -0.311853 0.537981 -0.78315 0.0 -0.939736 -0.296234 0.17071 0.0 0.746282 -0.517943 -0.215895 1.0]
299
	ConcatTransform [1.1 0.0 0.0 0.0 0.0 1.1 0.0 0.0 0.0 0.0 1.1 0.0 -9.609 0.05 6.704 1.0]
	ConcatTransform [-0.142714 0.790667 0.59538 0.0 -0.311326 0.535145 -0.7853 0.0 -0.939526 -0.297431 0.169783 0.0 0.747254 -0.517826 -0.214748 1.0]
300
	ConcatTransform [1.1 0.0 0.0 0.0 0.0 1.1 0.0 0.0 0.0 0.0 1.1 0.0 -9.609 0.05 6.704 1.0]
	ConcatTransform [-0.146799 0.791737 0.59296 0.0 -0.309272 0.532664 -0.787794 0.0 -0.939575 -0.299033 0.166667 0.0 0.748456 -0.517719 -0.214223 1.0]
301
	ConcatTransform [1.1 0.0 0.0 0.0 0.0 1.1 0.0 0.0 0.0 0.0 1.1 0.0 -9.609 0.05 6.704 1.0]
	ConcatTransform [-0.148596 0.79096 0.593551 0.0 -0.308233 0.533267 -0.787793 0.0 -0.939634 -0.300015 0.164559 0.0 0.748853 -0.517686 -0.214529 1.0]
302
	ConcatTransform [1.1 0.0 0.0 0.0 0.0 1.1 0.0 0.0 0.0 0.0 1.1 0.0 -9.609 0.05 6.704 1.0]
	ConcatTransform [-0.148341 0.789661 0.595341 0.0 -0.306755 0.535567 -0.78681 0.0 -0.940158 -0.299339 0.162786 0.0 0.748388 -0.51776 -0.215711 1.0]
303
	ConcatTransform [1.1 0.0 0.0 0.0 0.0 1.1 0.0 0.0 0.0 0.0 1.1 0.0 -9.609 0.05 6.704 1.0]
	ConcatTransform [-0.14715 0.788078 0.597729 0.0 -0.305062 0.538688 -0.785336 0.0 -0.940895 -0.297907 0.161145 0.0 0.747474 -0.51788 -0.217 1.0]
304
	ConcatTransform [1.1 0.0 0.0 0.0 0.0 1.1 0.0 0.0 0.0 0.0 1.1 0.0 -9.609 0.05 6.704 1.0]
	ConcatTransform [-0.143423 0.785637 0.601834 0.0 -0.302505 0.544214 -0.78251 0.0 -0.942295 -0.294288 0.159606 0.0 0.745434 -0.518116 -0.219702 1.0]
305
	ConcatTransform [1.1 0.0 0.0 0.0 0.0 1.1 0.0 0.0 0.0 0.0 1.1 0.0 -9.609 0.05 6.704 1.0]
	ConcatTransform [-0.139313 0.782861 0.606399 0.0 -0.30103 0.549908 -0.77909 0.0 -0.943384 -0.291082 0.159055 0.0 0.743704 -0.518328 -0.222017 1.0]
306
	ConcatTransform [1.1 0.0 0.0 0.0 0.0 1.1 0.0 0.0 0.0 0.0 1.1 0.0 -9.609 0.05 6.704 1.0]
	ConcatTransform [-0.133606 0.777569 0.61444 0.0 -0.297623 0.559898 -0.773262 0.0 -0.945288 -0.286184 0.156617 0.0 0.740642 -0.518559 -0.226202 1.0]
307
	ConcatTransform [1.1 0.0 0.0 0.0 0.0 1.1 0.0 0.0 0.0 0.0 1.1 0.0 -9.609 0.05 6.704 1.0]
	ConcatTransform [-0.129661 0.773599 0.620268 0.0 -0.294852 0.567171 -0.769012 0.0 -0.946705 -0.282598 0.154557 0.0 0.73828 -0.518693 -0.22931 1.0]
308
	ConcatTransform [1.1 0.0 0.0 0.0 0.0 1.1 0.0 0.0 0.0 0.0 1.1 0.0 -9.609 0.05 6.704 1.0]
	ConcatTransform [-0.123341 0.766951 0.62974 0.0 -0.290212 0.578966 -0.761955 0.0 -0.948981 -0.276738 0.151168 0.0 0.734467 -0.518817 -0.234292 1.0]
309
	ConcatTransform [1.1 0.0 0.0 0.0 0.0 1.1 0.0 0.0 0.0 0.0 1.1 0.0 -9.609 0.05 6.704 1.0]
	ConcatTransform [-0.119529 0.763334 0.63485 0.0 -0.287065 0.58555 -0.758106 0.0 -0.950424 -0.272859 0.149136 0.0 0.731916 -0.518852 -0.237799 1.0]
310
	ConcatTransform [1.1 0.0 0.0 0.0 0.0 1.1 0.0 0.0 0.0 0.0 1.1 0.0 -9.609 0.05 6.704 1.0]
	ConcatTransform [-0.114889 0.75874 0.641181 0.0 -0.282789 0.593769 -0.753306 0.0 -0.952277 -0.267866 0.146346 0.0 0.728167 -0.51884 -0.243151 1.0]
311
	ConcatTransform [1.1 0.0 0.0 0.0 0.0 1.1 0.0 0.0 0.0 0.0 1.1 0.0 -9.609 0.05 6.704 1.0]
	ConcatTransform [-0.11213 0.755582 0.645386 0.0 -0.27983 0.599188 -0.750113 0.0 -0.953479 -0.264709 0.144247 0.0 0.72576 -0.518788 -0.24665 1.0]
312
	ConcatTransform [1.1 0.0 0.0 0.0 0.0 1.1 0.0 0.0 0.0 0.0 1.1 0.0 -9.609 0.05 6.704 1.0]
	ConcatTransform [-0.108197 0.750451 0.65201 0.0 -0.275497 0.607539 -0.744982 0.0 -0.955194 -0.260232 0.141013 0.0 0.722385 -0.518659 -0.251631 1.0]
313
	ConcatTransform [1.1 0.0 0.0 0.0 0.0 1.1 0.0 0.0 0.0 0.0 1.1 0.0 -9.609 0.05 6.704 1.0]
	ConcatTransform [-0.106127 0.748181 0.654952 0.0 -0.273946 0.611182 -0.74257 0.0 -0.955872 -0.258229 0.140098 0.0 0.720404 -0.518587 -0.254787 1.0]
314
	ConcatTransform [1.1 0.0 0.0 0.0 0.0 1.1 0.0 0.0 0.0 0.0 1.1 0.0 -9.609 0.05 6.704 1.0]
	ConcatTransform [-0.104077 0.74378 0.660272 0.0 -0.268057 0.618333 -0.73879 0.0 -0.957765 -0.253881 0.135022 0.0 0.717609 -0.518413 -0.258796 1.0]
315
	ConcatTransform [1.1 0.0 0.0 0.0 0.0 1.1 0.0 0.0 0.0 0.0 1.1 0.0 -9.609 0.05 6.704 1.0]
	ConcatTransform [-0.1048 0.740934 0.66335 0.0 -0.263856 0.622402 -0.736882 0.0 -0.958852 -0.252254 0.130272 0.0 0.715995 -0.518295 -0.260983 1.0]
316
	ConcatTransform [1.1 0.0 0.0 0.0 0.0 1.1 0.0 0.0 0.0 0.0 1.1 0.0 -9.609 0.05 6.704 1.0]
	ConcatTransform [-0.105242 0.737354 0.667258 0.0 -0.257332 0.627937 -0.73449 0.0 -0.960575 -0.249006 0.123659 0.0 0.714195 -0.518087 -0.263507 1.0]
317
	ConcatTransform [1.1 0.0 0.0 0.0 0.0 1.1 0.0 0.0 0.0 0.0 1.1 0.0 -9.609 0.05 6.704 1.0]
	ConcatTransform [-0.104739 0.735937 0.668899 0.0 -0.254994 0.63024 -0.733332 0.0 -0.961253 -0.247374 0.121649 0.0 0.713303 -0.518005 -0.264597 1.0]
318
	ConcatTransform [1.1 0.0 0.0 0.0 0.0 1.1 0.0 0.0 0.0 0.0 1.1 0.0 -9.609 0.05 6.704 1.0]
	ConcatTransform [-0.103484 0.734937 0.670193 0.0 -0.254572 0.631795 -0.732139 0.0 -0.961501 -0.246377 0.121714 0.0 0.712598 -0.51794 -0.265373 1.0]
319
	ConcatTransform [1.1 0.0 0.0 0.0 0.0 1.1 0.0 0.0 0.0 0.0 1.1 0.0 -9.609 0.05 6.704 1.0]
	ConcatTransform [-0.106126 0.736078 0.668526 0.0 -0.253 0.630207 -0.73405 0.0 -0.961628 -0.247039 0.119346 0.0 0.712479 -0.518019 -0.265295 1.0]
320
	ConcatTransform [1.1 0.0 0.0 0.0 0.0 1.1 0.0 0.0 0.0 0.0 1.1 0.0 -9.609 0.05 6.704 1.0]
	ConcatTransform [-0.112558 0.738546 0.664741 0.0 -0.251571 0.626015 -0.738118 0.0 -0.961271 -0.250311 0.115334 0.0 0.712939 -0.518171 -0.264353 1.0]
321
	ConcatTransform [1.1 0.0 0.0 0.0 0.0 1.1 0.0 0.0 0.0 0.0 1.1 0.0 -9.609 0.05 6.704 1.0]
	ConcatTransform [-0.115062 0.740561 0.662066 0.0 -0.251978 0.622934 -0.740581 0.0 -0.960868 -0.252039 0.114929 0.0 0.713399 -0.518263 -0.263049 1.0]
322
	ConcatTransform [1.1 0.0 0.0 0.0 0.0 1.1 0.0 0.0 0.0 0.0 1.1 0.0 -9.609 0.05 6.704 1.0]
	ConcatTransform [-0.118509 0.745043 0.656404 0.0 -0.255905 0.615814 -0.745175 0.0 -0.95941 -0.256287 0.11768 0.0 0.714236 -0.518459 -0.260173 1.0]
323
	ConcatTransform [1.1 0.0 0.0 0.0 0.0 1.1 0.0 0.0 0.0 0.0 1.1 0.0 -9.609 0.05 6.704 1.0]
	ConcatTransform [-0.122092 0.748263 0.65207 0.0 -0.256567 0.610861 -0.749014 0.0 -0.958784 -0.258749 0.117398 0.0 0.715028 -0.518589 -0.257789 1.0]
324
	ConcatTransform [1.1 0.0 0.0 0.0 0.0 1.1 0.0 0.0 0.0 0.0 1.1 0.0 -9.609 0.05 6.704 1.0]
	ConcatTransform [-0.128976 0.75574 0.642046 0.0 -0.261597 0.598589 -0.757138 0.0 -0.956521 -0.26561 0.120496 0.0 0.716631 -0.518789 -0.253899 1.0]
325
	ConcatTransform [1.1 0.0 0.0 0.0 0.0 1.1 0.0 0.0 0.0 0.0 1.1 0.0 -9.609 0.05 6.704 1.0]
	ConcatTransform [-0.131061 0.758825 0.637972 0.0 -0.264637 0.593393 -0.760166 0.0 -0.955401 -0.268459 0.123043 0.0 0.717975 -0.518833 -0.251105 1.0]
326
	ConcatTransform [1.1 0.0 0.0 0.0 0.0 1.1 0.0 0.0 0.0 0.0 1.1 0.0 -9.609 0.05 6.704 1.0]
	ConcatTransform [-0.135253 0.764005 0.630875 0.0 -0.268186 0.584728 -0.765617 0.0 -0.953825 -0.272744 0.125809 0.0 0.720359 -0.518856 -0.246955 1.0]
327
	ConcatTransform [1.1 0.0 0.0 0.0 0.0 1.1 0.0 0.0 0.0 0.0 1.1 0.0 -9.609 0.05 6.704 1.0]
	ConcatTransform [-0.138703 0.767052 0.626412 0.0 -0.269714 0.579358 -0.769155 0.0 -0.952899 -0.275637 0.126526 0.0 0.722236 -0.518831 -0.244366 1.0]
328
	ConcatTransform [1.1 0.0 0.0 0.0 0.0 1.1 0.0 0.0 0.0 0.0 1.1 0.0 -9.609 0.05 6.704 1.0]
	ConcatTransform [-0.143154 0.770359 0.621332 0.0 -0.271923 0.573022 -0.773113 0.0 -0.951612 -0.279629 0.127448 0.0 0.725197 -0.518747 -0.240753 1.0]
329
	ConcatTransform [1.1 0.0 0.0 0.0 0.0 1.1 0.0 0.0 0.0 0.0 1.1 0.0 -9.609 0.05 6.704 1.0]
	ConcatTransform [-0.145258 0.77253 0.618141 0.0 -0.274183 0.568867 -0.77538 0.0 -0.950644 -0.282114 0.129182 0.0 0.726975 -0.518673 -0.238462 1.0]
330
	ConcatTransform [1.1 0.0 0.0 0.0 0.0 1.1 0.0 0.0 0.0 0.0 1.1 0.0 -9.609 0.05 6.704 1.0]
	ConcatTransform [-0.146723 0.775742 0.613756 0.0 -0.276097 0.563695 -0.778472 0.0 -0.949865 -0.283676 0.131473 0.0 0.729253 -0.518631 -0.235272 1.0]
331
	ConcatTransform [1.1 0.0 0.0 0.0 0.0 1.1 0.0 0.0 0.0 0.0 1.1 0.0 -9.609 0.05 6.704 1.0]
	ConcatTransform [-0.147931 0.777036 0.611826 0.0 -0.277354 0.561213 -0.779817 0.0 -0.949311 -0.285051 0.132494 0.0 0.730497 -0.518573 -0.233399 1.0]
332
	ConcatTransform [1.1 0.0 0.0 0.0 0.0 1.1 0.0 0.0 0.0 0.0 1.1 0.0 -9.609 0.05 6.704 1.0]
	ConcatTransform [-0.149913 0.778586 0.609369 0.0 -0.279084 0.557946 -0.781542 0.0 -0.948493 -0.287228 0.133647 0.0 0.731928 -0.518488 -0.231062 1.0]
333
	ConcatTransform [1.1 0.0 0.0 0.0 0.0 1.1 0.0 0.0 0.0 0.0 1.1 0.0 -9.609 0.05 6.704 1.0]
	ConcatTransform [-0.150691 0.779436 0.608089 0.0 -0.279872 0.556312 -0.782425 0.0 -0.948137 -0.288091 0.134311 0.0 0.73263 -0.518448 -0.229887 1.0]
334
	ConcatTransform [1.1 0.0 0.0 0.0 0.0 1.1 0.0 0.0 0.0 0.0 1.1 0.0 -9.609 0.05 6.704 1.0]
	ConcatTransform [-0.150804 0.779998 0.60734 0.0 -0.280276 0.555422 -0.782913 0.0 -0.948 -0.288289 0.134854 0.0 0.73331 -0.51842 -0.228744 1.0]
335
	ConcatTransform [1.1 0.0 0.0 0.0 0.0 1.1 0.0 0.0 0.0 0.0 1.1 0.0 -9.609 0.05 6.704 1.0]
	ConcatTransform [-0.149833 0.77928 0.6085 0.0 -0.279172 0.557059 -0.782143 0.0 -0.948479 -0.287067 0.134088 0.0 0.733603 -0.518455 -0.228427 1.0]
336
	ConcatTransform [1.1 0.0 0.0 0.0 0.0 1.1 0.0 0.0 0.0 0.0 1.1 0.0 -9.609 0.05 6.704 1.0]
	ConcatTransform [-0.149033 0.77761 0.610829 0.0 -0.278251 0.559788 -0.780521 0.0 -0.948876 -0.286287 0.132944 0.0 0.733825 -0.518523 -0.228694 1.0]
337
	ConcatTransform [1.1 0.0 0.0 0.0 0.0 1.1 0.0 0.0 0.0 0.0 1.1 0.0 -9.609 0.05 6.704 1.0]
	ConcatTransform [-0.147558 0.776172 0.613011 0.0 -0.276942 0.562579 -0.778979 0.0 -0.949489 -0.284714 0.131942 0.0 0.7339 -0.518593 -0.22933 1.0]
338
	ConcatTransform [1.1 0.0 0.0 0.0 0.0 1.1 0.0 0.0 0.0 0.0 1.1 0.0 -9.609 0.05 6.704 1.0]
	ConcatTransform [-0.144262 0.773435 0.617242 0.0 -0.275351 0.567755 -0.775781 0.0 -0.950458 -0.281874 0.131061 0.0 0.733626 -0.518696 -0.230684 1.0]
339
	ConcatTransform [1.1 0.0 0.0 0.0 0.0 1.1 0.0 0.0 0.0 0.0 1.1 0.0 -9.609 0.05 6.704 1.0]
	ConcatTransform [-0.143397 0.771834 0.619443 0.0 -0.273459 0.570642 -0.774331 0.0 -0.951135 -0.280429 0.129236 0.0 0.733184 -0.518732 -0.231818 1.0]
340
	ConcatTransform [1.1 0.0 0.0 0.0 0.0 1.1 0.0 0.0 0.0 0.0 1.1 0.0 -9.609 0.05 6.704 1.0]
	ConcatTransform [-0.140073 0.76914 0.62354 0.0 -0.272073 0.575609 -0.771136 0.0 -0.952027 -0.277664 0.128635 0.0 0.732321 -0.518791 -0.233846 1.0]
341
	ConcatTransform [1.1 0.0 0.0 0.0 0.0 1.1 0.0 0.0 0.0 0.0 1.1 0.0 -9.609 0.05 6.704 1.0]
	ConcatTransform [-0.138302 0.767176 0.626349 0.0 -0.270671 0.579071 -0.769034 0.0 -0.952685 -0.275894 0.127566 0.0 0.73161 -0.518811 -0.235333 1.0]
342
	ConcatTransform [1.1 0.0 0.0 0.0 0.0 1.1 0.0 0.0 0.0 0.0 1.1 0.0 -9.609 0.05 6.704 1.0]
	ConcatTransform [-0.135334 0.764037 0.630819 0.0 -0.268637 0.584532 -0.765608 0.0 -0.953687 -0.273074 0.126142 0.0 0.730409 -0.518827 -0.23768 1.0]
343
	ConcatTransform [1.1 0.0 0.0 0.0 0.0 1.1 0.0 0.0 0.0 0.0 1.1 0.0 -9.609 0.05 6.704 1.0]
	ConcatTransform [-0.133493 0.762132 0.633509 0.0 -0.267536 0.587786 -0.7635 0.0 -0.954256 -0.271408 0.125432 0.0 0.729543 -0.518822 -0.239272 1.0]
344
	ConcatTransform [1.1 0.0 0.0 0.0 0.0 1.1 0.0 0.0 0.0 0.0 1.1 0.0 -9.609 0.05 6.704 1.0]
	ConcatTransform [-0.13115 0.759459 0.637198 0.0 -0.266022 0.592216 -0.7606 0.0 -0.955004 -0.269261 0.124364 0.0 0.728213 -0.518797 -0.241615 1.0]
345
	ConcatTransform [1.1 0.0 0.0 0.0 0.0 1.1 0.0 0.0 0.0 0.0 1.1 0.0 -9.609 0.05 6.704 1.0]
	ConcatTransform [-0.129843 0.757796 0.639442 0.0 -0.264679 0.59501 -0.758886 0.0 -0.955555 -0.267783 0.123314 0.0 0.72731 -0.518782 -0.243077 1.0]
346
	ConcatTransform [1.1 0.0 0.0 0.0 0.0 1.1 0.0 0.0 0.0 0.0 1.1 0.0 -9.609 0.05 6.704 1.0]
	ConcatTransform [-0.128192 0.755442 0.642553 0.0 -0.262307 0.599 -0.756567 0.0 -0.956432 -0.265532 0.121371 0.0 0.725972 -0.51875 -0.245024 1.0]
347
	ConcatTransform [1.1 0.0 0.0 0.0 0.0 1.1 0.0 0.0 0.0 0.0 1.1 0.0 -9.609 0.05 6.704 1.0]
	ConcatTransform [-0.127445 0.754051 0.644333 0.0 -0.260581 0.601354 -0.755295 0.0 -0.957003 -0.26416 0.119851 0.0 0.725188 -0.518726 -0.246169 1.0]
348
	ConcatTransform [1.1 0.0 0.0 0.0 0.0 1.1 0.0 0.0 0.0 0.0 1.1 0.0 -9.609 0.05 6.704 1.0]
	ConcatTransform [-0.125959 0.75241 0.646539 0.0 -0.259197 0.60413 -0.753554 0.0 -0.957576 -0.262497 0.118927 0.0 0.724228 -0.518694 -0.247615 1.0]
349
	ConcatTransform [1.1 0.0 0.0 0.0 0.0 1.1 0.0 0.0 0.0 0.0 1.1 0.0 -9.609 0.05 6.704 1.0]
	ConcatTransform [-0.126439 0.752519 0.646319 0.0 -0.258847 0.603946 -0.753822 0.0 -0.957607 -0.26261 0.118425 0.0 0.723653 -0.518695 -0.248354 1.0]
350
	ConcatTransform [1.1 0.0 0.0 0.0 0.0 1.1 0.0 0.0 0.0 0.0 1.1 0.0 -9.609 0.05 6.704 1.0]
	ConcatTransform [-0.125921 0.751849 0.647199 0.0 -0.257586 0.605237 -0.753218 0.0 -0.958015 -0.261555 0.117454 0.0 0.723099 -0.518682 -0.249109 1.0]
351
	ConcatTransform [1.1 0.0 0.0 0.0 0.0 1.1 0.0 0.0 0.0 0.0 1.1 0.0 -9.609 0.05 6.704 1.0]
	ConcatTransform [-0.126168 0.751823 0.647182 0.0 -0.257584 0.60519 -0.753257 0.0 -0.957983 -0.261741 0.117302 0.0 0.722836 -0.518673 -0.249353 1.0]
352
	ConcatTransform [1.1 0.0 0.0 0.0 0.0 1.1 0.0 0.0 0.0 0.0 1.1 0.0 -9.609 0.05 6.704 1.0]
	ConcatTransform [-0.126717 0.752617 0.646151 0.0 -0.258132 0.603939 -0.754072 0.0 -0.957763 -0.262346 0.117745 0.0 0.722754 -0.518701 -0.249419 1.0]
353
	ConcatTransform [1.1 0.0 0.0 0.0 0.0 1.1 0.0 0.0 0.0 0.0 1.1 0.0 -9.609 0.05 6.704 1.0]
	ConcatTransform [-0.127427 0.753474 0.645011 0.0 -0.258765 0.602536 -0.754978 0.0 -0.957498 -0.263111 0.118193 0.0 0.722971 -0.518722 -0.249304 1.0]
354
	ConcatTransform [1.1 0.0 0.0 0.0 0.0 1.1 0.0 0.0 0.0 0.0 1.1 0.0 -9.609 0.05 6.704 1.0]
	ConcatTransform [-0.12913 0.755222 0.642624 0.0 -0.260071 0.599573 -0.756885 0.0 -0.956916 -0.264865 0.118989 0.0 0.723651 -0.518767 -0.248912 1.0]
355
	ConcatTransform [1.1 0.0 0.0 0.0 0.0 1.1 0.0 0.0 0.0 0.0 1.1 0.0 -9.609 0.05 6.704 1.0]
	ConcatTransform [-0.130569 0.757006 0.64023 0.0 -0.261346 0.596638 -0.758763 0.0 -0.956374 -0.266392 0.119938 0.0 0.724247 -0.5188 -0.24849 1.0]
356
	ConcatTransform [1.1 0.0 0.0 0.0 0.0 1.1 0.0 0.0 0.0 0.0 1.1 0.0 -9.609 0.05 6.704 1.0]
	ConcatTransform [-0.132602 0.758966 0.637486 0.0 -0.26246 0.59332 -0.760977 0.0 -0.955788 -0.268222 0.120523 0.0 0.725221 -0.518814 -0.247565 1.0]
357
	ConcatTransform [1.1 0.0 0.0 0.0 0.0 1.1 0.0 0.0 0.0 0.0 1.1 0.0 -9.609 0.05 6.704 1.0]
	ConcatTransform [-0.134019 0.760547 0.635301 0.0 -0.263608 0.590626 -0.762674 0.0 -0.955275 -0.269684 0.121331 0.0 0.725893 -0.518823 -0.246833 1.0]
358
	ConcatTransform [1.1 0.0 0.0 0.0 0.0 1.1 0.0 0.0 0.0 0.0 1.1 0.0 -9.609 0.05 6.704 1.0]
	ConcatTransform [-0.135979 0.762533 0.632498 0.0 -0.26511 0.587138 -0.764843 0.0 -0.954582 -0.271684 0.122317 0.0 0.726923 -0.518822 -0.24562 1.0]
359
	ConcatTransform [1.1 0.0 0.0 0.0 0.0 1.1 0.0 0.0 0.0 0.0 1.1 0.0 -9.609 0.05 6.704 1.0]
	ConcatTransform [-0.137084 0.763533 0.631051 0.0 -0.26588 0.585325 -0.765965 0.0 -0.95421 -0.272785 0.122769 0.0 0.727612 -0.518814 -0.244774 1.0]
360
	ConcatTransform [1.1 0.0 0.0 0.0 0.0 1.1 0.0 0.0 0.0 0.0 1.1 0.0 -9.609 0.05 6.704 1.0]
	ConcatTransform [-0.544414 0.780682 -0.306837 0.0 0.830095 0.554027 -0.063215 0.0 0.120645 -0.289119 -0.94966 0.0 0.530799 -0.518399 -0.216335 1.0]
