228
	ConcatTransform [1.1 0.0 0.0 0.0 0.0 1.1 0.0 0.0 0.0 0.0 1.1 0.0 -9.609 0.05 6.704 1.0]
	ConcatTransform [0.99762 0.029553 -0.062301 0.0 -0.030632 0.999396 -0.016433 0.0 0.061778 0.018302 0.997922 0.0 -0.016571 0.010718 -0.030782 1.0]
229
	ConcatTransform [1.1 0.0 0.0 0.0 0.0 1.1 0.0 0.0 0.0 0.0 1.1 0.0 -9.609 0.05 6.704 1.0]
	ConcatTransform [0.988805 0.114028 -0.096238 0.0 -0.110171 0.992916 0.044505 0.0 0.100631 -0.033404 0.994363 0.0 -0.025855 0.000882 -0.039395 1.0]
230
	ConcatTransform [1.1 0.0 0.0 0.0 0.0 1.1 0.0 0.0 0.0 0.0 1.1 0.0 -9.609 0.05 6.704 1.0]
	ConcatTransform [0.930452 0.330706 -0.157775 0.0 -0.284319 0.923239 0.258441 0.0 0.231132 -0.195609 0.953056 0.0 -0.053453 -0.025151 -0.057964 1.0]
231
	ConcatTransform [1.1 0.0 0.0 0.0 0.0 1.1 0.0 0.0 0.0 0.0 1.1 0.0 -9.609 0.05 6.704 1.0]
	ConcatTransform [0.856226 0.494446 -0.149665 0.0 -0.392795 0.811281 0.433054 0.0 0.335542 -0.312005 0.888856 0.0 -0.07489 -0.051847 -0.071207 1.0]
232
	ConcatTransform [1.1 0.0 0.0 0.0 0.0 1.1 0.0 0.0 0.0 0.0 1.1 0.0 -9.609 0.05 6.704 1.0]
	ConcatTransform [0.763231 0.644764 -0.041917 0.0 -0.475157 0.604055 0.6398 0.0 0.43784 -0.468398 0.767398 0.0 -0.104073 -0.10729 -0.091876 1.0]
233
	ConcatTransform [1.1 0.0 0.0 0.0 0.0 1.1 0.0 0.0 0.0 0.0 1.1 0.0 -9.609 0.05 6.704 1.0]
	ConcatTransform [0.739287 0.672167 0.040573 0.0 -0.476408 0.479496 0.736966 0.0 0.475909 -0.564159 0.674711 0.0 -0.125788 -0.151496 -0.106625 1.0]
234
	ConcatTransform [1.1 0.0 0.0 0.0 0.0 1.1 0.0 0.0 0.0 0.0 1.1 0.0 -9.609 0.05 6.704 1.0]
	ConcatTransform [0.79603 0.58727 0.146456 0.0 -0.439515 0.394507 0.806964 0.0 0.416128 -0.706738 0.572153 0.0 -0.150344 -0.231554 -0.128008 1.0]
235
	ConcatTransform [1.1 0.0 0.0 0.0 0.0 1.1 0.0 0.0 0.0 0.0 1.1 0.0 -9.609 0.05 6.704 1.0]
	ConcatTransform [0.855473 0.483016 0.186713 0.0 -0.406267 0.402426 0.820366 0.0 0.321111 -0.777656 0.540499 0.0 -0.166591 -0.292295 -0.144359 1.0]
236
	ConcatTransform [1.1 0.0 0.0 0.0 0.0 1.1 0.0 0.0 0.0 0.0 1.1 0.0 -9.609 0.05 6.704 1.0]
	ConcatTransform [0.937026 0.305748 0.168821 0.0 -0.307907 0.495021 0.812494 0.0 0.164848 -0.81331 0.557989 0.0 -0.207856 -0.381958 -0.175773 1.0]
237
	ConcatTransform [1.1 0.0 0.0 0.0 0.0 1.1 0.0 0.0 0.0 0.0 1.1 0.0 -9.609 0.05 6.704 1.0]
	ConcatTransform [0.966075 0.20652 0.155076 0.0 -0.245268 0.545602 0.80135 0.0 0.080885 -0.812199 0.577745 0.0 -0.251255 -0.435301 -0.202395 1.0]
238
	ConcatTransform [1.1 0.0 0.0 0.0 0.0 1.1 0.0 0.0 0.0 0.0 1.1 0.0 -9.609 0.05 6.704 1.0]
	ConcatTransform [0.991161 0.033985 0.128238 0.0 -0.123476 0.589813 0.798044 0.0 -0.048515 -0.806824 0.588796 0.0 -0.330413 -0.501691 -0.249699 1.0]
239
	ConcatTransform [1.1 0.0 0.0 0.0 0.0 1.1 0.0 0.0 0.0 0.0 1.1 0.0 -9.609 0.05 6.704 1.0]
	ConcatTransform [0.994527 -0.087511 0.057074 0.0 0.004601 0.582434 0.812865 0.0 -0.104376 -0.808154 0.579649 0.0 -0.388713 -0.539742 -0.282247 1.0]
240
	ConcatTransform [1.1 0.0 0.0 0.0 0.0 1.1 0.0 0.0 0.0 0.0 1.1 0.0 -9.609 0.05 6.704 1.0]
	ConcatTransform [0.931791 -0.302456 -0.200716 0.0 0.336236 0.510779 0.791234 0.0 -0.136792 -0.804752 0.577635 0.0 -0.487166 -0.559544 -0.331262 1.0]
241
	ConcatTransform [1.1 0.0 0.0 0.0 0.0 1.1 0.0 0.0 0.0 0.0 1.1 0.0 -9.609 0.05 6.704 1.0]
	ConcatTransform [0.808602 -0.440509 -0.390018 0.0 0.570243 0.423557 0.703863 0.0 -0.144863 -0.79155 0.593686 0.0 -0.55138 -0.558159 -0.35286 1.0]
242
	ConcatTransform [1.1 0.0 0.0 0.0 0.0 1.1 0.0 0.0 0.0 0.0 1.1 0.0 -9.609 0.05 6.704 1.0]
	ConcatTransform [0.635446 -0.533836 -0.557877 0.0 0.756049 0.283416 0.58997 0.0 -0.156836 -0.796677 0.583702 0.0 -0.638656 -0.541229 -0.369542 1.0]
243
	ConcatTransform [1.1 0.0 0.0 0.0 0.0 1.1 0.0 0.0 0.0 0.0 1.1 0.0 -9.609 0.05 6.704 1.0]
	ConcatTransform [0.545843 -0.572507 -0.611793 0.0 0.815174 0.193994 0.545763 0.0 -0.19377 -0.796619 0.572583 0.0 -0.687847 -0.525407 -0.375607 1.0]
244
	ConcatTransform [1.1 0.0 0.0 0.0 0.0 1.1 0.0 0.0 0.0 0.0 1.1 0.0 -9.609 0.05 6.704 1.0]
	ConcatTransform [0.463353 -0.628688 -0.624544 0.0 0.844161 0.098708 0.526924 0.0 -0.269623 -0.771367 0.576451 0.0 -0.745115 -0.500084 -0.380474 1.0]
245
	ConcatTransform [1.1 0.0 0.0 0.0 0.0 1.1 0.0 0.0 0.0 0.0 1.1 0.0 -9.609 0.05 6.704 1.0]
	ConcatTransform [0.438549 -0.661823 -0.608001 0.0 0.838519 0.057908 0.541786 0.0 -0.323359 -0.74742 0.580347 0.0 -0.775335 -0.48388 -0.38226 1.0]
246
	ConcatTransform [1.1 0.0 0.0 0.0 0.0 1.1 0.0 0.0 0.0 0.0 1.1 0.0 -9.609 0.05 6.704 1.0]
	ConcatTransform [0.443375 -0.709036 -0.54835 0.0 0.80188 0.040411 0.596117 0.0 -0.400509 -0.704014 0.586479 0.0 -0.811524 -0.465088 -0.383544 1.0]
247
	ConcatTransform [1.1 0.0 0.0 0.0 0.0 1.1 0.0 0.0 0.0 0.0 1.1 0.0 -9.609 0.05 6.704 1.0]
	ConcatTransform [0.467455 -0.742535 -0.479716 0.0 0.763976 0.066299 0.641829 0.0 -0.444776 -0.666518 0.598271 0.0 -0.83241 -0.459279 -0.384515 1.0]
248
	ConcatTransform [1.1 0.0 0.0 0.0 0.0 1.1 0.0 0.0 0.0 0.0 1.1 0.0 -9.609 0.05 6.704 1.0]
	ConcatTransform [0.506847 -0.77966 -0.367745 0.0 0.697217 0.11989 0.706763 0.0 -0.506946 -0.614619 0.604358 0.0 -0.852054 -0.453249 -0.386913 1.0]
249
	ConcatTransform [1.1 0.0 0.0 0.0 0.0 1.1 0.0 0.0 0.0 0.0 1.1 0.0 -9.609 0.05 6.704 1.0]
	ConcatTransform [0.549746 -0.782896 -0.291294 0.0 0.646742 0.178212 0.741596 0.0 -0.528681 -0.596082 0.604303 0.0 -0.864315 -0.458875 -0.388486 1.0]
250
	ConcatTransform [1.1 0.0 0.0 0.0 0.0 1.1 0.0 0.0 0.0 0.0 1.1 0.0 -9.609 0.05 6.704 1.0]
	ConcatTransform [0.618353 -0.763568 -0.186019 0.0 0.558109 0.260002 0.78798 0.0 -0.553311 -0.591069 0.586928 0.0 -0.873298 -0.472054 -0.391454 1.0]
251
	ConcatTransform [1.1 0.0 0.0 0.0 0.0 1.1 0.0 0.0 0.0 0.0 1.1 0.0 -9.609 0.05 6.704 1.0]
	ConcatTransform [0.664216 -0.736676 -0.12699 0.0 0.497045 0.308336 0.811095 0.0 -0.558358 -0.601862 0.570962 0.0 -0.872518 -0.48385 -0.39348 1.0]
252
	ConcatTransform [1.1 0.0 0.0 0.0 0.0 1.1 0.0 0.0 0.0 0.0 1.1 0.0 -9.609 0.05 6.704 1.0]
	ConcatTransform [0.730765 -0.681206 -0.044049 0.0 0.417697 0.395182 0.818145 0.0 -0.539918 -0.616271 0.573323 0.0 -0.860001 -0.503265 -0.39713 1.0]
253
	ConcatTransform [1.1 0.0 0.0 0.0 0.0 1.1 0.0 0.0 0.0 0.0 1.1 0.0 -9.609 0.05 6.704 1.0]
	ConcatTransform [0.771634 -0.636063 -0.002214 0.0 0.368866 0.444644 0.816229 0.0 -0.518189 -0.630646 0.577725 0.0 -0.843118 -0.514495 -0.398952 1.0]
254
	ConcatTransform [1.1 0.0 0.0 0.0 0.0 1.1 0.0 0.0 0.0 0.0 1.1 0.0 -9.609 0.05 6.704 1.0]
	ConcatTransform [0.850227 -0.526269 0.012454 0.0 0.296708 0.498629 0.814453 0.0 -0.434831 -0.688774 0.580096 0.0 -0.81355 -0.532145 -0.392604 1.0]
255
	ConcatTransform [1.1 0.0 0.0 0.0 0.0 1.1 0.0 0.0 0.0 0.0 1.1 0.0 -9.609 0.05 6.704 1.0]
	ConcatTransform [0.883758 -0.467943 0.000676 0.0 0.283153 0.535912 0.795376 0.0 -0.372553 -0.702729 0.606116 0.0 -0.790477 -0.540116 -0.383236 1.0]
256
	ConcatTransform [1.1 0.0 0.0 0.0 0.0 1.1 0.0 0.0 0.0 0.0 1.1 0.0 -9.609 0.05 6.704 1.0]
	ConcatTransform [0.905584 -0.420875 -0.052755 0.0 0.317651 0.590485 0.741907 0.0 -0.281099 -0.688616 0.668424 0.0 -0.75184 -0.538375 -0.361862 1.0]
257
	ConcatTransform [1.1 0.0 0.0 0.0 0.0 1.1 0.0 0.0 0.0 0.0 1.1 0.0 -9.609 0.05 6.704 1.0]
	ConcatTransform [0.91382 -0.395345 -0.092924 0.0 0.345528 0.636621 0.689437 0.0 -0.213408 -0.66213 0.71836 0.0 -0.72599 -0.532321 -0.344447 1.0]
258
	ConcatTransform [1.1 0.0 0.0 0.0 0.0 1.1 0.0 0.0 0.0 0.0 1.1 0.0 -9.609 0.05 6.704 1.0]
	ConcatTransform [0.915587 -0.372994 -0.150252 0.0 0.386785 0.714682 0.582776 0.0 -0.10999 -0.591697 0.798622 0.0 -0.687468 -0.513297 -0.312302 1.0]
259
	ConcatTransform [1.1 0.0 0.0 0.0 0.0 1.1 0.0 0.0 0.0 0.0 1.1 0.0 -9.609 0.05 6.704 1.0]
	ConcatTransform [0.912721 -0.367562 -0.178432 0.0 0.40296 0.737586 0.54184 0.0 -0.067551 -0.56645 0.821323 0.0 -0.660048 -0.4976 -0.292713 1.0]
260
	ConcatTransform [1.1 0.0 0.0 0.0 0.0 1.1 0.0 0.0 0.0 0.0 1.1 0.0 -9.609 0.05 6.704 1.0]
	ConcatTransform [0.915365 -0.336427 -0.221189 0.0 0.402615 0.760711 0.509137 0.0 -0.003027 -0.5551 0.831778 0.0 -0.621225 -0.481965 -0.281493 1.0]
261
	ConcatTransform [1.1 0.0 0.0 0.0 0.0 1.1 0.0 0.0 0.0 0.0 1.1 0.0 -9.609 0.05 6.704 1.0]
	ConcatTransform [0.917981 -0.31001 -0.247396 0.0 0.395178 0.768127 0.503801 0.0 0.033848 -0.560246 0.827635 0.0 -0.596119 -0.481752 -0.279871 1.0]
262
	ConcatTransform [1.1 0.0 0.0 0.0 0.0 1.1 0.0 0.0 0.0 0.0 1.1 0.0 -9.609 0.05 6.704 1.0]
	ConcatTransform [0.916107 -0.270282 -0.296134 0.0 0.391284 0.763781 0.513357 0.0 0.08743 -0.586162 0.805463 0.0 -0.559178 -0.494596 -0.283468 1.0]
263
	ConcatTransform [1.1 0.0 0.0 0.0 0.0 1.1 0.0 0.0 0.0 0.0 1.1 0.0 -9.609 0.05 6.704 1.0]
	ConcatTransform [0.910841 -0.248973 -0.329213 0.0 0.396513 0.749352 0.530329 0.0 0.114658 -0.613583 0.781262 0.0 -0.535126 -0.512374 -0.288885 1.0]
264
	ConcatTransform [1.1 0.0 0.0 0.0 0.0 1.1 0.0 0.0 0.0 0.0 1.1 0.0 -9.609 0.05 6.704 1.0]
	ConcatTransform [0.899541 -0.185657 -0.395421 0.0 0.398256 0.720482 0.567713 0.0 0.179494 -0.66816 0.722042 0.0 -0.508293 -0.519296 -0.301333 1.0]
265
	ConcatTransform [1.1 0.0 0.0 0.0 0.0 1.1 0.0 0.0 0.0 0.0 1.1 0.0 -9.609 0.05 6.704 1.0]
	ConcatTransform [0.883903 -0.164311 -0.437856 0.0 0.414604 0.708487 0.571096 0.0 0.216378 -0.68633 0.694357 0.0 -0.493459 -0.520541 -0.312331 1.0]
266
	ConcatTransform [1.1 0.0 0.0 0.0 0.0 1.1 0.0 0.0 0.0 0.0 1.1 0.0 -9.609 0.05 6.704 1.0]
	ConcatTransform [0.862428 -0.151103 -0.4831 0.0 0.441605 0.691066 0.5722 0.0 0.247393 -0.706821 0.662722 0.0 -0.475078 -0.52327 -0.326257 1.0]
267
	ConcatTransform [1.1 0.0 0.0 0.0 0.0 1.1 0.0 0.0 0.0 0.0 1.1 0.0 -9.609 0.05 6.704 1.0]
	ConcatTransform [0.844265 -0.142579 -0.516612 0.0 0.460763 0.685417 0.563827 0.0 0.273705 -0.714055 0.644368 0.0 -0.467036 -0.523822 -0.336119 1.0]
268
	ConcatTransform [1.1 0.0 0.0 0.0 0.0 1.1 0.0 0.0 0.0 0.0 1.1 0.0 -9.609 0.05 6.704 1.0]
	ConcatTransform [0.803456 -0.147431 -0.576822 0.0 0.50359 0.685097 0.526345 0.0 0.317579 -0.713376 0.62469 0.0 -0.458972 -0.524645 -0.34784 1.0]
269
	ConcatTransform [1.1 0.0 0.0 0.0 0.0 1.1 0.0 0.0 0.0 0.0 1.1 0.0 -9.609 0.05 6.704 1.0]
	ConcatTransform [0.769842 -0.158671 -0.618197 0.0 0.536489 0.685557 0.49213 0.0 0.345722 -0.710518 0.612895 0.0 -0.456136 -0.525471 -0.353364 1.0]
270
	ConcatTransform [1.1 0.0 0.0 0.0 0.0 1.1 0.0 0.0 0.0 0.0 1.1 0.0 -9.609 0.05 6.704 1.0]
	ConcatTransform [0.706518 -0.190671 -0.681525 0.0 0.593984 0.683299 0.4246 0.0 0.384726 -0.704803 0.596019 0.0 -0.45472 -0.527474 -0.35793 1.0]
271
	ConcatTransform [1.1 0.0 0.0 0.0 0.0 1.1 0.0 0.0 0.0 0.0 1.1 0.0 -9.609 0.05 6.704 1.0]
	ConcatTransform [0.659835 -0.214605 -0.720113 0.0 0.630493 0.679475 0.375223 0.0 0.408774 -0.701612 0.583648 0.0 -0.45661 -0.528733 -0.359707 1.0]
272
	ConcatTransform [1.1 0.0 0.0 0.0 0.0 1.1 0.0 0.0 0.0 0.0 1.1 0.0 -9.609 0.05 6.704 1.0]
	ConcatTransform [0.585343 -0.252097 -0.770597 0.0 0.680911 0.668809 0.29842 0.0 0.440151 -0.699387 0.563139 0.0 -0.463368 -0.531292 -0.361769 1.0]
273
	ConcatTransform [1.1 0.0 0.0 0.0 0.0 1.1 0.0 0.0 0.0 0.0 1.1 0.0 -9.609 0.05 6.704 1.0]
	ConcatTransform [0.529095 -0.279479 -0.801218 0.0 0.714035 0.6568 0.242419 0.0 0.458489 -0.70036 0.547068 0.0 -0.469752 -0.534537 -0.363218 1.0]
274
	ConcatTransform [1.1 0.0 0.0 0.0 0.0 1.1 0.0 0.0 0.0 0.0 1.1 0.0 -9.609 0.05 6.704 1.0]
	ConcatTransform [0.437563 -0.317667 -0.841205 0.0 0.760693 0.629609 0.157922 0.0 0.479463 -0.709 0.517141 0.0 -0.48235 -0.539004 -0.365517 1.0]
275
	ConcatTransform [1.1 0.0 0.0 0.0 0.0 1.1 0.0 0.0 0.0 0.0 1.1 0.0 -9.609 0.05 6.704 1.0]
	ConcatTransform [0.378689 -0.337397 -0.861834 0.0 0.78486 0.610568 0.105837 0.0 0.490499 -0.716498 0.496025 0.0 -0.492913 -0.541461 -0.367797 1.0]
276
	ConcatTransform [1.1 0.0 0.0 0.0 0.0 1.1 0.0 0.0 0.0 0.0 1.1 0.0 -9.609 0.05 6.704 1.0]
	ConcatTransform [0.295659 -0.361824 -0.884121 0.0 0.815141 0.578143 0.035987 0.0 0.498127 -0.731323 0.465871 0.0 -0.509782 -0.544671 -0.372662 1.0]
277
	ConcatTransform [1.1 0.0 0.0 0.0 0.0 1.1 0.0 0.0 0.0 0.0 1.1 0.0 -9.609 0.05 6.704 1.0]
	ConcatTransform [0.253591 -0.372944 -0.892527 0.0 0.832432 0.554105 0.004983 0.0 0.492695 -0.744232 0.450966 0.0 -0.520496 -0.54718 -0.376668 1.0]
278
	ConcatTransform [1.1 0.0 0.0 0.0 0.0 1.1 0.0 0.0 0.0 0.0 1.1 0.0 -9.609 0.05 6.704 1.0]
	ConcatTransform [0.216533 -0.373301 -0.902086 0.0 0.850357 0.526031 -0.013565 0.0 0.479589 -0.764158 0.431343 0.0 -0.537356 -0.550063 -0.383859 1.0]
279
	ConcatTransform [1.1 0.0 0.0 0.0 0.0 1.1 0.0 0.0 0.0 0.0 1.1 0.0 -9.609 0.05 6.704 1.0]
	ConcatTransform [0.197564 -0.373348 -0.90641 0.0 0.860693 0.508652 -0.021913 0.0 0.469229 -0.775812 0.421829 0.0 -0.548155 -0.551473 -0.389343 1.0]
280
	ConcatTransform [1.1 0.0 0.0 0.0 0.0 1.1 0.0 0.0 0.0 0.0 1.1 0.0 -9.609 0.05 6.704 1.0]
	ConcatTransform [0.172641 -0.37422 -0.911128 0.0 0.875421 0.482288 -0.032211 0.0 0.45148 -0.79206 0.410862 0.0 -0.563994 -0.552986 -0.398235 1.0]
281
	ConcatTransform [1.1 0.0 0.0 0.0 0.0 1.1 0.0 0.0 0.0 0.0 1.1 0.0 -9.609 0.05 6.704 1.0]
	ConcatTransform [0.163494 -0.370658 -0.914266 0.0 0.884131 0.466216 -0.030905 0.0 0.437701 -0.803278 0.403934 0.0 -0.573961 -0.553905 -0.403984 1.0]
282
	ConcatTransform [1.1 0.0 0.0 0.0 0.0 1.1 0.0 0.0 0.0 0.0 1.1 0.0 -9.609 0.05 6.704 1.0]
	ConcatTransform [0.161551 -0.361865 -0.918126 0.0 0.893581 0.448477 -0.019528 0.0 0.418825 -0.817265 0.395808 0.0 -0.586281 -0.554789 -0.411655 1.0]
283
	ConcatTransform [1.1 0.0 0.0 0.0 0.0 1.1 0.0 0.0 0.0 0.0 1.1 0.0 -9.609 0.05 6.704 1.0]
	ConcatTransform [0.162281 -0.355884 -0.920332 0.0 0.898731 0.438361 -0.011038 0.0 0.407366 -0.82534 0.390981 0.0 -0.593554 -0.555166 -0.416768 1.0]
284
	ConcatTransform [1.1 0.0 0.0 0.0 0.0 1.1 0.0 0.0 0.0 0.0 1.1 0.0 -9.609 0.05 6.704 1.0]
	ConcatTransform [0.161576 -0.349362 -0.922951 0.0 0.904606 0.426238 -0.002979 0.0 0.394438 -0.834426 0.384905 0.0 -0.602508 -0.555481 -0.424266 1.0]
285
	ConcatTransform [1.1 0.0 0.0 0.0 0.0 1.1 0.0 0.0 0.0 0.0 1.1 0.0 -9.609 0.05 6.704 1.0]
	ConcatTransform [0.158025 -0.345826 -0.924896 0.0 0.907167 0.420764 -0.002331 0.0 0.389969 -0.838667 0.380213 0.0 -0.60707 -0.55556 -0.428998 1.0]
286
	ConcatTransform [1.1 0.0 0.0 0.0 0.0 1.1 0.0 0.0 0.0 0.0 1.1 0.0 -9.609 0.05 6.704 1.0]
	ConcatTransform [0.150515 -0.337427 -0.929241 0.0 0.908168 0.418576 -0.004892 0.0 0.390609 -0.843171 0.369443 0.0 -0.611494 -0.555708 -0.435264 1.0]
287
	ConcatTransform [1.1 0.0 0.0 0.0 0.0 1.1 0.0 0.0 0.0 0.0 1.1 0.0 -9.609 0.05 6.704 1.0]
	ConcatTransform [0.143212 -0.333437 -0.931832 0.0 0.907663 0.419565 -0.010635 0.0 0.39451 -0.844266 0.362735 0.0 -0.61253 -0.555766 -0.438803 1.0]
288
	ConcatTransform [1.1 0.0 0.0 0.0 0.0 1.1 0.0 0.0 0.0 0.0 1.1 0.0 -9.609 0.05 6.704 1.0]
	ConcatTransform [0.133566 -0.328039 -0.935174 0.0 0.904945 0.425066 -0.019856 0.0 0.404024 -0.843629 0.353631 0.0 -0.61131 -0.555856 -0.442987 1.0]
289
	ConcatTransform [1.1 0.0 0.0 0.0 0.0 1.1 0.0 0.0 0.0 0.0 1.1 0.0 -9.609 0.05 6.704 1.0]
	ConcatTransform [0.129097 -0.323346 -0.937433 0.0 0.900836 0.433415 -0.025439 0.0 0.414523 -0.841189 0.347234 0.0 -0.608715 -0.555848 -0.444849 1.0]
290
	ConcatTransform [1.1 0.0 0.0 0.0 0.0 1.1 0.0 0.0 0.0 0.0 1.1 0.0 -9.609 0.05 6.704 1.0]
	ConcatTransform [0.125181 -0.317681 -0.939898 0.0 0.890379 0.453886 -0.034826 0.0 0.43767 -0.832506 0.339675 0.0 -0.602226 -0.555703 -0.446345 1.0]
291
	ConcatTransform [1.1 0.0 0.0 0.0 0.0 1.1 0.0 0.0 0.0 0.0 1.1 0.0 -9.609 0.05 6.704 1.0]
	ConcatTransform [0.118084 -0.31723 -0.940968 0.0 0.88192 0.469006 -0.047443 0.0 0.45637 -0.824256 0.335154 0.0 -0.595819 -0.555186 -0.446418 1.0]
292
	ConcatTransform [1.1 0.0 0.0 0.0 0.0 1.1 0.0 0.0 0.0 0.0 1.1 0.0 -9.609 0.05 6.704 1.0]
	ConcatTransform [0.101562 -0.321813 -0.94134 0.0 0.866811 0.492963 -0.075007 0.0 0.488184 -0.808347 0.329017 0.0 -0.583291 -0.554233 -0.445089 1.0]
293
	ConcatTransform [1.1 0.0 0.0 0.0 0.0 1.1 0.0 0.0 0.0 0.0 1.1 0.0 -9.609 0.05 6.704 1.0]
	ConcatTransform [0.090085 -0.326604 -0.940858 0.0 0.853704 0.511846 -0.095939 0.0 0.512908 -0.794572 0.324932 0.0 -0.573398 -0.553131 -0.443116 1.0]
294
	ConcatTransform [1.1 0.0 0.0 0.0 0.0 1.1 0.0 0.0 0.0 0.0 1.1 0.0 -9.609 0.05 6.704 1.0]
	ConcatTransform [0.072914 -0.335858 -0.939086 0.0 0.828481 0.544612 -0.130451 0.0 0.555251 -0.768503 0.317961 0.0 -0.557016 -0.550186 -0.438943 1.0]
295
	ConcatTransform [1.1 0.0 0.0 0.0 0.0 1.1 0.0 0.0 0.0 0.0 1.1 0.0 -9.609 0.05 6.704 1.0]
	ConcatTransform [0.057655 -0.346962 -0.936105 0.0 0.813436 0.559942 -0.157439 0.0 0.57879 -0.752384 0.314515 0.0 -0.544872 -0.548376 -0.435855 1.0]
296
	ConcatTransform [1.1 0.0 0.0 0.0 0.0 1.1 0.0 0.0 0.0 0.0 1.1 0.0 -9.609 0.05 6.704 1.0]
	ConcatTransform [0.040024 -0.365785 -0.929838 0.0 0.79246 0.578436 -0.193438 0.0 0.608609 -0.729118 0.313021 0.0 -0.528054 -0.544746 -0.431134 1.0]
297
	ConcatTransform [1.1 0.0 0.0 0.0 0.0 1.1 0.0 0.0 0.0 0.0 1.1 0.0 -9.609 0.05 6.704 1.0]
	ConcatTransform [0.030782 -0.380644 -0.924209 0.0 0.781773 0.585315 -0.21503 0.0 0.622803 -0.715902 0.315594 0.0 -0.518381 -0.542479 -0.428156 1.0]
298
	ConcatTransform [1.1 0.0 0.0 0.0 0.0 1.1 0.0 0.0 0.0 0.0 1.1 0.0 -9.609 0.05 6.704 1.0]
	ConcatTransform [0.013972 -0.404548 -0.91441 0.0 0.770194 0.587547 -0.248171 0.0 0.637656 -0.700806 0.31979 0.0 -0.506595 -0.540172 -0.424362 1.0]
299
	ConcatTransform [1.1 0.0 0.0 0.0 0.0 1.1 0.0 0.0 0.0 0.0 1.1 0.0 -9.609 0.05 6.704 1.0]
	ConcatTransform [0.001345 -0.416817 -0.90899 0.0 0.761472 0.589631 -0.269249 0.0 0.648196 -0.691808 0.318187 0.0 -0.50147 -0.538198 -0.422393 1.0]
300
	ConcatTransform [1.1 0.0 0.0 0.0 0.0 1.1 0.0 0.0 0.0 0.0 1.1 0.0 -9.609 0.05 6.704 1.0]
	ConcatTransform [-0.025609 -0.418047 -0.908064 0.0 0.758103 0.58399 -0.290233 0.0 0.651631 -0.695839 0.301968 0.0 -0.49634 -0.53922 -0.419881 1.0]
301
	ConcatTransform [1.1 0.0 0.0 0.0 0.0 1.1 0.0 0.0 0.0 0.0 1.1 0.0 -9.609 0.05 6.704 1.0]
	ConcatTransform [-0.04406 -0.418383 -0.907201 0.0 0.756496 0.579139 -0.303829 0.0 0.652513 -0.699681 0.290988 0.0 -0.495854 -0.53994 -0.419647 1.0]
302
	ConcatTransform [1.1 0.0 0.0 0.0 0.0 1.1 0.0 0.0 0.0 0.0 1.1 0.0 -9.609 0.05 6.704 1.0]
	ConcatTransform [-0.072793 -0.420673 -0.904287 0.0 0.753498 0.570819 -0.326199 0.0 0.653407 -0.705124 0.275425 0.0 -0.499243 -0.541074 -0.421279 1.0]
303
	ConcatTransform [1.1 0.0 0.0 0.0 0.0 1.1 0.0 0.0 0.0 0.0 1.1 0.0 -9.609 0.05 6.704 1.0]
	ConcatTransform [-0.082278 -0.418429 -0.904515 0.0 0.753462 0.567941 -0.331267 0.0 0.652323 -0.708774 0.268541 0.0 -0.501852 -0.542049 -0.422836 1.0]
304
	ConcatTransform [1.1 0.0 0.0 0.0 0.0 1.1 0.0 0.0 0.0 0.0 1.1 0.0 -9.609 0.05 6.704 1.0]
	ConcatTransform [-0.083745 -0.410483 -0.908014 0.0 0.753362 0.570357 -0.327321 0.0 0.652252 -0.711475 0.261478 0.0 -0.50342 -0.542463 -0.425689 1.0]
305
	ConcatTransform [1.1 0.0 0.0 0.0 0.0 1.1 0.0 0.0 0.0 0.0 1.1 0.0 -9.609 0.05 6.704 1.0]
	ConcatTransform [-0.090222 -0.40615 -0.909341 0.0 0.749605 0.573461 -0.330506 0.0 0.655707 -0.711466 0.252714 0.0 -0.50449 -0.542208 -0.428552 1.0]
306
	ConcatTransform [1.1 0.0 0.0 0.0 0.0 1.1 0.0 0.0 0.0 0.0 1.1 0.0 -9.609 0.05 6.704 1.0]
	ConcatTransform [-0.091759 -0.39904 -0.912331 0.0 0.751378 0.573489 -0.326406 0.0 0.653461 -0.715456 0.247207 0.0 -0.507936 -0.542709 -0.43329 1.0]
307
	ConcatTransform [1.1 0.0 0.0 0.0 0.0 1.1 0.0 0.0 0.0 0.0 1.1 0.0 -9.609 0.05 6.704 1.0]
	ConcatTransform [-0.095257 -0.392978 -0.9146 0.0 0.753325 0.572133 -0.32429 0.0 0.650713 -0.719883 0.241541 0.0 -0.510812 -0.543506 -0.436951 1.0]
308
	ConcatTransform [1.1 0.0 0.0 0.0 0.0 1.1 0.0 0.0 0.0 0.0 1.1 0.0 -9.609 0.05 6.704 1.0]
	ConcatTransform [-0.101024 -0.382686 -0.918339 0.0 0.7576 0.568709 -0.320331 0.0 0.644854 -0.728095 0.23247 0.0 -0.515367 -0.54485 -0.443139 1.0]
309
	ConcatTransform [1.1 0.0 0.0 0.0 0.0 1.1 0.0 0.0 0.0 0.0 1.1 0.0 -9.609 0.05 6.704 1.0]
	ConcatTransform [-0.104316 -0.374508 -0.921337 0.0 0.761995 0.565232 -0.316032 0.0 0.639125 -0.735022 0.22641 0.0 -0.518891 -0.545851 -0.447535 1.0]
310
	ConcatTransform [1.1 0.0 0.0 0.0 0.0 1.1 0.0 0.0 0.0 0.0 1.1 0.0 -9.609 0.05 6.704 1.0]
	ConcatTransform [-0.110228 -0.364569 -0.924629 0.0 0.769924 0.556997 -0.311401 0.0 0.628543 -0.746219 0.219294 0.0 -0.525463 -0.547309 -0.454302 1.0]
311
	ConcatTransform [1.1 0.0 0.0 0.0 0.0 1.1 0.0 0.0 0.0 0.0 1.1 0.0 -9.609 0.05 6.704 1.0]
	ConcatTransform [-0.116575 -0.357983 -0.926423 0.0 0.775025 0.550525 -0.310255 0.0 0.621085 -0.754169 0.213268 0.0 -0.530481 -0.548387 -0.458927 1.0]
312
	ConcatTransform [1.1 0.0 0.0 0.0 0.0 1.1 0.0 0.0 0.0 0.0 1.1 0.0 -9.609 0.05 6.704 1.0]
	ConcatTransform [-0.128531 -0.347366 -0.928879 0.0 0.780992 0.541786 -0.310675 0.0 0.611171 -0.765379 0.201654 0.0 -0.538991 -0.549829 -0.465714 1.0]
313
	ConcatTransform [1.1 0.0 0.0 0.0 0.0 1.1 0.0 0.0 0.0 0.0 1.1 0.0 -9.609 0.05 6.704 1.0]
	ConcatTransform [-0.13624 -0.336383 -0.931818 0.0 0.785298 0.536738 -0.308578 0.0 0.603942 -0.773796 0.191035 0.0 -0.545578 -0.550622 -0.469959 1.0]
314
	ConcatTransform [1.1 0.0 0.0 0.0 0.0 1.1 0.0 0.0 0.0 0.0 1.1 0.0 -9.609 0.05 6.704 1.0]
	ConcatTransform [-0.146627 -0.320103 -0.935967 0.0 0.790384 0.531039 -0.305436 0.0 0.594806 -0.784559 0.17514 0.0 -0.555678 -0.551675 -0.476077 1.0]
315
	ConcatTransform [1.1 0.0 0.0 0.0 0.0 1.1 0.0 0.0 0.0 0.0 1.1 0.0 -9.609 0.05 6.704 1.0]
	ConcatTransform [-0.161319 -0.314118 -0.935578 0.0 0.790886 0.525898 -0.312939 0.0 0.590318 -0.790419 0.163594 0.0 -0.562142 -0.552143 -0.480077 1.0]
316
	ConcatTransform [1.1 0.0 0.0 0.0 0.0 1.1 0.0 0.0 0.0 0.0 1.1 0.0 -9.609 0.05 6.704 1.0]
	ConcatTransform [-0.181077 -0.308093 -0.933965 0.0 0.790902 0.518827 -0.324489 0.0 0.584539 -0.797432 0.149723 0.0 -0.570699 -0.553063 -0.484382 1.0]
317
	ConcatTransform [1.1 0.0 0.0 0.0 0.0 1.1 0.0 0.0 0.0 0.0 1.1 0.0 -9.609 0.05 6.704 1.0]
	ConcatTransform [-0.191444 -0.307612 -0.932054 0.0 0.790548 0.514482 -0.332177 0.0 0.581707 -0.800427 0.144687 0.0 -0.575269 -0.553202 -0.486266 1.0]
318
	ConcatTransform [1.1 0.0 0.0 0.0 0.0 1.1 0.0 0.0 0.0 0.0 1.1 0.0 -9.609 0.05 6.704 1.0]
	ConcatTransform [-0.19818 -0.301024 -0.932797 0.0 0.794681 0.50774 -0.332689 0.0 0.573765 -0.807208 0.138594 0.0 -0.581689 -0.553707 -0.487682 1.0]
319
	ConcatTransform [1.1 0.0 0.0 0.0 0.0 1.1 0.0 0.0 0.0 0.0 1.1 0.0 -9.609 0.05 6.704 1.0]
	ConcatTransform [-0.201101 -0.297532 -0.933291 0.0 0.797263 0.503854 -0.332419 0.0 0.569148 -0.810929 0.135885 0.0 -0.586082 -0.553694 -0.488074 1.0]
320
	ConcatTransform [1.1 0.0 0.0 0.0 0.0 1.1 0.0 0.0 0.0 0.0 1.1 0.0 -9.609 0.05 6.704 1.0]
	ConcatTransform [-0.207552 -0.297688 -0.931828 0.0 0.798453 0.498776 -0.337187 0.0 0.565151 -0.814005 0.134168 0.0 -0.591595 -0.55389 -0.488016 1.0]
321
	ConcatTransform [1.1 0.0 0.0 0.0 0.0 1.1 0.0 0.0 0.0 0.0 1.1 0.0 -9.609 0.05 6.704 1.0]
	ConcatTransform [-0.212251 -0.301244 -0.929624 0.0 0.797975 0.495692 -0.342821 0.0 0.56408 -0.814581 0.135174 0.0 -0.593942 -0.554055 -0.487371 1.0]
322
	ConcatTransform [1.1 0.0 0.0 0.0 0.0 1.1 0.0 0.0 0.0 0.0 1.1 0.0 -9.609 0.05 6.704 1.0]
	ConcatTransform [-0.219499 -0.302866 -0.927411 0.0 0.796596 0.493172 -0.349594 0.0 0.563254 -0.815508 0.133011 0.0 -0.596803 -0.55436 -0.485314 1.0]
323
	ConcatTransform [1.1 0.0 0.0 0.0 0.0 1.1 0.0 0.0 0.0 0.0 1.1 0.0 -9.609 0.05 6.704 1.0]
	ConcatTransform [-0.222598 -0.304911 -0.926002 0.0 0.795566 0.492187 -0.353309 0.0 0.563494 -0.815341 0.133017 0.0 -0.59817 -0.554387 -0.48329 1.0]
324
	ConcatTransform [1.1 0.0 0.0 0.0 0.0 1.1 0.0 0.0 0.0 0.0 1.1 0.0 -9.609 0.05 6.704 1.0]
	ConcatTransform [-0.244526 -0.317317 -0.916252 0.0 0.784125 0.491154 -0.379361 0.0 0.570399 -0.81122 0.128717 0.0 -0.598918 -0.554224 -0.480176 1.0]
325
	ConcatTransform [1.1 0.0 0.0 0.0 0.0 1.1 0.0 0.0 0.0 0.0 1.1 0.0 -9.609 0.05 6.704 1.0]
	ConcatTransform [-0.259262 -0.325234 -0.909399 0.0 0.777166 0.488779 -0.396369 0.0 0.573407 -0.809517 0.126039 0.0 -0.599334 -0.554203 -0.477834 1.0]
326
	ConcatTransform [1.1 0.0 0.0 0.0 0.0 1.1 0.0 0.0 0.0 0.0 1.1 0.0 -9.609 0.05 6.704 1.0]
	ConcatTransform [-0.275901 -0.337142 -0.900119 0.0 0.768119 0.48562 -0.417332 0.0 0.577816 -0.806541 0.124982 0.0 -0.598639 -0.554158 -0.473919 1.0]
327
	ConcatTransform [1.1 0.0 0.0 0.0 0.0 1.1 0.0 0.0 0.0 0.0 1.1 0.0 -9.609 0.05 6.704 1.0]
	ConcatTransform [-0.28575 -0.345284 -0.893939 0.0 0.760202 0.48629 -0.43083 0.0 0.583472 -0.802684 0.123528 0.0 -0.597266 -0.553904 -0.471354 1.0]
328
	ConcatTransform [1.1 0.0 0.0 0.0 0.0 1.1 0.0 0.0 0.0 0.0 1.1 0.0 -9.609 0.05 6.704 1.0]
	ConcatTransform [-0.30251 -0.357927 -0.883389 0.0 0.745476 0.488674 -0.45328 0.0 0.593931 -0.795667 0.118997 0.0 -0.594225 -0.553213 -0.46789 1.0]
329
	ConcatTransform [1.1 0.0 0.0 0.0 0.0 1.1 0.0 0.0 0.0 0.0 1.1 0.0 -9.609 0.05 6.704 1.0]
	ConcatTransform [-0.31473 -0.366765 -0.875459 0.0 0.73452 0.490071 -0.469373 0.0 0.601187 -0.790768 0.115156 0.0 -0.59157 -0.552722 -0.465918 1.0]
330
	ConcatTransform [1.1 0.0 0.0 0.0 0.0 1.1 0.0 0.0 0.0 0.0 1.1 0.0 -9.609 0.05 6.704 1.0]
	ConcatTransform [-0.330795 -0.378211 -0.864599 0.0 0.71922 0.492122 -0.490447 0.0 0.61098 -0.784074 0.109226 0.0 -0.586807 -0.551985 -0.463375 1.0]
331
	ConcatTransform [1.1 0.0 0.0 0.0 0.0 1.1 0.0 0.0 0.0 0.0 1.1 0.0 -9.609 0.05 6.704 1.0]
	ConcatTransform [-0.339585 -0.38476 -0.858279 0.0 0.709825 0.493863 -0.502243 0.0 0.617115 -0.779782 0.105404 0.0 -0.583898 -0.55163 -0.461666 1.0]
332
	ConcatTransform [1.1 0.0 0.0 0.0 0.0 1.1 0.0 0.0 0.0 0.0 1.1 0.0 -9.609 0.05 6.704 1.0]
	ConcatTransform [-0.351889 -0.392581 -0.849738 0.0 0.69737 0.495587 -0.517753 0.0 0.624379 -0.774773 0.099382 0.0 -0.57894 -0.551152 -0.459835 1.0]
333
	ConcatTransform [1.1 0.0 0.0 0.0 0.0 1.1 0.0 0.0 0.0 0.0 1.1 0.0 -9.609 0.05 6.704 1.0]
	ConcatTransform [-0.356923 -0.397614 -0.845287 0.0 0.689383 0.498509 -0.525586 0.0 0.630363 -0.770319 0.096179 0.0 -0.575477 -0.550644 -0.459328 1.0]
334
	ConcatTransform [1.1 0.0 0.0 0.0 0.0 1.1 0.0 0.0 0.0 0.0 1.1 0.0 -9.609 0.05 6.704 1.0]
	ConcatTransform [-0.358414 -0.400618 -0.843235 0.0 0.683604 0.502514 -0.529306 0.0 0.635787 -0.766149 0.093755 0.0 -0.571626 -0.550086 -0.459032 1.0]
335
	ConcatTransform [1.1 0.0 0.0 0.0 0.0 1.1 0.0 0.0 0.0 0.0 1.1 0.0 -9.609 0.05 6.704 1.0]
	ConcatTransform [-0.358551 -0.401675 -0.842673 0.0 0.682151 0.503494 -0.530249 0.0 0.637269 -0.764952 0.093474 0.0 -0.570629 -0.549792 -0.458941 1.0]
336
	ConcatTransform [1.1 0.0 0.0 0.0 0.0 1.1 0.0 0.0 0.0 0.0 1.1 0.0 -9.609 0.05 6.704 1.0]
	ConcatTransform [-0.358305 -0.401306 -0.842954 0.0 0.683545 0.502236 -0.529647 0.0 0.635912 -0.765972 0.094357 0.0 -0.571168 -0.550391 -0.459388 1.0]
337
	ConcatTransform [1.1 0.0 0.0 0.0 0.0 1.1 0.0 0.0 0.0 0.0 1.1 0.0 -9.609 0.05 6.704 1.0]
	ConcatTransform [-0.358595 -0.397943 -0.844423 0.0 0.685329 0.501968 -0.527591 0.0 0.633825 -0.767899 0.092719 0.0 -0.572552 -0.550554 -0.460541 1.0]
338
	ConcatTransform [1.1 0.0 0.0 0.0 0.0 1.1 0.0 0.0 0.0 0.0 1.1 0.0 -9.609 0.05 6.704 1.0]
	ConcatTransform [-0.361757 -0.391224 -0.846213 0.0 0.687226 0.501443 -0.525619 0.0 0.629962 -0.771686 0.087459 0.0 -0.575363 -0.551114 -0.463291 1.0]
339
	ConcatTransform [1.1 0.0 0.0 0.0 0.0 1.1 0.0 0.0 0.0 0.0 1.1 0.0 -9.609 0.05 6.704 1.0]
	ConcatTransform [-0.363712 -0.38617 -0.847695 0.0 0.688475 0.50155 -0.523879 0.0 0.627468 -0.774158 0.083449 0.0 -0.57745 -0.551364 -0.46567 1.0]
340
	ConcatTransform [1.1 0.0 0.0 0.0 0.0 1.1 0.0 0.0 0.0 0.0 1.1 0.0 -9.609 0.05 6.704 1.0]
	ConcatTransform [-0.367232 -0.378109 -0.849808 0.0 0.689738 0.50226 -0.521533 0.0 0.624021 -0.777669 0.07635 0.0 -0.579822 -0.551854 -0.470419 1.0]
341
	ConcatTransform [1.1 0.0 0.0 0.0 0.0 1.1 0.0 0.0 0.0 0.0 1.1 0.0 -9.609 0.05 6.704 1.0]
	ConcatTransform [-0.369596 -0.371885 -0.851528 0.0 0.690203 0.503679 -0.519545 0.0 0.622108 -0.779749 0.070519 0.0 -0.581353 -0.55196 -0.473932 1.0]
342
	ConcatTransform [1.1 0.0 0.0 0.0 0.0 1.1 0.0 0.0 0.0 0.0 1.1 0.0 -9.609 0.05 6.704 1.0]
	ConcatTransform [-0.370902 -0.362396 -0.855044 0.0 0.692657 0.505341 -0.514642 0.0 0.618593 -0.783134 0.063584 0.0 -0.58395 -0.552184 -0.479162 1.0]
343
	ConcatTransform [1.1 0.0 0.0 0.0 0.0 1.1 0.0 0.0 0.0 0.0 1.1 0.0 -9.609 0.05 6.704 1.0]
	ConcatTransform [-0.371902 -0.355832 -0.857364 0.0 0.694818 0.505765 -0.511302 0.0 0.615562 -0.785866 0.059143 0.0 -0.585827 -0.552333 -0.482568 1.0]
344
	ConcatTransform [1.1 0.0 0.0 0.0 0.0 1.1 0.0 0.0 0.0 0.0 1.1 0.0 -9.609 0.05 6.704 1.0]
	ConcatTransform [-0.371067 -0.346213 -0.861653 0.0 0.699545 0.506009 -0.504571 0.0 0.610693 -0.789995 0.054428 0.0 -0.589144 -0.552721 -0.486999 1.0]
345
	ConcatTransform [1.1 0.0 0.0 0.0 0.0 1.1 0.0 0.0 0.0 0.0 1.1 0.0 -9.609 0.05 6.704 1.0]
	ConcatTransform [-0.371968 -0.340682 -0.863467 0.0 0.702052 0.505294 -0.501798 0.0 0.607259 -0.792851 0.051223 0.0 -0.591518 -0.552951 -0.489707 1.0]
346
	ConcatTransform [1.1 0.0 0.0 0.0 0.0 1.1 0.0 0.0 0.0 0.0 1.1 0.0 -9.609 0.05 6.704 1.0]
	ConcatTransform [-0.374556 -0.333408 -0.865186 0.0 0.704509 0.504311 -0.499337 0.0 0.602805 -0.796561 0.045996 0.0 -0.594812 -0.553089 -0.493507 1.0]
347
	ConcatTransform [1.1 0.0 0.0 0.0 0.0 1.1 0.0 0.0 0.0 0.0 1.1 0.0 -9.609 0.05 6.704 1.0]
	ConcatTransform [-0.37798 -0.329657 -0.865134 0.0 0.704765 0.503516 -0.499778 0.0 0.600364 -0.798622 0.042011 0.0 -0.597199 -0.553356 -0.495627 1.0]
348
	ConcatTransform [1.1 0.0 0.0 0.0 0.0 1.1 0.0 0.0 0.0 0.0 1.1 0.0 -9.609 0.05 6.704 1.0]
	ConcatTransform [-0.382575 -0.323949 -0.865271 0.0 0.706449 0.501005 -0.499924 0.0 0.595455 -0.802528 0.037181 0.0 -0.60069 -0.553488 -0.49784 1.0]
349
	ConcatTransform [1.1 0.0 0.0 0.0 0.0 1.1 0.0 0.0 0.0 0.0 1.1 0.0 -9.609 0.05 6.704 1.0]
	ConcatTransform [-0.384663 -0.321553 -0.865238 0.0 0.707493 0.499345 -0.500108 0.0 0.592864 -0.804524 0.035417 0.0 -0.603101 -0.553747 -0.498704 1.0]
350
	ConcatTransform [1.1 0.0 0.0 0.0 0.0 1.1 0.0 0.0 0.0 0.0 1.1 0.0 -9.609 0.05 6.704 1.0]
	ConcatTransform [-0.389156 -0.318342 -0.864417 0.0 0.707836 0.497191 -0.501766 0.0 0.589513 -0.807131 0.031849 0.0 -0.606625 -0.553934 -0.499157 1.0]
351
	ConcatTransform [1.1 0.0 0.0 0.0 0.0 1.1 0.0 0.0 0.0 0.0 1.1 0.0 -9.609 0.05 6.704 1.0]
	ConcatTransform [-0.391429 -0.317795 -0.863591 0.0 0.70811 0.495319 -0.50323 0.0 0.587677 -0.808496 0.031151 0.0 -0.608736 -0.553928 -0.499021 1.0]
352
	ConcatTransform [1.1 0.0 0.0 0.0 0.0 1.1 0.0 0.0 0.0 0.0 1.1 0.0 -9.609 0.05 6.704 1.0]
	ConcatTransform [-0.395248 -0.318332 -0.861652 0.0 0.707736 0.492437 -0.506572 0.0 0.585567 -0.810044 0.03066 0.0 -0.611679 -0.553923 -0.498056 1.0]
353
	ConcatTransform [1.1 0.0 0.0 0.0 0.0 1.1 0.0 0.0 0.0 0.0 1.1 0.0 -9.609 0.05 6.704 1.0]
	ConcatTransform [-0.399024 -0.321215 -0.858837 0.0 0.70528 0.491037 -0.511334 0.0 0.585969 -0.809755 0.030611 0.0 -0.613469 -0.554194 -0.497138 1.0]
354
	ConcatTransform [1.1 0.0 0.0 0.0 0.0 1.1 0.0 0.0 0.0 0.0 1.1 0.0 -9.609 0.05 6.704 1.0]
	ConcatTransform [-0.406319 -0.325598 -0.853751 0.0 0.701279 0.487858 -0.51981 0.0 0.585758 -0.809926 0.03011 0.0 -0.614972 -0.554264 -0.495036 1.0]
355
	ConcatTransform [1.1 0.0 0.0 0.0 0.0 1.1 0.0 0.0 0.0 0.0 1.1 0.0 -9.609 0.05 6.704 1.0]
	ConcatTransform [-0.412845 -0.3294 -0.849149 0.0 0.697184 0.485634 -0.527347 0.0 0.586084 -0.809726 0.029161 0.0 -0.615957 -0.55458 -0.492976 1.0]
356
	ConcatTransform [1.1 0.0 0.0 0.0 0.0 1.1 0.0 0.0 0.0 0.0 1.1 0.0 -9.609 0.05 6.704 1.0]
	ConcatTransform [-0.422282 -0.337691 -0.841215 0.0 0.689101 0.483323 -0.539943 0.0 0.588912 -0.80769 0.028604 0.0 -0.617073 -0.554343 -0.489942 1.0]
357
	ConcatTransform [1.1 0.0 0.0 0.0 0.0 1.1 0.0 0.0 0.0 0.0 1.1 0.0 -9.609 0.05 6.704 1.0]
	ConcatTransform [-0.426425 -0.341748 -0.837479 0.0 0.68506 0.482562 -0.545735 0.0 0.590639 -0.806438 0.028341 0.0 -0.617337 -0.554187 -0.488248 1.0]
358
	ConcatTransform [1.1 0.0 0.0 0.0 0.0 1.1 0.0 0.0 0.0 0.0 1.1 0.0 -9.609 0.05 6.704 1.0]
	ConcatTransform [-0.428646 -0.345958 -0.834611 0.0 0.681324 0.482905 -0.550091 0.0 0.593347 -0.804435 0.028714 0.0 -0.617184 -0.554001 -0.486227 1.0]
359
	ConcatTransform [1.1 0.0 0.0 0.0 0.0 1.1 0.0 0.0 0.0 0.0 1.1 0.0 -9.609 0.05 6.704 1.0]
	ConcatTransform [-0.428182 -0.347989 -0.834005 0.0 0.680249 0.483434 -0.550957 0.0 0.594913 -0.80324 0.029721 0.0 -0.617021 -0.553894 -0.48533 1.0]
360
	ConcatTransform [1.1 0.0 0.0 0.0 0.0 1.1 0.0 0.0 0.0 0.0 1.1 0.0 -9.609 0.05 6.704 1.0]
	ConcatTransform [0.342558 -0.278784 -0.897181 0.0 0.872851 0.447702 0.194152 0.0 0.347543 -0.849613 0.396701 0.0 -2.7859 -0.55572 -3.014346 1.0]
