228
	ConcatTransform [1.1 0.0 0.0 0.0 0.0 1.1 0.0 0.0 0.0 0.0 1.1 0.0 -9.609 0.05 6.704 1.0]
	ConcatTransform [0.984449 0.14016 0.1059 0.0 -0.124458 0.981921 -0.142621 0.0 -0.123975 0.127223 0.984096 0.0 -0.00727 -0.021577 0.038166 1.0]
229
	ConcatTransform [1.1 0.0 0.0 0.0 0.0 1.1 0.0 0.0 0.0 0.0 1.1 0.0 -9.609 0.05 6.704 1.0]
	ConcatTransform [0.933214 0.325266 0.15269 0.0 -0.275875 0.920854 -0.275539 0.0 -0.230229 0.215013 0.949086 0.0 -0.008071 -0.041216 0.082459 1.0]
230
	ConcatTransform [1.1 0.0 0.0 0.0 0.0 1.1 0.0 0.0 0.0 0.0 1.1 0.0 -9.609 0.05 6.704 1.0]
	ConcatTransform [0.817807 0.559246 0.135776 0.0 -0.441817 0.761304 -0.474567 0.0 -0.368766 0.328116 0.869684 0.0 -0.005397 -0.077567 0.15305 1.0]
231
	ConcatTransform [1.1 0.0 0.0 0.0 0.0 1.1 0.0 0.0 0.0 0.0 1.1 0.0 -9.609 0.05 6.704 1.0]
	ConcatTransform [0.772533 0.626712 0.102104 0.0 -0.482735 0.684131 -0.546746 0.0 -0.412505 0.37309 0.83105 0.0 -0.000765 -0.109048 0.204233 1.0]
232
	ConcatTransform [1.1 0.0 0.0 0.0 0.0 1.1 0.0 0.0 0.0 0.0 1.1 0.0 -9.609 0.05 6.704 1.0]
	ConcatTransform [0.801728 0.59712 0.026054 0.0 -0.479822 0.669004 -0.567631 0.0 -0.356374 0.442585 0.822871 0.0 0.010451 -0.16896 0.287678 1.0]
233
	ConcatTransform [1.1 0.0 0.0 0.0 0.0 1.1 0.0 0.0 0.0 0.0 1.1 0.0 -9.609 0.05 6.704 1.0]
	ConcatTransform [0.830658 0.556237 -0.024658 0.0 -0.470323 0.677278 -0.565766 0.0 -0.298 0.481555 0.824197 0.0 0.018561 -0.220634 0.344466 1.0]
234
	ConcatTransform [1.1 0.0 0.0 0.0 0.0 1.1 0.0 0.0 0.0 0.0 1.1 0.0 -9.609 0.05 6.704 1.0]
	ConcatTransform [0.829029 0.541363 -0.140132 0.0 -0.48237 0.565531 -0.66895 0.0 -0.282896 0.622174 0.729979 0.0 0.026855 -0.300693 0.430808 1.0]
235
	ConcatTransform [1.1 0.0 0.0 0.0 0.0 1.1 0.0 0.0 0.0 0.0 1.1 0.0 -9.609 0.05 6.704 1.0]
	ConcatTransform [0.839942 0.507155 -0.193108 0.0 -0.458805 0.473609 -0.751793 0.0 -0.289818 0.720061 0.63049 0.0 0.028395 -0.332382 0.489257 1.0]
236
	ConcatTransform [1.1 0.0 0.0 0.0 0.0 1.1 0.0 0.0 0.0 0.0 1.1 0.0 -9.609 0.05 6.704 1.0]
	ConcatTransform [0.907879 0.383872 -0.168515 0.0 -0.342322 0.446756 -0.826574 0.0 -0.242014 0.808116 0.537008 0.0 0.028048 -0.349189 0.580747 1.0]
237
	ConcatTransform [1.1 0.0 0.0 0.0 0.0 1.1 0.0 0.0 0.0 0.0 1.1 0.0 -9.609 0.05 6.704 1.0]
	ConcatTransform [0.93047 0.352235 -0.10078 0.0 -0.250448 0.410758 -0.876672 0.0 -0.267398 0.840957 0.470414 0.0 0.027268 -0.34193 0.636532 1.0]
238
	ConcatTransform [1.1 0.0 0.0 0.0 0.0 1.1 0.0 0.0 0.0 0.0 1.1 0.0 -9.609 0.05 6.704 1.0]
	ConcatTransform [0.925949 0.377517 0.009964 0.0 -0.134985 0.355493 -0.92488 0.0 -0.3527 0.855047 0.380128 0.0 0.032896 -0.315186 0.705902 1.0]
239
	ConcatTransform [1.1 0.0 0.0 0.0 0.0 1.1 0.0 0.0 0.0 0.0 1.1 0.0 -9.609 0.05 6.704 1.0]
	ConcatTransform [0.912252 0.403785 0.068951 0.0 -0.069674 0.318823 -0.94525 0.0 -0.403661 0.857502 0.31898 0.0 0.035431 -0.30415 0.751475 1.0]
240
	ConcatTransform [1.1 0.0 0.0 0.0 0.0 1.1 0.0 0.0 0.0 0.0 1.1 0.0 -9.609 0.05 6.704 1.0]
	ConcatTransform [0.881707 0.454857 0.125289 0.0 0.012002 0.243848 -0.969739 0.0 -0.471644 0.85653 0.209543 0.0 0.038234 -0.305743 0.818929 1.0]
241
	ConcatTransform [1.1 0.0 0.0 0.0 0.0 1.1 0.0 0.0 0.0 0.0 1.1 0.0 -9.609 0.05 6.704 1.0]
	ConcatTransform [0.857913 0.500396 0.116573 0.0 0.014311 0.203524 -0.978965 0.0 -0.513596 0.841535 0.167445 0.0 0.044933 -0.301921 0.854214 1.0]
242
	ConcatTransform [1.1 0.0 0.0 0.0 0.0 1.1 0.0 0.0 0.0 0.0 1.1 0.0 -9.609 0.05 6.704 1.0]
	ConcatTransform [0.813203 0.565507 0.137488 0.0 0.048701 0.169289 -0.984362 0.0 -0.579939 0.807182 0.110126 0.0 0.059969 -0.3036 0.900806 1.0]
243
	ConcatTransform [1.1 0.0 0.0 0.0 0.0 1.1 0.0 0.0 0.0 0.0 1.1 0.0 -9.609 0.05 6.704 1.0]
	ConcatTransform [0.771372 0.61943 0.145917 0.0 0.059341 0.158279 -0.98561 0.0 -0.633612 0.768931 0.085334 0.0 0.072123 -0.306438 0.925455 1.0]
244
	ConcatTransform [1.1 0.0 0.0 0.0 0.0 1.1 0.0 0.0 0.0 0.0 1.1 0.0 -9.609 0.05 6.704 1.0]
	ConcatTransform [0.717308 0.677513 0.162622 0.0 0.059567 0.172913 -0.983134 0.0 -0.694206 0.714896 0.083675 0.0 0.091286 -0.315612 0.956032 1.0]
245
	ConcatTransform [1.1 0.0 0.0 0.0 0.0 1.1 0.0 0.0 0.0 0.0 1.1 0.0 -9.609 0.05 6.704 1.0]
	ConcatTransform [0.708259 0.682679 0.179775 0.0 0.070364 0.185121 -0.980193 0.0 -0.702437 0.70688 0.083078 0.0 0.101042 -0.319536 0.970096 1.0]
246
	ConcatTransform [1.1 0.0 0.0 0.0 0.0 1.1 0.0 0.0 0.0 0.0 1.1 0.0 -9.609 0.05 6.704 1.0]
	ConcatTransform [0.710586 0.677224 0.190879 0.0 0.064624 0.207322 -0.976136 0.0 -0.700636 0.705964 0.103555 0.0 0.107114 -0.324356 0.984215 1.0]
247
	ConcatTransform [1.1 0.0 0.0 0.0 0.0 1.1 0.0 0.0 0.0 0.0 1.1 0.0 -9.609 0.05 6.704 1.0]
	ConcatTransform [0.715793 0.668507 0.201837 0.0 0.069208 0.2197 -0.97311 0.0 -0.694874 0.710514 0.110993 0.0 0.10984 -0.335202 0.991569 1.0]
248
	ConcatTransform [1.1 0.0 0.0 0.0 0.0 1.1 0.0 0.0 0.0 0.0 1.1 0.0 -9.609 0.05 6.704 1.0]
	ConcatTransform [0.707377 0.669656 0.226226 0.0 0.064284 0.257779 -0.964063 0.0 -0.703907 0.696499 0.139298 0.0 0.114151 -0.350326 0.993184 1.0]
249
	ConcatTransform [1.1 0.0 0.0 0.0 0.0 1.1 0.0 0.0 0.0 0.0 1.1 0.0 -9.609 0.05 6.704 1.0]
	ConcatTransform [0.696444 0.673771 0.24698 0.0 0.052362 0.295539 -0.953895 0.0 -0.715699 0.677266 0.170546 0.0 0.118073 -0.361603 0.9892 1.0]
250
	ConcatTransform [1.1 0.0 0.0 0.0 0.0 1.1 0.0 0.0 0.0 0.0 1.1 0.0 -9.609 0.05 6.704 1.0]
	ConcatTransform [0.677692 0.667466 0.308583 0.0 0.051111 0.375873 -0.92526 0.0 -0.733568 0.642813 0.220612 0.0 0.126282 -0.386152 0.979201 1.0]
251
	ConcatTransform [1.1 0.0 0.0 0.0 0.0 1.1 0.0 0.0 0.0 0.0 1.1 0.0 -9.609 0.05 6.704 1.0]
	ConcatTransform [0.688362 0.637185 0.34663 0.0 0.07656 0.411378 -0.908244 0.0 -0.721315 0.651739 0.234394 0.0 0.12872 -0.387591 0.964416 1.0]
252
	ConcatTransform [1.1 0.0 0.0 0.0 0.0 1.1 0.0 0.0 0.0 0.0 1.1 0.0 -9.609 0.05 6.704 1.0]
	ConcatTransform [0.67317 0.620586 0.40214 0.0 0.096099 0.465782 -0.879666 0.0 -0.733217 0.63081 0.253912 0.0 0.12121 -0.377165 0.936817 1.0]
253
	ConcatTransform [1.1 0.0 0.0 0.0 0.0 1.1 0.0 0.0 0.0 0.0 1.1 0.0 -9.609 0.05 6.704 1.0]
	ConcatTransform [0.665797 0.606118 0.435126 0.0 0.11527 0.492617 -0.862578 0.0 -0.737175 0.624459 0.258116 0.0 0.114536 -0.372861 0.916629 1.0]
254
	ConcatTransform [1.1 0.0 0.0 0.0 0.0 1.1 0.0 0.0 0.0 0.0 1.1 0.0 -9.609 0.05 6.704 1.0]
	ConcatTransform [0.660476 0.570186 0.488528 0.0 0.151692 0.535891 -0.830548 0.0 -0.735365 0.622663 0.26745 0.0 0.10275 -0.369084 0.885739 1.0]
255
	ConcatTransform [1.1 0.0 0.0 0.0 0.0 1.1 0.0 0.0 0.0 0.0 1.1 0.0 -9.609 0.05 6.704 1.0]
	ConcatTransform [0.652921 0.549141 0.521669 0.0 0.17229 0.563007 -0.808294 0.0 -0.737571 0.61763 0.272988 0.0 0.094147 -0.369211 0.865866 1.0]
256
	ConcatTransform [1.1 0.0 0.0 0.0 0.0 1.1 0.0 0.0 0.0 0.0 1.1 0.0 -9.609 0.05 6.704 1.0]
	ConcatTransform [0.641565 0.520135 0.563786 0.0 0.201271 0.595087 -0.77805 0.0 -0.740192 0.612643 0.277099 0.0 0.080672 -0.373111 0.837571 1.0]
257
	ConcatTransform [1.1 0.0 0.0 0.0 0.0 1.1 0.0 0.0 0.0 0.0 1.1 0.0 -9.609 0.05 6.704 1.0]
	ConcatTransform [0.638076 0.495854 0.589057 0.0 0.223606 0.612733 -0.757997 0.0 -0.73679 0.615376 0.280094 0.0 0.071644 -0.376967 0.820509 1.0]
258
	ConcatTransform [1.1 0.0 0.0 0.0 0.0 1.1 0.0 0.0 0.0 0.0 1.1 0.0 -9.609 0.05 6.704 1.0]
	ConcatTransform [0.642027 0.452149 0.619163 0.0 0.263324 0.628415 -0.731953 0.0 -0.720043 0.632974 0.284397 0.0 0.05849 -0.385147 0.798049 1.0]
259
	ConcatTransform [1.1 0.0 0.0 0.0 0.0 1.1 0.0 0.0 0.0 0.0 1.1 0.0 -9.609 0.05 6.704 1.0]
	ConcatTransform [0.645272 0.431278 0.630574 0.0 0.28984 0.625492 -0.724398 0.0 -0.706836 0.650199 0.278611 0.0 0.049727 -0.392843 0.784837 1.0]
260
	ConcatTransform [1.1 0.0 0.0 0.0 0.0 1.1 0.0 0.0 0.0 0.0 1.1 0.0 -9.609 0.05 6.704 1.0]
	ConcatTransform [0.627915 0.420519 0.654894 0.0 0.31023 0.636484 -0.706148 0.0 -0.713779 0.646569 0.269201 0.0 0.039342 -0.396336 0.768794 1.0]
261
	ConcatTransform [1.1 0.0 0.0 0.0 0.0 1.1 0.0 0.0 0.0 0.0 1.1 0.0 -9.609 0.05 6.704 1.0]
	ConcatTransform [0.612566 0.416491 0.671787 0.0 0.320493 0.646035 -0.692765 0.0 -0.722528 0.639668 0.262256 0.0 0.035424 -0.397989 0.75941 1.0]
262
	ConcatTransform [1.1 0.0 0.0 0.0 0.0 1.1 0.0 0.0 0.0 0.0 1.1 0.0 -9.609 0.05 6.704 1.0]
	ConcatTransform [0.582842 0.416789 0.697554 0.0 0.326493 0.665981 -0.670725 0.0 -0.744108 0.618673 0.252083 0.0 0.03345 -0.402757 0.746962 1.0]
263
	ConcatTransform [1.1 0.0 0.0 0.0 0.0 1.1 0.0 0.0 0.0 0.0 1.1 0.0 -9.609 0.05 6.704 1.0]
	ConcatTransform [0.566018 0.425096 0.706341 0.0 0.325736 0.67176 -0.665308 0.0 -0.757311 0.606657 0.241759 0.0 0.035075 -0.405005 0.739966 1.0]
264
	ConcatTransform [1.1 0.0 0.0 0.0 0.0 1.1 0.0 0.0 0.0 0.0 1.1 0.0 -9.609 0.05 6.704 1.0]
	ConcatTransform [0.540583 0.438225 0.718142 0.0 0.327319 0.676805 -0.659391 0.0 -0.775004 0.591518 0.22243 0.0 0.040864 -0.407632 0.732444 1.0]
265
	ConcatTransform [1.1 0.0 0.0 0.0 0.0 1.1 0.0 0.0 0.0 0.0 1.1 0.0 -9.609 0.05 6.704 1.0]
	ConcatTransform [0.520293 0.447304 0.727471 0.0 0.331469 0.679289 -0.654747 0.0 -0.787035 0.581795 0.205162 0.0 0.045806 -0.409001 0.729949 1.0]
266
	ConcatTransform [1.1 0.0 0.0 0.0 0.0 1.1 0.0 0.0 0.0 0.0 1.1 0.0 -9.609 0.05 6.704 1.0]
	ConcatTransform [0.484417 0.467692 0.739327 0.0 0.343559 0.675507 -0.652424 0.0 -0.804554 0.570048 0.166547 0.0 0.053653 -0.411751 0.729642 1.0]
267
	ConcatTransform [1.1 0.0 0.0 0.0 0.0 1.1 0.0 0.0 0.0 0.0 1.1 0.0 -9.609 0.05 6.704 1.0]
	ConcatTransform [0.46086 0.480579 0.746091 0.0 0.349454 0.674506 -0.650326 0.0 -0.815776 0.560433 0.142912 0.0 0.058685 -0.413827 0.731645 1.0]
268
	ConcatTransform [1.1 0.0 0.0 0.0 0.0 1.1 0.0 0.0 0.0 0.0 1.1 0.0 -9.609 0.05 6.704 1.0]
	ConcatTransform [0.448151 0.496806 0.743199 0.0 0.345686 0.670378 -0.656578 0.0 -0.824416 0.551159 0.128692 0.0 0.064368 -0.415543 0.737549 1.0]
269
	ConcatTransform [1.1 0.0 0.0 0.0 0.0 1.1 0.0 0.0 0.0 0.0 1.1 0.0 -9.609 0.05 6.704 1.0]
	ConcatTransform [0.441895 0.509092 0.738616 0.0 0.340741 0.666404 -0.663176 0.0 -0.829834 0.544731 0.121013 0.0 0.067303 -0.41711 0.743221 1.0]
270
	ConcatTransform [1.1 0.0 0.0 0.0 0.0 1.1 0.0 0.0 0.0 0.0 1.1 0.0 -9.609 0.05 6.704 1.0]
	ConcatTransform [0.434786 0.532398 0.726301 0.0 0.334996 0.653021 -0.679221 0.0 -0.835906 0.538624 0.105573 0.0 0.070375 -0.419675 0.754386 1.0]
271
	ConcatTransform [1.1 0.0 0.0 0.0 0.0 1.1 0.0 0.0 0.0 0.0 1.1 0.0 -9.609 0.05 6.704 1.0]
	ConcatTransform [0.427701 0.549841 0.717459 0.0 0.333477 0.64175 -0.690616 0.0 -0.840158 0.534633 0.091118 0.0 0.071083 -0.421733 0.763629 1.0]
272
	ConcatTransform [1.1 0.0 0.0 0.0 0.0 1.1 0.0 0.0 0.0 0.0 1.1 0.0 -9.609 0.05 6.704 1.0]
	ConcatTransform [0.417944 0.575382 0.703035 0.0 0.331505 0.623911 -0.7077 0.0 -0.84583 0.528838 0.070018 0.0 0.071395 -0.424682 0.779161 1.0]
273
	ConcatTransform [1.1 0.0 0.0 0.0 0.0 1.1 0.0 0.0 0.0 0.0 1.1 0.0 -9.609 0.05 6.704 1.0]
	ConcatTransform [0.412613 0.586966 0.696578 0.0 0.336864 0.612172 -0.71538 0.0 -0.846329 0.529827 0.054863 0.0 0.071692 -0.425117 0.790157 1.0]
274
	ConcatTransform [1.1 0.0 0.0 0.0 0.0 1.1 0.0 0.0 0.0 0.0 1.1 0.0 -9.609 0.05 6.704 1.0]
	ConcatTransform [0.401383 0.5982 0.693577 0.0 0.353101 0.597654 -0.719812 0.0 -0.84511 0.533823 0.028663 0.0 0.069591 -0.424972 0.80597 1.0]
275
	ConcatTransform [1.1 0.0 0.0 0.0 0.0 1.1 0.0 0.0 0.0 0.0 1.1 0.0 -9.609 0.05 6.704 1.0]
	ConcatTransform [0.396135 0.600905 0.694255 0.0 0.368835 0.588287 -0.719639 0.0 -0.840855 0.54114 0.011406 0.0 0.066517 -0.425317 0.81593 1.0]
276
	ConcatTransform [1.1 0.0 0.0 0.0 0.0 1.1 0.0 0.0 0.0 0.0 1.1 0.0 -9.609 0.05 6.704 1.0]
	ConcatTransform [0.393 0.603785 0.693538 0.0 0.394894 0.570314 -0.720278 0.0 -0.830427 0.556943 -0.014297 0.0 0.059048 -0.424533 0.829122 1.0]
277
	ConcatTransform [1.1 0.0 0.0 0.0 0.0 1.1 0.0 0.0 0.0 0.0 1.1 0.0 -9.609 0.05 6.704 1.0]
	ConcatTransform [0.3904 0.602745 0.695907 0.0 0.413792 0.560358 -0.717478 0.0 -0.822413 0.568064 -0.030648 0.0 0.052211 -0.425597 0.837113 1.0]
278
	ConcatTransform [1.1 0.0 0.0 0.0 0.0 1.1 0.0 0.0 0.0 0.0 1.1 0.0 -9.609 0.05 6.704 1.0]
	ConcatTransform [0.387587 0.594915 0.704168 0.0 0.44785 0.54615 -0.707919 0.0 -0.805733 0.589742 -0.054752 0.0 0.039061 -0.428753 0.848011 1.0]
279
	ConcatTransform [1.1 0.0 0.0 0.0 0.0 1.1 0.0 0.0 0.0 0.0 1.1 0.0 -9.609 0.05 6.704 1.0]
	ConcatTransform [0.392182 0.587064 0.708201 0.0 0.470221 0.533754 -0.702851 0.0 -0.790624 0.608656 -0.066721 0.0 0.028364 -0.430443 0.854344 1.0]
280
	ConcatTransform [1.1 0.0 0.0 0.0 0.0 1.1 0.0 0.0 0.0 0.0 1.1 0.0 -9.609 0.05 6.704 1.0]
	ConcatTransform [0.406463 0.576127 0.70913 0.0 0.491062 0.516753 -0.701302 0.0 -0.770484 0.63328 -0.072873 0.0 0.009981 -0.43267 0.862679 1.0]
281
	ConcatTransform [1.1 0.0 0.0 0.0 0.0 1.1 0.0 0.0 0.0 0.0 1.1 0.0 -9.609 0.05 6.704 1.0]
	ConcatTransform [0.421076 0.565679 0.709015 0.0 0.504263 0.503756 -0.701391 0.0 -0.753933 0.652868 -0.073131 0.0 -0.002853 -0.434914 0.867799 1.0]
282
	ConcatTransform [1.1 0.0 0.0 0.0 0.0 1.1 0.0 0.0 0.0 0.0 1.1 0.0 -9.609 0.05 6.704 1.0]
	ConcatTransform [0.437899 0.54833 0.712445 0.0 0.526334 0.486095 -0.697628 0.0 -0.728847 0.680474 -0.075745 0.0 -0.023424 -0.439817 0.874665 1.0]
283
	ConcatTransform [1.1 0.0 0.0 0.0 0.0 1.1 0.0 0.0 0.0 0.0 1.1 0.0 -9.609 0.05 6.704 1.0]
	ConcatTransform [0.445634 0.540013 0.714001 0.0 0.539771 0.474205 -0.695541 0.0 -0.714184 0.695353 -0.080161 0.0 -0.037706 -0.445399 0.878356 1.0]
284
	ConcatTransform [1.1 0.0 0.0 0.0 0.0 1.1 0.0 0.0 0.0 0.0 1.1 0.0 -9.609 0.05 6.704 1.0]
	ConcatTransform [0.464027 0.517693 0.7188 0.0 0.564074 0.452977 -0.690385 0.0 -0.683007 0.725814 -0.081824 0.0 -0.058662 -0.456339 0.883478 1.0]
285
	ConcatTransform [1.1 0.0 0.0 0.0 0.0 1.1 0.0 0.0 0.0 0.0 1.1 0.0 -9.609 0.05 6.704 1.0]
	ConcatTransform [0.475423 0.501998 0.722476 0.0 0.580543 0.43802 -0.686374 0.0 -0.661017 0.745746 -0.083186 0.0 -0.072702 -0.465197 0.886556 1.0]
286
	ConcatTransform [1.1 0.0 0.0 0.0 0.0 1.1 0.0 0.0 0.0 0.0 1.1 0.0 -9.609 0.05 6.704 1.0]
	ConcatTransform [0.479412 0.499738 0.721406 0.0 0.58697 0.428508 -0.686912 0.0 -0.652404 0.752757 -0.087899 0.0 -0.086688 -0.469083 0.889382 1.0]
287
	ConcatTransform [1.1 0.0 0.0 0.0 0.0 1.1 0.0 0.0 0.0 0.0 1.1 0.0 -9.609 0.05 6.704 1.0]
	ConcatTransform [0.482041 0.501221 0.71862 0.0 0.581571 0.430406 -0.690309 0.0 -0.655296 0.750685 -0.084022 0.0 -0.090485 -0.46973 0.890431 1.0]
288
	ConcatTransform [1.1 0.0 0.0 0.0 0.0 1.1 0.0 0.0 0.0 0.0 1.1 0.0 -9.609 0.05 6.704 1.0]
	ConcatTransform [0.484568 0.514041 0.707782 0.0 0.559437 0.439912 -0.702501 0.0 -0.672476 0.73637 -0.074406 0.0 -0.090474 -0.473702 0.890886 1.0]
289
	ConcatTransform [1.1 0.0 0.0 0.0 0.0 1.1 0.0 0.0 0.0 0.0 1.1 0.0 -9.609 0.05 6.704 1.0]
	ConcatTransform [0.477976 0.525737 0.703662 0.0 0.541329 0.454571 -0.707339 0.0 -0.691739 0.719003 -0.067323 0.0 -0.086723 -0.478378 0.890659 1.0]
290
	ConcatTransform [1.1 0.0 0.0 0.0 0.0 1.1 0.0 0.0 0.0 0.0 1.1 0.0 -9.609 0.05 6.704 1.0]
	ConcatTransform [0.4799 0.538058 0.692957 0.0 0.518094 0.46361 -0.718779 0.0 -0.708007 0.703959 -0.056278 0.0 -0.076103 -0.48189 0.890049 1.0]
291
	ConcatTransform [1.1 0.0 0.0 0.0 0.0 1.1 0.0 0.0 0.0 0.0 1.1 0.0 -9.609 0.05 6.704 1.0]
	ConcatTransform [0.475192 0.551912 0.685263 0.0 0.506456 0.465296 -0.725949 0.0 -0.71951 0.692021 -0.058415 0.0 -0.068419 -0.484033 0.889727 1.0]
292
	ConcatTransform [1.1 0.0 0.0 0.0 0.0 1.1 0.0 0.0 0.0 0.0 1.1 0.0 -9.609 0.05 6.704 1.0]
	ConcatTransform [0.458071 0.576956 0.676234 0.0 0.494305 0.466946 -0.733228 0.0 -0.738805 0.670137 -0.071298 0.0 -0.056391 -0.487479 0.889343 1.0]
293
	ConcatTransform [1.1 0.0 0.0 0.0 0.0 1.1 0.0 0.0 0.0 0.0 1.1 0.0 -9.609 0.05 6.704 1.0]
	ConcatTransform [0.445227 0.591339 0.672377 0.0 0.490322 0.467313 -0.735665 0.0 -0.749238 0.657219 -0.081886 0.0 -0.047993 -0.489171 0.88913 1.0]
294
	ConcatTransform [1.1 0.0 0.0 0.0 0.0 1.1 0.0 0.0 0.0 0.0 1.1 0.0 -9.609 0.05 6.704 1.0]
	ConcatTransform [0.423106 0.606616 0.673052 0.0 0.48882 0.472627 -0.733266 0.0 -0.762913 0.639251 -0.096555 0.0 -0.035779 -0.491456 0.888887 1.0]
295
	ConcatTransform [1.1 0.0 0.0 0.0 0.0 1.1 0.0 0.0 0.0 0.0 1.1 0.0 -9.609 0.05 6.704 1.0]
	ConcatTransform [0.41325 0.613057 0.67334 0.0 0.486295 0.476592 -0.732378 0.0 -0.769897 0.630097 -0.101175 0.0 -0.029216 -0.49278 0.888883 1.0]
296
	ConcatTransform [1.1 0.0 0.0 0.0 0.0 1.1 0.0 0.0 0.0 0.0 1.1 0.0 -9.609 0.05 6.704 1.0]
	ConcatTransform [0.399638 0.618515 0.676557 0.0 0.480154 0.487463 -0.729268 0.0 -0.78086 0.616295 -0.102173 0.0 -0.021007 -0.494961 0.88878 1.0]
297
	ConcatTransform [1.1 0.0 0.0 0.0 0.0 1.1 0.0 0.0 0.0 0.0 1.1 0.0 -9.609 0.05 6.704 1.0]
	ConcatTransform [0.392708 0.61946 0.679742 0.0 0.488668 0.485593 -0.724847 0.0 -0.779092 0.616821 -0.112014 0.0 -0.017394 -0.494787 0.88857 1.0]
298
	ConcatTransform [1.1 0.0 0.0 0.0 0.0 1.1 0.0 0.0 0.0 0.0 1.1 0.0 -9.609 0.05 6.704 1.0]
	ConcatTransform [0.377266 0.622516 0.685671 0.0 0.502252 0.484513 -0.716233 0.0 -0.778083 0.61459 -0.129869 0.0 -0.012749 -0.494906 0.887093 1.0]
299
	ConcatTransform [1.1 0.0 0.0 0.0 0.0 1.1 0.0 0.0 0.0 0.0 1.1 0.0 -9.609 0.05 6.704 1.0]
	ConcatTransform [0.365683 0.62191 0.692462 0.0 0.510819 0.487822 -0.707879 0.0 -0.778036 0.612582 -0.139295 0.0 -0.010023 -0.495343 0.885412 1.0]
300
	ConcatTransform [1.1 0.0 0.0 0.0 0.0 1.1 0.0 0.0 0.0 0.0 1.1 0.0 -9.609 0.05 6.704 1.0]
	ConcatTransform [0.348745 0.615878 0.70645 0.0 0.525886 0.495335 -0.691438 0.0 -0.775771 0.612648 -0.151136 0.0 -0.006027 -0.496016 0.881912 1.0]
301
	ConcatTransform [1.1 0.0 0.0 0.0 0.0 1.1 0.0 0.0 0.0 0.0 1.1 0.0 -9.609 0.05 6.704 1.0]
	ConcatTransform [0.334407 0.612693 0.716085 0.0 0.53343 0.503344 -0.679777 0.0 -0.776932 0.609304 -0.158507 0.0 -0.003307 -0.496798 0.878949 1.0]
302
	ConcatTransform [1.1 0.0 0.0 0.0 0.0 1.1 0.0 0.0 0.0 0.0 1.1 0.0 -9.609 0.05 6.704 1.0]
	ConcatTransform [0.313127 0.607261 0.730196 0.0 0.547777 0.512598 -0.661199 0.0 -0.775817 0.607024 -0.172135 0.0 -0.000516 -0.49786 0.87394 1.0]
303
	ConcatTransform [1.1 0.0 0.0 0.0 0.0 1.1 0.0 0.0 0.0 0.0 1.1 0.0 -9.609 0.05 6.704 1.0]
	ConcatTransform [0.301544 0.601289 0.739947 0.0 0.557367 0.518488 -0.648468 0.0 -0.773571 0.607965 -0.178792 0.0 0.000764 -0.498168 0.87038 1.0]
304
	ConcatTransform [1.1 0.0 0.0 0.0 0.0 1.1 0.0 0.0 0.0 0.0 1.1 0.0 -9.609 0.05 6.704 1.0]
	ConcatTransform [0.286814 0.591593 0.753496 0.0 0.570428 0.52644 -0.630454 0.0 -0.769642 0.610638 -0.186471 0.0 0.001773 -0.498328 0.86503 1.0]
305
	ConcatTransform [1.1 0.0 0.0 0.0 0.0 1.1 0.0 0.0 0.0 0.0 1.1 0.0 -9.609 0.05 6.704 1.0]
	ConcatTransform [0.280424 0.586204 0.760083 0.0 0.577484 0.529486 -0.621415 0.0 -0.76673 0.613195 -0.190043 0.0 0.002256 -0.498294 0.861325 1.0]
306
	ConcatTransform [1.1 0.0 0.0 0.0 0.0 1.1 0.0 0.0 0.0 0.0 1.1 0.0 -9.609 0.05 6.704 1.0]
	ConcatTransform [0.271391 0.578525 0.769191 0.0 0.584865 0.535575 -0.609174 0.0 -0.764382 0.615198 -0.193009 0.0 0.002027 -0.49834 0.856043 1.0]
307
	ConcatTransform [1.1 0.0 0.0 0.0 0.0 1.1 0.0 0.0 0.0 0.0 1.1 0.0 -9.609 0.05 6.704 1.0]
	ConcatTransform [0.262209 0.574425 0.775424 0.0 0.589899 0.540518 -0.599883 0.0 -0.763718 0.614717 -0.197124 0.0 0.001859 -0.498579 0.852622 1.0]
308
	ConcatTransform [1.1 0.0 0.0 0.0 0.0 1.1 0.0 0.0 0.0 0.0 1.1 0.0 -9.609 0.05 6.704 1.0]
	ConcatTransform [0.248036 0.56864 0.7843 0.0 0.595928 0.548735 -0.586311 0.0 -0.763772 0.612813 -0.202762 0.0 0.002781 -0.499127 0.847734 1.0]
309
	ConcatTransform [1.1 0.0 0.0 0.0 0.0 1.1 0.0 0.0 0.0 0.0 1.1 0.0 -9.609 0.05 6.704 1.0]
	ConcatTransform [0.236864 0.564619 0.790633 0.0 0.599094 0.555768 -0.576375 0.0 -0.764841 0.610186 -0.206618 0.0 0.004271 -0.499648 0.844765 1.0]
310
	ConcatTransform [1.1 0.0 0.0 0.0 0.0 1.1 0.0 0.0 0.0 0.0 1.1 0.0 -9.609 0.05 6.704 1.0]
	ConcatTransform [0.218 0.558959 0.800026 0.0 0.602414 0.567871 -0.56091 0.0 -0.767837 0.604225 -0.212929 0.0 0.007673 -0.500616 0.840972 1.0]
311
	ConcatTransform [1.1 0.0 0.0 0.0 0.0 1.1 0.0 0.0 0.0 0.0 1.1 0.0 -9.609 0.05 6.704 1.0]
	ConcatTransform [0.205812 0.556046 0.805267 0.0 0.604965 0.574509 -0.551323 0.0 -0.769194 0.600627 -0.218148 0.0 0.010543 -0.501096 0.83884 1.0]
312
	ConcatTransform [1.1 0.0 0.0 0.0 0.0 1.1 0.0 0.0 0.0 0.0 1.1 0.0 -9.609 0.05 6.704 1.0]
	ConcatTransform [0.187057 0.554159 0.811121 0.0 0.605825 0.584903 -0.539318 0.0 -0.773295 0.592281 -0.226313 0.0 0.015956 -0.502144 0.836363 1.0]
313
	ConcatTransform [1.1 0.0 0.0 0.0 0.0 1.1 0.0 0.0 0.0 0.0 1.1 0.0 -9.609 0.05 6.704 1.0]
	ConcatTransform [0.17565 0.549039 0.817131 0.0 0.603931 0.595399 -0.529875 0.0 -0.777441 0.586564 -0.227 0.0 0.020866 -0.502783 0.835048 1.0]
314
	ConcatTransform [1.1 0.0 0.0 0.0 0.0 1.1 0.0 0.0 0.0 0.0 1.1 0.0 -9.609 0.05 6.704 1.0]
	ConcatTransform [0.158401 0.542019 0.825303 0.0 0.60313 0.608675 -0.515508 0.0 -0.781756 0.579422 -0.230493 0.0 0.026606 -0.502576 0.831675 1.0]
315
	ConcatTransform [1.1 0.0 0.0 0.0 0.0 1.1 0.0 0.0 0.0 0.0 1.1 0.0 -9.609 0.05 6.704 1.0]
	ConcatTransform [0.149764 0.533635 0.832349 0.0 0.60803 0.614131 -0.503134 0.0 -0.779661 0.581444 -0.232491 0.0 0.02875 -0.502989 0.828567 1.0]
316
	ConcatTransform [1.1 0.0 0.0 0.0 0.0 1.1 0.0 0.0 0.0 0.0 1.1 0.0 -9.609 0.05 6.704 1.0]
	ConcatTransform [0.142535 0.525409 0.838826 0.0 0.607403 0.622708 -0.493252 0.0 -0.781502 0.579811 -0.230377 0.0 0.031529 -0.503049 0.823836 1.0]
317
	ConcatTransform [1.1 0.0 0.0 0.0 0.0 1.1 0.0 0.0 0.0 0.0 1.1 0.0 -9.609 0.05 6.704 1.0]
	ConcatTransform [0.13887 0.520414 0.842546 0.0 0.605999 0.628245 -0.487928 0.0 -0.78325 0.578341 -0.228126 0.0 0.033391 -0.503027 0.820742 1.0]
318
	ConcatTransform [1.1 0.0 0.0 0.0 0.0 1.1 0.0 0.0 0.0 0.0 1.1 0.0 -9.609 0.05 6.704 1.0]
	ConcatTransform [0.135547 0.5136 0.847255 0.0 0.60272 0.635969 -0.481945 0.0 -0.786356 0.575984 -0.223353 0.0 0.036214 -0.502944 0.816331 1.0]
319
	ConcatTransform [1.1 0.0 0.0 0.0 0.0 1.1 0.0 0.0 0.0 0.0 1.1 0.0 -9.609 0.05 6.704 1.0]
	ConcatTransform [0.133977 0.509006 0.850272 0.0 0.600236 0.641032 -0.478326 0.0 -0.788522 0.574449 -0.21964 0.0 0.038041 -0.502862 0.813618 1.0]
320
	ConcatTransform [1.1 0.0 0.0 0.0 0.0 1.1 0.0 0.0 0.0 0.0 1.1 0.0 -9.609 0.05 6.704 1.0]
	ConcatTransform [0.131498 0.502738 0.854378 0.0 0.596744 0.648068 -0.473186 0.0 -0.791584 0.572068 -0.214786 0.0 0.040399 -0.502696 0.809917 1.0]
321
	ConcatTransform [1.1 0.0 0.0 0.0 0.0 1.1 0.0 0.0 0.0 0.0 1.1 0.0 -9.609 0.05 6.704 1.0]
	ConcatTransform [0.130535 0.499536 0.856402 0.0 0.595191 0.651338 -0.470644 0.0 -0.792911 0.571159 -0.212297 0.0 0.041662 -0.502605 0.807714 1.0]
322
	ConcatTransform [1.1 0.0 0.0 0.0 0.0 1.1 0.0 0.0 0.0 0.0 1.1 0.0 -9.609 0.05 6.704 1.0]
	ConcatTransform [0.128482 0.495073 0.859299 0.0 0.5932 0.656013 -0.466648 0.0 -0.794737 0.569692 -0.209391 0.0 0.043163 -0.502466 0.805122 1.0]
323
	ConcatTransform [1.1 0.0 0.0 0.0 0.0 1.1 0.0 0.0 0.0 0.0 1.1 0.0 -9.609 0.05 6.704 1.0]
	ConcatTransform [0.127444 0.492924 0.860688 0.0 0.592223 0.658279 -0.464694 0.0 -0.795632 0.568942 -0.208027 0.0 0.043905 -0.502388 0.803901 1.0]
324
	ConcatTransform [1.1 0.0 0.0 0.0 0.0 1.1 0.0 0.0 0.0 0.0 1.1 0.0 -9.609 0.05 6.704 1.0]
	ConcatTransform [0.123867 0.492686 0.861346 0.0 0.594155 0.658402 -0.462046 0.0 -0.794756 0.569006 -0.211177 0.0 0.0441 -0.502393 0.803988 1.0]
325
	ConcatTransform [1.1 0.0 0.0 0.0 0.0 1.1 0.0 0.0 0.0 0.0 1.1 0.0 -9.609 0.05 6.704 1.0]
	ConcatTransform [0.123439 0.49426 0.860506 0.0 0.595516 0.656746 -0.46265 0.0 -0.793803 0.569554 -0.213272 0.0 0.043908 -0.502447 0.804928 1.0]
326
	ConcatTransform [1.1 0.0 0.0 0.0 0.0 1.1 0.0 0.0 0.0 0.0 1.1 0.0 -9.609 0.05 6.704 1.0]
	ConcatTransform [0.122327 0.49767 0.858697 0.0 0.598536 0.653167 -0.463818 0.0 -0.791701 0.570699 -0.217974 0.0 0.043236 -0.502555 0.807127 1.0]
327
	ConcatTransform [1.1 0.0 0.0 0.0 0.0 1.1 0.0 0.0 0.0 0.0 1.1 0.0 -9.609 0.05 6.704 1.0]
	ConcatTransform [0.122881 0.50065 0.856884 0.0 0.599972 0.650299 -0.465988 0.0 -0.790527 0.571368 -0.220467 0.0 0.042337 -0.502618 0.808974 1.0]
328
	ConcatTransform [1.1 0.0 0.0 0.0 0.0 1.1 0.0 0.0 0.0 0.0 1.1 0.0 -9.609 0.05 6.704 1.0]
	ConcatTransform [0.124595 0.505992 0.853492 0.0 0.603142 0.644396 -0.470078 0.0 -0.787842 0.573346 -0.224896 0.0 0.040449 -0.502784 0.81216 1.0]
329
	ConcatTransform [1.1 0.0 0.0 0.0 0.0 1.1 0.0 0.0 0.0 0.0 1.1 0.0 -9.609 0.05 6.704 1.0]
	ConcatTransform [0.126208 0.510058 0.850831 0.0 0.60532 0.639905 -0.473402 0.0 -0.785913 0.574772 -0.227987 0.0 0.038922 -0.502876 0.81457 1.0]
330
	ConcatTransform [1.1 0.0 0.0 0.0 0.0 1.1 0.0 0.0 0.0 0.0 1.1 0.0 -9.609 0.05 6.704 1.0]
	ConcatTransform [0.128793 0.515181 0.847349 0.0 0.609608 0.632819 -0.477407 0.0 -0.78217 0.578038 -0.232556 0.0 0.036165 -0.503024 0.818455 1.0]
331
	ConcatTransform [1.1 0.0 0.0 0.0 0.0 1.1 0.0 0.0 0.0 0.0 1.1 0.0 -9.609 0.05 6.704 1.0]
	ConcatTransform [0.130343 0.520191 0.844045 0.0 0.611252 0.628113 -0.481504 0.0 -0.780629 0.578684 -0.236098 0.0 0.034223 -0.503075 0.821223 1.0]
332
	ConcatTransform [1.1 0.0 0.0 0.0 0.0 1.1 0.0 0.0 0.0 0.0 1.1 0.0 -9.609 0.05 6.704 1.0]
	ConcatTransform [0.133165 0.527587 0.838999 0.0 0.614808 0.619999 -0.487455 0.0 -0.777354 0.580735 -0.241802 0.0 0.031409 -0.503062 0.825569 1.0]
333
	ConcatTransform [1.1 0.0 0.0 0.0 0.0 1.1 0.0 0.0 0.0 0.0 1.1 0.0 -9.609 0.05 6.704 1.0]
	ConcatTransform [0.135013 0.53253 0.835574 0.0 0.617306 0.614429 -0.491334 0.0 -0.775051 0.582142 -0.245778 0.0 0.029585 -0.503034 0.828477 1.0]
334
	ConcatTransform [1.1 0.0 0.0 0.0 0.0 1.1 0.0 0.0 0.0 0.0 1.1 0.0 -9.609 0.05 6.704 1.0]
	ConcatTransform [0.137691 0.539222 0.830831 0.0 0.620583 0.606794 -0.496666 0.0 -0.771957 0.583987 -0.251082 0.0 0.027107 -0.502942 0.832778 1.0]
335
	ConcatTransform [1.1 0.0 0.0 0.0 0.0 1.1 0.0 0.0 0.0 0.0 1.1 0.0 -9.609 0.05 6.704 1.0]
	ConcatTransform [0.140071 0.543017 0.827957 0.0 0.622332 0.602103 -0.500174 0.0 -0.770119 0.585324 -0.253599 0.0 0.025558 -0.502851 0.835411 1.0]
336
	ConcatTransform [1.1 0.0 0.0 0.0 0.0 1.1 0.0 0.0 0.0 0.0 1.1 0.0 -9.609 0.05 6.704 1.0]
	ConcatTransform [0.141675 0.548675 0.823944 0.0 0.625419 0.595566 -0.504135 0.0 -0.767319 0.586733 -0.258776 0.0 0.023534 -0.502715 0.83884 1.0]
337
	ConcatTransform [1.1 0.0 0.0 0.0 0.0 1.1 0.0 0.0 0.0 0.0 1.1 0.0 -9.609 0.05 6.704 1.0]
	ConcatTransform [0.143262 0.55141 0.821841 0.0 0.626813 0.592073 -0.506513 0.0 -0.765886 0.587705 -0.260809 0.0 0.022401 -0.502637 0.840781 1.0]
338
	ConcatTransform [1.1 0.0 0.0 0.0 0.0 1.1 0.0 0.0 0.0 0.0 1.1 0.0 -9.609 0.05 6.704 1.0]
	ConcatTransform [0.144714 0.554996 0.819168 0.0 0.628693 0.587716 -0.50925 0.0 -0.76407 0.588701 -0.263871 0.0 0.021043 -0.502521 0.843032 1.0]
339
	ConcatTransform [1.1 0.0 0.0 0.0 0.0 1.1 0.0 0.0 0.0 0.0 1.1 0.0 -9.609 0.05 6.704 1.0]
	ConcatTransform [0.145505 0.556355 0.818106 0.0 0.629424 0.585926 -0.510408 0.0 -0.763317 0.589203 -0.264929 0.0 0.020447 -0.50247 0.844139 1.0]
340
	ConcatTransform [1.1 0.0 0.0 0.0 0.0 1.1 0.0 0.0 0.0 0.0 1.1 0.0 -9.609 0.05 6.704 1.0]
	ConcatTransform [0.145926 0.55764 0.817156 0.0 0.630231 0.584297 -0.511279 0.0 -0.762571 0.589605 -0.266178 0.0 0.019938 -0.502416 0.845028 1.0]
341
	ConcatTransform [1.1 0.0 0.0 0.0 0.0 1.1 0.0 0.0 0.0 0.0 1.1 0.0 -9.609 0.05 6.704 1.0]
	ConcatTransform [0.146425 0.557846 0.816926 0.0 0.629944 0.584148 -0.511802 0.0 -0.762713 0.589558 -0.265878 0.0 0.019909 -0.502411 0.845144 1.0]
342
	ConcatTransform [1.1 0.0 0.0 0.0 0.0 1.1 0.0 0.0 0.0 0.0 1.1 0.0 -9.609 0.05 6.704 1.0]
	ConcatTransform [0.145688 0.556852 0.817735 0.0 0.62969 0.585323 -0.510772 0.0 -0.763064 0.589333 -0.26537 0.0 0.020283 -0.502449 0.844539 1.0]
343
	ConcatTransform [1.1 0.0 0.0 0.0 0.0 1.1 0.0 0.0 0.0 0.0 1.1 0.0 -9.609 0.05 6.704 1.0]
	ConcatTransform [0.14513 0.55536 0.818849 0.0 0.628773 0.587229 -0.509712 0.0 -0.763925 0.588845 -0.26397 0.0 0.020925 -0.502504 0.843722 1.0]
344
	ConcatTransform [1.1 0.0 0.0 0.0 0.0 1.1 0.0 0.0 0.0 0.0 1.1 0.0 -9.609 0.05 6.704 1.0]
	ConcatTransform [0.144244 0.551699 0.821475 0.0 0.626483 0.591683 -0.507377 0.0 -0.765972 0.587826 -0.260284 0.0 0.02239 -0.502628 0.841881 1.0]
345
	ConcatTransform [1.1 0.0 0.0 0.0 0.0 1.1 0.0 0.0 0.0 0.0 1.1 0.0 -9.609 0.05 6.704 1.0]
	ConcatTransform [0.14273 0.54854 0.823852 0.0 0.624929 0.595529 -0.504785 0.0 -0.767523 0.586898 -0.257799 0.0 0.023633 -0.502723 0.84024 1.0]
346
	ConcatTransform [1.1 0.0 0.0 0.0 0.0 1.1 0.0 0.0 0.0 0.0 1.1 0.0 -9.609 0.05 6.704 1.0]
	ConcatTransform [0.140828 0.543337 0.827619 0.0 0.62206 0.601769 -0.500915 0.0 -0.770201 0.585371 -0.253242 0.0 0.025841 -0.502849 0.837233 1.0]
347
	ConcatTransform [1.1 0.0 0.0 0.0 0.0 1.1 0.0 0.0 0.0 0.0 1.1 0.0 -9.609 0.05 6.704 1.0]
	ConcatTransform [0.139441 0.539331 0.830469 0.0 0.619786 0.606539 -0.497971 0.0 -0.772283 0.584151 -0.249694 0.0 0.027453 -0.502923 0.83493 1.0]
348
	ConcatTransform [1.1 0.0 0.0 0.0 0.0 1.1 0.0 0.0 0.0 0.0 1.1 0.0 -9.609 0.05 6.704 1.0]
	ConcatTransform [0.13713 0.532787 0.835065 0.0 0.61615 0.614209 -0.493058 0.0 -0.7756 0.582138 -0.24405 0.0 0.029991 -0.503002 0.83113 1.0]
349
	ConcatTransform [1.1 0.0 0.0 0.0 0.0 1.1 0.0 0.0 0.0 0.0 1.1 0.0 -9.609 0.05 6.704 1.0]
	ConcatTransform [0.135333 0.528286 0.838212 0.0 0.613766 0.619427 -0.489491 0.0 -0.777802 0.58071 -0.240415 0.0 0.031727 -0.503024 0.828448 1.0]
350
	ConcatTransform [1.1 0.0 0.0 0.0 0.0 1.1 0.0 0.0 0.0 0.0 1.1 0.0 -9.609 0.05 6.704 1.0]
	ConcatTransform [0.132533 0.521475 0.842911 0.0 0.610226 0.627209 -0.483977 0.0 -0.781063 0.578509 -0.235092 0.0 0.034336 -0.503011 0.824358 1.0]
351
	ConcatTransform [1.1 0.0 0.0 0.0 0.0 1.1 0.0 0.0 0.0 0.0 1.1 0.0 -9.609 0.05 6.704 1.0]
	ConcatTransform [0.130649 0.516959 0.845981 0.0 0.607919 0.632286 -0.480259 0.0 -0.783176 0.577033 -0.231662 0.0 0.036007 -0.502972 0.821661 1.0]
352
	ConcatTransform [1.1 0.0 0.0 0.0 0.0 1.1 0.0 0.0 0.0 0.0 1.1 0.0 -9.609 0.05 6.704 1.0]
	ConcatTransform [0.127109 0.510343 0.850525 0.0 0.605625 0.639156 -0.474024 0.0 -0.785533 0.575352 -0.227834 0.0 0.038114 -0.502887 0.81797 1.0]
353
	ConcatTransform [1.1 0.0 0.0 0.0 0.0 1.1 0.0 0.0 0.0 0.0 1.1 0.0 -9.609 0.05 6.704 1.0]
	ConcatTransform [0.123222 0.50711 0.853027 0.0 0.605893 0.642325 -0.469374 0.0 -0.785945 0.574681 -0.228106 0.0 0.039117 -0.502825 0.816331 1.0]
354
	ConcatTransform [1.1 0.0 0.0 0.0 0.0 1.1 0.0 0.0 0.0 0.0 1.1 0.0 -9.609 0.05 6.704 1.0]
	ConcatTransform [0.119854 0.504613 0.854986 0.0 0.605743 0.645149 -0.465681 0.0 -0.786582 0.573715 -0.228342 0.0 0.040163 -0.502771 0.815012 1.0]
355
	ConcatTransform [1.1 0.0 0.0 0.0 0.0 1.1 0.0 0.0 0.0 0.0 1.1 0.0 -9.609 0.05 6.704 1.0]
	ConcatTransform [0.119108 0.504716 0.85503 0.0 0.605452 0.645601 -0.465433 0.0 -0.786919 0.573116 -0.228685 0.0 0.040567 -0.502751 0.814971 1.0]
356
	ConcatTransform [1.1 0.0 0.0 0.0 0.0 1.1 0.0 0.0 0.0 0.0 1.1 0.0 -9.609 0.05 6.704 1.0]
	ConcatTransform [0.119527 0.50559 0.854454 0.0 0.60556 0.644879 -0.466292 0.0 -0.786772 0.573158 -0.229085 0.0 0.04044 -0.50276 0.815281 1.0]
357
	ConcatTransform [1.1 0.0 0.0 0.0 0.0 1.1 0.0 0.0 0.0 0.0 1.1 0.0 -9.609 0.05 6.704 1.0]
	ConcatTransform [0.120243 0.506402 0.853873 0.0 0.605976 0.643847 -0.467177 0.0 -0.786343 0.573601 -0.229449 0.0 0.040051 -0.502784 0.815762 1.0]
358
	ConcatTransform [1.1 0.0 0.0 0.0 0.0 1.1 0.0 0.0 0.0 0.0 1.1 0.0 -9.609 0.05 6.704 1.0]
	ConcatTransform [0.120814 0.508666 0.852445 0.0 0.607353 0.64137 -0.468793 0.0 -0.785192 0.574372 -0.231453 0.0 0.039178 -0.502832 0.81693 1.0]
359
	ConcatTransform [1.1 0.0 0.0 0.0 0.0 1.1 0.0 0.0 0.0 0.0 1.1 0.0 -9.609 0.05 6.704 1.0]
	ConcatTransform [0.121377 0.510704 0.851146 0.0 0.608544 0.639147 -0.470282 0.0 -0.784182 0.575041 -0.233208 0.0 0.038418 -0.502871 0.817993 1.0]
360
	ConcatTransform [1.1 0.0 0.0 0.0 0.0 1.1 0.0 0.0 0.0 0.0 1.1 0.0 -9.609 0.05 6.704 1.0]
	ConcatTransform [0.572054 0.606131 0.552593 0.0 0.240667 0.520022 -0.819547 0.0 -0.784113 0.601816 0.151605 0.0 0.874053 -0.498839 2.903232 1.0]
