228
	ConcatTransform [1.1 0.0 0.0 0.0 0.0 1.1 0.0 0.0 0.0 0.0 1.1 0.0 -9.609 0.05 6.704 1.0]
	ConcatTransform [0.989483 0.043347 -0.138004 0.0 -0.033208 0.996635 0.074944 0.0 0.140789 -0.069572 0.987592 0.0 -0.03246 -0.009092 -0.027621 1.0]
229
	ConcatTransform [1.1 0.0 0.0 0.0 0.0 1.1 0.0 0.0 0.0 0.0 1.1 0.0 -9.609 0.05 6.704 1.0]
	ConcatTransform [0.975343 0.075856 -0.20725 0.0 -0.04157 0.985411 0.165039 0.0 0.216745 -0.152355 0.964266 0.0 -0.064811 -0.022333 -0.060003 1.0]
230
	ConcatTransform [1.1 0.0 0.0 0.0 0.0 1.1 0.0 0.0 0.0 0.0 1.1 0.0 -9.609 0.05 6.704 1.0]
	ConcatTransform [0.945827 0.136366 -0.294645 0.0 -0.034477 0.944573 0.326487 0.0 0.322835 -0.298642 0.898104 0.0 -0.112555 -0.059373 -0.105381 1.0]
231
	ConcatTransform [1.1 0.0 0.0 0.0 0.0 1.1 0.0 0.0 0.0 0.0 1.1 0.0 -9.609 0.05 6.704 1.0]
	ConcatTransform [0.918407 0.183323 -0.350601 0.0 -0.013528 0.900202 0.435263 0.0 0.395405 -0.395006 0.829232 0.0 -0.144731 -0.095992 -0.135233 1.0]
232
	ConcatTransform [1.1 0.0 0.0 0.0 0.0 1.1 0.0 0.0 0.0 0.0 1.1 0.0 -9.609 0.05 6.704 1.0]
	ConcatTransform [0.866735 0.242411 -0.435897 0.0 0.07985 0.795235 0.60102 0.0 0.492335 -0.555731 0.669902 0.0 -0.192023 -0.16668 -0.178865 1.0]
233
	ConcatTransform [1.1 0.0 0.0 0.0 0.0 1.1 0.0 0.0 0.0 0.0 1.1 0.0 -9.609 0.05 6.704 1.0]
	ConcatTransform [0.840376 0.267965 -0.471129 0.0 0.164352 0.702324 0.692625 0.0 0.516484 -0.659497 0.546176 0.0 -0.226268 -0.216686 -0.212169 1.0]
234
	ConcatTransform [1.1 0.0 0.0 0.0 0.0 1.1 0.0 0.0 0.0 0.0 1.1 0.0 -9.609 0.05 6.704 1.0]
	ConcatTransform [0.835271 0.177377 -0.520441 0.0 0.34885 0.560669 0.750968 0.0 0.425 -0.808818 0.406433 0.0 -0.280869 -0.278688 -0.275447 1.0]
235
	ConcatTransform [1.1 0.0 0.0 0.0 0.0 1.1 0.0 0.0 0.0 0.0 1.1 0.0 -9.609 0.05 6.704 1.0]
	ConcatTransform [0.83313 0.065328 -0.549205 0.0 0.463935 0.458043 0.758262 0.0 0.301095 -0.886527 0.351301 0.0 -0.318656 -0.317342 -0.322996 1.0]
236
	ConcatTransform [1.1 0.0 0.0 0.0 0.0 1.1 0.0 0.0 0.0 0.0 1.1 0.0 -9.609 0.05 6.704 1.0]
	ConcatTransform [0.821819 -0.072751 -0.565085 0.0 0.54991 0.360726 0.75331 0.0 0.149037 -0.92983 0.336458 0.0 -0.378827 -0.348175 -0.400403 1.0]
237
	ConcatTransform [1.1 0.0 0.0 0.0 0.0 1.1 0.0 0.0 0.0 0.0 1.1 0.0 -9.609 0.05 6.704 1.0]
	ConcatTransform [0.814455 -0.086418 -0.573756 0.0 0.560411 0.373381 0.739274 0.0 0.150342 -0.923644 0.352532 0.0 -0.414145 -0.343017 -0.45529 1.0]
238
	ConcatTransform [1.1 0.0 0.0 0.0 0.0 1.1 0.0 0.0 0.0 0.0 1.1 0.0 -9.609 0.05 6.704 1.0]
	ConcatTransform [0.808625 -0.094068 -0.580756 0.0 0.565003 0.399349 0.722006 0.0 0.164007 -0.91196 0.376072 0.0 -0.465488 -0.351782 -0.539299 1.0]
239
	ConcatTransform [1.1 0.0 0.0 0.0 0.0 1.1 0.0 0.0 0.0 0.0 1.1 0.0 -9.609 0.05 6.704 1.0]
	ConcatTransform [0.81844 -0.070717 -0.570224 0.0 0.548028 0.394327 0.73768 0.0 0.172688 -0.916245 0.361488 0.0 -0.495856 -0.35955 -0.591872 1.0]
240
	ConcatTransform [1.1 0.0 0.0 0.0 0.0 1.1 0.0 0.0 0.0 0.0 1.1 0.0 -9.609 0.05 6.704 1.0]
	ConcatTransform [0.847619 -0.003514 -0.530593 0.0 0.502066 0.328843 0.79987 0.0 0.171671 -0.944378 0.280498 0.0 -0.532503 -0.361045 -0.662547 1.0]
241
	ConcatTransform [1.1 0.0 0.0 0.0 0.0 1.1 0.0 0.0 0.0 0.0 1.1 0.0 -9.609 0.05 6.704 1.0]
	ConcatTransform [0.851564 0.03194 -0.523277 0.0 0.500195 0.249384 0.829224 0.0 0.156982 -0.967878 0.19639 0.0 -0.552059 -0.340914 -0.701048 1.0]
242
	ConcatTransform [1.1 0.0 0.0 0.0 0.0 1.1 0.0 0.0 0.0 0.0 1.1 0.0 -9.609 0.05 6.704 1.0]
	ConcatTransform [0.831422 0.075466 -0.550493 0.0 0.544412 0.087536 0.834238 0.0 0.111145 -0.993299 0.031695 0.0 -0.580267 -0.289523 -0.742344 1.0]
243
	ConcatTransform [1.1 0.0 0.0 0.0 0.0 1.1 0.0 0.0 0.0 0.0 1.1 0.0 -9.609 0.05 6.704 1.0]
	ConcatTransform [0.813723 0.098416 -0.57286 0.0 0.576313 -0.00839 0.817186 0.0 0.075618 -0.99511 -0.063546 0.0 -0.600238 -0.253374 -0.765055 1.0]
244
	ConcatTransform [1.1 0.0 0.0 0.0 0.0 1.1 0.0 0.0 0.0 0.0 1.1 0.0 -9.609 0.05 6.704 1.0]
	ConcatTransform [0.791163 0.114295 -0.600831 0.0 0.610974 -0.103059 0.784914 0.0 0.027791 -0.988087 -0.151368 0.0 -0.632917 -0.209242 -0.801619 1.0]
245
	ConcatTransform [1.1 0.0 0.0 0.0 0.0 1.1 0.0 0.0 0.0 0.0 1.1 0.0 -9.609 0.05 6.704 1.0]
	ConcatTransform [0.766863 0.109369 -0.632424 0.0 0.641403 -0.165743 0.749087 0.0 -0.022893 -0.980086 -0.197251 0.0 -0.653024 -0.186617 -0.823405 1.0]
246
	ConcatTransform [1.1 0.0 0.0 0.0 0.0 1.1 0.0 0.0 0.0 0.0 1.1 0.0 -9.609 0.05 6.704 1.0]
	ConcatTransform [0.720952 0.094025 -0.686577 0.0 0.683957 -0.255947 0.68315 0.0 -0.111494 -0.962107 -0.248835 0.0 -0.680652 -0.164625 -0.851444 1.0]
247
	ConcatTransform [1.1 0.0 0.0 0.0 0.0 1.1 0.0 0.0 0.0 0.0 1.1 0.0 -9.609 0.05 6.704 1.0]
	ConcatTransform [0.693394 0.0912 -0.714764 0.0 0.70187 -0.309942 0.641338 0.0 -0.163046 -0.946371 -0.278923 0.0 -0.699229 -0.159265 -0.867267 1.0]
248
	ConcatTransform [1.1 0.0 0.0 0.0 0.0 1.1 0.0 0.0 0.0 0.0 1.1 0.0 -9.609 0.05 6.704 1.0]
	ConcatTransform [0.661749 0.095292 -0.743645 0.0 0.727154 -0.323132 0.605667 0.0 -0.18258 -0.941544 -0.283124 0.0 -0.72631 -0.159697 -0.886301 1.0]
249
	ConcatTransform [1.1 0.0 0.0 0.0 0.0 1.1 0.0 0.0 0.0 0.0 1.1 0.0 -9.609 0.05 6.704 1.0]
	ConcatTransform [0.6434 0.099952 -0.758977 0.0 0.747865 -0.293828 0.595284 0.0 -0.163509 -0.950618 -0.263799 0.0 -0.740211 -0.164382 -0.893145 1.0]
250
	ConcatTransform [1.1 0.0 0.0 0.0 0.0 1.1 0.0 0.0 0.0 0.0 1.1 0.0 -9.609 0.05 6.704 1.0]
	ConcatTransform [0.638496 0.125272 -0.759362 0.0 0.762304 -0.238712 0.601589 0.0 -0.105906 -0.962977 -0.247911 0.0 -0.759775 -0.186279 -0.897238 1.0]
251
	ConcatTransform [1.1 0.0 0.0 0.0 0.0 1.1 0.0 0.0 0.0 0.0 1.1 0.0 -9.609 0.05 6.704 1.0]
	ConcatTransform [0.624836 0.13094 -0.769698 0.0 0.778329 -0.182137 0.600858 0.0 -0.061514 -0.974516 -0.21572 0.0 -0.770319 -0.208595 -0.898536 1.0]
252
	ConcatTransform [1.1 0.0 0.0 0.0 0.0 1.1 0.0 0.0 0.0 0.0 1.1 0.0 -9.609 0.05 6.704 1.0]
	ConcatTransform [0.597767 0.12621 -0.791673 0.0 0.801632 -0.084446 0.591824 0.0 0.00784 -0.988403 -0.151653 0.0 -0.778011 -0.248473 -0.890929 1.0]
253
	ConcatTransform [1.1 0.0 0.0 0.0 0.0 1.1 0.0 0.0 0.0 0.0 1.1 0.0 -9.609 0.05 6.704 1.0]
	ConcatTransform [0.571891 0.107767 -0.81322 0.0 0.819084 -0.020412 0.57331 0.0 0.045185 -0.993967 -0.099944 0.0 -0.777332 -0.279528 -0.880387 1.0]
254
	ConcatTransform [1.1 0.0 0.0 0.0 0.0 1.1 0.0 0.0 0.0 0.0 1.1 0.0 -9.609 0.05 6.704 1.0]
	ConcatTransform [0.51789 0.040616 -0.854482 0.0 0.84775 0.109327 0.519007 0.0 0.114498 -0.993176 0.022187 0.0 -0.764655 -0.321155 -0.855801 1.0]
255
	ConcatTransform [1.1 0.0 0.0 0.0 0.0 1.1 0.0 0.0 0.0 0.0 1.1 0.0 -9.609 0.05 6.704 1.0]
	ConcatTransform [0.489166 0.002654 -0.872187 0.0 0.854199 0.200608 0.479688 0.0 0.17624 -0.979668 0.095863 0.0 -0.749453 -0.345526 -0.83402 1.0]
256
	ConcatTransform [1.1 0.0 0.0 0.0 0.0 1.1 0.0 0.0 0.0 0.0 1.1 0.0 -9.609 0.05 6.704 1.0]
	ConcatTransform [0.463273 -0.013521 -0.886112 0.0 0.83486 0.342089 0.431258 0.0 0.297298 -0.93957 0.169769 0.0 -0.721832 -0.381209 -0.798878 1.0]
257
	ConcatTransform [1.1 0.0 0.0 0.0 0.0 1.1 0.0 0.0 0.0 0.0 1.1 0.0 -9.609 0.05 6.704 1.0]
	ConcatTransform [0.444769 -0.015093 -0.895518 0.0 0.807284 0.4398 0.393534 0.0 0.387909 -0.897969 0.207793 0.0 -0.701417 -0.405687 -0.776715 1.0]
258
	ConcatTransform [1.1 0.0 0.0 0.0 0.0 1.1 0.0 0.0 0.0 0.0 1.1 0.0 -9.609 0.05 6.704 1.0]
	ConcatTransform [0.410509 -0.026996 -0.911457 0.0 0.74966 0.57905 0.320487 0.0 0.519127 -0.814845 0.257943 0.0 -0.66873 -0.430049 -0.745455 1.0]
259
	ConcatTransform [1.1 0.0 0.0 0.0 0.0 1.1 0.0 0.0 0.0 0.0 1.1 0.0 -9.609 0.05 6.704 1.0]
	ConcatTransform [0.379817 -0.047263 -0.923853 0.0 0.741491 0.612691 0.273499 0.0 0.55311 -0.788908 0.267756 0.0 -0.644173 -0.425429 -0.722539 1.0]
260
	ConcatTransform [1.1 0.0 0.0 0.0 0.0 1.1 0.0 0.0 0.0 0.0 1.1 0.0 -9.609 0.05 6.704 1.0]
	ConcatTransform [0.334657 -0.092104 -0.937828 0.0 0.726148 0.659497 0.194351 0.0 0.600595 -0.746043 0.287586 0.0 -0.611703 -0.414561 -0.688569 1.0]
261
	ConcatTransform [1.1 0.0 0.0 0.0 0.0 1.1 0.0 0.0 0.0 0.0 1.1 0.0 -9.609 0.05 6.704 1.0]
	ConcatTransform [0.306438 -0.118324 -0.944508 0.0 0.711434 0.687701 0.144667 0.0 0.632422 -0.716287 0.294917 0.0 -0.59354 -0.409089 -0.666866 1.0]
262
	ConcatTransform [1.1 0.0 0.0 0.0 0.0 1.1 0.0 0.0 0.0 0.0 1.1 0.0 -9.609 0.05 6.704 1.0]
	ConcatTransform [0.275884 -0.120082 -0.95366 0.0 0.710056 0.694187 0.118002 0.0 0.647849 -0.709707 0.27678 0.0 -0.569285 -0.400912 -0.638418 1.0]
263
	ConcatTransform [1.1 0.0 0.0 0.0 0.0 1.1 0.0 0.0 0.0 0.0 1.1 0.0 -9.609 0.05 6.704 1.0]
	ConcatTransform [0.262728 -0.117898 -0.95764 0.0 0.719358 0.685391 0.112975 0.0 0.643038 -0.718568 0.264882 0.0 -0.553213 -0.402948 -0.621378 1.0]
264
	ConcatTransform [1.1 0.0 0.0 0.0 0.0 1.1 0.0 0.0 0.0 0.0 1.1 0.0 -9.609 0.05 6.704 1.0]
	ConcatTransform [0.241103 -0.077401 -0.967408 0.0 0.751436 0.645719 0.135614 0.0 0.614177 -0.759642 0.213846 0.0 -0.5323 -0.405925 -0.600826 1.0]
265
	ConcatTransform [1.1 0.0 0.0 0.0 0.0 1.1 0.0 0.0 0.0 0.0 1.1 0.0 -9.609 0.05 6.704 1.0]
	ConcatTransform [0.219572 -0.043097 -0.974644 0.0 0.757323 0.637319 0.142432 0.0 0.61502 -0.769394 0.172576 0.0 -0.52353 -0.410308 -0.59157 1.0]
266
	ConcatTransform [1.1 0.0 0.0 0.0 0.0 1.1 0.0 0.0 0.0 0.0 1.1 0.0 -9.609 0.05 6.704 1.0]
	ConcatTransform [0.173653 -0.009332 -0.984763 0.0 0.771038 0.623366 0.130058 0.0 0.612654 -0.781874 0.115445 0.0 -0.51507 -0.413318 -0.583767 1.0]
267
	ConcatTransform [1.1 0.0 0.0 0.0 0.0 1.1 0.0 0.0 0.0 0.0 1.1 0.0 -9.609 0.05 6.704 1.0]
	ConcatTransform [0.145339 -0.004839 -0.98937 0.0 0.774353 0.622994 0.110705 0.0 0.615836 -0.782212 0.094292 0.0 -0.512342 -0.412982 -0.580979 1.0]
268
	ConcatTransform [1.1 0.0 0.0 0.0 0.0 1.1 0.0 0.0 0.0 0.0 1.1 0.0 -9.609 0.05 6.704 1.0]
	ConcatTransform [0.107902 -0.009363 -0.994117 0.0 0.77388 0.628501 0.078078 0.0 0.624073 -0.777752 0.075062 0.0 -0.51456 -0.412817 -0.579917 1.0]
269
	ConcatTransform [1.1 0.0 0.0 0.0 0.0 1.1 0.0 0.0 0.0 0.0 1.1 0.0 -9.609 0.05 6.704 1.0]
	ConcatTransform [0.080024 -0.009523 -0.996747 0.0 0.773698 0.631067 0.056087 0.0 0.628481 -0.77567 0.057869 0.0 -0.519432 -0.41424 -0.580006 1.0]
270
	ConcatTransform [1.1 0.0 0.0 0.0 0.0 1.1 0.0 0.0 0.0 0.0 1.1 0.0 -9.609 0.05 6.704 1.0]
	ConcatTransform [0.037246 -0.010133 -0.999255 0.0 0.779318 0.626217 0.022698 0.0 0.625521 -0.779583 0.031221 0.0 -0.53142 -0.419464 -0.582058 1.0]
271
	ConcatTransform [1.1 0.0 0.0 0.0 0.0 1.1 0.0 0.0 0.0 0.0 1.1 0.0 -9.609 0.05 6.704 1.0]
	ConcatTransform [0.005121 -0.009314 -0.999944 0.0 0.785414 0.618968 -0.001743 0.0 0.618949 -0.785361 0.010485 0.0 -0.541177 -0.423392 -0.583892 1.0]
272
	ConcatTransform [1.1 0.0 0.0 0.0 0.0 1.1 0.0 0.0 0.0 0.0 1.1 0.0 -9.609 0.05 6.704 1.0]
	ConcatTransform [-0.04884 -0.007289 -0.99878 0.0 0.793725 0.606738 -0.043241 0.0 0.606313 -0.794869 -0.023847 0.0 -0.557345 -0.42776 -0.587105 1.0]
273
	ConcatTransform [1.1 0.0 0.0 0.0 0.0 1.1 0.0 0.0 0.0 0.0 1.1 0.0 -9.609 0.05 6.704 1.0]
	ConcatTransform [-0.085129 -0.001644 -0.996369 0.0 0.79868 0.597761 -0.069225 0.0 0.595704 -0.801673 -0.049574 0.0 -0.568492 -0.43018 -0.588833 1.0]
274
	ConcatTransform [1.1 0.0 0.0 0.0 0.0 1.1 0.0 0.0 0.0 0.0 1.1 0.0 -9.609 0.05 6.704 1.0]
	ConcatTransform [-0.138657 0.00285 -0.990336 0.0 0.809154 0.576895 -0.111629 0.0 0.571002 -0.816813 -0.082297 0.0 -0.584995 -0.431474 -0.591112 1.0]
275
	ConcatTransform [1.1 0.0 0.0 0.0 0.0 1.1 0.0 0.0 0.0 0.0 1.1 0.0 -9.609 0.05 6.704 1.0]
	ConcatTransform [-0.178746 0.006938 -0.983871 0.0 0.81261 0.564828 -0.143649 0.0 0.554721 -0.825179 -0.106599 0.0 -0.596121 -0.430545 -0.591266 1.0]
276
	ConcatTransform [1.1 0.0 0.0 0.0 0.0 1.1 0.0 0.0 0.0 0.0 1.1 0.0 -9.609 0.05 6.704 1.0]
	ConcatTransform [-0.234257 0.01079 -0.972115 0.0 0.817591 0.543202 -0.190991 0.0 0.525994 -0.839533 -0.136071 0.0 -0.613571 -0.42914 -0.589359 1.0]
277
	ConcatTransform [1.1 0.0 0.0 0.0 0.0 1.1 0.0 0.0 0.0 0.0 1.1 0.0 -9.609 0.05 6.704 1.0]
	ConcatTransform [-0.268454 0.008596 -0.963254 0.0 0.822787 0.522069 -0.224647 0.0 0.500954 -0.85286 -0.147224 0.0 -0.624631 -0.428177 -0.58789 1.0]
278
	ConcatTransform [1.1 0.0 0.0 0.0 0.0 1.1 0.0 0.0 0.0 0.0 1.1 0.0 -9.609 0.05 6.704 1.0]
	ConcatTransform [-0.307564 0.008578 -0.951489 0.0 0.827178 0.496646 -0.262904 0.0 0.470298 -0.867911 -0.159846 0.0 -0.64006 -0.426294 -0.584591 1.0]
279
	ConcatTransform [1.1 0.0 0.0 0.0 0.0 1.1 0.0 0.0 0.0 0.0 1.1 0.0 -9.609 0.05 6.704 1.0]
	ConcatTransform [-0.329415 0.004844 -0.944173 0.0 0.831211 0.475812 -0.287562 0.0 0.447856 -0.879534 -0.160766 0.0 -0.649543 -0.425207 -0.582783 1.0]
280
	ConcatTransform [1.1 0.0 0.0 0.0 0.0 1.1 0.0 0.0 0.0 0.0 1.1 0.0 -9.609 0.05 6.704 1.0]
	ConcatTransform [-0.355373 -0.002448 -0.934722 0.0 0.833657 0.451451 -0.318131 0.0 0.42276 -0.892293 -0.158392 0.0 -0.662854 -0.423241 -0.58016 1.0]
281
	ConcatTransform [1.1 0.0 0.0 0.0 0.0 1.1 0.0 0.0 0.0 0.0 1.1 0.0 -9.609 0.05 6.704 1.0]
	ConcatTransform [-0.367762 -0.00452 -0.929909 0.0 0.836349 0.43556 -0.332878 0.0 0.406536 -0.900148 -0.156402 0.0 -0.67071 -0.421101 -0.57823 1.0]
282
	ConcatTransform [1.1 0.0 0.0 0.0 0.0 1.1 0.0 0.0 0.0 0.0 1.1 0.0 -9.609 0.05 6.704 1.0]
	ConcatTransform [-0.382498 -0.005258 -0.923941 0.0 0.840952 0.41226 -0.350488 0.0 0.382747 -0.911051 -0.153267 0.0 -0.683026 -0.417725 -0.575279 1.0]
283
	ConcatTransform [1.1 0.0 0.0 0.0 0.0 1.1 0.0 0.0 0.0 0.0 1.1 0.0 -9.609 0.05 6.704 1.0]
	ConcatTransform [-0.391256 -0.006627 -0.920258 0.0 0.842908 0.398762 -0.361241 0.0 0.369358 -0.917031 -0.150432 0.0 -0.689867 -0.415287 -0.573679 1.0]
284
	ConcatTransform [1.1 0.0 0.0 0.0 0.0 1.1 0.0 0.0 0.0 0.0 1.1 0.0 -9.609 0.05 6.704 1.0]
	ConcatTransform [-0.408356 -0.010463 -0.912763 0.0 0.842399 0.380813 -0.381241 0.0 0.351581 -0.924593 -0.146693 0.0 -0.698329 -0.412578 -0.572245 1.0]
285
	ConcatTransform [1.1 0.0 0.0 0.0 0.0 1.1 0.0 0.0 0.0 0.0 1.1 0.0 -9.609 0.05 6.704 1.0]
	ConcatTransform [-0.423008 -0.017393 -0.905959 0.0 0.83849 0.371513 -0.398638 0.0 0.343509 -0.928265 -0.142569 0.0 -0.702788 -0.410982 -0.572291 1.0]
286
	ConcatTransform [1.1 0.0 0.0 0.0 0.0 1.1 0.0 0.0 0.0 0.0 1.1 0.0 -9.609 0.05 6.704 1.0]
	ConcatTransform [-0.443359 -0.024271 -0.896015 0.0 0.830508 0.36491 -0.42083 0.0 0.337179 -0.930726 -0.141629 0.0 -0.707932 -0.409772 -0.572898 1.0]
287
	ConcatTransform [1.1 0.0 0.0 0.0 0.0 1.1 0.0 0.0 0.0 0.0 1.1 0.0 -9.609 0.05 6.704 1.0]
	ConcatTransform [-0.456186 -0.02604 -0.889503 0.0 0.824531 0.363616 -0.43351 0.0 0.334727 -0.931185 -0.144406 0.0 -0.710397 -0.409869 -0.573796 1.0]
288
	ConcatTransform [1.1 0.0 0.0 0.0 0.0 1.1 0.0 0.0 0.0 0.0 1.1 0.0 -9.609 0.05 6.704 1.0]
	ConcatTransform [-0.473383 -0.023813 -0.880535 0.0 0.815793 0.365201 -0.448454 0.0 0.332251 -0.930624 -0.153454 0.0 -0.712526 -0.411973 -0.57578 1.0]
289
	ConcatTransform [1.1 0.0 0.0 0.0 0.0 1.1 0.0 0.0 0.0 0.0 1.1 0.0 -9.609 0.05 6.704 1.0]
	ConcatTransform [-0.483094 -0.020598 -0.875326 0.0 0.808966 0.37195 -0.455222 0.0 0.334954 -0.928024 -0.163024 0.0 -0.71329 -0.414027 -0.577401 1.0]
290
	ConcatTransform [1.1 0.0 0.0 0.0 0.0 1.1 0.0 0.0 0.0 0.0 1.1 0.0 -9.609 0.05 6.704 1.0]
	ConcatTransform [-0.494497 -0.014884 -0.869052 0.0 0.797396 0.390111 -0.460406 0.0 0.345879 -0.920647 -0.18104 0.0 -0.714006 -0.418641 -0.580094 1.0]
291
	ConcatTransform [1.1 0.0 0.0 0.0 0.0 1.1 0.0 0.0 0.0 0.0 1.1 0.0 -9.609 0.05 6.704 1.0]
	ConcatTransform [-0.500144 -0.011648 -0.865864 0.0 0.790421 0.402258 -0.461978 0.0 0.353682 -0.915452 -0.191979 0.0 -0.714299 -0.422621 -0.582277 1.0]
292
	ConcatTransform [1.1 0.0 0.0 0.0 0.0 1.1 0.0 0.0 0.0 0.0 1.1 0.0 -9.609 0.05 6.704 1.0]
	ConcatTransform [-0.508382 -0.008672 -0.861088 0.0 0.780119 0.418783 -0.464796 0.0 0.36464 -0.908045 -0.206136 0.0 -0.714721 -0.429993 -0.586078 1.0]
293
	ConcatTransform [1.1 0.0 0.0 0.0 0.0 1.1 0.0 0.0 0.0 0.0 1.1 0.0 -9.609 0.05 6.704 1.0]
	ConcatTransform [-0.51467 -0.005709 -0.857369 0.0 0.771895 0.432203 -0.466238 0.0 0.37322 -0.901758 -0.218035 0.0 -0.7154 -0.435517 -0.588416 1.0]
294
	ConcatTransform [1.1 0.0 0.0 0.0 0.0 1.1 0.0 0.0 0.0 0.0 1.1 0.0 -9.609 0.05 6.704 1.0]
	ConcatTransform [-0.525757 -0.000418 -0.850635 0.0 0.757972 0.453643 -0.468707 0.0 0.386081 -0.891183 -0.238189 0.0 -0.717009 -0.444625 -0.591106 1.0]
295
	ConcatTransform [1.1 0.0 0.0 0.0 0.0 1.1 0.0 0.0 0.0 0.0 1.1 0.0 -9.609 0.05 6.704 1.0]
	ConcatTransform [-0.53969 -0.008842 -0.841817 0.0 0.747084 0.455912 -0.483745 0.0 0.388072 -0.889981 -0.239445 0.0 -0.716777 -0.447863 -0.592543 1.0]
296
	ConcatTransform [1.1 0.0 0.0 0.0 0.0 1.1 0.0 0.0 0.0 0.0 1.1 0.0 -9.609 0.05 6.704 1.0]
	ConcatTransform [-0.567564 -0.029814 -0.822789 0.0 0.729191 0.445825 -0.519154 0.0 0.382298 -0.894623 -0.231295 0.0 -0.714368 -0.454488 -0.59261 1.0]
297
	ConcatTransform [1.1 0.0 0.0 0.0 0.0 1.1 0.0 0.0 0.0 0.0 1.1 0.0 -9.609 0.05 6.704 1.0]
	ConcatTransform [-0.589768 -0.053421 -0.805804 0.0 0.71213 0.436158 -0.550124 0.0 0.380846 -0.898283 -0.219189 0.0 -0.711802 -0.460048 -0.59114 1.0]
298
	ConcatTransform [1.1 0.0 0.0 0.0 0.0 1.1 0.0 0.0 0.0 0.0 1.1 0.0 -9.609 0.05 6.704 1.0]
	ConcatTransform [-0.622299 -0.103124 -0.775957 0.0 0.67908 0.421938 -0.600681 0.0 0.389351 -0.90074 -0.192543 0.0 -0.706646 -0.469719 -0.58642 1.0]
299
	ConcatTransform [1.1 0.0 0.0 0.0 0.0 1.1 0.0 0.0 0.0 0.0 1.1 0.0 -9.609 0.05 6.704 1.0]
	ConcatTransform [-0.643521 -0.120659 -0.755859 0.0 0.659619 0.413547 -0.6276 0.0 0.388308 -0.902453 -0.186537 0.0 -0.701736 -0.474625 -0.582613 1.0]
300
	ConcatTransform [1.1 0.0 0.0 0.0 0.0 1.1 0.0 0.0 0.0 0.0 1.1 0.0 -9.609 0.05 6.704 1.0]
	ConcatTransform [-0.665409 -0.115615 -0.737471 0.0 0.641466 0.416703 -0.644112 0.0 0.381776 -0.901661 -0.203115 0.0 -0.695313 -0.475863 -0.582229 1.0]
301
	ConcatTransform [1.1 0.0 0.0 0.0 0.0 1.1 0.0 0.0 0.0 0.0 1.1 0.0 -9.609 0.05 6.704 1.0]
	ConcatTransform [-0.672692 -0.114849 -0.730955 0.0 0.63261 0.423124 -0.648668 0.0 0.383783 -0.898764 -0.211977 0.0 -0.691806 -0.476595 -0.585336 1.0]
302
	ConcatTransform [1.1 0.0 0.0 0.0 0.0 1.1 0.0 0.0 0.0 0.0 1.1 0.0 -9.609 0.05 6.704 1.0]
	ConcatTransform [-0.673751 -0.118593 -0.72938 0.0 0.623075 0.43949 -0.647013 0.0 0.397287 -0.890384 -0.222215 0.0 -0.685508 -0.47744 -0.590399 1.0]
303
	ConcatTransform [1.1 0.0 0.0 0.0 0.0 1.1 0.0 0.0 0.0 0.0 1.1 0.0 -9.609 0.05 6.704 1.0]
	ConcatTransform [-0.676543 -0.120902 -0.726411 0.0 0.616379 0.446788 -0.648427 0.0 0.402948 -0.886433 -0.227749 0.0 -0.68244 -0.477624 -0.593589 1.0]
304
	ConcatTransform [1.1 0.0 0.0 0.0 0.0 1.1 0.0 0.0 0.0 0.0 1.1 0.0 -9.609 0.05 6.704 1.0]
	ConcatTransform [-0.680941 -0.118579 -0.722674 0.0 0.612234 0.449314 -0.650604 0.0 0.401856 -0.885469 -0.233358 0.0 -0.681539 -0.478392 -0.596797 1.0]
305
	ConcatTransform [1.1 0.0 0.0 0.0 0.0 1.1 0.0 0.0 0.0 0.0 1.1 0.0 -9.609 0.05 6.704 1.0]
	ConcatTransform [-0.6812 -0.111989 -0.723481 0.0 0.614218 0.450325 -0.64803 0.0 0.398374 -0.885814 -0.237976 0.0 -0.682999 -0.479591 -0.598587 1.0]
306
	ConcatTransform [1.1 0.0 0.0 0.0 0.0 1.1 0.0 0.0 0.0 0.0 1.1 0.0 -9.609 0.05 6.704 1.0]
	ConcatTransform [-0.678609 -0.109971 -0.72622 0.0 0.617762 0.44938 -0.645312 0.0 0.397315 -0.886546 -0.237018 0.0 -0.685595 -0.479958 -0.600744 1.0]
307
	ConcatTransform [1.1 0.0 0.0 0.0 0.0 1.1 0.0 0.0 0.0 0.0 1.1 0.0 -9.609 0.05 6.704 1.0]
	ConcatTransform [-0.679523 -0.10719 -0.725782 0.0 0.619767 0.445524 -0.646063 0.0 0.392604 -0.88883 -0.236311 0.0 -0.687995 -0.48014 -0.601192 1.0]
308
	ConcatTransform [1.1 0.0 0.0 0.0 0.0 1.1 0.0 0.0 0.0 0.0 1.1 0.0 -9.609 0.05 6.704 1.0]
	ConcatTransform [-0.682481 -0.101235 -0.723858 0.0 0.623189 0.436884 -0.648666 0.0 0.381911 -0.893803 -0.235077 0.0 -0.693597 -0.480498 -0.601575 1.0]
309
	ConcatTransform [1.1 0.0 0.0 0.0 0.0 1.1 0.0 0.0 0.0 0.0 1.1 0.0 -9.609 0.05 6.704 1.0]
	ConcatTransform [-0.683892 -0.097381 -0.723055 0.0 0.626377 0.429788 -0.650334 0.0 0.37409 -0.897663 -0.232931 0.0 -0.697753 -0.480441 -0.60151 1.0]
310
	ConcatTransform [1.1 0.0 0.0 0.0 0.0 1.1 0.0 0.0 0.0 0.0 1.1 0.0 -9.609 0.05 6.704 1.0]
	ConcatTransform [-0.686699 -0.093743 -0.720872 0.0 0.630025 0.417953 -0.65451 0.0 0.362646 -0.903619 -0.227948 0.0 -0.703917 -0.479882 -0.600588 1.0]
311
	ConcatTransform [1.1 0.0 0.0 0.0 0.0 1.1 0.0 0.0 0.0 0.0 1.1 0.0 -9.609 0.05 6.704 1.0]
	ConcatTransform [-0.688727 -0.090158 -0.719393 0.0 0.632754 0.40965 -0.657122 0.0 0.353944 -0.907777 -0.225089 0.0 -0.708233 -0.479651 -0.600074 1.0]
312
	ConcatTransform [1.1 0.0 0.0 0.0 0.0 1.1 0.0 0.0 0.0 0.0 1.1 0.0 -9.609 0.05 6.704 1.0]
	ConcatTransform [-0.691156 -0.083825 -0.717828 0.0 0.637377 0.397496 -0.660112 0.0 0.340668 -0.913767 -0.221304 0.0 -0.714353 -0.479506 -0.598765 1.0]
313
	ConcatTransform [1.1 0.0 0.0 0.0 0.0 1.1 0.0 0.0 0.0 0.0 1.1 0.0 -9.609 0.05 6.704 1.0]
	ConcatTransform [-0.689165 -0.080185 -0.720154 0.0 0.642397 0.392183 -0.658421 0.0 0.335228 -0.916386 -0.218768 0.0 -0.718479 -0.479382 -0.598771 1.0]
314
	ConcatTransform [1.1 0.0 0.0 0.0 0.0 1.1 0.0 0.0 0.0 0.0 1.1 0.0 -9.609 0.05 6.704 1.0]
	ConcatTransform [-0.69261 -0.071889 -0.717721 0.0 0.644146 0.386135 -0.660285 0.0 0.324604 -0.919637 -0.221134 0.0 -0.72342 -0.478544 -0.599138 1.0]
315
	ConcatTransform [1.1 0.0 0.0 0.0 0.0 1.1 0.0 0.0 0.0 0.0 1.1 0.0 -9.609 0.05 6.704 1.0]
	ConcatTransform [-0.695036 -0.064589 -0.716068 0.0 0.644381 0.385798 -0.660253 0.0 0.318903 -0.92032 -0.226523 0.0 -0.726553 -0.478515 -0.600247 1.0]
316
	ConcatTransform [1.1 0.0 0.0 0.0 0.0 1.1 0.0 0.0 0.0 0.0 1.1 0.0 -9.609 0.05 6.704 1.0]
	ConcatTransform [-0.695136 -0.052213 -0.716979 0.0 0.648389 0.38517 -0.656685 0.0 0.310446 -0.921368 -0.233891 0.0 -0.731786 -0.478617 -0.602489 1.0]
317
	ConcatTransform [1.1 0.0 0.0 0.0 0.0 1.1 0.0 0.0 0.0 0.0 1.1 0.0 -9.609 0.05 6.704 1.0]
	ConcatTransform [-0.694838 -0.044046 -0.717817 0.0 0.651985 0.382654 -0.654593 0.0 0.303507 -0.922841 -0.237165 0.0 -0.735413 -0.478173 -0.604203 1.0]
318
	ConcatTransform [1.1 0.0 0.0 0.0 0.0 1.1 0.0 0.0 0.0 0.0 1.1 0.0 -9.609 0.05 6.704 1.0]
	ConcatTransform [-0.695617 -0.036949 -0.717462 0.0 0.654173 0.380206 -0.653836 0.0 0.296941 -0.924164 -0.240307 0.0 -0.739365 -0.477751 -0.606207 1.0]
319
	ConcatTransform [1.1 0.0 0.0 0.0 0.0 1.1 0.0 0.0 0.0 0.0 1.1 0.0 -9.609 0.05 6.704 1.0]
	ConcatTransform [-0.695893 -0.034276 -0.717327 0.0 0.654844 0.379759 -0.653423 0.0 0.294809 -0.92445 -0.241826 0.0 -0.740605 -0.477715 -0.607712 1.0]
320
	ConcatTransform [1.1 0.0 0.0 0.0 0.0 1.1 0.0 0.0 0.0 0.0 1.1 0.0 -9.609 0.05 6.704 1.0]
	ConcatTransform [-0.692992 -0.032235 -0.720224 0.0 0.657881 0.380337 -0.650028 0.0 0.294882 -0.924286 -0.242364 0.0 -0.741511 -0.477903 -0.610689 1.0]
321
	ConcatTransform [1.1 0.0 0.0 0.0 0.0 1.1 0.0 0.0 0.0 0.0 1.1 0.0 -9.609 0.05 6.704 1.0]
	ConcatTransform [-0.692335 -0.028946 -0.720995 0.0 0.659338 0.380578 -0.648408 0.0 0.293164 -0.924296 -0.244403 0.0 -0.741744 -0.477982 -0.612704 1.0]
322
	ConcatTransform [1.1 0.0 0.0 0.0 0.0 1.1 0.0 0.0 0.0 0.0 1.1 0.0 -9.609 0.05 6.704 1.0]
	ConcatTransform [-0.690619 -0.026666 -0.722727 0.0 0.659787 0.38603 -0.644719 0.0 0.296187 -0.922101 -0.249006 0.0 -0.740923 -0.478809 -0.616499 1.0]
323
	ConcatTransform [1.1 0.0 0.0 0.0 0.0 1.1 0.0 0.0 0.0 0.0 1.1 0.0 -9.609 0.05 6.704 1.0]
	ConcatTransform [-0.688463 -0.024881 -0.724845 0.0 0.6608 0.390408 -0.641034 0.0 0.298935 -0.920306 -0.25234 0.0 -0.739636 -0.479597 -0.619218 1.0]
324
	ConcatTransform [1.1 0.0 0.0 0.0 0.0 1.1 0.0 0.0 0.0 0.0 1.1 0.0 -9.609 0.05 6.704 1.0]
	ConcatTransform [-0.691448 -0.026453 -0.721942 0.0 0.65652 0.394006 -0.643226 0.0 0.301465 -0.918727 -0.255068 0.0 -0.737921 -0.480394 -0.622409 1.0]
325
	ConcatTransform [1.1 0.0 0.0 0.0 0.0 1.1 0.0 0.0 0.0 0.0 1.1 0.0 -9.609 0.05 6.704 1.0]
	ConcatTransform [-0.693271 -0.029855 -0.720059 0.0 0.652541 0.398073 -0.64477 0.0 0.305885 -0.916868 -0.256491 0.0 -0.735668 -0.481034 -0.623586 1.0]
326
	ConcatTransform [1.1 0.0 0.0 0.0 0.0 1.1 0.0 0.0 0.0 0.0 1.1 0.0 -9.609 0.05 6.704 1.0]
	ConcatTransform [-0.699501 -0.034461 -0.7138 0.0 0.643308 0.404615 -0.649955 0.0 0.311212 -0.913838 -0.26086 0.0 -0.731221 -0.482189 -0.624846 1.0]
327
	ConcatTransform [1.1 0.0 0.0 0.0 0.0 1.1 0.0 0.0 0.0 0.0 1.1 0.0 -9.609 0.05 6.704 1.0]
	ConcatTransform [-0.70368 -0.039332 -0.709428 0.0 0.636266 0.409503 -0.653814 0.0 0.316229 -0.91146 -0.263134 0.0 -0.728238 -0.482981 -0.625903 1.0]
328
	ConcatTransform [1.1 0.0 0.0 0.0 0.0 1.1 0.0 0.0 0.0 0.0 1.1 0.0 -9.609 0.05 6.704 1.0]
	ConcatTransform [-0.709257 -0.048064 -0.70331 0.0 0.625232 0.417964 -0.659083 0.0 0.325636 -0.907191 -0.266393 0.0 -0.723508 -0.48423 -0.627612 1.0]
329
	ConcatTransform [1.1 0.0 0.0 0.0 0.0 1.1 0.0 0.0 0.0 0.0 1.1 0.0 -9.609 0.05 6.704 1.0]
	ConcatTransform [-0.71259 -0.053001 -0.699576 0.0 0.618456 0.423347 -0.662034 0.0 0.331252 -0.904416 -0.268894 0.0 -0.720117 -0.485159 -0.628753 1.0]
330
	ConcatTransform [1.1 0.0 0.0 0.0 0.0 1.1 0.0 0.0 0.0 0.0 1.1 0.0 -9.609 0.05 6.704 1.0]
	ConcatTransform [-0.717966 -0.058866 -0.693585 0.0 0.608329 0.431235 -0.666313 0.0 0.338322 -0.900317 -0.273802 0.0 -0.714896 -0.486341 -0.630654 1.0]
331
	ConcatTransform [1.1 0.0 0.0 0.0 0.0 1.1 0.0 0.0 0.0 0.0 1.1 0.0 -9.609 0.05 6.704 1.0]
	ConcatTransform [-0.720439 -0.062312 -0.690713 0.0 0.602372 0.437331 -0.66775 0.0 0.343679 -0.897139 -0.277535 0.0 -0.71168 -0.487245 -0.632176 1.0]
332
	ConcatTransform [1.1 0.0 0.0 0.0 0.0 1.1 0.0 0.0 0.0 0.0 1.1 0.0 -9.609 0.05 6.704 1.0]
	ConcatTransform [-0.722513 -0.060841 -0.688675 0.0 0.598485 0.443639 -0.667083 0.0 0.346109 -0.894138 -0.284123 0.0 -0.709232 -0.488023 -0.634981 1.0]
333
	ConcatTransform [1.1 0.0 0.0 0.0 0.0 1.1 0.0 0.0 0.0 0.0 1.1 0.0 -9.609 0.05 6.704 1.0]
	ConcatTransform [-0.722901 -0.059054 -0.688423 0.0 0.597946 0.445789 -0.666133 0.0 0.346229 -0.893188 -0.28695 0.0 -0.709253 -0.488409 -0.636718 1.0]
334
	ConcatTransform [1.1 0.0 0.0 0.0 0.0 1.1 0.0 0.0 0.0 0.0 1.1 0.0 -9.609 0.05 6.704 1.0]
	ConcatTransform [-0.724252 -0.057574 -0.687127 0.0 0.596689 0.447088 -0.666389 0.0 0.345573 -0.892635 -0.289451 0.0 -0.709475 -0.488798 -0.638827 1.0]
335
	ConcatTransform [1.1 0.0 0.0 0.0 0.0 1.1 0.0 0.0 0.0 0.0 1.1 0.0 -9.609 0.05 6.704 1.0]
	ConcatTransform [-0.725647 -0.058233 -0.685599 0.0 0.594792 0.447845 -0.667575 0.0 0.345917 -0.892213 -0.290341 0.0 -0.708678 -0.488708 -0.639475 1.0]
336
	ConcatTransform [1.1 0.0 0.0 0.0 0.0 1.1 0.0 0.0 0.0 0.0 1.1 0.0 -9.609 0.05 6.704 1.0]
	ConcatTransform [-0.729741 -0.057048 -0.681339 0.0 0.590841 0.448859 -0.670397 0.0 0.34407 -0.89178 -0.293844 0.0 -0.707927 -0.48905 -0.641124 1.0]
337
	ConcatTransform [1.1 0.0 0.0 0.0 0.0 1.1 0.0 0.0 0.0 0.0 1.1 0.0 -9.609 0.05 6.704 1.0]
	ConcatTransform [-0.733387 -0.05663 -0.677448 0.0 0.587175 0.449431 -0.673229 0.0 0.342591 -0.891518 -0.296355 0.0 -0.707862 -0.489157 -0.641688 1.0]
338
	ConcatTransform [1.1 0.0 0.0 0.0 0.0 1.1 0.0 0.0 0.0 0.0 1.1 0.0 -9.609 0.05 6.704 1.0]
	ConcatTransform [-0.735652 -0.056239 -0.675021 0.0 0.584817 0.450083 -0.674844 0.0 0.341767 -0.891214 -0.298215 0.0 -0.70808 -0.489233 -0.642156 1.0]
339
	ConcatTransform [1.1 0.0 0.0 0.0 0.0 1.1 0.0 0.0 0.0 0.0 1.1 0.0 -9.609 0.05 6.704 1.0]
	ConcatTransform [-0.736258 -0.054791 -0.674479 0.0 0.584633 0.45043 -0.674772 0.0 0.340777 -0.891129 -0.2996 0.0 -0.708198 -0.489234 -0.642458 1.0]
340
	ConcatTransform [1.1 0.0 0.0 0.0 0.0 1.1 0.0 0.0 0.0 0.0 1.1 0.0 -9.609 0.05 6.704 1.0]
	ConcatTransform [-0.736732 -0.052928 -0.67411 0.0 0.585167 0.449648 -0.674831 0.0 0.338829 -0.891637 -0.300298 0.0 -0.708982 -0.489176 -0.642659 1.0]
341
	ConcatTransform [1.1 0.0 0.0 0.0 0.0 1.1 0.0 0.0 0.0 0.0 1.1 0.0 -9.609 0.05 6.704 1.0]
	ConcatTransform [-0.737861 -0.051449 -0.672989 0.0 0.584886 0.448887 -0.675581 0.0 0.336854 -0.892106 -0.301124 0.0 -0.709754 -0.489005 -0.642646 1.0]
342
	ConcatTransform [1.1 0.0 0.0 0.0 0.0 1.1 0.0 0.0 0.0 0.0 1.1 0.0 -9.609 0.05 6.704 1.0]
	ConcatTransform [-0.738532 -0.050019 -0.672361 0.0 0.585498 0.446899 -0.676367 0.0 0.334308 -0.893185 -0.300764 0.0 -0.711042 -0.48885 -0.642592 1.0]
343
	ConcatTransform [1.1 0.0 0.0 0.0 0.0 1.1 0.0 0.0 0.0 0.0 1.1 0.0 -9.609 0.05 6.704 1.0]
	ConcatTransform [-0.738096 -0.048772 -0.672931 0.0 0.587046 0.44518 -0.676159 0.0 0.332553 -0.894112 -0.299954 0.0 -0.711776 -0.488605 -0.642574 1.0]
344
	ConcatTransform [1.1 0.0 0.0 0.0 0.0 1.1 0.0 0.0 0.0 0.0 1.1 0.0 -9.609 0.05 6.704 1.0]
	ConcatTransform [-0.738495 -0.046446 -0.672658 0.0 0.588191 0.443341 -0.676373 0.0 0.329632 -0.895149 -0.300085 0.0 -0.71288 -0.488274 -0.642676 1.0]
345
	ConcatTransform [1.1 0.0 0.0 0.0 0.0 1.1 0.0 0.0 0.0 0.0 1.1 0.0 -9.609 0.05 6.704 1.0]
	ConcatTransform [-0.738825 -0.044287 -0.672441 0.0 0.589079 0.442186 -0.676356 0.0 0.327298 -0.895829 -0.30061 0.0 -0.713475 -0.488082 -0.642833 1.0]
346
	ConcatTransform [1.1 0.0 0.0 0.0 0.0 1.1 0.0 0.0 0.0 0.0 1.1 0.0 -9.609 0.05 6.704 1.0]
	ConcatTransform [-0.738482 -0.040899 -0.673032 0.0 0.591334 0.440331 -0.675598 0.0 0.323988 -0.896903 -0.300992 0.0 -0.714417 -0.48791 -0.643095 1.0]
347
	ConcatTransform [1.1 0.0 0.0 0.0 0.0 1.1 0.0 0.0 0.0 0.0 1.1 0.0 -9.609 0.05 6.704 1.0]
	ConcatTransform [-0.738421 -0.039267 -0.673196 0.0 0.592137 0.439912 -0.675168 0.0 0.322659 -0.897182 -0.301588 0.0 -0.714881 -0.487875 -0.643536 1.0]
348
	ConcatTransform [1.1 0.0 0.0 0.0 0.0 1.1 0.0 0.0 0.0 0.0 1.1 0.0 -9.609 0.05 6.704 1.0]
	ConcatTransform [-0.736773 -0.037531 -0.675097 0.0 0.595034 0.438165 -0.673755 0.0 0.32109 -0.898111 -0.300496 0.0 -0.715384 -0.487663 -0.644277 1.0]
349
	ConcatTransform [1.1 0.0 0.0 0.0 0.0 1.1 0.0 0.0 0.0 0.0 1.1 0.0 -9.609 0.05 6.704 1.0]
	ConcatTransform [-0.735882 -0.036298 -0.676136 0.0 0.596532 0.437688 -0.67274 0.0 0.320356 -0.898394 -0.300434 0.0 -0.715539 -0.487594 -0.644969 1.0]
350
	ConcatTransform [1.1 0.0 0.0 0.0 0.0 1.1 0.0 0.0 0.0 0.0 1.1 0.0 -9.609 0.05 6.704 1.0]
	ConcatTransform [-0.734903 -0.033212 -0.677358 0.0 0.598455 0.438076 -0.670776 0.0 0.319012 -0.898324 -0.302068 0.0 -0.715376 -0.487641 -0.646352 1.0]
351
	ConcatTransform [1.1 0.0 0.0 0.0 0.0 1.1 0.0 0.0 0.0 0.0 1.1 0.0 -9.609 0.05 6.704 1.0]
	ConcatTransform [-0.733992 -0.032059 -0.678401 0.0 0.599707 0.438228 -0.669558 0.0 0.31876 -0.898292 -0.302429 0.0 -0.715058 -0.487668 -0.647476 1.0]
352
	ConcatTransform [1.1 0.0 0.0 0.0 0.0 1.1 0.0 0.0 0.0 0.0 1.1 0.0 -9.609 0.05 6.704 1.0]
	ConcatTransform [-0.733283 -0.031345 -0.6792 0.0 0.600413 0.438909 -0.668478 0.0 0.319061 -0.897984 -0.303025 0.0 -0.714132 -0.487805 -0.649577 1.0]
353
	ConcatTransform [1.1 0.0 0.0 0.0 0.0 1.1 0.0 0.0 0.0 0.0 1.1 0.0 -9.609 0.05 6.704 1.0]
	ConcatTransform [-0.733355 -0.030498 -0.679161 0.0 0.599981 0.440758 -0.667649 0.0 0.319708 -0.897108 -0.304934 0.0 -0.713272 -0.488089 -0.651018 1.0]
354
	ConcatTransform [1.1 0.0 0.0 0.0 0.0 1.1 0.0 0.0 0.0 0.0 1.1 0.0 -9.609 0.05 6.704 1.0]
	ConcatTransform [-0.733534 -0.029488 -0.679012 0.0 0.59936 0.442995 -0.666725 0.0 0.32046 -0.896039 -0.307278 0.0 -0.712579 -0.488274 -0.652064 1.0]
355
	ConcatTransform [1.1 0.0 0.0 0.0 0.0 1.1 0.0 0.0 0.0 0.0 1.1 0.0 -9.609 0.05 6.704 1.0]
	ConcatTransform [-0.732825 -0.029686 -0.679769 0.0 0.59944 0.444518 -0.665639 0.0 0.321929 -0.895278 -0.307959 0.0 -0.712026 -0.488609 -0.652633 1.0]
356
	ConcatTransform [1.1 0.0 0.0 0.0 0.0 1.1 0.0 0.0 0.0 0.0 1.1 0.0 -9.609 0.05 6.704 1.0]
	ConcatTransform [-0.731064 -0.031495 -0.681581 0.0 0.599937 0.446134 -0.664108 0.0 0.324993 -0.894412 -0.307258 0.0 -0.710859 -0.488901 -0.653756 1.0]
357
	ConcatTransform [1.1 0.0 0.0 0.0 0.0 1.1 0.0 0.0 0.0 0.0 1.1 0.0 -9.609 0.05 6.704 1.0]
	ConcatTransform [-0.729871 -0.034249 -0.682727 0.0 0.599632 0.447468 -0.663486 0.0 0.328222 -0.893644 -0.306057 0.0 -0.709904 -0.48909 -0.654583 1.0]
358
	ConcatTransform [1.1 0.0 0.0 0.0 0.0 1.1 0.0 0.0 0.0 0.0 1.1 0.0 -9.609 0.05 6.704 1.0]
	ConcatTransform [-0.727684 -0.039469 -0.684776 0.0 0.598744 0.450512 -0.662227 0.0 0.334638 -0.891897 -0.304198 0.0 -0.708258 -0.489474 -0.655663 1.0]
359
	ConcatTransform [1.1 0.0 0.0 0.0 0.0 1.1 0.0 0.0 0.0 0.0 1.1 0.0 -9.609 0.05 6.704 1.0]
	ConcatTransform [-0.726491 -0.043094 -0.685823 0.0 0.597865 0.452385 -0.661743 0.0 0.338773 -0.890781 -0.30289 0.0 -0.706725 -0.489715 -0.656422 1.0]
360
	ConcatTransform [1.1 0.0 0.0 0.0 0.0 1.1 0.0 0.0 0.0 0.0 1.1 0.0 -9.609 0.05 6.704 1.0]
	ConcatTransform [0.188965 0.02683 -0.981617 0.0 0.733297 0.661 0.15923 0.0 0.653121 -0.749906 0.105232 0.0 -1.501775 -0.505365 -2.420793 1.0]
