228
	ConcatTransform [1.1 0.0 0.0 0.0 0.0 1.1 0.0 0.0 0.0 0.0 1.1 0.0 -9.609 0.05 6.704 1.0]
	ConcatTransform [0.976919 0.200116 -0.074716 0.0 -0.191106 0.975063 0.112828 0.0 0.095432 -0.095945 0.990801 0.0 -0.020945 -0.012228 -0.02033 1.0]
229
	ConcatTransform [1.1 0.0 0.0 0.0 0.0 1.1 0.0 0.0 0.0 0.0 1.1 0.0 -9.609 0.05 6.704 1.0]
	ConcatTransform [0.917458 0.387797 -0.088792 0.0 -0.354877 0.898631 0.257925 0.0 0.179814 -0.205125 0.962076 0.0 -0.037444 -0.033951 -0.033813 1.0]
230
	ConcatTransform [1.1 0.0 0.0 0.0 0.0 1.1 0.0 0.0 0.0 0.0 1.1 0.0 -9.609 0.05 6.704 1.0]
	ConcatTransform [0.819136 0.568457 -0.076633 0.0 -0.466573 0.738036 0.487455 0.0 0.333655 -0.363537 0.869779 0.0 -0.060471 -0.082367 -0.053294 1.0]
231
	ConcatTransform [1.1 0.0 0.0 0.0 0.0 1.1 0.0 0.0 0.0 0.0 1.1 0.0 -9.609 0.05 6.704 1.0]
	ConcatTransform [0.772366 0.632702 -0.056026 0.0 -0.466726 0.625149 0.625584 0.0 0.430833 -0.457031 0.778142 0.0 -0.075619 -0.125655 -0.067449 1.0]
232
	ConcatTransform [1.1 0.0 0.0 0.0 0.0 1.1 0.0 0.0 0.0 0.0 1.1 0.0 -9.609 0.05 6.704 1.0]
	ConcatTransform [0.740133 0.671325 0.039066 0.0 -0.444155 0.444408 0.777964 0.0 0.504906 -0.593147 0.627094 0.0 -0.096346 -0.20773 -0.090198 1.0]
233
	ConcatTransform [1.1 0.0 0.0 0.0 0.0 1.1 0.0 0.0 0.0 0.0 1.1 0.0 -9.609 0.05 6.704 1.0]
	ConcatTransform [0.737296 0.666564 0.10994 0.0 -0.396413 0.29509 0.869356 0.0 0.547039 -0.684554 0.481803 0.0 -0.112288 -0.272869 -0.105577 1.0]
234
	ConcatTransform [1.1 0.0 0.0 0.0 0.0 1.1 0.0 0.0 0.0 0.0 1.1 0.0 -9.609 0.05 6.704 1.0]
	ConcatTransform [0.853775 0.502751 0.135312 0.0 -0.309203 0.280525 0.90868 0.0 0.418881 -0.817647 0.394958 0.0 -0.150078 -0.36976 -0.14112 1.0]
235
	ConcatTransform [1.1 0.0 0.0 0.0 0.0 1.1 0.0 0.0 0.0 0.0 1.1 0.0 -9.609 0.05 6.704 1.0]
	ConcatTransform [0.933222 0.350595 0.078615 0.0 -0.196171 0.313864 0.928981 0.0 0.301022 -0.882368 0.361681 0.0 -0.182923 -0.440081 -0.167519 1.0]
236
	ConcatTransform [1.1 0.0 0.0 0.0 0.0 1.1 0.0 0.0 0.0 0.0 1.1 0.0 -9.609 0.05 6.704 1.0]
	ConcatTransform [0.988591 0.091745 -0.119457 0.0 0.071832 0.409921 0.909288 0.0 0.13239 -0.907495 0.398654 0.0 -0.267312 -0.523054 -0.209613 1.0]
237
	ConcatTransform [1.1 0.0 0.0 0.0 0.0 1.1 0.0 0.0 0.0 0.0 1.1 0.0 -9.609 0.05 6.704 1.0]
	ConcatTransform [0.941707 -0.072766 -0.328472 0.0 0.326534 0.432797 0.840275 0.0 0.081018 -0.89855 0.431328 0.0 -0.342664 -0.555725 -0.234897 1.0]
238
	ConcatTransform [1.1 0.0 0.0 0.0 0.0 1.1 0.0 0.0 0.0 0.0 1.1 0.0 -9.609 0.05 6.704 1.0]
	ConcatTransform [0.764268 -0.221 -0.605849 0.0 0.639202 0.384184 0.666201 0.0 0.085527 -0.896416 0.434884 0.0 -0.472285 -0.569582 -0.265797 1.0]
239
	ConcatTransform [1.1 0.0 0.0 0.0 0.0 1.1 0.0 0.0 0.0 0.0 1.1 0.0 -9.609 0.05 6.704 1.0]
	ConcatTransform [0.588748 -0.27113 -0.761488 0.0 0.801669 0.31643 0.507148 0.0 0.103455 -0.909044 0.403654 0.0 -0.560863 -0.569169 -0.282682 1.0]
240
	ConcatTransform [1.1 0.0 0.0 0.0 0.0 1.1 0.0 0.0 0.0 0.0 1.1 0.0 -9.609 0.05 6.704 1.0]
	ConcatTransform [0.254076 -0.284021 -0.924542 0.0 0.960559 0.185797 0.206897 0.0 0.113014 -0.940644 0.320026 0.0 -0.690746 -0.556726 -0.30281 1.0]
241
	ConcatTransform [1.1 0.0 0.0 0.0 0.0 1.1 0.0 0.0 0.0 0.0 1.1 0.0 -9.609 0.05 6.704 1.0]
	ConcatTransform [0.013505 -0.24047 -0.970563 0.0 0.99532 0.096117 -0.009965 0.0 0.095684 -0.965886 0.240643 0.0 -0.772263 -0.537697 -0.311208 1.0]
242
	ConcatTransform [1.1 0.0 0.0 0.0 0.0 1.1 0.0 0.0 0.0 0.0 1.1 0.0 -9.609 0.05 6.704 1.0]
	ConcatTransform [-0.282612 -0.105357 -0.953431 0.0 0.958534 0.006947 -0.284892 0.0 0.036639 -0.99441 0.099026 0.0 -0.88583 -0.502116 -0.316795 1.0]
243
	ConcatTransform [1.1 0.0 0.0 0.0 0.0 1.1 0.0 0.0 0.0 0.0 1.1 0.0 -9.609 0.05 6.704 1.0]
	ConcatTransform [-0.465565 -0.029546 -0.88452 0.0 0.884999 -0.021301 -0.465105 0.0 -0.005099 -0.999336 0.036065 0.0 -0.958335 -0.48216 -0.319798 1.0]
244
	ConcatTransform [1.1 0.0 0.0 0.0 0.0 1.1 0.0 0.0 0.0 0.0 1.1 0.0 -9.609 0.05 6.704 1.0]
	ConcatTransform [-0.678731 0.123433 -0.723939 0.0 0.726122 -0.034679 -0.686691 0.0 -0.109866 -0.991747 -0.06609 0.0 -1.053066 -0.45217 -0.320932 1.0]
245
	ConcatTransform [1.1 0.0 0.0 0.0 0.0 1.1 0.0 0.0 0.0 0.0 1.1 0.0 -9.609 0.05 6.704 1.0]
	ConcatTransform [-0.773973 0.225666 -0.591643 0.0 0.60672 -0.003181 -0.794909 0.0 -0.181266 -0.9742 -0.134454 0.0 -1.105261 -0.42945 -0.319548 1.0]
246
	ConcatTransform [1.1 0.0 0.0 0.0 0.0 1.1 0.0 0.0 0.0 0.0 1.1 0.0 -9.609 0.05 6.704 1.0]
	ConcatTransform [-0.870155 0.302588 -0.388935 0.0 0.441097 0.126404 -0.888513 0.0 -0.21969 -0.944702 -0.243462 0.0 -1.184491 -0.410181 -0.315562 1.0]
247
	ConcatTransform [1.1 0.0 0.0 0.0 0.0 1.1 0.0 0.0 0.0 0.0 1.1 0.0 -9.609 0.05 6.704 1.0]
	ConcatTransform [-0.920792 0.311572 -0.234658 0.0 0.308547 0.213782 -0.926874 0.0 -0.238623 -0.925862 -0.292984 0.0 -1.237114 -0.408399 -0.313361 1.0]
248
	ConcatTransform [1.1 0.0 0.0 0.0 0.0 1.1 0.0 0.0 0.0 0.0 1.1 0.0 -9.609 0.05 6.704 1.0]
	ConcatTransform [-0.954641 0.297695 0.006155 0.0 0.100934 0.34298 -0.933904 0.0 -0.28013 -0.890922 -0.35747 0.0 -1.31605 -0.424287 -0.310061 1.0]
249
	ConcatTransform [1.1 0.0 0.0 0.0 0.0 1.1 0.0 0.0 0.0 0.0 1.1 0.0 -9.609 0.05 6.704 1.0]
	ConcatTransform [-0.951966 0.260068 0.161631 0.0 -0.03766 0.424406 -0.904688 0.0 -0.303878 -0.86732 -0.394226 0.0 -1.368861 -0.446931 -0.307715 1.0]
250
	ConcatTransform [1.1 0.0 0.0 0.0 0.0 1.1 0.0 0.0 0.0 0.0 1.1 0.0 -9.609 0.05 6.704 1.0]
	ConcatTransform [-0.935934 0.102451 0.336945 0.0 -0.236344 0.526589 -0.816606 0.0 -0.261094 -0.843924 -0.468639 0.0 -1.447581 -0.495466 -0.301984 1.0]
251
	ConcatTransform [1.1 0.0 0.0 0.0 0.0 1.1 0.0 0.0 0.0 0.0 1.1 0.0 -9.609 0.05 6.704 1.0]
	ConcatTransform [-0.882332 0.062261 0.466491 0.0 -0.364104 0.537731 -0.760443 0.0 -0.298193 -0.840814 -0.451788 0.0 -1.48539 -0.515044 -0.301754 1.0]
252
	ConcatTransform [1.1 0.0 0.0 0.0 0.0 1.1 0.0 0.0 0.0 0.0 1.1 0.0 -9.609 0.05 6.704 1.0]
	ConcatTransform [-0.797812 0.04744 0.601037 0.0 -0.458803 0.598984 -0.65629 0.0 -0.391146 -0.799354 -0.456111 0.0 -1.512291 -0.510995 -0.301152 1.0]
253
	ConcatTransform [1.1 0.0 0.0 0.0 0.0 1.1 0.0 0.0 0.0 0.0 1.1 0.0 -9.609 0.05 6.704 1.0]
	ConcatTransform [-0.772962 0.005229 0.634431 0.0 -0.484724 0.640323 -0.595843 0.0 -0.409357 -0.768088 -0.49241 0.0 -1.525862 -0.510828 -0.301479 1.0]
254
	ConcatTransform [1.1 0.0 0.0 0.0 0.0 1.1 0.0 0.0 0.0 0.0 1.1 0.0 -9.609 0.05 6.704 1.0]
	ConcatTransform [-0.738161 -0.027207 0.674076 0.0 -0.516152 0.66617 -0.538336 0.0 -0.434402 -0.745304 -0.505783 0.0 -1.536826 -0.511756 -0.306825 1.0]
255
	ConcatTransform [1.1 0.0 0.0 0.0 0.0 1.1 0.0 0.0 0.0 0.0 1.1 0.0 -9.609 0.05 6.704 1.0]
	ConcatTransform [-0.723826 -0.057105 0.687615 0.0 -0.534845 0.676037 -0.506868 0.0 -0.435909 -0.734652 -0.519875 0.0 -1.539497 -0.514814 -0.311351 1.0]
256
	ConcatTransform [1.1 0.0 0.0 0.0 0.0 1.1 0.0 0.0 0.0 0.0 1.1 0.0 -9.609 0.05 6.704 1.0]
	ConcatTransform [-0.71333 -0.108865 0.692322 0.0 -0.562009 0.679037 -0.472287 0.0 -0.418697 -0.725987 -0.54556 0.0 -1.53725 -0.522761 -0.319601 1.0]
257
	ConcatTransform [1.1 0.0 0.0 0.0 0.0 1.1 0.0 0.0 0.0 0.0 1.1 0.0 -9.609 0.05 6.704 1.0]
	ConcatTransform [-0.706888 -0.141444 0.693039 0.0 -0.584018 0.669471 -0.459055 0.0 -0.399039 -0.729247 -0.555847 0.0 -1.53291 -0.528692 -0.326676 1.0]
258
	ConcatTransform [1.1 0.0 0.0 0.0 0.0 1.1 0.0 0.0 0.0 0.0 1.1 0.0 -9.609 0.05 6.704 1.0]
	ConcatTransform [-0.704668 -0.182888 0.685562 0.0 -0.600147 0.66906 -0.438386 0.0 -0.378507 -0.720355 -0.581225 0.0 -1.521822 -0.532763 -0.337361 1.0]
259
	ConcatTransform [1.1 0.0 0.0 0.0 0.0 1.1 0.0 0.0 0.0 0.0 1.1 0.0 -9.609 0.05 6.704 1.0]
	ConcatTransform [-0.711106 -0.200082 0.674015 0.0 -0.600817 0.670834 -0.434742 0.0 -0.365168 -0.714107 -0.597246 0.0 -1.512054 -0.533475 -0.344596 1.0]
260
	ConcatTransform [1.1 0.0 0.0 0.0 0.0 1.1 0.0 0.0 0.0 0.0 1.1 0.0 -9.609 0.05 6.704 1.0]
	ConcatTransform [-0.732554 -0.218614 0.64465 0.0 -0.59511 0.665439 -0.450595 0.0 -0.330469 -0.713722 -0.617569 0.0 -1.495861 -0.535253 -0.355933 1.0]
261
	ConcatTransform [1.1 0.0 0.0 0.0 0.0 1.1 0.0 0.0 0.0 0.0 1.1 0.0 -9.609 0.05 6.704 1.0]
	ConcatTransform [-0.756279 -0.221759 0.615521 0.0 -0.578653 0.66573 -0.471132 0.0 -0.305293 -0.712479 -0.631799 0.0 -1.483953 -0.53567 -0.363366 1.0]
262
	ConcatTransform [1.1 0.0 0.0 0.0 0.0 1.1 0.0 0.0 0.0 0.0 1.1 0.0 -9.609 0.05 6.704 1.0]
	ConcatTransform [-0.806506 -0.214411 0.550977 0.0 -0.534076 0.663943 -0.523395 0.0 -0.253596 -0.716385 -0.649986 0.0 -1.465356 -0.535756 -0.375039 1.0]
263
	ConcatTransform [1.1 0.0 0.0 0.0 0.0 1.1 0.0 0.0 0.0 0.0 1.1 0.0 -9.609 0.05 6.704 1.0]
	ConcatTransform [-0.837242 -0.226709 0.497624 0.0 -0.510244 0.651163 -0.561816 0.0 -0.196665 -0.724285 -0.660858 0.0 -1.452772 -0.538448 -0.382317 1.0]
264
	ConcatTransform [1.1 0.0 0.0 0.0 0.0 1.1 0.0 0.0 0.0 0.0 1.1 0.0 -9.609 0.05 6.704 1.0]
	ConcatTransform [-0.874641 -0.242259 0.419897 0.0 -0.471363 0.627308 -0.61992 0.0 -0.113224 -0.740132 -0.662862 0.0 -1.431421 -0.543555 -0.391477 1.0]
265
	ConcatTransform [1.1 0.0 0.0 0.0 0.0 1.1 0.0 0.0 0.0 0.0 1.1 0.0 -9.609 0.05 6.704 1.0]
	ConcatTransform [-0.89283 -0.257535 0.3695 0.0 -0.447214 0.604217 -0.659486 0.0 -0.053418 -0.754054 -0.654636 0.0 -1.414905 -0.548182 -0.395598 1.0]
266
	ConcatTransform [1.1 0.0 0.0 0.0 0.0 1.1 0.0 0.0 0.0 0.0 1.1 0.0 -9.609 0.05 6.704 1.0]
	ConcatTransform [-0.909734 -0.294311 0.292856 0.0 -0.412639 0.562814 -0.716219 0.0 0.045968 -0.772413 -0.633455 0.0 -1.387201 -0.555354 -0.398108 1.0]
267
	ConcatTransform [1.1 0.0 0.0 0.0 0.0 1.1 0.0 0.0 0.0 0.0 1.1 0.0 -9.609 0.05 6.704 1.0]
	ConcatTransform [-0.916289 -0.318479 0.242869 0.0 -0.385202 0.534658 -0.75217 0.0 0.109698 -0.782759 -0.61258 0.0 -1.366815 -0.559027 -0.397296 1.0]
268
	ConcatTransform [1.1 0.0 0.0 0.0 0.0 1.1 0.0 0.0 0.0 0.0 1.1 0.0 -9.609 0.05 6.704 1.0]
	ConcatTransform [-0.919924 -0.354043 0.168507 0.0 -0.336958 0.494072 -0.801468 0.0 0.200499 -0.794069 -0.573806 0.0 -1.334582 -0.562683 -0.392622 1.0]
269
	ConcatTransform [1.1 0.0 0.0 0.0 0.0 1.1 0.0 0.0 0.0 0.0 1.1 0.0 -9.609 0.05 6.704 1.0]
	ConcatTransform [-0.916397 -0.382241 0.118781 0.0 -0.302662 0.467517 -0.830557 0.0 0.26194 -0.79707 -0.54412 0.0 -1.312925 -0.563931 -0.387448 1.0]
270
	ConcatTransform [1.1 0.0 0.0 0.0 0.0 1.1 0.0 0.0 0.0 0.0 1.1 0.0 -9.609 0.05 6.704 1.0]
	ConcatTransform [-0.903485 -0.426353 0.044026 0.0 -0.246473 0.432755 -0.867165 0.0 0.350666 -0.794321 -0.496072 0.0 -1.281199 -0.563646 -0.377055 1.0]
271
	ConcatTransform [1.1 0.0 0.0 0.0 0.0 1.1 0.0 0.0 0.0 0.0 1.1 0.0 -9.609 0.05 6.704 1.0]
	ConcatTransform [-0.892025 -0.451945 -0.006047 0.0 -0.204293 0.415084 -0.886549 0.0 0.403181 -0.789589 -0.462595 0.0 -1.261052 -0.56225 -0.368868 1.0]
272
	ConcatTransform [1.1 0.0 0.0 0.0 0.0 1.1 0.0 0.0 0.0 0.0 1.1 0.0 -9.609 0.05 6.704 1.0]
	ConcatTransform [-0.871525 -0.483526 -0.081534 0.0 -0.134979 0.396417 -0.908094 0.0 0.471408 -0.780421 -0.410753 0.0 -1.233124 -0.559576 -0.355417 1.0]
273
	ConcatTransform [1.1 0.0 0.0 0.0 0.0 1.1 0.0 0.0 0.0 0.0 1.1 0.0 -9.609 0.05 6.704 1.0]
	ConcatTransform [-0.853796 -0.50378 -0.131294 0.0 -0.087228 0.387059 -0.917919 0.0 0.513248 -0.772263 -0.374414 0.0 -1.216675 -0.557371 -0.346025 1.0]
274
	ConcatTransform [1.1 0.0 0.0 0.0 0.0 1.1 0.0 0.0 0.0 0.0 1.1 0.0 -9.609 0.05 6.704 1.0]
	ConcatTransform [-0.821598 -0.532379 -0.203834 0.0 -0.013668 0.375855 -0.926578 0.0 0.569903 -0.758489 -0.316078 0.0 -1.195858 -0.55365 -0.331932 1.0]
275
	ConcatTransform [1.1 0.0 0.0 0.0 0.0 1.1 0.0 0.0 0.0 0.0 1.1 0.0 -9.609 0.05 6.704 1.0]
	ConcatTransform [-0.799294 -0.545401 -0.252322 0.0 0.038152 0.372976 -0.927056 0.0 0.599728 -0.750617 -0.27731 0.0 -1.184466 -0.551652 -0.322678 1.0]
276
	ConcatTransform [1.1 0.0 0.0 0.0 0.0 1.1 0.0 0.0 0.0 0.0 1.1 0.0 -9.609 0.05 6.704 1.0]
	ConcatTransform [-0.764976 -0.555474 -0.325977 0.0 0.118986 0.37553 -0.91914 0.0 0.632973 -0.741907 -0.221178 0.0 -1.171339 -0.54986 -0.309342 1.0]
277
	ConcatTransform [1.1 0.0 0.0 0.0 0.0 1.1 0.0 0.0 0.0 0.0 1.1 0.0 -9.609 0.05 6.704 1.0]
	ConcatTransform [-0.739612 -0.559885 -0.373502 0.0 0.173433 0.377663 -0.909556 0.0 0.650304 -0.737496 -0.182221 0.0 -1.165613 -0.549017 -0.30126 1.0]
278
	ConcatTransform [1.1 0.0 0.0 0.0 0.0 1.1 0.0 0.0 0.0 0.0 1.1 0.0 -9.609 0.05 6.704 1.0]
	ConcatTransform [-0.698743 -0.56268 -0.441756 0.0 0.256204 0.379723 -0.888915 0.0 0.66792 -0.734303 -0.121168 0.0 -1.161501 -0.548437 -0.290776 1.0]
279
	ConcatTransform [1.1 0.0 0.0 0.0 0.0 1.1 0.0 0.0 0.0 0.0 1.1 0.0 -9.609 0.05 6.704 1.0]
	ConcatTransform [-0.671445 -0.55781 -0.487862 0.0 0.312555 0.383745 -0.868936 0.0 0.671916 -0.735926 -0.083318 0.0 -1.161396 -0.549164 -0.284759 1.0]
280
	ConcatTransform [1.1 0.0 0.0 0.0 0.0 1.1 0.0 0.0 0.0 0.0 1.1 0.0 -9.609 0.05 6.704 1.0]
	ConcatTransform [-0.629421 -0.540575 -0.558218 0.0 0.397511 0.393266 -0.829052 0.0 0.667693 -0.743721 -0.032645 0.0 -1.165087 -0.551746 -0.277366 1.0]
281
	ConcatTransform [1.1 0.0 0.0 0.0 0.0 1.1 0.0 0.0 0.0 0.0 1.1 0.0 -9.609 0.05 6.704 1.0]
	ConcatTransform [-0.599303 -0.527008 -0.602576 0.0 0.453762 0.396484 -0.79806 0.0 0.659496 -0.751706 0.001522 0.0 -1.170122 -0.553732 -0.273965 1.0]
282
	ConcatTransform [1.1 0.0 0.0 0.0 0.0 1.1 0.0 0.0 0.0 0.0 1.1 0.0 -9.609 0.05 6.704 1.0]
	ConcatTransform [-0.551379 -0.50425 -0.664615 0.0 0.537067 0.395068 -0.745305 0.0 0.638389 -0.767888 0.052984 0.0 -1.180983 -0.556897 -0.271254 1.0]
283
	ConcatTransform [1.1 0.0 0.0 0.0 0.0 1.1 0.0 0.0 0.0 0.0 1.1 0.0 -9.609 0.05 6.704 1.0]
	ConcatTransform [-0.517148 -0.484286 -0.705709 0.0 0.590596 0.394862 -0.703762 0.0 0.61948 -0.780738 0.081815 0.0 -1.190115 -0.559263 -0.270715 1.0]
284
	ConcatTransform [1.1 0.0 0.0 0.0 0.0 1.1 0.0 0.0 0.0 0.0 1.1 0.0 -9.609 0.05 6.704 1.0]
	ConcatTransform [-0.460488 -0.450572 -0.764811 0.0 0.665906 0.394374 -0.633275 0.0 0.586958 -0.800908 0.118434 0.0 -1.206236 -0.562487 -0.271869 1.0]
285
	ConcatTransform [1.1 0.0 0.0 0.0 0.0 1.1 0.0 0.0 0.0 0.0 1.1 0.0 -9.609 0.05 6.704 1.0]
	ConcatTransform [-0.419951 -0.429796 -0.799322 0.0 0.71293 0.388767 -0.583602 0.0 0.56158 -0.814945 0.143151 0.0 -1.21813 -0.56406 -0.274112 1.0]
286
	ConcatTransform [1.1 0.0 0.0 0.0 0.0 1.1 0.0 0.0 0.0 0.0 1.1 0.0 -9.609 0.05 6.704 1.0]
	ConcatTransform [-0.355451 -0.400801 -0.844401 0.0 0.777698 0.37432 -0.505045 0.0 0.518499 -0.836208 0.17865 0.0 -1.236961 -0.565591 -0.279293 1.0]
287
	ConcatTransform [1.1 0.0 0.0 0.0 0.0 1.1 0.0 0.0 0.0 0.0 1.1 0.0 -9.609 0.05 6.704 1.0]
	ConcatTransform [-0.309064 -0.382883 -0.870563 0.0 0.815688 0.363957 -0.449654 0.0 0.489012 -0.84908 0.199827 0.0 -1.249898 -0.566081 -0.283694 1.0]
288
	ConcatTransform [1.1 0.0 0.0 0.0 0.0 1.1 0.0 0.0 0.0 0.0 1.1 0.0 -9.609 0.05 6.704 1.0]
	ConcatTransform [-0.235345 -0.360234 -0.902687 0.0 0.864614 0.346607 -0.363739 0.0 0.443909 -0.86608 0.229892 0.0 -1.269193 -0.566092 -0.291484 1.0]
289
	ConcatTransform [1.1 0.0 0.0 0.0 0.0 1.1 0.0 0.0 0.0 0.0 1.1 0.0 -9.609 0.05 6.704 1.0]
	ConcatTransform [-0.184506 -0.34826 -0.919061 0.0 0.892139 0.333 -0.305285 0.0 0.412366 -0.876257 0.249256 0.0 -1.281562 -0.565685 -0.297293 1.0]
290
	ConcatTransform [1.1 0.0 0.0 0.0 0.0 1.1 0.0 0.0 0.0 0.0 1.1 0.0 -9.609 0.05 6.704 1.0]
	ConcatTransform [-0.106208 -0.333208 -0.936852 0.0 0.925697 0.310871 -0.21551 0.0 0.363049 -0.89013 0.275433 0.0 -1.298812 -0.564588 -0.306495 1.0]
291
	ConcatTransform [1.1 0.0 0.0 0.0 0.0 1.1 0.0 0.0 0.0 0.0 1.1 0.0 -9.609 0.05 6.704 1.0]
	ConcatTransform [-0.052115 -0.326434 -0.943782 0.0 0.942059 0.297527 -0.154927 0.0 0.331374 -0.897173 0.292014 0.0 -1.309301 -0.563716 -0.312804 1.0]
292
	ConcatTransform [1.1 0.0 0.0 0.0 0.0 1.1 0.0 0.0 0.0 0.0 1.1 0.0 -9.609 0.05 6.704 1.0]
	ConcatTransform [0.031421 -0.321801 -0.946286 0.0 0.957444 0.28145 -0.063921 0.0 0.286902 -0.904008 0.31695 0.0 -1.323202 -0.562523 -0.322281 1.0]
293
	ConcatTransform [1.1 0.0 0.0 0.0 0.0 1.1 0.0 0.0 0.0 0.0 1.1 0.0 -9.609 0.05 6.704 1.0]
	ConcatTransform [0.08742 -0.320318 -0.943268 0.0 0.96248 0.271337 -0.002941 0.0 0.256886 -0.907619 0.33202 0.0 -1.330913 -0.56172 -0.328355 1.0]
294
	ConcatTransform [1.1 0.0 0.0 0.0 0.0 1.1 0.0 0.0 0.0 0.0 1.1 0.0 -9.609 0.05 6.704 1.0]
	ConcatTransform [0.171539 -0.319322 -0.931991 0.0 0.962168 0.257564 0.088846 0.0 0.211677 -0.911973 0.351424 0.0 -1.339927 -0.560558 -0.336771 1.0]
295
	ConcatTransform [1.1 0.0 0.0 0.0 0.0 1.1 0.0 0.0 0.0 0.0 1.1 0.0 -9.609 0.05 6.704 1.0]
	ConcatTransform [0.228279 -0.321337 -0.919038 0.0 0.956002 0.252626 0.149131 0.0 0.184252 -0.912646 0.364868 0.0 -1.344349 -0.560155 -0.341917 1.0]
296
	ConcatTransform [1.1 0.0 0.0 0.0 0.0 1.1 0.0 0.0 0.0 0.0 1.1 0.0 -9.609 0.05 6.704 1.0]
	ConcatTransform [0.313536 -0.32803 -0.891118 0.0 0.938161 0.252083 0.237293 0.0 0.146796 -0.910412 0.386782 0.0 -1.348539 -0.560208 -0.348795 1.0]
297
	ConcatTransform [1.1 0.0 0.0 0.0 0.0 1.1 0.0 0.0 0.0 0.0 1.1 0.0 -9.609 0.05 6.704 1.0]
	ConcatTransform [0.369621 -0.331713 -0.867955 0.0 0.921124 0.253566 0.295355 0.0 0.122111 -0.908664 0.399272 0.0 -1.34956 -0.560388 -0.352541 1.0]
298
	ConcatTransform [1.1 0.0 0.0 0.0 0.0 1.1 0.0 0.0 0.0 0.0 1.1 0.0 -9.609 0.05 6.704 1.0]
	ConcatTransform [0.452526 -0.334683 -0.826564 0.0 0.887552 0.258886 0.38109 0.0 0.086441 -0.906071 0.414201 0.0 -1.348605 -0.560876 -0.356741 1.0]
299
	ConcatTransform [1.1 0.0 0.0 0.0 0.0 1.1 0.0 0.0 0.0 0.0 1.1 0.0 -9.609 0.05 6.704 1.0]
	ConcatTransform [0.506642 -0.337614 -0.793303 0.0 0.859724 0.266906 0.435472 0.0 0.064716 -0.902651 0.42548 0.0 -1.346522 -0.561564 -0.358762 1.0]
300
	ConcatTransform [1.1 0.0 0.0 0.0 0.0 1.1 0.0 0.0 0.0 0.0 1.1 0.0 -9.609 0.05 6.704 1.0]
	ConcatTransform [0.584625 -0.34305 -0.735208 0.0 0.810619 0.284203 0.511981 0.0 0.033313 -0.895291 0.444235 0.0 -1.341367 -0.562897 -0.360583 1.0]
301
	ConcatTransform [1.1 0.0 0.0 0.0 0.0 1.1 0.0 0.0 0.0 0.0 1.1 0.0 -9.609 0.05 6.704 1.0]
	ConcatTransform [0.634333 -0.343617 -0.692495 0.0 0.772954 0.296709 0.560808 0.0 0.012767 -0.891006 0.453812 0.0 -1.336714 -0.56372 -0.360783 1.0]
302
	ConcatTransform [1.1 0.0 0.0 0.0 0.0 1.1 0.0 0.0 0.0 0.0 1.1 0.0 -9.609 0.05 6.704 1.0]
	ConcatTransform [0.7049 -0.339786 -0.622624 0.0 0.70911 0.316934 0.629854 0.0 -0.016684 -0.885493 0.464353 0.0 -1.328325 -0.564832 -0.359683 1.0]
303
	ConcatTransform [1.1 0.0 0.0 0.0 0.0 1.1 0.0 0.0 0.0 0.0 1.1 0.0 -9.609 0.05 6.704 1.0]
	ConcatTransform [0.747915 -0.337265 -0.571731 0.0 0.66277 0.331584 0.671407 0.0 -0.036865 -0.881082 0.471526 0.0 -1.321951 -0.565484 -0.358229 1.0]
304
	ConcatTransform [1.1 0.0 0.0 0.0 0.0 1.1 0.0 0.0 0.0 0.0 1.1 0.0 -9.609 0.05 6.704 1.0]
	ConcatTransform [0.805556 -0.332505 -0.490429 0.0 0.588519 0.352973 0.727362 0.0 -0.068743 -0.874557 0.480025 0.0 -1.311568 -0.566184 -0.355011 1.0]
305
	ConcatTransform [1.1 0.0 0.0 0.0 0.0 1.1 0.0 0.0 0.0 0.0 1.1 0.0 -9.609 0.05 6.704 1.0]
	ConcatTransform [0.839767 -0.326574 -0.433752 0.0 0.535499 0.366309 0.760959 0.0 -0.089622 -0.871302 0.482494 0.0 -1.304397 -0.566449 -0.352208 1.0]
306
	ConcatTransform [1.1 0.0 0.0 0.0 0.0 1.1 0.0 0.0 0.0 0.0 1.1 0.0 -9.609 0.05 6.704 1.0]
	ConcatTransform [0.883814 -0.315309 -0.345619 0.0 0.451914 0.384287 0.805045 0.0 -0.121021 -0.8677 0.482131 0.0 -1.293602 -0.566563 -0.34727 1.0]
307
	ConcatTransform [1.1 0.0 0.0 0.0 0.0 1.1 0.0 0.0 0.0 0.0 1.1 0.0 -9.609 0.05 6.704 1.0]
	ConcatTransform [0.907738 -0.307619 -0.285275 0.0 0.394482 0.394367 0.829975 0.0 -0.142813 -0.865936 0.479332 0.0 -1.286538 -0.566486 -0.343624 1.0]
308
	ConcatTransform [1.1 0.0 0.0 0.0 0.0 1.1 0.0 0.0 0.0 0.0 1.1 0.0 -9.609 0.05 6.704 1.0]
	ConcatTransform [0.935274 -0.29636 -0.193477 0.0 0.3067 0.405843 0.860945 0.0 -0.176628 -0.864559 0.470468 0.0 -1.276447 -0.56622 -0.337797 1.0]
309
	ConcatTransform [1.1 0.0 0.0 0.0 0.0 1.1 0.0 0.0 0.0 0.0 1.1 0.0 -9.609 0.05 6.704 1.0]
	ConcatTransform [0.948394 -0.288513 -0.131566 0.0 0.246957 0.411784 0.877181 0.0 -0.198901 -0.864404 0.461784 0.0 -1.270263 -0.565968 -0.33381 1.0]
310
	ConcatTransform [1.1 0.0 0.0 0.0 0.0 1.1 0.0 0.0 0.0 0.0 1.1 0.0 -9.609 0.05 6.704 1.0]
	ConcatTransform [0.960654 -0.27512 -0.038106 0.0 0.15536 0.418543 0.89481 0.0 -0.230231 -0.865523 0.444818 0.0 -1.262209 -0.565381 -0.328033 1.0]
311
	ConcatTransform [1.1 0.0 0.0 0.0 0.0 1.1 0.0 0.0 0.0 0.0 1.1 0.0 -9.609 0.05 6.704 1.0]
	ConcatTransform [0.963084 -0.268159 0.023654 0.0 0.094846 0.42024 0.902443 0.0 -0.251939 -0.866885 0.43016 0.0 -1.257676 -0.56505 -0.324424 1.0]
312
	ConcatTransform [1.1 0.0 0.0 0.0 0.0 1.1 0.0 0.0 0.0 0.0 1.1 0.0 -9.609 0.05 6.704 1.0]
	ConcatTransform [0.958504 -0.261341 0.113888 0.0 0.005852 0.417451 0.90868 0.0 -0.285018 -0.870308 0.401658 0.0 -1.252268 -0.564797 -0.31944 1.0]
313
	ConcatTransform [1.1 0.0 0.0 0.0 0.0 1.1 0.0 0.0 0.0 0.0 1.1 0.0 -9.609 0.05 6.704 1.0]
	ConcatTransform [0.950221 -0.258661 0.17371 0.0 -0.052917 0.415446 0.908077 0.0 -0.307052 -0.872066 0.381078 0.0 -1.249652 -0.564696 -0.316618 1.0]
314
	ConcatTransform [1.1 0.0 0.0 0.0 0.0 1.1 0.0 0.0 0.0 0.0 1.1 0.0 -9.609 0.05 6.704 1.0]
	ConcatTransform [0.930071 -0.257286 0.262242 0.0 -0.13969 0.412537 0.900167 0.0 -0.339785 -0.873852 0.347748 0.0 -1.247234 -0.564664 -0.313248 1.0]
315
	ConcatTransform [1.1 0.0 0.0 0.0 0.0 1.1 0.0 0.0 0.0 0.0 1.1 0.0 -9.609 0.05 6.704 1.0]
	ConcatTransform [0.911832 -0.258707 0.3188 0.0 -0.195852 0.408361 0.891562 0.0 -0.360839 -0.875392 0.321688 0.0 -1.246616 -0.564784 -0.311473 1.0]
316
	ConcatTransform [1.1 0.0 0.0 0.0 0.0 1.1 0.0 0.0 0.0 0.0 1.1 0.0 -9.609 0.05 6.704 1.0]
	ConcatTransform [0.877434 -0.264632 0.400099 0.0 -0.277309 0.400749 0.873212 0.0 -0.391419 -0.877138 0.278246 0.0 -1.247091 -0.565104 -0.309538 1.0]
317
	ConcatTransform [1.1 0.0 0.0 0.0 0.0 1.1 0.0 0.0 0.0 0.0 1.1 0.0 -9.609 0.05 6.704 1.0]
	ConcatTransform [0.849573 -0.27011 0.453063 0.0 -0.329943 0.398014 0.855992 0.0 -0.411538 -0.876713 0.249022 0.0 -1.248245 -0.565323 -0.308741 1.0]
318
	ConcatTransform [1.1 0.0 0.0 0.0 0.0 1.1 0.0 0.0 0.0 0.0 1.1 0.0 -9.609 0.05 6.704 1.0]
	ConcatTransform [0.800679 -0.280823 0.529199 0.0 -0.405532 0.396137 0.823784 0.0 -0.440972 -0.874194 0.203296 0.0 -1.251078 -0.565721 -0.308149 1.0]
319
	ConcatTransform [1.1 0.0 0.0 0.0 0.0 1.1 0.0 0.0 0.0 0.0 1.1 0.0 -9.609 0.05 6.704 1.0]
	ConcatTransform [0.764238 -0.288278 0.576919 0.0 -0.454036 0.394807 0.798736 0.0 -0.458029 -0.872366 0.170838 0.0 -1.253695 -0.56596 -0.308086 1.0]
320
	ConcatTransform [1.1 0.0 0.0 0.0 0.0 1.1 0.0 0.0 0.0 0.0 1.1 0.0 -9.609 0.05 6.704 1.0]
	ConcatTransform [0.70408 -0.299269 0.643979 0.0 -0.523674 0.393683 0.755499 0.0 -0.479621 -0.869167 0.120465 0.0 -1.258507 -0.566252 -0.308505 1.0]
321
	ConcatTransform [1.1 0.0 0.0 0.0 0.0 1.1 0.0 0.0 0.0 0.0 1.1 0.0 -9.609 0.05 6.704 1.0]
	ConcatTransform [0.660008 -0.307191 0.685582 0.0 -0.567253 0.394549 0.72288 0.0 -0.492558 -0.866005 0.08615 0.0 -1.262109 -0.566425 -0.309111 1.0]
322
	ConcatTransform [1.1 0.0 0.0 0.0 0.0 1.1 0.0 0.0 0.0 0.0 1.1 0.0 -9.609 0.05 6.704 1.0]
	ConcatTransform [0.588756 -0.318966 0.742716 0.0 -0.628279 0.397523 0.668761 0.0 -0.508558 -0.86037 0.033644 0.0 -1.267931 -0.566608 -0.310429 1.0]
323
	ConcatTransform [1.1 0.0 0.0 0.0 0.0 1.1 0.0 0.0 0.0 0.0 1.1 0.0 -9.609 0.05 6.704 1.0]
	ConcatTransform [0.543691 -0.318617 0.776456 0.0 -0.666449 0.398431 0.630157 0.0 -0.510143 -0.860079 0.004281 0.0 -1.272283 -0.566623 -0.311607 1.0]
324
	ConcatTransform [1.1 0.0 0.0 0.0 0.0 1.1 0.0 0.0 0.0 0.0 1.1 0.0 -9.609 0.05 6.704 1.0]
	ConcatTransform [0.527313 -0.322169 0.786224 0.0 -0.67895 0.39657 0.617867 0.0 -0.51085 -0.859616 -0.00962 0.0 -1.277323 -0.56664 -0.312817 1.0]
325
	ConcatTransform [1.1 0.0 0.0 0.0 0.0 1.1 0.0 0.0 0.0 0.0 1.1 0.0 -9.609 0.05 6.704 1.0]
	ConcatTransform [0.525941 -0.327064 0.785121 0.0 -0.678163 0.395849 0.619192 0.0 -0.513305 -0.858098 -0.013609 0.0 -1.280356 -0.566672 -0.313627 1.0]
326
	ConcatTransform [1.1 0.0 0.0 0.0 0.0 1.1 0.0 0.0 0.0 0.0 1.1 0.0 -9.609 0.05 6.704 1.0]
	ConcatTransform [0.526558 -0.334282 0.78166 0.0 -0.673448 0.397135 0.6235 0.0 -0.518849 -0.854716 -0.016007 0.0 -1.284621 -0.566693 -0.315183 1.0]
327
	ConcatTransform [1.1 0.0 0.0 0.0 0.0 1.1 0.0 0.0 0.0 0.0 1.1 0.0 -9.609 0.05 6.704 1.0]
	ConcatTransform [0.528929 -0.339563 0.777773 0.0 -0.669159 0.396809 0.628306 0.0 -0.521977 -0.852783 -0.017338 0.0 -1.287379 -0.566691 -0.316271 1.0]
328
	ConcatTransform [1.1 0.0 0.0 0.0 0.0 1.1 0.0 0.0 0.0 0.0 1.1 0.0 -9.609 0.05 6.704 1.0]
	ConcatTransform [0.531517 -0.346041 0.77314 0.0 -0.662351 0.399157 0.634007 0.0 -0.527997 -0.849075 -0.017042 0.0 -1.291335 -0.566656 -0.318017 1.0]
329
	ConcatTransform [1.1 0.0 0.0 0.0 0.0 1.1 0.0 0.0 0.0 0.0 1.1 0.0 -9.609 0.05 6.704 1.0]
	ConcatTransform [0.533369 -0.349844 0.770147 0.0 -0.658108 0.400372 0.637648 0.0 -0.531423 -0.846942 -0.016689 0.0 -1.293863 -0.56662 -0.319151 1.0]
330
	ConcatTransform [1.1 0.0 0.0 0.0 0.0 1.1 0.0 0.0 0.0 0.0 1.1 0.0 -9.609 0.05 6.704 1.0]
	ConcatTransform [0.53646 -0.354107 0.766041 0.0 -0.652351 0.401864 0.642607 0.0 -0.535396 -0.84446 -0.015417 0.0 -1.297402 -0.566563 -0.320773 1.0]
331
	ConcatTransform [1.1 0.0 0.0 0.0 0.0 1.1 0.0 0.0 0.0 0.0 1.1 0.0 -9.609 0.05 6.704 1.0]
	ConcatTransform [0.538632 -0.356662 0.763327 0.0 -0.648701 0.402575 0.645849 0.0 -0.537646 -0.843046 -0.014527 0.0 -1.299524 -0.566524 -0.321751 1.0]
332
	ConcatTransform [1.1 0.0 0.0 0.0 0.0 1.1 0.0 0.0 0.0 0.0 1.1 0.0 -9.609 0.05 6.704 1.0]
	ConcatTransform [0.542017 -0.360301 0.759211 0.0 -0.643409 0.403238 0.65071 0.0 -0.540594 -0.841179 -0.013259 0.0 -1.30227 -0.566463 -0.323016 1.0]
333
	ConcatTransform [1.1 0.0 0.0 0.0 0.0 1.1 0.0 0.0 0.0 0.0 1.1 0.0 -9.609 0.05 6.704 1.0]
	ConcatTransform [0.544591 -0.36163 0.756732 0.0 -0.640316 0.403459 0.653618 0.0 -0.541678 -0.840502 -0.011837 0.0 -1.303813 -0.566437 -0.323738 1.0]
334
	ConcatTransform [1.1 0.0 0.0 0.0 0.0 1.1 0.0 0.0 0.0 0.0 1.1 0.0 -9.609 0.05 6.704 1.0]
	ConcatTransform [0.549006 -0.36182 0.753445 0.0 -0.636378 0.403458 0.657453 0.0 -0.541863 -0.840421 -0.008754 0.0 -1.305666 -0.566433 -0.324619 1.0]
335
	ConcatTransform [1.1 0.0 0.0 0.0 0.0 1.1 0.0 0.0 0.0 0.0 1.1 0.0 -9.609 0.05 6.704 1.0]
	ConcatTransform [0.552039 -0.361872 0.7512 0.0 -0.633831 0.403245 0.66004 0.0 -0.541767 -0.840502 -0.006758 0.0 -1.306549 -0.566434 -0.325032 1.0]
336
	ConcatTransform [1.1 0.0 0.0 0.0 0.0 1.1 0.0 0.0 0.0 0.0 1.1 0.0 -9.609 0.05 6.704 1.0]
	ConcatTransform [0.55669 -0.361894 0.74775 0.0 -0.630087 0.402659 0.66397 0.0 -0.541374 -0.840773 -0.003869 0.0 -1.307339 -0.566438 -0.325389 1.0]
337
	ConcatTransform [1.1 0.0 0.0 0.0 0.0 1.1 0.0 0.0 0.0 0.0 1.1 0.0 -9.609 0.05 6.704 1.0]
	ConcatTransform [0.560117 -0.360823 0.745705 0.0 -0.628005 0.402104 0.666275 0.0 -0.540258 -0.841498 -0.001373 0.0 -1.307558 -0.56646 -0.325486 1.0]
338
	ConcatTransform [1.1 0.0 0.0 0.0 0.0 1.1 0.0 0.0 0.0 0.0 1.1 0.0 -9.609 0.05 6.704 1.0]
	ConcatTransform [0.565675 -0.357827 0.742948 0.0 -0.625414 0.401046 0.669342 0.0 -0.537465 -0.84328 0.003071 0.0 -1.307448 -0.566515 -0.325428 1.0]
339
	ConcatTransform [1.1 0.0 0.0 0.0 0.0 1.1 0.0 0.0 0.0 0.0 1.1 0.0 -9.609 0.05 6.704 1.0]
	ConcatTransform [0.569367 -0.355964 0.74102 0.0 -0.623653 0.400253 0.671457 0.0 -0.53561 -0.844445 0.005892 0.0 -1.30707 -0.566546 -0.325235 1.0]
340
	ConcatTransform [1.1 0.0 0.0 0.0 0.0 1.1 0.0 0.0 0.0 0.0 1.1 0.0 -9.609 0.05 6.704 1.0]
	ConcatTransform [0.574891 -0.353225 0.73806 0.0 -0.620987 0.399009 0.674661 0.0 -0.5328 -0.846182 0.010039 0.0 -1.306105 -0.566586 -0.324748 1.0]
341
	ConcatTransform [1.1 0.0 0.0 0.0 0.0 1.1 0.0 0.0 0.0 0.0 1.1 0.0 -9.609 0.05 6.704 1.0]
	ConcatTransform [0.578736 -0.350747 0.736235 0.0 -0.619437 0.398135 0.676599 0.0 -0.530436 -0.847623 0.01315 0.0 -1.305258 -0.566616 -0.324327 1.0]
342
	ConcatTransform [1.1 0.0 0.0 0.0 0.0 1.1 0.0 0.0 0.0 0.0 1.1 0.0 -9.609 0.05 6.704 1.0]
	ConcatTransform [0.584616 -0.346496 0.733597 0.0 -0.617288 0.396797 0.679344 0.0 -0.526479 -0.849995 0.018086 0.0 -1.303737 -0.566654 -0.323573 1.0]
343
	ConcatTransform [1.1 0.0 0.0 0.0 0.0 1.1 0.0 0.0 0.0 0.0 1.1 0.0 -9.609 0.05 6.704 1.0]
	ConcatTransform [0.588447 -0.34389 0.731758 0.0 -0.615749 0.395946 0.681234 0.0 -0.524006 -0.85145 0.021244 0.0 -1.302576 -0.566671 -0.322994 1.0]
344
	ConcatTransform [1.1 0.0 0.0 0.0 0.0 1.1 0.0 0.0 0.0 0.0 1.1 0.0 -9.609 0.05 6.704 1.0]
	ConcatTransform [0.594095 -0.34013 0.728946 0.0 -0.613341 0.394774 0.68408 0.0 -0.520445 -0.853502 0.025918 0.0 -1.300693 -0.566684 -0.322056 1.0]
345
	ConcatTransform [1.1 0.0 0.0 0.0 0.0 1.1 0.0 0.0 0.0 0.0 1.1 0.0 -9.609 0.05 6.704 1.0]
	ConcatTransform [0.597842 -0.337563 0.727073 0.0 -0.611734 0.394033 0.685944 0.0 -0.51804 -0.854862 0.029071 0.0 -1.299394 -0.566688 -0.321407 1.0]
346
	ConcatTransform [1.1 0.0 0.0 0.0 0.0 1.1 0.0 0.0 0.0 0.0 1.1 0.0 -9.609 0.05 6.704 1.0]
	ConcatTransform [0.603358 -0.333939 0.724185 0.0 -0.609205 0.392999 0.688783 0.0 -0.514615 -0.85676 0.033682 0.0 -1.297435 -0.566683 -0.320427 1.0]
347
	ConcatTransform [1.1 0.0 0.0 0.0 0.0 1.1 0.0 0.0 0.0 0.0 1.1 0.0 -9.609 0.05 6.704 1.0]
	ConcatTransform [0.606926 -0.331758 0.722203 0.0 -0.607396 0.392417 0.690709 0.0 -0.512554 -0.857872 0.03666 0.0 -1.296156 -0.566676 -0.319787 1.0]
348
	ConcatTransform [1.1 0.0 0.0 0.0 0.0 1.1 0.0 0.0 0.0 0.0 1.1 0.0 -9.609 0.05 6.704 1.0]
	ConcatTransform [0.612034 -0.328945 0.719173 0.0 -0.604425 0.39187 0.69362 0.0 -0.509986 -0.859205 0.041015 0.0 -1.294329 -0.566662 -0.318879 1.0]
349
	ConcatTransform [1.1 0.0 0.0 0.0 0.0 1.1 0.0 0.0 0.0 0.0 1.1 0.0 -9.609 0.05 6.704 1.0]
	ConcatTransform [0.615361 -0.327342 0.717062 0.0 -0.602333 0.391519 0.695635 0.0 -0.508454 -0.859977 0.043757 0.0 -1.293209 -0.566651 -0.318318 1.0]
350
	ConcatTransform [1.1 0.0 0.0 0.0 0.0 1.1 0.0 0.0 0.0 0.0 1.1 0.0 -9.609 0.05 6.704 1.0]
	ConcatTransform [0.620294 -0.325293 0.713736 0.0 -0.599075 0.390888 0.698796 0.0 -0.506304 -0.861041 0.047591 0.0 -1.29173 -0.566634 -0.317564 1.0]
351
	ConcatTransform [1.1 0.0 0.0 0.0 0.0 1.1 0.0 0.0 0.0 0.0 1.1 0.0 -9.609 0.05 6.704 1.0]
	ConcatTransform [0.623387 -0.324342 0.711471 0.0 -0.596685 0.390721 0.700931 0.0 -0.505328 -0.861475 0.05004 0.0 -1.290877 -0.566625 -0.317136 1.0]
352
	ConcatTransform [1.1 0.0 0.0 0.0 0.0 1.1 0.0 0.0 0.0 0.0 1.1 0.0 -9.609 0.05 6.704 1.0]
	ConcatTransform [0.627689 -0.323595 0.70802 0.0 -0.592734 0.390934 0.704157 0.0 -0.504651 -0.861659 0.053579 0.0 -1.289818 -0.566619 -0.316619 1.0]
353
	ConcatTransform [1.1 0.0 0.0 0.0 0.0 1.1 0.0 0.0 0.0 0.0 1.1 0.0 -9.609 0.05 6.704 1.0]
	ConcatTransform [0.630535 -0.323344 0.705602 0.0 -0.590027 0.390958 0.706413 0.0 -0.504275 -0.861743 0.055731 0.0 -1.28929 -0.566617 -0.316355 1.0]
354
	ConcatTransform [1.1 0.0 0.0 0.0 0.0 1.1 0.0 0.0 0.0 0.0 1.1 0.0 -9.609 0.05 6.704 1.0]
	ConcatTransform [0.634781 -0.323314 0.701798 0.0 -0.585868 0.390793 0.709957 0.0 -0.503797 -0.861829 0.058649 0.0 -1.288774 -0.566616 -0.316082 1.0]
355
	ConcatTransform [1.1 0.0 0.0 0.0 0.0 1.1 0.0 0.0 0.0 0.0 1.1 0.0 -9.609 0.05 6.704 1.0]
	ConcatTransform [0.637403 -0.323716 0.699232 0.0 -0.582867 0.390965 0.712329 0.0 -0.503967 -0.8616 0.060518 0.0 -1.288588 -0.56662 -0.315991 1.0]
356
	ConcatTransform [1.1 0.0 0.0 0.0 0.0 1.1 0.0 0.0 0.0 0.0 1.1 0.0 -9.609 0.05 6.704 1.0]
	ConcatTransform [0.641055 -0.32487 0.695347 0.0 -0.578064 0.391598 0.715886 0.0 -0.504867 -0.860878 0.06324 0.0 -1.288541 -0.566632 -0.315987 1.0]
357
	ConcatTransform [1.1 0.0 0.0 0.0 0.0 1.1 0.0 0.0 0.0 0.0 1.1 0.0 -9.609 0.05 6.704 1.0]
	ConcatTransform [0.643501 -0.325779 0.692658 0.0 -0.574832 0.39186 0.718341 0.0 -0.505445 -0.860415 0.064894 0.0 -1.288677 -0.566639 -0.316059 1.0]
358
	ConcatTransform [1.1 0.0 0.0 0.0 0.0 1.1 0.0 0.0 0.0 0.0 1.1 0.0 -9.609 0.05 6.704 1.0]
	ConcatTransform [0.647168 -0.327346 0.68849 0.0 -0.569933 0.392053 0.72213 0.0 -0.506311 -0.859732 0.067159 0.0 -1.289105 -0.566651 -0.31627 1.0]
359
	ConcatTransform [1.1 0.0 0.0 0.0 0.0 1.1 0.0 0.0 0.0 0.0 1.1 0.0 -9.609 0.05 6.704 1.0]
	ConcatTransform [0.649471 -0.328632 0.685703 0.0 -0.566521 0.392372 0.724636 0.0 -0.50719 -0.859095 0.068657 0.0 -1.289506 -0.566659 -0.316478 1.0]
360
	ConcatTransform [1.1 0.0 0.0 0.0 0.0 1.1 0.0 0.0 0.0 0.0 1.1 0.0 -9.609 0.05 6.704 1.0]
	ConcatTransform [0.321095 -0.337716 -0.884786 0.0 0.909861 0.369232 0.189262 0.0 0.262775 -0.865803 0.425834 0.0 -0.778536 -0.566485 -0.809856 1.0]
