228
	ConcatTransform [1.1 0.0 0.0 0.0 0.0 1.1 0.0 0.0 0.0 0.0 1.1 0.0 -9.609 0.05 6.704 1.0]
	ConcatTransform [0.23528 0.654656 0.718379 0.0 -0.919392 -0.089805 0.382954 0.0 0.315217 -0.750573 0.580756 0.0 -0.059457 0.07017 0.032267 1.0]
229
	ConcatTransform [1.1 0.0 0.0 0.0 0.0 1.1 0.0 0.0 0.0 0.0 1.1 0.0 -9.609 0.05 6.704 1.0]
	ConcatTransform [0.194215 0.152687 0.969003 0.0 -0.881778 -0.405653 0.240652 0.0 0.429823 -0.901184 0.055852 0.0 -0.088088 0.143116 0.061385 1.0]
230
	ConcatTransform [1.1 0.0 0.0 0.0 0.0 1.1 0.0 0.0 0.0 0.0 1.1 0.0 -9.609 0.05 6.704 1.0]
	ConcatTransform [0.149733 -0.362137 0.92002 0.0 -0.836373 -0.542657 -0.07748 0.0 0.527314 -0.757879 -0.384135 0.0 -0.082584 0.248829 0.108545 1.0]
231
	ConcatTransform [1.1 0.0 0.0 0.0 0.0 1.1 0.0 0.0 0.0 0.0 1.1 0.0 -9.609 0.05 6.704 1.0]
	ConcatTransform [0.238194 -0.663204 0.709524 0.0 -0.825226 -0.523419 -0.212212 0.0 0.512119 -0.53497 -0.671968 0.0 -0.070012 0.309857 0.148089 1.0]
232
	ConcatTransform [1.1 0.0 0.0 0.0 0.0 1.1 0.0 0.0 0.0 0.0 1.1 0.0 -9.609 0.05 6.704 1.0]
	ConcatTransform [0.250675 -0.946188 0.204669 0.0 -0.920186 -0.29856 -0.253218 0.0 0.300698 -0.124858 -0.945511 0.0 -0.070315 0.388624 0.217016 1.0]
233
	ConcatTransform [1.1 0.0 0.0 0.0 0.0 1.1 0.0 0.0 0.0 0.0 1.1 0.0 -9.609 0.05 6.704 1.0]
	ConcatTransform [0.266543 -0.963729 -0.013453 0.0 -0.945868 -0.25887 -0.195757 0.0 0.185174 0.064903 -0.98056 0.0 -0.087562 0.427304 0.262083 1.0]
234
	ConcatTransform [1.1 0.0 0.0 0.0 0.0 1.1 0.0 0.0 0.0 0.0 1.1 0.0 -9.609 0.05 6.704 1.0]
	ConcatTransform [0.123165 -0.983922 -0.129334 0.0 -0.982062 -0.139595 0.12676 0.0 -0.142777 0.111402 -0.983466 0.0 -0.124739 0.475266 0.341813 1.0]
235
	ConcatTransform [1.1 0.0 0.0 0.0 0.0 1.1 0.0 0.0 0.0 0.0 1.1 0.0 -9.609 0.05 6.704 1.0]
	ConcatTransform [0.077811 -0.985644 -0.149839 0.0 -0.970756 -0.109141 0.213823 0.0 -0.227107 0.128819 -0.965313 0.0 -0.164368 0.497628 0.398162 1.0]
236
	ConcatTransform [1.1 0.0 0.0 0.0 0.0 1.1 0.0 0.0 0.0 0.0 1.1 0.0 -9.609 0.05 6.704 1.0]
	ConcatTransform [0.186692 -0.942943 -0.275688 0.0 -0.932705 -0.25826 0.25172 0.0 -0.308557 0.210142 -0.927703 0.0 -0.230382 0.506312 0.483947 1.0]
237
	ConcatTransform [1.1 0.0 0.0 0.0 0.0 1.1 0.0 0.0 0.0 0.0 1.1 0.0 -9.609 0.05 6.704 1.0]
	ConcatTransform [0.251069 -0.898703 -0.359579 0.0 -0.89585 -0.356437 0.265339 0.0 -0.366628 0.255511 -0.894594 0.0 -0.274391 0.499728 0.541137 1.0]
238
	ConcatTransform [1.1 0.0 0.0 0.0 0.0 1.1 0.0 0.0 0.0 0.0 1.1 0.0 -9.609 0.05 6.704 1.0]
	ConcatTransform [0.332844 -0.810385 -0.482173 0.0 -0.824756 -0.498071 0.267775 0.0 -0.457157 0.308548 -0.834149 0.0 -0.340406 0.471292 0.626922 1.0]
239
	ConcatTransform [1.1 0.0 0.0 0.0 0.0 1.1 0.0 0.0 0.0 0.0 1.1 0.0 -9.609 0.05 6.704 1.0]
	ConcatTransform [0.380881 -0.739332 -0.555264 0.0 -0.778618 -0.580349 0.238642 0.0 -0.498682 0.341444 -0.796701 0.0 -0.38319 0.441193 0.681815 1.0]
240
	ConcatTransform [1.1 0.0 0.0 0.0 0.0 1.1 0.0 0.0 0.0 0.0 1.1 0.0 -9.609 0.05 6.704 1.0]
	ConcatTransform [0.409526 -0.669673 -0.619537 0.0 -0.746618 -0.636268 0.194228 0.0 -0.524261 0.383016 -0.760558 0.0 -0.445974 0.381436 0.761504 1.0]
241
	ConcatTransform [1.1 0.0 0.0 0.0 0.0 1.1 0.0 0.0 0.0 0.0 1.1 0.0 -9.609 0.05 6.704 1.0]
	ConcatTransform [0.42631 -0.619551 -0.659102 0.0 -0.724079 -0.67045 0.161881 0.0 -0.542189 0.408231 -0.734424 0.0 -0.48783 0.329223 0.814629 1.0]
242
	ConcatTransform [1.1 0.0 0.0 0.0 0.0 1.1 0.0 0.0 0.0 0.0 1.1 0.0 -9.609 0.05 6.704 1.0]
	ConcatTransform [0.403845 -0.616965 -0.675473 0.0 -0.791179 -0.606236 0.080703 0.0 -0.459287 0.501828 -0.732955 0.0 -0.494743 0.323737 0.836177 1.0]
243
	ConcatTransform [1.1 0.0 0.0 0.0 0.0 1.1 0.0 0.0 0.0 0.0 1.1 0.0 -9.609 0.05 6.704 1.0]
	ConcatTransform [0.363966 -0.634286 -0.682063 0.0 -0.82418 -0.560449 0.081388 0.0 -0.433885 0.53252 -0.72675 0.0 -0.494805 0.312358 0.850426 1.0]
244
	ConcatTransform [1.1 0.0 0.0 0.0 0.0 1.1 0.0 0.0 0.0 0.0 1.1 0.0 -9.609 0.05 6.704 1.0]
	ConcatTransform [0.306471 -0.641731 -0.703035 0.0 -0.894618 -0.446487 0.017567 0.0 -0.325169 0.623564 -0.710939 0.0 -0.495994 0.281483 0.867558 1.0]
245
	ConcatTransform [1.1 0.0 0.0 0.0 0.0 1.1 0.0 0.0 0.0 0.0 1.1 0.0 -9.609 0.05 6.704 1.0]
	ConcatTransform [0.277138 -0.632204 -0.723542 0.0 -0.935479 -0.349378 -0.053042 0.0 -0.219256 0.691558 -0.68824 0.0 -0.495942 0.250852 0.876092 1.0]
246
	ConcatTransform [1.1 0.0 0.0 0.0 0.0 1.1 0.0 0.0 0.0 0.0 1.1 0.0 -9.609 0.05 6.704 1.0]
	ConcatTransform [0.136089 -0.695524 -0.705497 0.0 -0.982729 -0.184907 -0.007274 0.0 -0.125392 0.694302 -0.708676 0.0 -0.490448 0.192564 0.890172 1.0]
247
	ConcatTransform [1.1 0.0 0.0 0.0 0.0 1.1 0.0 0.0 0.0 0.0 1.1 0.0 -9.609 0.05 6.704 1.0]
	ConcatTransform [0.029977 -0.731465 -0.68122 0.0 -0.997993 -0.059936 0.02044 0.0 -0.055781 0.67924 -0.731794 0.0 -0.485941 0.142804 0.898356 1.0]
248
	ConcatTransform [1.1 0.0 0.0 0.0 0.0 1.1 0.0 0.0 0.0 0.0 1.1 0.0 -9.609 0.05 6.704 1.0]
	ConcatTransform [-0.143883 -0.76676 -0.625601 0.0 -0.987765 0.149706 0.043692 0.0 0.060156 0.624233 -0.778919 0.0 -0.478462 0.051283 0.909116 1.0]
249
	ConcatTransform [1.1 0.0 0.0 0.0 0.0 1.1 0.0 0.0 0.0 0.0 1.1 0.0 -9.609 0.05 6.704 1.0]
	ConcatTransform [-0.266734 -0.773022 -0.575578 0.0 -0.952613 0.302077 0.03576 0.0 0.146225 0.557841 -0.816965 0.0 -0.473246 -0.021003 0.91522 1.0]
250
	ConcatTransform [1.1 0.0 0.0 0.0 0.0 1.1 0.0 0.0 0.0 0.0 1.1 0.0 -9.609 0.05 6.704 1.0]
	ConcatTransform [-0.449947 -0.747012 -0.489408 0.0 -0.846381 0.531543 -0.033187 0.0 0.284932 0.399293 -0.871423 0.0 -0.466217 -0.146441 0.923437 1.0]
251
	ConcatTransform [1.1 0.0 0.0 0.0 0.0 1.1 0.0 0.0 0.0 0.0 1.1 0.0 -9.609 0.05 6.704 1.0]
	ConcatTransform [-0.572395 -0.700914 -0.425539 0.0 -0.73184 0.670755 -0.120411 0.0 0.36983 0.242504 -0.896893 0.0 -0.462937 -0.24077 0.929664 1.0]
252
	ConcatTransform [1.1 0.0 0.0 0.0 0.0 1.1 0.0 0.0 0.0 0.0 1.1 0.0 -9.609 0.05 6.704 1.0]
	ConcatTransform [-0.757471 -0.571622 -0.315413 0.0 -0.496174 0.818027 -0.290935 0.0 0.424321 -0.063875 -0.903256 0.0 -0.473998 -0.383887 0.954459 1.0]
253
	ConcatTransform [1.1 0.0 0.0 0.0 0.0 1.1 0.0 0.0 0.0 0.0 1.1 0.0 -9.609 0.05 6.704 1.0]
	ConcatTransform [-0.854025 -0.409269 -0.321155 0.0 -0.266437 0.874319 -0.405683 0.0 0.446825 -0.260895 -0.855734 0.0 -0.503141 -0.450339 0.995437 1.0]
254
	ConcatTransform [1.1 0.0 0.0 0.0 0.0 1.1 0.0 0.0 0.0 0.0 1.1 0.0 -9.609 0.05 6.704 1.0]
	ConcatTransform [-0.897785 -0.288668 -0.332644 0.0 -0.050472 0.817723 -0.573395 0.0 0.437531 -0.497996 -0.748709 0.0 -0.567323 -0.496798 1.081197 1.0]
255
	ConcatTransform [1.1 0.0 0.0 0.0 0.0 1.1 0.0 0.0 0.0 0.0 1.1 0.0 -9.609 0.05 6.704 1.0]
	ConcatTransform [-0.899456 -0.280622 -0.335007 0.0 0.008498 0.755211 -0.655427 0.0 0.436929 -0.592374 -0.676894 0.0 -0.602616 -0.486767 1.141051 1.0]
256
	ConcatTransform [1.1 0.0 0.0 0.0 0.0 1.1 0.0 0.0 0.0 0.0 1.1 0.0 -9.609 0.05 6.704 1.0]
	ConcatTransform [-0.909708 -0.272136 -0.313647 0.0 0.075938 0.633558 -0.769959 0.0 0.408247 -0.724256 -0.555687 0.0 -0.644595 -0.453857 1.224317 1.0]
257
	ConcatTransform [1.1 0.0 0.0 0.0 0.0 1.1 0.0 0.0 0.0 0.0 1.1 0.0 -9.609 0.05 6.704 1.0]
	ConcatTransform [-0.912898 -0.256563 -0.31748 0.0 0.127519 0.559596 -0.818897 0.0 0.387758 -0.788054 -0.478137 0.0 -0.66585 -0.421745 1.268471 1.0]
258
	ConcatTransform [1.1 0.0 0.0 0.0 0.0 1.1 0.0 0.0 0.0 0.0 1.1 0.0 -9.609 0.05 6.704 1.0]
	ConcatTransform [-0.912805 -0.253247 -0.320396 0.0 0.180992 0.452422 -0.873245 0.0 0.366101 -0.855091 -0.367137 0.0 -0.693199 -0.37722 1.323532 1.0]
259
	ConcatTransform [1.1 0.0 0.0 0.0 0.0 1.1 0.0 0.0 0.0 0.0 1.1 0.0 -9.609 0.05 6.704 1.0]
	ConcatTransform [-0.905566 -0.257706 -0.336955 0.0 0.213252 0.410099 -0.88676 0.0 0.366708 -0.874875 -0.316415 0.0 -0.711547 -0.357178 1.358025 1.0]
260
	ConcatTransform [1.1 0.0 0.0 0.0 0.0 1.1 0.0 0.0 0.0 0.0 1.1 0.0 -9.609 0.05 6.704 1.0]
	ConcatTransform [-0.898667 -0.283192 -0.334962 0.0 0.231415 0.342618 -0.910527 0.0 0.372619 -0.895776 -0.242365 0.0 -0.732576 -0.33179 1.394035 1.0]
261
	ConcatTransform [1.1 0.0 0.0 0.0 0.0 1.1 0.0 0.0 0.0 0.0 1.1 0.0 -9.609 0.05 6.704 1.0]
	ConcatTransform [-0.890035 -0.308118 -0.336007 0.0 0.234862 0.321809 -0.917213 0.0 0.390739 -0.895267 -0.214056 0.0 -0.746565 -0.325079 1.416541 1.0]
262
	ConcatTransform [1.1 0.0 0.0 0.0 0.0 1.1 0.0 0.0 0.0 0.0 1.1 0.0 -9.609 0.05 6.704 1.0]
	ConcatTransform [-0.869002 -0.337554 -0.361791 0.0 0.254451 0.322233 -0.911823 0.0 0.424371 -0.884434 -0.19413 0.0 -0.763775 -0.327226 1.444285 1.0]
263
	ConcatTransform [1.1 0.0 0.0 0.0 0.0 1.1 0.0 0.0 0.0 0.0 1.1 0.0 -9.609 0.05 6.704 1.0]
	ConcatTransform [-0.851423 -0.361543 -0.379955 0.0 0.25769 0.342605 -0.903448 0.0 0.456809 -0.867127 -0.198536 0.0 -0.773517 -0.336956 1.458832 1.0]
264
	ConcatTransform [1.1 0.0 0.0 0.0 0.0 1.1 0.0 0.0 0.0 0.0 1.1 0.0 -9.609 0.05 6.704 1.0]
	ConcatTransform [-0.816103 -0.392068 -0.424569 0.0 0.262871 0.40242 -0.876902 0.0 0.514661 -0.827249 -0.225353 0.0 -0.78505 -0.363906 1.475274 1.0]
265
	ConcatTransform [1.1 0.0 0.0 0.0 0.0 1.1 0.0 0.0 0.0 0.0 1.1 0.0 -9.609 0.05 6.704 1.0]
	ConcatTransform [-0.787011 -0.408437 -0.462378 0.0 0.261477 0.457999 -0.849627 0.0 0.558788 -0.789567 -0.253653 0.0 -0.789779 -0.387913 1.480635 1.0]
266
	ConcatTransform [1.1 0.0 0.0 0.0 0.0 1.1 0.0 0.0 0.0 0.0 1.1 0.0 -9.609 0.05 6.704 1.0]
	ConcatTransform [-0.741448 -0.424222 -0.519895 0.0 0.259344 0.533412 -0.805116 0.0 0.618866 -0.731783 -0.285478 0.0 -0.786162 -0.419674 1.468798 1.0]
267
	ConcatTransform [1.1 0.0 0.0 0.0 0.0 1.1 0.0 0.0 0.0 0.0 1.1 0.0 -9.609 0.05 6.704 1.0]
	ConcatTransform [-0.707459 -0.421353 -0.567418 0.0 0.263604 0.587605 -0.765005 0.0 0.655755 -0.690783 -0.304636 0.0 -0.777853 -0.439588 1.450732 1.0]
268
	ConcatTransform [1.1 0.0 0.0 0.0 0.0 1.1 0.0 0.0 0.0 0.0 1.1 0.0 -9.609 0.05 6.704 1.0]
	ConcatTransform [-0.646847 -0.40806 -0.644264 0.0 0.24608 0.687932 -0.682784 0.0 0.721827 -0.600197 -0.344571 0.0 -0.761915 -0.47437 1.416646 1.0]
269
	ConcatTransform [1.1 0.0 0.0 0.0 0.0 1.1 0.0 0.0 0.0 0.0 1.1 0.0 -9.609 0.05 6.704 1.0]
	ConcatTransform [-0.605844 -0.379369 -0.699308 0.0 0.221485 0.763813 -0.606245 0.0 0.764132 -0.522177 -0.378727 0.0 -0.748697 -0.4951 1.387685 1.0]
270
	ConcatTransform [1.1 0.0 0.0 0.0 0.0 1.1 0.0 0.0 0.0 0.0 1.1 0.0 -9.609 0.05 6.704 1.0]
	ConcatTransform [-0.577979 -0.297809 -0.75977 0.0 0.241703 0.826783 -0.507947 0.0 0.779436 -0.477221 -0.405881 0.0 -0.724241 -0.498181 1.338912 1.0]
271
	ConcatTransform [1.1 0.0 0.0 0.0 0.0 1.1 0.0 0.0 0.0 0.0 1.1 0.0 -9.609 0.05 6.704 1.0]
	ConcatTransform [-0.564285 -0.261621 -0.78303 0.0 0.254163 0.847345 -0.46627 0.0 0.785483 -0.462126 -0.41165 0.0 -0.711902 -0.489152 1.309657 1.0]
272
	ConcatTransform [1.1 0.0 0.0 0.0 0.0 1.1 0.0 0.0 0.0 0.0 1.1 0.0 -9.609 0.05 6.704 1.0]
	ConcatTransform [-0.53096 -0.21125 -0.820643 0.0 0.262446 0.879817 -0.396287 0.0 0.805731 -0.425787 -0.411706 0.0 -0.697902 -0.472535 1.273006 1.0]
273
	ConcatTransform [1.1 0.0 0.0 0.0 0.0 1.1 0.0 0.0 0.0 0.0 1.1 0.0 -9.609 0.05 6.704 1.0]
	ConcatTransform [-0.507082 -0.179248 -0.843053 0.0 0.276855 0.892426 -0.356269 0.0 0.816223 -0.414061 -0.402907 0.0 -0.692451 -0.463666 1.253567 1.0]
274
	ConcatTransform [1.1 0.0 0.0 0.0 0.0 1.1 0.0 0.0 0.0 0.0 1.1 0.0 -9.609 0.05 6.704 1.0]
	ConcatTransform [-0.479447 -0.161533 -0.862576 0.0 0.284961 0.900994 -0.327118 0.0 0.830017 -0.402637 -0.385948 0.0 -0.689333 -0.456969 1.230065 1.0]
275
	ConcatTransform [1.1 0.0 0.0 0.0 0.0 1.1 0.0 0.0 0.0 0.0 1.1 0.0 -9.609 0.05 6.704 1.0]
	ConcatTransform [-0.47349 -0.155854 -0.866901 0.0 0.293232 0.900185 -0.321997 0.0 0.830555 -0.406665 -0.380527 0.0 -0.689527 -0.456395 1.218472 1.0]
276
	ConcatTransform [1.1 0.0 0.0 0.0 0.0 1.1 0.0 0.0 0.0 0.0 1.1 0.0 -9.609 0.05 6.704 1.0]
	ConcatTransform [-0.471979 -0.147327 -0.869213 0.0 0.319926 0.890107 -0.324587 0.0 0.821513 -0.431281 -0.372978 0.0 -0.692939 -0.46011 1.207607 1.0]
277
	ConcatTransform [1.1 0.0 0.0 0.0 0.0 1.1 0.0 0.0 0.0 0.0 1.1 0.0 -9.609 0.05 6.704 1.0]
	ConcatTransform [-0.468288 -0.152291 -0.870353 0.0 0.338604 0.878903 -0.335971 0.0 0.816121 -0.452036 -0.360013 0.0 -0.697956 -0.465033 1.204658 1.0]
278
	ConcatTransform [1.1 0.0 0.0 0.0 0.0 1.1 0.0 0.0 0.0 0.0 1.1 0.0 -9.609 0.05 6.704 1.0]
	ConcatTransform [-0.463432 -0.17526 -0.868628 0.0 0.36009 0.858417 -0.365316 0.0 0.80967 -0.482083 -0.334709 0.0 -0.707826 -0.471656 1.207095 1.0]
279
	ConcatTransform [1.1 0.0 0.0 0.0 0.0 1.1 0.0 0.0 0.0 0.0 1.1 0.0 -9.609 0.05 6.704 1.0]
	ConcatTransform [-0.468787 -0.192578 -0.862063 0.0 0.355498 0.852283 -0.383712 0.0 0.808616 -0.486341 -0.331079 0.0 -0.712285 -0.47395 1.21328 1.0]
280
	ConcatTransform [1.1 0.0 0.0 0.0 0.0 1.1 0.0 0.0 0.0 0.0 1.1 0.0 -9.609 0.05 6.704 1.0]
	ConcatTransform [-0.47984 -0.225552 -0.847868 0.0 0.338214 0.844145 -0.41597 0.0 0.809546 -0.486359 -0.32877 0.0 -0.715201 -0.478551 1.22756 1.0]
281
	ConcatTransform [1.1 0.0 0.0 0.0 0.0 1.1 0.0 0.0 0.0 0.0 1.1 0.0 -9.609 0.05 6.704 1.0]
	ConcatTransform [-0.487863 -0.256806 -0.834291 0.0 0.32025 0.836448 -0.44474 0.0 0.812053 -0.484154 -0.32583 0.0 -0.714879 -0.482687 1.239452 1.0]
282
	ConcatTransform [1.1 0.0 0.0 0.0 0.0 1.1 0.0 0.0 0.0 0.0 1.1 0.0 -9.609 0.05 6.704 1.0]
	ConcatTransform [-0.499061 -0.309635 -0.80936 0.0 0.29239 0.819046 -0.493632 0.0 0.815749 -0.483001 -0.318219 0.0 -0.711935 -0.488144 1.260802 1.0]
283
	ConcatTransform [1.1 0.0 0.0 0.0 0.0 1.1 0.0 0.0 0.0 0.0 1.1 0.0 -9.609 0.05 6.704 1.0]
	ConcatTransform [-0.504736 -0.342717 -0.79233 0.0 0.287072 0.798952 -0.528455 0.0 0.814144 -0.494186 -0.304875 0.0 -0.711046 -0.490747 1.277237 1.0]
284
	ConcatTransform [1.1 0.0 0.0 0.0 0.0 1.1 0.0 0.0 0.0 0.0 1.1 0.0 -9.609 0.05 6.704 1.0]
	ConcatTransform [-0.504538 -0.3916 -0.769475 0.0 0.283929 0.766402 -0.576205 0.0 0.815369 -0.509194 -0.275492 0.0 -0.709738 -0.493176 1.304269 1.0]
285
	ConcatTransform [1.1 0.0 0.0 0.0 0.0 1.1 0.0 0.0 0.0 0.0 1.1 0.0 -9.609 0.05 6.704 1.0]
	ConcatTransform [-0.502024 -0.419888 -0.756086 0.0 0.273115 0.75253 -0.599256 0.0 0.820597 -0.507339 -0.26311 0.0 -0.707746 -0.490445 1.320832 1.0]
286
	ConcatTransform [1.1 0.0 0.0 0.0 0.0 1.1 0.0 0.0 0.0 0.0 1.1 0.0 -9.609 0.05 6.704 1.0]
	ConcatTransform [-0.494504 -0.43848 -0.750467 0.0 0.26201 0.74806 -0.609719 0.0 0.828744 -0.498139 -0.255033 0.0 -0.703674 -0.485725 1.339421 1.0]
287
	ConcatTransform [1.1 0.0 0.0 0.0 0.0 1.1 0.0 0.0 0.0 0.0 1.1 0.0 -9.609 0.05 6.704 1.0]
	ConcatTransform [-0.489183 -0.449244 -0.747582 0.0 0.252349 0.747578 -0.614367 0.0 0.834877 -0.48919 -0.252337 0.0 -0.700868 -0.48363 1.346832 1.0]
288
	ConcatTransform [1.1 0.0 0.0 0.0 0.0 1.1 0.0 0.0 0.0 0.0 1.1 0.0 -9.609 0.05 6.704 1.0]
	ConcatTransform [-0.480651 -0.45775 -0.747957 0.0 0.23622 0.753828 -0.613142 0.0 0.844497 -0.471389 -0.254199 0.0 -0.696808 -0.483168 1.351025 1.0]
289
	ConcatTransform [1.1 0.0 0.0 0.0 0.0 1.1 0.0 0.0 0.0 0.0 1.1 0.0 -9.609 0.05 6.704 1.0]
	ConcatTransform [-0.475055 -0.453129 -0.754319 0.0 0.229238 0.763896 -0.603252 0.0 0.849572 -0.459497 -0.259018 0.0 -0.694111 -0.485356 1.349792 1.0]
290
	ConcatTransform [1.1 0.0 0.0 0.0 0.0 1.1 0.0 0.0 0.0 0.0 1.1 0.0 -9.609 0.05 6.704 1.0]
	ConcatTransform [-0.474792 -0.43202 -0.766767 0.0 0.250523 0.768844 -0.588318 0.0 0.843689 -0.471421 -0.25681 0.0 -0.692424 -0.489166 1.345072 1.0]
291
	ConcatTransform [1.1 0.0 0.0 0.0 0.0 1.1 0.0 0.0 0.0 0.0 1.1 0.0 -9.609 0.05 6.704 1.0]
	ConcatTransform [-0.474824 -0.420702 -0.773015 0.0 0.26865 0.767136 -0.58252 0.0 0.838075 -0.484265 -0.251233 0.0 -0.695913 -0.490351 1.342553 1.0]
292
	ConcatTransform [1.1 0.0 0.0 0.0 0.0 1.1 0.0 0.0 0.0 0.0 1.1 0.0 -9.609 0.05 6.704 1.0]
	ConcatTransform [-0.483288 -0.396721 -0.780414 0.0 0.291781 0.767472 -0.570833 0.0 0.825407 -0.503586 -0.255154 0.0 -0.705242 -0.492409 1.338351 1.0]
293
	ConcatTransform [1.1 0.0 0.0 0.0 0.0 1.1 0.0 0.0 0.0 0.0 1.1 0.0 -9.609 0.05 6.704 1.0]
	ConcatTransform [-0.48519 -0.37951 -0.787758 0.0 0.302553 0.772393 -0.558454 0.0 0.820398 -0.509295 -0.259936 0.0 -0.71216 -0.49309 1.3335 1.0]
294
	ConcatTransform [1.1 0.0 0.0 0.0 0.0 1.1 0.0 0.0 0.0 0.0 1.1 0.0 -9.609 0.05 6.704 1.0]
	ConcatTransform [-0.486021 -0.363962 -0.794554 0.0 0.309951 0.778272 -0.546098 0.0 0.817138 -0.511688 -0.265446 0.0 -0.719468 -0.491736 1.325579 1.0]
295
	ConcatTransform [1.1 0.0 0.0 0.0 0.0 1.1 0.0 0.0 0.0 0.0 1.1 0.0 -9.609 0.05 6.704 1.0]
	ConcatTransform [-0.488241 -0.359839 -0.79507 0.0 0.307365 0.781762 -0.542564 0.0 0.816791 -0.509279 -0.271086 0.0 -0.722382 -0.491338 1.320978 1.0]
296
	ConcatTransform [1.1 0.0 0.0 0.0 0.0 1.1 0.0 0.0 0.0 0.0 1.1 0.0 -9.609 0.05 6.704 1.0]
	ConcatTransform [-0.48594 -0.357005 -0.797753 0.0 0.302862 0.78743 -0.536869 0.0 0.81984 -0.502495 -0.27452 0.0 -0.723954 -0.491321 1.315436 1.0]
297
	ConcatTransform [1.1 0.0 0.0 0.0 0.0 1.1 0.0 0.0 0.0 0.0 1.1 0.0 -9.609 0.05 6.704 1.0]
	ConcatTransform [-0.486565 -0.355117 -0.798214 0.0 0.302204 0.788844 -0.535162 0.0 0.819712 -0.501615 -0.276506 0.0 -0.723727 -0.491151 1.312769 1.0]
298
	ConcatTransform [1.1 0.0 0.0 0.0 0.0 1.1 0.0 0.0 0.0 0.0 1.1 0.0 -9.609 0.05 6.704 1.0]
	ConcatTransform [-0.490199 -0.352391 -0.797199 0.0 0.299296 0.79096 -0.533671 0.0 0.818613 -0.500203 -0.282258 0.0 -0.723687 -0.490931 1.310668 1.0]
299
	ConcatTransform [1.1 0.0 0.0 0.0 0.0 1.1 0.0 0.0 0.0 0.0 1.1 0.0 -9.609 0.05 6.704 1.0]
	ConcatTransform [-0.492896 -0.3524 -0.79553 0.0 0.297527 0.790929 -0.534704 0.0 0.817638 -0.500245 -0.284997 0.0 -0.723776 -0.490895 1.31047 1.0]
300
	ConcatTransform [1.1 0.0 0.0 0.0 0.0 1.1 0.0 0.0 0.0 0.0 1.1 0.0 -9.609 0.05 6.704 1.0]
	ConcatTransform [-0.496128 -0.355213 -0.792263 0.0 0.295468 0.78895 -0.538755 0.0 0.816428 -0.50138 -0.286466 0.0 -0.723884 -0.49102 1.311973 1.0]
301
	ConcatTransform [1.1 0.0 0.0 0.0 0.0 1.1 0.0 0.0 0.0 0.0 1.1 0.0 -9.609 0.05 6.704 1.0]
	ConcatTransform [-0.497241 -0.35921 -0.789759 0.0 0.294238 0.786505 -0.542986 0.0 0.816196 -0.502372 -0.28539 0.0 -0.723934 -0.491226 1.314135 1.0]
302
	ConcatTransform [1.1 0.0 0.0 0.0 0.0 1.1 0.0 0.0 0.0 0.0 1.1 0.0 -9.609 0.05 6.704 1.0]
	ConcatTransform [-0.498077 -0.373139 -0.782743 0.0 0.291599 0.778035 -0.556446 0.0 0.816633 -0.505399 -0.278714 0.0 -0.723444 -0.491902 1.318648 1.0]
303
	ConcatTransform [1.1 0.0 0.0 0.0 0.0 1.1 0.0 0.0 0.0 0.0 1.1 0.0 -9.609 0.05 6.704 1.0]
	ConcatTransform [-0.497858 -0.382844 -0.778183 0.0 0.290523 0.771823 -0.565584 0.0 0.81715 -0.50766 -0.273033 0.0 -0.722969 -0.492291 1.322632 1.0]
304
	ConcatTransform [1.1 0.0 0.0 0.0 0.0 1.1 0.0 0.0 0.0 0.0 1.1 0.0 -9.609 0.05 6.704 1.0]
	ConcatTransform [-0.497924 -0.390401 -0.774377 0.0 0.29023 0.766434 -0.573014 0.0 0.817214 -0.510065 -0.26832 0.0 -0.722323 -0.492517 1.329236 1.0]
305
	ConcatTransform [1.1 0.0 0.0 0.0 0.0 1.1 0.0 0.0 0.0 0.0 1.1 0.0 -9.609 0.05 6.704 1.0]
	ConcatTransform [-0.49227 -0.394101 -0.776115 0.0 0.289254 0.766898 -0.572887 0.0 0.820977 -0.506509 -0.263525 0.0 -0.722235 -0.492192 1.331769 1.0]
306
	ConcatTransform [1.1 0.0 0.0 0.0 0.0 1.1 0.0 0.0 0.0 0.0 1.1 0.0 -9.609 0.05 6.704 1.0]
	ConcatTransform [-0.487711 -0.3949 -0.778583 0.0 0.29134 0.767092 -0.571569 0.0 0.822957 -0.505593 -0.259069 0.0 -0.722863 -0.49206 1.332669 1.0]
307
	ConcatTransform [1.1 0.0 0.0 0.0 0.0 1.1 0.0 0.0 0.0 0.0 1.1 0.0 -9.609 0.05 6.704 1.0]
	ConcatTransform [-0.487766 -0.391873 -0.780077 0.0 0.294222 0.767508 -0.56953 0.0 0.821899 -0.507313 -0.259067 0.0 -0.724222 -0.492253 1.332047 1.0]
308
	ConcatTransform [1.1 0.0 0.0 0.0 0.0 1.1 0.0 0.0 0.0 0.0 1.1 0.0 -9.609 0.05 6.704 1.0]
	ConcatTransform [-0.489245 -0.387914 -0.781128 0.0 0.297459 0.767718 -0.567563 0.0 0.819852 -0.510031 -0.260213 0.0 -0.726053 -0.492382 1.330484 1.0]
309
	ConcatTransform [1.1 0.0 0.0 0.0 0.0 1.1 0.0 0.0 0.0 0.0 1.1 0.0 -9.609 0.05 6.704 1.0]
	ConcatTransform [-0.488459 -0.387288 -0.781931 0.0 0.297173 0.768704 -0.566376 0.0 0.820424 -0.509021 -0.260389 0.0 -0.726381 -0.492413 1.329893 1.0]
310
	ConcatTransform [1.1 0.0 0.0 0.0 0.0 1.1 0.0 0.0 0.0 0.0 1.1 0.0 -9.609 0.05 6.704 1.0]
	ConcatTransform [-0.488711 -0.385921 -0.782449 0.0 0.297086 0.769634 -0.565158 0.0 0.820306 -0.508653 -0.261477 0.0 -0.72651 -0.492376 1.329075 1.0]
311
	ConcatTransform [1.1 0.0 0.0 0.0 0.0 1.1 0.0 0.0 0.0 0.0 1.1 0.0 -9.609 0.05 6.704 1.0]
	ConcatTransform [-0.488803 -0.38541 -0.782643 0.0 0.297021 0.770002 -0.564691 0.0 0.820274 -0.508484 -0.261905 0.0 -0.726539 -0.492353 1.328731 1.0]
312
	ConcatTransform [1.1 0.0 0.0 0.0 0.0 1.1 0.0 0.0 0.0 0.0 1.1 0.0 -9.609 0.05 6.704 1.0]
	ConcatTransform [-0.488758 -0.385113 -0.782818 0.0 0.297009 0.770245 -0.564366 0.0 0.820306 -0.508342 -0.262081 0.0 -0.7265 -0.492338 1.328519 1.0]
313
	ConcatTransform [1.1 0.0 0.0 0.0 0.0 1.1 0.0 0.0 0.0 0.0 1.1 0.0 -9.609 0.05 6.704 1.0]
	ConcatTransform [-0.488775 -0.385019 -0.782854 0.0 0.297055 0.770276 -0.564299 0.0 0.820279 -0.508366 -0.26212 0.0 -0.726522 -0.492329 1.328466 1.0]
314
	ConcatTransform [1.1 0.0 0.0 0.0 0.0 1.1 0.0 0.0 0.0 0.0 1.1 0.0 -9.609 0.05 6.704 1.0]
	ConcatTransform [-0.488792 -0.384876 -0.782913 0.0 0.297072 0.770361 -0.564175 0.0 0.820262 -0.508345 -0.262211 0.0 -0.726559 -0.492322 1.328401 1.0]
315
	ConcatTransform [1.1 0.0 0.0 0.0 0.0 1.1 0.0 0.0 0.0 0.0 1.1 0.0 -9.609 0.05 6.704 1.0]
	ConcatTransform [-0.488758 -0.384798 -0.782972 0.0 0.297018 0.770465 -0.564061 0.0 0.820302 -0.508246 -0.262279 0.0 -0.726558 -0.492318 1.328351 1.0]
316
	ConcatTransform [1.1 0.0 0.0 0.0 0.0 1.1 0.0 0.0 0.0 0.0 1.1 0.0 -9.609 0.05 6.704 1.0]
	ConcatTransform [-0.488759 -0.384879 -0.782932 0.0 0.296992 0.770423 -0.564132 0.0 0.820311 -0.508249 -0.262245 0.0 -0.726578 -0.492314 1.328284 1.0]
317
	ConcatTransform [1.1 0.0 0.0 0.0 0.0 1.1 0.0 0.0 0.0 0.0 1.1 0.0 -9.609 0.05 6.704 1.0]
	ConcatTransform [-0.488783 -0.384908 -0.782903 0.0 0.296956 0.770413 -0.564163 0.0 0.82031 -0.508241 -0.262264 0.0 -0.7266 -0.492313 1.328247 1.0]
318
	ConcatTransform [1.1 0.0 0.0 0.0 0.0 1.1 0.0 0.0 0.0 0.0 1.1 0.0 -9.609 0.05 6.704 1.0]
	ConcatTransform [-0.488794 -0.384907 -0.782896 0.0 0.296893 0.770448 -0.564149 0.0 0.820326 -0.50819 -0.262314 0.0 -0.726645 -0.492313 1.328193 1.0]
319
	ConcatTransform [1.1 0.0 0.0 0.0 0.0 1.1 0.0 0.0 0.0 0.0 1.1 0.0 -9.609 0.05 6.704 1.0]
	ConcatTransform [-0.488818 -0.384913 -0.782879 0.0 0.296871 0.770447 -0.564162 0.0 0.82032 -0.508187 -0.262339 0.0 -0.726681 -0.492313 1.328158 1.0]
320
	ConcatTransform [1.1 0.0 0.0 0.0 0.0 1.1 0.0 0.0 0.0 0.0 1.1 0.0 -9.609 0.05 6.704 1.0]
	ConcatTransform [-0.488873 -0.38495 -0.782826 0.0 0.296865 0.7704 -0.56423 0.0 0.820289 -0.50823 -0.26235 0.0 -0.726738 -0.49231 1.328109 1.0]
321
	ConcatTransform [1.1 0.0 0.0 0.0 0.0 1.1 0.0 0.0 0.0 0.0 1.1 0.0 -9.609 0.05 6.704 1.0]
	ConcatTransform [-0.488702 -0.385173 -0.782823 0.0 0.296648 0.770449 -0.564277 0.0 0.82047 -0.507986 -0.262259 0.0 -0.726737 -0.492323 1.328248 1.0]
322
	ConcatTransform [1.1 0.0 0.0 0.0 0.0 1.1 0.0 0.0 0.0 0.0 1.1 0.0 -9.609 0.05 6.704 1.0]
	ConcatTransform [-0.488636 -0.385304 -0.7828 0.0 0.296644 0.770387 -0.564364 0.0 0.82051 -0.507981 -0.262141 0.0 -0.726673 -0.492306 1.328365 1.0]
323
	ConcatTransform [1.1 0.0 0.0 0.0 0.0 1.1 0.0 0.0 0.0 0.0 1.1 0.0 -9.609 0.05 6.704 1.0]
	ConcatTransform [-0.488548 -0.385021 -0.782994 0.0 0.297372 0.770179 -0.564264 0.0 0.820299 -0.50851 -0.261775 0.0 -0.726794 -0.492321 1.328437 1.0]
324
	ConcatTransform [1.1 0.0 0.0 0.0 0.0 1.1 0.0 0.0 0.0 0.0 1.1 0.0 -9.609 0.05 6.704 1.0]
	ConcatTransform [-0.49052 -0.383643 -0.782437 0.0 0.297189 0.770404 -0.564054 0.0 0.819188 -0.509212 -0.263884 0.0 -0.728062 -0.49246 1.328608 1.0]
325
	ConcatTransform [1.1 0.0 0.0 0.0 0.0 1.1 0.0 0.0 0.0 0.0 1.1 0.0 -9.609 0.05 6.704 1.0]
	ConcatTransform [-0.491047 -0.384297 -0.781786 0.0 0.296504 0.770121 -0.5648 0.0 0.81912 -0.509146 -0.26422 0.0 -0.728446 -0.492456 1.329192 1.0]
326
	ConcatTransform [1.1 0.0 0.0 0.0 0.0 1.1 0.0 0.0 0.0 0.0 1.1 0.0 -9.609 0.05 6.704 1.0]
	ConcatTransform [-0.490509 -0.388195 -0.780196 0.0 0.295819 0.767962 -0.568089 0.0 0.819691 -0.509449 -0.261857 0.0 -0.728217 -0.492513 1.330739 1.0]
327
	ConcatTransform [1.1 0.0 0.0 0.0 0.0 1.1 0.0 0.0 0.0 0.0 1.1 0.0 -9.609 0.05 6.704 1.0]
	ConcatTransform [-0.491179 -0.388441 -0.779652 0.0 0.294136 0.768524 -0.568203 0.0 0.819895 -0.508413 -0.263228 0.0 -0.727905 -0.492392 1.331019 1.0]
328
	ConcatTransform [1.1 0.0 0.0 0.0 0.0 1.1 0.0 0.0 0.0 0.0 1.1 0.0 -9.609 0.05 6.704 1.0]
	ConcatTransform [-0.490925 -0.386542 -0.780755 0.0 0.295028 0.769468 -0.566461 0.0 0.819727 -0.508434 -0.26371 0.0 -0.728083 -0.492375 1.330494 1.0]
329
	ConcatTransform [1.1 0.0 0.0 0.0 0.0 1.1 0.0 0.0 0.0 0.0 1.1 0.0 -9.609 0.05 6.704 1.0]
	ConcatTransform [-0.490905 -0.385878 -0.781096 0.0 0.295218 0.769839 -0.565857 0.0 0.81967 -0.508375 -0.264 0.0 -0.728157 -0.492356 1.330161 1.0]
330
	ConcatTransform [1.1 0.0 0.0 0.0 0.0 1.1 0.0 0.0 0.0 0.0 1.1 0.0 -9.609 0.05 6.704 1.0]
	ConcatTransform [-0.493089 -0.382323 -0.781468 0.0 0.298512 0.769374 -0.56476 0.0 0.817162 -0.511754 -0.265242 0.0 -0.729144 -0.492561 1.328887 1.0]
331
	ConcatTransform [1.1 0.0 0.0 0.0 0.0 1.1 0.0 0.0 0.0 0.0 1.1 0.0 -9.609 0.05 6.704 1.0]
	ConcatTransform [-0.492076 -0.382772 -0.781887 0.0 0.297135 0.770367 -0.564132 0.0 0.818274 -0.509922 -0.265344 0.0 -0.729038 -0.492564 1.327872 1.0]
332
	ConcatTransform [1.1 0.0 0.0 0.0 0.0 1.1 0.0 0.0 0.0 0.0 1.1 0.0 -9.609 0.05 6.704 1.0]
	ConcatTransform [-0.492127 -0.382838 -0.781822 0.0 0.295744 0.771162 -0.563777 0.0 0.818747 -0.508669 -0.266288 0.0 -0.728372 -0.492401 1.327402 1.0]
333
	ConcatTransform [1.1 0.0 0.0 0.0 0.0 1.1 0.0 0.0 0.0 0.0 1.1 0.0 -9.609 0.05 6.704 1.0]
	ConcatTransform [-0.492329 -0.38405 -0.7811 0.0 0.29483 0.770763 -0.5648 0.0 0.818955 -0.50836 -0.26624 0.0 -0.728111 -0.492373 1.32785 1.0]
334
	ConcatTransform [1.1 0.0 0.0 0.0 0.0 1.1 0.0 0.0 0.0 0.0 1.1 0.0 -9.609 0.05 6.704 1.0]
	ConcatTransform [-0.492 -0.387473 -0.779616 0.0 0.294604 0.768568 -0.567901 0.0 0.819234 -0.509085 -0.263985 0.0 -0.727855 -0.49245 1.329613 1.0]
335
	ConcatTransform [1.1 0.0 0.0 0.0 0.0 1.1 0.0 0.0 0.0 0.0 1.1 0.0 -9.609 0.05 6.704 1.0]
	ConcatTransform [-0.492462 -0.390829 -0.777646 0.0 0.29376 0.766428 -0.571221 0.0 0.81926 -0.509745 -0.262627 0.0 -0.727672 -0.492525 1.331388 1.0]
336
	ConcatTransform [1.1 0.0 0.0 0.0 0.0 1.1 0.0 0.0 0.0 0.0 1.1 0.0 -9.609 0.05 6.704 1.0]
	ConcatTransform [-0.495789 -0.384836 -0.778521 0.0 0.295094 0.768462 -0.56779 0.0 0.81677 -0.511241 -0.267432 0.0 -0.727479 -0.492771 1.331748 1.0]
337
	ConcatTransform [1.1 0.0 0.0 0.0 0.0 1.1 0.0 0.0 0.0 0.0 1.1 0.0 -9.609 0.05 6.704 1.0]
	ConcatTransform [-0.495875 -0.384068 -0.778845 0.0 0.294911 0.769097 -0.567025 0.0 0.816784 -0.510864 -0.268109 0.0 -0.728163 -0.492699 1.330981 1.0]
338
	ConcatTransform [1.1 0.0 0.0 0.0 0.0 1.1 0.0 0.0 0.0 0.0 1.1 0.0 -9.609 0.05 6.704 1.0]
	ConcatTransform [-0.495097 -0.383757 -0.779493 0.0 0.293952 0.770275 -0.565923 0.0 0.817601 -0.50932 -0.268554 0.0 -0.728308 -0.492484 1.330491 1.0]
339
	ConcatTransform [1.1 0.0 0.0 0.0 0.0 1.1 0.0 0.0 0.0 0.0 1.1 0.0 -9.609 0.05 6.704 1.0]
	ConcatTransform [-0.494235 -0.384958 -0.779448 0.0 0.293861 0.769848 -0.56655 0.0 0.818155 -0.509058 -0.267362 0.0 -0.728202 -0.492446 1.330847 1.0]
340
	ConcatTransform [1.1 0.0 0.0 0.0 0.0 1.1 0.0 0.0 0.0 0.0 1.1 0.0 -9.609 0.05 6.704 1.0]
	ConcatTransform [-0.494478 -0.387275 -0.778145 0.0 0.293102 0.768522 -0.56874 0.0 0.81828 -0.509306 -0.266506 0.0 -0.727636 -0.492424 1.332157 1.0]
341
	ConcatTransform [1.1 0.0 0.0 0.0 0.0 1.1 0.0 0.0 0.0 0.0 1.1 0.0 -9.609 0.05 6.704 1.0]
	ConcatTransform [-0.494343 -0.387097 -0.778319 0.0 0.292468 0.769108 -0.568274 0.0 0.818589 -0.508556 -0.266989 0.0 -0.727212 -0.492379 1.332516 1.0]
342
	ConcatTransform [1.1 0.0 0.0 0.0 0.0 1.1 0.0 0.0 0.0 0.0 1.1 0.0 -9.609 0.05 6.704 1.0]
	ConcatTransform [-0.494183 -0.386154 -0.778889 0.0 0.292521 0.769835 -0.567261 0.0 0.818667 -0.508172 -0.267481 0.0 -0.727218 -0.49235 1.331954 1.0]
343
	ConcatTransform [1.1 0.0 0.0 0.0 0.0 1.1 0.0 0.0 0.0 0.0 1.1 0.0 -9.609 0.05 6.704 1.0]
	ConcatTransform [-0.494464 -0.385574 -0.778998 0.0 0.292409 0.7702 -0.566824 0.0 0.818537 -0.50806 -0.268091 0.0 -0.72727 -0.492341 1.331622 1.0]
344
	ConcatTransform [1.1 0.0 0.0 0.0 0.0 1.1 0.0 0.0 0.0 0.0 1.1 0.0 -9.609 0.05 6.704 1.0]
	ConcatTransform [-0.495691 -0.381939 -0.780008 0.0 0.293878 0.77137 -0.564467 0.0 0.817267 -0.509029 -0.270118 0.0 -0.728805 -0.492472 1.330165 1.0]
345
	ConcatTransform [1.1 0.0 0.0 0.0 0.0 1.1 0.0 0.0 0.0 0.0 1.1 0.0 -9.609 0.05 6.704 1.0]
	ConcatTransform [-0.495824 -0.384242 -0.778792 0.0 0.29319 0.770068 -0.5666 0.0 0.817434 -0.509268 -0.269162 0.0 -0.729304 -0.492474 1.329507 1.0]
346
	ConcatTransform [1.1 0.0 0.0 0.0 0.0 1.1 0.0 0.0 0.0 0.0 1.1 0.0 -9.609 0.05 6.704 1.0]
	ConcatTransform [-0.496021 -0.386686 -0.777456 0.0 0.291786 0.76907 -0.568676 0.0 0.817817 -0.508925 -0.268645 0.0 -0.72899 -0.492435 1.32925 1.0]
347
	ConcatTransform [1.1 0.0 0.0 0.0 0.0 1.1 0.0 0.0 0.0 0.0 1.1 0.0 -9.609 0.05 6.704 1.0]
	ConcatTransform [-0.495992 -0.386296 -0.777668 0.0 0.291586 0.769493 -0.568206 0.0 0.817906 -0.508582 -0.269024 0.0 -0.728796 -0.492383 1.329036 1.0]
348
	ConcatTransform [1.1 0.0 0.0 0.0 0.0 1.1 0.0 0.0 0.0 0.0 1.1 0.0 -9.609 0.05 6.704 1.0]
	ConcatTransform [-0.49595 -0.385652 -0.778014 0.0 0.291627 0.769956 -0.567557 0.0 0.817917 -0.50837 -0.269393 0.0 -0.728734 -0.492348 1.328635 1.0]
349
	ConcatTransform [1.1 0.0 0.0 0.0 0.0 1.1 0.0 0.0 0.0 0.0 1.1 0.0 -9.609 0.05 6.704 1.0]
	ConcatTransform [-0.496428 -0.384469 -0.778295 0.0 0.291889 0.770439 -0.566767 0.0 0.817533 -0.508534 -0.270245 0.0 -0.728771 -0.492374 1.328029 1.0]
350
	ConcatTransform [1.1 0.0 0.0 0.0 0.0 1.1 0.0 0.0 0.0 0.0 1.1 0.0 -9.609 0.05 6.704 1.0]
	ConcatTransform [-0.497483 -0.378018 -0.780777 0.0 0.295393 0.772448 -0.562199 0.0 0.815631 -0.51032 -0.272615 0.0 -0.730455 -0.492654 1.326126 1.0]
351
	ConcatTransform [1.1 0.0 0.0 0.0 0.0 1.1 0.0 0.0 0.0 0.0 1.1 0.0 -9.609 0.05 6.704 1.0]
	ConcatTransform [-0.499352 -0.376035 -0.780542 0.0 0.295917 0.772703 -0.561572 0.0 0.814297 -0.511398 -0.274576 0.0 -0.731317 -0.492473 1.324605 1.0]
352
	ConcatTransform [1.1 0.0 0.0 0.0 0.0 1.1 0.0 0.0 0.0 0.0 1.1 0.0 -9.609 0.05 6.704 1.0]
	ConcatTransform [-0.497996 -0.377375 -0.780761 0.0 0.293455 0.77389 -0.56123 0.0 0.816017 -0.508609 -0.274652 0.0 -0.731 -0.49236 1.323398 1.0]
353
	ConcatTransform [1.1 0.0 0.0 0.0 0.0 1.1 0.0 0.0 0.0 0.0 1.1 0.0 -9.609 0.05 6.704 1.0]
	ConcatTransform [-0.49825 -0.378084 -0.780256 0.0 0.291945 0.774206 -0.561581 0.0 0.816404 -0.507599 -0.275369 0.0 -0.730328 -0.492251 1.323433 1.0]
354
	ConcatTransform [1.1 0.0 0.0 0.0 0.0 1.1 0.0 0.0 0.0 0.0 1.1 0.0 -9.609 0.05 6.704 1.0]
	ConcatTransform [-0.496433 -0.382483 -0.77927 0.0 0.292244 0.771659 -0.564921 0.0 0.817403 -0.508182 -0.271298 0.0 -0.729354 -0.49233 1.324579 1.0]
355
	ConcatTransform [1.1 0.0 0.0 0.0 0.0 1.1 0.0 0.0 0.0 0.0 1.1 0.0 -9.609 0.05 6.704 1.0]
	ConcatTransform [-0.495809 -0.385077 -0.778389 0.0 0.29177 0.77035 -0.566949 0.0 0.817951 -0.508209 -0.269593 0.0 -0.728934 -0.492342 1.325922 1.0]
356
	ConcatTransform [1.1 0.0 0.0 0.0 0.0 1.1 0.0 0.0 0.0 0.0 1.1 0.0 -9.609 0.05 6.704 1.0]
	ConcatTransform [-0.49686 -0.386782 -0.776872 0.0 0.290736 0.769271 -0.568942 0.0 0.817681 -0.508549 -0.269768 0.0 -0.728607 -0.492373 1.326743 1.0]
357
	ConcatTransform [1.1 0.0 0.0 0.0 0.0 1.1 0.0 0.0 0.0 0.0 1.1 0.0 -9.609 0.05 6.704 1.0]
	ConcatTransform [-0.497269 -0.388105 -0.775949 0.0 0.290264 0.768407 -0.570349 0.0 0.8176 -0.508847 -0.269452 0.0 -0.728594 -0.492373 1.327299 1.0]
358
	ConcatTransform [1.1 0.0 0.0 0.0 0.0 1.1 0.0 0.0 0.0 0.0 1.1 0.0 -9.609 0.05 6.704 1.0]
	ConcatTransform [-0.499325 -0.382873 -0.777228 0.0 0.293216 0.769455 -0.567419 0.0 0.815291 -0.511222 -0.271943 0.0 -0.729473 -0.492764 1.326258 1.0]
359
	ConcatTransform [1.1 0.0 0.0 0.0 0.0 1.1 0.0 0.0 0.0 0.0 1.1 0.0 -9.609 0.05 6.704 1.0]
	ConcatTransform [-0.49979 -0.379468 -0.778597 0.0 0.294264 0.771062 -0.564687 0.0 0.814628 -0.511338 -0.273706 0.0 -0.730429 -0.492764 1.325112 1.0]
360
	ConcatTransform [1.1 0.0 0.0 0.0 0.0 1.1 0.0 0.0 0.0 0.0 1.1 0.0 -9.609 0.05 6.704 1.0]
	ConcatTransform [0.841598 -0.385261 -0.378534 0.0 0.519199 0.770188 0.370465 0.0 0.148817 -0.508316 0.848215 0.0 -1.214022 -0.492307 0.629646 1.0]
