228
	ConcatTransform [1.1 0.0 0.0 0.0 0.0 1.1 0.0 0.0 0.0 0.0 1.1 0.0 -9.609 0.05 6.704 1.0]
	ConcatTransform [0.160474 0.414374 -0.895847 0.0 -0.928404 0.371532 0.005546 0.0 0.335134 0.830818 0.444327 0.0 -0.572205 0.069925 0.469506 1.0]
229
	ConcatTransform [1.1 0.0 0.0 0.0 0.0 1.1 0.0 0.0 0.0 0.0 1.1 0.0 -9.609 0.05 6.704 1.0]
	ConcatTransform [-0.533207 -0.166496 -0.829439 0.0 -0.813241 -0.169257 0.556769 0.0 -0.233088 0.971407 -0.045153 0.0 -0.95477 0.107021 0.78183 1.0]
230
	ConcatTransform [1.1 0.0 0.0 0.0 0.0 1.1 0.0 0.0 0.0 0.0 1.1 0.0 -9.609 0.05 6.704 1.0]
	ConcatTransform [-0.297085 -0.948465 0.110251 0.0 0.209688 0.047841 0.976597 0.0 -0.931542 0.313251 0.184669 0.0 -1.524763 0.153038 1.254013 1.0]
231
	ConcatTransform [1.1 0.0 0.0 0.0 0.0 1.1 0.0 0.0 0.0 0.0 1.1 0.0 -9.609 0.05 6.704 1.0]
	ConcatTransform [0.387685 -0.797711 0.461908 0.0 0.606991 0.598043 0.523361 0.0 -0.693731 0.077475 0.716055 0.0 -1.899618 0.183251 1.573733 1.0]
232
	ConcatTransform [1.1 0.0 0.0 0.0 0.0 1.1 0.0 0.0 0.0 0.0 1.1 0.0 -9.609 0.05 6.704 1.0]
	ConcatTransform [0.993245 -0.044943 -0.106981 0.0 -0.004271 0.907161 -0.420762 0.0 0.115959 0.418376 0.900841 0.0 -2.4619 0.210011 2.053313 1.0]
233
	ConcatTransform [1.1 0.0 0.0 0.0 0.0 1.1 0.0 0.0 0.0 0.0 1.1 0.0 -9.609 0.05 6.704 1.0]
	ConcatTransform [0.6246 0.197275 -0.755618 0.0 -0.720676 0.51833 -0.460392 0.0 0.300836 0.832116 0.46592 0.0 -2.836755 0.215478 2.373034 1.0]
234
	ConcatTransform [1.1 0.0 0.0 0.0 0.0 1.1 0.0 0.0 0.0 0.0 1.1 0.0 -9.609 0.05 6.704 1.0]
	ConcatTransform [-0.37411 -0.297174 -0.878481 0.0 -0.873437 -0.205465 0.441466 0.0 -0.311689 0.932455 -0.182696 0.0 -3.399037 0.205116 2.852614 1.0]
235
	ConcatTransform [1.1 0.0 0.0 0.0 0.0 1.1 0.0 0.0 0.0 0.0 1.1 0.0 -9.609 0.05 6.704 1.0]
	ConcatTransform [-0.526827 -0.797513 -0.293984 0.0 -0.23678 -0.194481 0.951899 0.0 -0.816326 0.571096 -0.086377 0.0 -3.773891 0.185835 3.172334 1.0]
236
	ConcatTransform [1.1 0.0 0.0 0.0 0.0 1.1 0.0 0.0 0.0 0.0 1.1 0.0 -9.609 0.05 6.704 1.0]
	ConcatTransform [0.309013 -0.83666 0.452229 0.0 0.594957 0.541028 0.594403 0.0 -0.741982 0.085379 0.664961 0.0 -4.336174 0.138353 3.651914 1.0]
237
	ConcatTransform [1.1 0.0 0.0 0.0 0.0 1.1 0.0 0.0 0.0 0.0 1.1 0.0 -9.609 0.05 6.704 1.0]
	ConcatTransform [0.89807 -0.356757 0.257282 0.0 0.392497 0.914006 -0.102656 0.0 -0.198534 0.193175 0.960868 0.0 -4.711028 0.094324 3.971634 1.0]
238
	ConcatTransform [1.1 0.0 0.0 0.0 0.0 1.1 0.0 0.0 0.0 0.0 1.1 0.0 -9.609 0.05 6.704 1.0]
	ConcatTransform [0.690441 0.194191 -0.696836 0.0 -0.655157 0.576268 -0.488553 0.0 0.306692 0.793854 0.525105 0.0 -5.27331 0.00972 4.451215 1.0]
239
	ConcatTransform [1.1 0.0 0.0 0.0 0.0 1.1 0.0 0.0 0.0 0.0 1.1 0.0 -9.609 0.05 6.704 1.0]
	ConcatTransform [-0.007006 0.001904 -0.999974 0.0 -0.999611 0.026978 0.007054 0.0 0.026991 0.999634 0.001715 0.0 -5.648165 -0.059056 4.770935 1.0]
240
	ConcatTransform [1.1 0.0 0.0 0.0 0.0 1.1 0.0 0.0 0.0 0.0 1.1 0.0 -9.609 0.05 6.704 1.0]
	ConcatTransform [-0.543183 -0.754113 -0.369143 0.0 -0.319307 -0.221086 0.921501 0.0 -0.776528 0.618413 -0.120703 0.0 -6.210444 -0.180781 5.250515 1.0]
241
	ConcatTransform [1.1 0.0 0.0 0.0 0.0 1.1 0.0 0.0 0.0 0.0 1.1 0.0 -9.609 0.05 6.704 1.0]
	ConcatTransform [-0.12564 -0.956494 0.263312 0.0 0.380291 0.198706 0.903269 0.0 -0.916293 0.213622 0.338781 0.0 -6.585297 -0.274304 5.570235 1.0]
242
	ConcatTransform [1.1 0.0 0.0 0.0 0.0 1.1 0.0 0.0 0.0 0.0 1.1 0.0 -9.609 0.05 6.704 1.0]
	ConcatTransform [0.778092 -0.453589 0.434545 0.0 0.545412 0.831029 -0.109162 0.0 -0.311605 0.321944 0.89401 0.0 -7.143273 -0.42378 6.041492 1.0]
243
	ConcatTransform [1.1 0.0 0.0 0.0 0.0 1.1 0.0 0.0 0.0 0.0 1.1 0.0 -9.609 0.05 6.704 1.0]
	ConcatTransform [0.981475 -0.148219 0.121403 0.0 0.180988 0.509384 -0.841291 0.0 0.062854 0.847678 0.526774 0.0 -7.506124 -0.517906 6.340361 1.0]
244
	ConcatTransform [1.1 0.0 0.0 0.0 0.0 1.1 0.0 0.0 0.0 0.0 1.1 0.0 -9.609 0.05 6.704 1.0]
	ConcatTransform [0.192726 -0.947507 0.255121 0.0 0.04457 -0.251274 -0.966889 0.0 0.98024 0.197716 -0.006197 0.0 -7.907678 -0.328514 6.60794 1.0]
245
	ConcatTransform [1.1 0.0 0.0 0.0 0.0 1.1 0.0 0.0 0.0 0.0 1.1 0.0 -9.609 0.05 6.704 1.0]
	ConcatTransform [-0.38923 -0.865297 0.315849 0.0 -0.345281 -0.180835 -0.920913 0.0 0.85398 -0.467504 -0.228384 0.0 -8.160745 -0.093614 6.697596 1.0]
246
	ConcatTransform [1.1 0.0 0.0 0.0 0.0 1.1 0.0 0.0 0.0 0.0 1.1 0.0 -9.609 0.05 6.704 1.0]
	ConcatTransform [-0.861768 -0.392869 0.320951 0.0 -0.441319 0.268562 -0.85622 0.0 0.250187 -0.879505 -0.404819 0.0 -8.515325 0.265215 6.831213 1.0]
247
	ConcatTransform [1.1 0.0 0.0 0.0 0.0 1.1 0.0 0.0 0.0 0.0 1.1 0.0 -9.609 0.05 6.704 1.0]
	ConcatTransform [-0.941922 -0.045726 0.332706 0.0 -0.304581 0.533648 -0.788955 0.0 -0.141472 -0.84447 -0.516581 0.0 -8.746239 0.497535 6.920192 1.0]
248
	ConcatTransform [1.1 0.0 0.0 0.0 0.0 1.1 0.0 0.0 0.0 0.0 1.1 0.0 -9.609 0.05 6.704 1.0]
	ConcatTransform [-0.782942 0.449587 0.429969 0.0 0.071029 0.751248 -0.656187 0.0 -0.618026 -0.483217 -0.620117 0.0 -9.092609 0.827454 7.053662 1.0]
249
	ConcatTransform [1.1 0.0 0.0 0.0 0.0 1.1 0.0 0.0 0.0 0.0 1.1 0.0 -9.609 0.05 6.704 1.0]
	ConcatTransform [-0.520752 0.669596 0.529584 0.0 0.364378 0.735323 -0.571427 0.0 -0.77204 -0.104603 -0.626907 0.0 -9.323524 1.035026 7.142642 1.0]
250
	ConcatTransform [1.1 0.0 0.0 0.0 0.0 1.1 0.0 0.0 0.0 0.0 1.1 0.0 -9.609 0.05 6.704 1.0]
	ConcatTransform [-0.018039 0.729521 0.68372 0.0 0.729098 0.477533 -0.490285 0.0 -0.684172 0.489655 -0.540506 0.0 -9.669894 1.327824 7.276111 1.0]
251
	ConcatTransform [1.1 0.0 0.0 0.0 0.0 1.1 0.0 0.0 0.0 0.0 1.1 0.0 -9.609 0.05 6.704 1.0]
	ConcatTransform [0.295395 0.578129 0.760597 0.0 0.853365 0.198278 -0.482135 0.0 -0.429546 0.791487 -0.434785 0.0 -9.900808 1.510648 7.36509 1.0]
252
	ConcatTransform [1.1 0.0 0.0 0.0 0.0 1.1 0.0 0.0 0.0 0.0 1.1 0.0 -9.609 0.05 6.704 1.0]
	ConcatTransform [0.5837 0.136134 0.800476 0.0 0.802261 -0.248689 -0.542707 0.0 0.125188 0.958969 -0.254375 0.0 -10.24718 1.766325 7.498559 1.0]
253
	ConcatTransform [1.1 0.0 0.0 0.0 0.0 1.1 0.0 0.0 0.0 0.0 1.1 0.0 -9.609 0.05 6.704 1.0]
	ConcatTransform [0.600385 -0.218574 0.769262 0.0 0.619477 -0.481227 -0.620216 0.0 0.505753 0.848908 -0.15352 0.0 -10.478093 1.924402 7.587539 1.0]
254
	ConcatTransform [1.1 0.0 0.0 0.0 0.0 1.1 0.0 0.0 0.0 0.0 1.1 0.0 -9.609 0.05 6.704 1.0]
	ConcatTransform [0.354188 -0.67176 0.650607 0.0 0.209288 -0.621122 -0.755253 0.0 0.911454 0.403666 -0.079402 0.0 -10.824465 2.142957 7.721008 1.0]
255
	ConcatTransform [1.1 0.0 0.0 0.0 0.0 1.1 0.0 0.0 0.0 0.0 1.1 0.0 -9.609 0.05 6.704 1.0]
	ConcatTransform [0.055599 -0.835967 0.545957 0.0 -0.077609 -0.548767 -0.832365 0.0 0.995432 0.003907 -0.09539 0.0 -11.055379 2.276287 7.809988 1.0]
256
	ConcatTransform [1.1 0.0 0.0 0.0 0.0 1.1 0.0 0.0 0.0 0.0 1.1 0.0 -9.609 0.05 6.704 1.0]
	ConcatTransform [-0.451757 -0.797189 0.400506 0.0 -0.391467 -0.226269 -0.891939 0.0 0.801667 -0.559724 -0.209855 0.0 -11.40175 2.457721 7.943457 1.0]
257
	ConcatTransform [1.1 0.0 0.0 0.0 0.0 1.1 0.0 0.0 0.0 0.0 1.1 0.0 -9.609 0.05 6.704 1.0]
	ConcatTransform [-0.734108 -0.588582 0.338609 0.0 -0.463947 0.070648 -0.883041 0.0 0.49582 -0.805345 -0.324934 0.0 -11.632664 2.566303 8.032436 1.0]
258
	ConcatTransform [1.1 0.0 0.0 0.0 0.0 1.1 0.0 0.0 0.0 0.0 1.1 0.0 -9.609 0.05 6.704 1.0]
	ConcatTransform [-0.939326 -0.100894 0.327851 0.0 -0.33301 0.49748 -0.80101 0.0 -0.082282 -0.861588 -0.500895 0.0 -11.979034 2.710616 8.165906 1.0]
259
	ConcatTransform [1.1 0.0 0.0 0.0 0.0 1.1 0.0 0.0 0.0 0.0 1.1 0.0 -9.609 0.05 6.704 1.0]
	ConcatTransform [-0.891957 0.248918 0.377429 0.0 -0.110601 0.689304 -0.71598 0.0 -0.438384 -0.680368 -0.587299 0.0 -12.209949 2.794451 8.254886 1.0]
260
	ConcatTransform [1.1 0.0 0.0 0.0 0.0 1.1 0.0 0.0 0.0 0.0 1.1 0.0 -9.609 0.05 6.704 1.0]
	ConcatTransform [-0.567192 0.644057 0.513307 0.0 0.319757 0.746576 -0.58342 0.0 -0.758979 -0.166778 -0.629394 0.0 -12.55632 2.901642 8.388355 1.0]
261
	ConcatTransform [1.1 0.0 0.0 0.0 0.0 1.1 0.0 0.0 0.0 0.0 1.1 0.0 -9.609 0.05 6.704 1.0]
	ConcatTransform [-0.242694 0.746691 0.619315 0.0 0.590123 0.620333 -0.516664 0.0 -0.76997 0.240081 -0.591191 0.0 -12.787234 2.96073 8.477335 1.0]
262
	ConcatTransform [1.1 0.0 0.0 0.0 0.0 1.1 0.0 0.0 0.0 0.0 1.1 0.0 -9.609 0.05 6.704 1.0]
	ConcatTransform [0.251481 0.610574 0.750971 0.0 0.842092 0.244458 -0.480751 0.0 -0.477114 0.753286 -0.452683 0.0 -13.133605 3.0308 8.610804 1.0]
263
	ConcatTransform [1.1 0.0 0.0 0.0 0.0 1.1 0.0 0.0 0.0 0.0 1.1 0.0 -9.609 0.05 6.704 1.0]
	ConcatTransform [0.492831 0.35208 0.795712 0.0 0.860239 -0.05969 -0.506385 0.0 -0.130792 0.934065 -0.33229 0.0 -13.364519 3.06514 8.699783 1.0]
264
	ConcatTransform [1.1 0.0 0.0 0.0 0.0 1.1 0.0 0.0 0.0 0.0 1.1 0.0 -9.609 0.05 6.704 1.0]
	ConcatTransform [0.607752 -0.164168 0.776972 0.0 0.654068 -0.451394 -0.606992 0.0 0.450369 0.877093 -0.166959 0.0 -13.71089 3.098089 8.833253 1.0]
265
	ConcatTransform [1.1 0.0 0.0 0.0 0.0 1.1 0.0 0.0 0.0 0.0 1.1 0.0 -9.609 0.05 6.704 1.0]
	ConcatTransform [0.497993 -0.496795 0.710773 0.0 0.399848 -0.595762 -0.696556 0.0 0.769497 0.63108 -0.098043 0.0 -13.941804 3.107681 8.922233 1.0]
266
	ConcatTransform [1.1 0.0 0.0 0.0 0.0 1.1 0.0 0.0 0.0 0.0 1.1 0.0 -9.609 0.05 6.704 1.0]
	ConcatTransform [0.106068 -0.820004 0.562444 0.0 -0.03556 -0.568401 -0.821983 0.0 0.993723 0.067186 -0.089448 0.0 -14.288175 3.103509 9.055701 1.0]
267
	ConcatTransform [1.1 0.0 0.0 0.0 0.0 1.1 0.0 0.0 0.0 0.0 1.1 0.0 -9.609 0.05 6.704 1.0]
	ConcatTransform [-0.232939 -0.857462 0.458801 0.0 -0.279897 -0.392704 -0.876037 0.0 0.931342 -0.33248 -0.148525 0.0 -14.519089 3.088354 9.144681 1.0]
268
	ConcatTransform [1.1 0.0 0.0 0.0 0.0 1.1 0.0 0.0 0.0 0.0 1.1 0.0 -9.609 0.05 6.704 1.0]
	ConcatTransform [-0.696572 -0.628786 0.345567 0.0 -0.461125 0.023344 -0.887028 0.0 0.549684 -0.777228 -0.306209 0.0 -14.86546 3.04706 9.278151 1.0]
269
	ConcatTransform [1.1 0.0 0.0 0.0 0.0 1.1 0.0 0.0 0.0 0.0 1.1 0.0 -9.609 0.05 6.704 1.0]
	ConcatTransform [-0.88844 -0.329485 0.319552 0.0 -0.424301 0.324037 -0.845558 0.0 0.175052 -0.886814 -0.427688 0.0 -15.096375 3.007158 9.36713 1.0]
270
	ConcatTransform [1.1 0.0 0.0 0.0 0.0 1.1 0.0 0.0 0.0 0.0 1.1 0.0 -9.609 0.05 6.704 1.0]
	ConcatTransform [-0.909028 0.197185 0.367132 0.0 -0.150139 0.66685 -0.72991 0.0 -0.38875 -0.71863 -0.57658 0.0 -15.442745 2.928743 9.500599 1.0]
271
	ConcatTransform [1.1 0.0 0.0 0.0 0.0 1.1 0.0 0.0 0.0 0.0 1.1 0.0 -9.609 0.05 6.704 1.0]
	ConcatTransform [-0.740733 0.500942 0.447628 0.0 0.126962 0.758691 -0.638959 0.0 -0.659693 -0.416466 -0.625589 0.0 -15.673659 2.864093 9.589579 1.0]
272
	ConcatTransform [1.1 0.0 0.0 0.0 0.0 1.1 0.0 0.0 0.0 0.0 1.1 0.0 -9.609 0.05 6.704 1.0]
	ConcatTransform [-0.295419 0.740866 0.603196 0.0 0.552122 0.647658 -0.525071 0.0 -0.779672 0.177922 -0.600379 0.0 -16.020031 2.748557 9.723048 1.0]
273
	ConcatTransform [1.1 0.0 0.0 0.0 0.0 1.1 0.0 0.0 0.0 0.0 1.1 0.0 -9.609 0.05 6.704 1.0]
	ConcatTransform [0.046188 0.71183 0.700831 0.0 0.761846 0.42868 -0.485618 0.0 -0.64611 0.556355 -0.522505 0.0 -16.250944 2.659159 9.812028 1.0]
274
	ConcatTransform [1.1 0.0 0.0 0.0 0.0 1.1 0.0 0.0 0.0 0.0 1.1 0.0 -9.609 0.05 6.704 1.0]
	ConcatTransform [0.46299 0.398629 0.791666 0.0 0.865966 -0.012924 -0.499936 0.0 -0.189058 0.917021 -0.351183 0.0 -16.597315 2.506502 9.945498 1.0]
275
	ConcatTransform [1.1 0.0 0.0 0.0 0.0 1.1 0.0 0.0 0.0 0.0 1.1 0.0 -9.609 0.05 6.704 1.0]
	ConcatTransform [0.598637 0.069038 0.79804 0.0 0.775465 -0.299598 -0.555784 0.0 0.200721 0.951564 -0.232887 0.0 -16.82823 2.392357 10.034476 1.0]
276
	ConcatTransform [1.1 0.0 0.0 0.0 0.0 1.1 0.0 0.0 0.0 0.0 1.1 0.0 -9.609 0.05 6.704 1.0]
	ConcatTransform [0.524168 -0.449553 0.723292 0.0 0.442944 -0.581478 -0.68241 0.0 0.727358 0.678075 -0.105665 0.0 -17.174601 2.202579 10.167946 1.0]
277
	ConcatTransform [1.1 0.0 0.0 0.0 0.0 1.1 0.0 0.0 0.0 0.0 1.1 0.0 -9.609 0.05 6.704 1.0]
	ConcatTransform [0.303251 -0.713767 0.631328 0.0 0.152698 -0.617566 -0.771554 0.0 0.940597 0.330377 -0.078287 0.0 -17.405514 2.063686 10.256926 1.0]
278
	ConcatTransform [1.1 0.0 0.0 0.0 0.0 1.1 0.0 0.0 0.0 0.0 1.1 0.0 -9.609 0.05 6.704 1.0]
	ConcatTransform [-0.179809 -0.861978 0.473986 0.0 -0.247279 -0.426761 -0.869901 0.0 0.952114 -0.273623 -0.136414 0.0 -17.751886 1.836787 10.390395 1.0]
279
	ConcatTransform [1.1 0.0 0.0 0.0 0.0 1.1 0.0 0.0 0.0 0.0 1.1 0.0 -9.609 0.05 6.704 1.0]
	ConcatTransform [-0.512014 -0.767469 0.385788 0.0 -0.415021 -0.172195 -0.893368 0.0 0.752063 -0.617528 -0.23035 0.0 -17.9828 1.673147 10.479374 1.0]
280
	ConcatTransform [1.1 0.0 0.0 0.0 0.0 1.1 0.0 0.0 0.0 0.0 1.1 0.0 -9.609 0.05 6.704 1.0]
	ConcatTransform [-0.867343 -0.380746 0.320544 0.0 -0.438376 0.279451 -0.854244 0.0 0.235674 -0.881442 -0.40929 0.0 -18.32917 1.409126 10.612844 1.0]
281
	ConcatTransform [1.1 0.0 0.0 0.0 0.0 1.1 0.0 0.0 0.0 0.0 1.1 0.0 -9.609 0.05 6.704 1.0]
	ConcatTransform [-0.942002 -0.032444 0.334034 0.0 -0.297377 0.542036 -0.78598 0.0 -0.155559 -0.839729 -0.520247 0.0 -18.560085 1.220739 10.701823 1.0]
282
	ConcatTransform [1.1 0.0 0.0 0.0 0.0 1.1 0.0 0.0 0.0 0.0 1.1 0.0 -9.609 0.05 6.704 1.0]
	ConcatTransform [-0.775092 0.459849 0.433325 0.0 0.08182 0.753079 -0.652823 0.0 -0.626528 -0.470543 -0.621331 0.0 -18.906456 0.919597 10.835293 1.0]
283
	ConcatTransform [1.1 0.0 0.0 0.0 0.0 1.1 0.0 0.0 0.0 0.0 1.1 0.0 -9.609 0.05 6.704 1.0]
	ConcatTransform [-0.509315 0.67524 0.533526 0.0 0.375015 0.732145 -0.568618 0.0 -0.774572 -0.089525 -0.626118 0.0 -19.137369 0.706462 10.924273 1.0]
284
	ConcatTransform [1.1 0.0 0.0 0.0 0.0 1.1 0.0 0.0 0.0 0.0 1.1 0.0 -9.609 0.05 6.704 1.0]
	ConcatTransform [-0.00548 0.726529 0.687114 0.0 0.735757 0.468273 -0.489267 0.0 -0.677223 0.502868 -0.537115 0.0 -19.48374 0.368199 11.057741 1.0]
285
	ConcatTransform [1.1 0.0 0.0 0.0 0.0 1.1 0.0 0.0 0.0 0.0 1.1 0.0 -9.609 0.05 6.704 1.0]
	ConcatTransform [0.305652 0.569868 0.762776 0.0 0.855625 0.187062 -0.482612 0.0 -0.417711 0.800162 -0.430417 0.0 -19.714655 0.130316 11.146721 1.0]
286
	ConcatTransform [1.1 0.0 0.0 0.0 0.0 1.1 0.0 0.0 0.0 0.0 1.1 0.0 -9.609 0.05 6.704 1.0]
	ConcatTransform [0.438256 -0.006883 0.898824 0.0 0.889351 -0.141677 -0.434722 0.0 0.130335 0.989889 -0.05597 0.0 -20.041252 -0.223474 11.271508 1.0]
287
	ConcatTransform [1.1 0.0 0.0 0.0 0.0 1.1 0.0 0.0 0.0 0.0 1.1 0.0 -9.609 0.05 6.704 1.0]
	ConcatTransform [0.308088 -0.614216 0.726513 0.0 0.92372 0.010395 -0.382927 0.0 0.227648 0.78907 0.570566 0.0 -20.22319 -0.402087 11.303549 1.0]
288
	ConcatTransform [1.1 0.0 0.0 0.0 0.0 1.1 0.0 0.0 0.0 0.0 1.1 0.0 -9.609 0.05 6.704 1.0]
	ConcatTransform [0.497462 -0.8657 0.055629 0.0 0.73919 0.389456 -0.549474 0.0 0.454015 0.314463 0.833657 0.0 -20.355724 -0.476398 11.211458 1.0]
289
	ConcatTransform [1.1 0.0 0.0 0.0 0.0 1.1 0.0 0.0 0.0 0.0 1.1 0.0 -9.609 0.05 6.704 1.0]
	ConcatTransform [0.546258 -0.767369 -0.33578 0.0 0.518179 0.624551 -0.584317 0.0 0.658098 0.145194 0.7388 0.0 -20.391396 -0.451626 11.131042 1.0]
290
	ConcatTransform [1.1 0.0 0.0 0.0 0.0 1.1 0.0 0.0 0.0 0.0 1.1 0.0 -9.609 0.05 6.704 1.0]
	ConcatTransform [0.63259 -0.388494 -0.670002 0.0 0.054433 0.885254 -0.461912 0.0 0.772572 0.25573 0.58115 0.0 -20.447229 -0.391524 11.029756 1.0]
291
	ConcatTransform [1.1 0.0 0.0 0.0 0.0 1.1 0.0 0.0 0.0 0.0 1.1 0.0 -9.609 0.05 6.704 1.0]
	ConcatTransform [0.560788 -0.16323 -0.81171 0.0 -0.28262 0.883752 -0.372972 0.0 0.77823 0.438564 0.449466 0.0 -20.483915 -0.351774 10.971465 1.0]
292
	ConcatTransform [1.1 0.0 0.0 0.0 0.0 1.1 0.0 0.0 0.0 0.0 1.1 0.0 -9.609 0.05 6.704 1.0]
	ConcatTransform [0.276161 0.016988 -0.960961 0.0 -0.709806 0.677724 -0.192003 0.0 0.648004 0.73512 0.19922 0.0 -20.536341 -0.30036 10.894046 1.0]
293
	ConcatTransform [1.1 0.0 0.0 0.0 0.0 1.1 0.0 0.0 0.0 0.0 1.1 0.0 -9.609 0.05 6.704 1.0]
	ConcatTransform [0.036053 0.063653 -0.997321 0.0 -0.888893 0.458107 -0.002895 0.0 0.456695 0.886615 0.073097 0.0 -20.571291 -0.278458 10.842433 1.0]
294
	ConcatTransform [1.1 0.0 0.0 0.0 0.0 1.1 0.0 0.0 0.0 0.0 1.1 0.0 -9.609 0.05 6.704 1.0]
	ConcatTransform [-0.324653 0.008854 -0.945792 0.0 -0.943032 0.073875 0.324397 0.0 0.072743 0.997228 -0.015634 0.0 -20.623714 -0.264166 10.765014 1.0]
295
	ConcatTransform [1.1 0.0 0.0 0.0 0.0 1.1 0.0 0.0 0.0 0.0 1.1 0.0 -9.609 0.05 6.704 1.0]
	ConcatTransform [-0.51834 -0.142866 -0.843156 0.0 -0.840972 -0.093785 0.532889 0.0 -0.155207 0.985289 -0.071534 0.0 -20.66025 -0.25648 10.715953 1.0]
296
	ConcatTransform [1.1 0.0 0.0 0.0 0.0 1.1 0.0 0.0 0.0 0.0 1.1 0.0 -9.609 0.05 6.704 1.0]
	ConcatTransform [-0.665367 -0.436955 -0.605274 0.0 -0.573465 -0.219917 0.789161 0.0 -0.477938 0.872185 -0.104253 0.0 -20.721333 -0.253835 10.648459 1.0]
297
	ConcatTransform [1.1 0.0 0.0 0.0 0.0 1.1 0.0 0.0 0.0 0.0 1.1 0.0 -9.609 0.05 6.704 1.0]
	ConcatTransform [-0.666638 -0.62452 -0.406901 0.0 -0.339966 -0.23106 0.911611 0.0 -0.663337 0.746047 -0.058282 0.0 -20.762028 -0.264088 10.604049 1.0]
298
	ConcatTransform [1.1 0.0 0.0 0.0 0.0 1.1 0.0 0.0 0.0 0.0 1.1 0.0 -9.609 0.05 6.704 1.0]
	ConcatTransform [-0.523223 -0.847219 -0.091972 0.0 0.037109 -0.130472 0.990757 0.0 -0.851388 0.514974 0.099705 0.0 -20.823198 -0.295962 10.539825 1.0]
299
	ConcatTransform [1.1 0.0 0.0 0.0 0.0 1.1 0.0 0.0 0.0 0.0 1.1 0.0 -9.609 0.05 6.704 1.0]
	ConcatTransform [-0.344278 -0.933028 0.104558 0.0 0.271934 0.007496 0.962287 0.0 -0.898624 0.359727 0.251141 0.0 -20.863857 -0.327022 10.499649 1.0]
300
	ConcatTransform [1.1 0.0 0.0 0.0 0.0 1.1 0.0 0.0 0.0 0.0 1.1 0.0 -9.609 0.05 6.704 1.0]
	ConcatTransform [0.003698 -0.941717 0.336387 0.0 0.553578 0.282071 0.783573 0.0 -0.832789 0.183319 0.522357 0.0 -20.92314 -0.382777 10.448619 1.0]
301
	ConcatTransform [1.1 0.0 0.0 0.0 0.0 1.1 0.0 0.0 0.0 0.0 1.1 0.0 -9.609 0.05 6.704 1.0]
	ConcatTransform [0.235347 -0.864452 0.444223 0.0 0.686471 0.471403 0.553657 0.0 -0.688018 0.174644 0.704365 0.0 -20.961039 -0.413166 10.428535 1.0]
302
	ConcatTransform [1.1 0.0 0.0 0.0 0.0 1.1 0.0 0.0 0.0 0.0 1.1 0.0 -9.609 0.05 6.704 1.0]
	ConcatTransform [0.566291 -0.669458 0.48077 0.0 0.728081 0.679706 0.088875 0.0 -0.386281 0.29971 0.872331 0.0 -21.02051 -0.462488 10.406141 1.0]
303
	ConcatTransform [1.1 0.0 0.0 0.0 0.0 1.1 0.0 0.0 0.0 0.0 1.1 0.0 -9.609 0.05 6.704 1.0]
	ConcatTransform [0.751039 -0.559819 0.350061 0.0 0.647815 0.727236 -0.226857 0.0 -0.127578 0.397153 0.908842 0.0 -21.063557 -0.486763 10.411124 1.0]
304
	ConcatTransform [1.1 0.0 0.0 0.0 0.0 1.1 0.0 0.0 0.0 0.0 1.1 0.0 -9.609 0.05 6.704 1.0]
	ConcatTransform [0.875627 -0.48297 -0.004251 0.0 0.387691 0.70808 -0.590185 0.0 0.288052 0.515133 0.807257 0.0 -21.127855 -0.50833 10.441695 1.0]
305
	ConcatTransform [1.1 0.0 0.0 0.0 0.0 1.1 0.0 0.0 0.0 0.0 1.1 0.0 -9.609 0.05 6.704 1.0]
	ConcatTransform [0.791004 -0.549519 -0.268964 0.0 0.199545 0.647302 -0.735651 0.0 0.578355 0.528232 0.621672 0.0 -21.159651 -0.507052 10.468324 1.0]
306
	ConcatTransform [1.1 0.0 0.0 0.0 0.0 1.1 0.0 0.0 0.0 0.0 1.1 0.0 -9.609 0.05 6.704 1.0]
	ConcatTransform [0.47501 -0.66207 -0.579679 0.0 -0.111745 0.608026 -0.786014 0.0 0.872856 0.438141 0.214835 0.0 -21.201492 -0.496572 10.510471 1.0]
307
	ConcatTransform [1.1 0.0 0.0 0.0 0.0 1.1 0.0 0.0 0.0 0.0 1.1 0.0 -9.609 0.05 6.704 1.0]
	ConcatTransform [0.221394 -0.661697 -0.716339 0.0 -0.299533 0.652917 -0.695686 0.0 0.928044 0.368588 -0.053648 0.0 -21.226887 -0.484045 10.544519 1.0]
308
	ConcatTransform [1.1 0.0 0.0 0.0 0.0 1.1 0.0 0.0 0.0 0.0 1.1 0.0 -9.609 0.05 6.704 1.0]
	ConcatTransform [-0.141489 -0.559306 -0.816797 0.0 -0.469442 0.764333 -0.442063 0.0 0.871553 0.320892 -0.370706 0.0 -21.254309 -0.461038 10.603234 1.0]
309
	ConcatTransform [1.1 0.0 0.0 0.0 0.0 1.1 0.0 0.0 0.0 0.0 1.1 0.0 -9.609 0.05 6.704 1.0]
	ConcatTransform [-0.316549 -0.471755 -0.822948 0.0 -0.534716 0.80533 -0.255975 0.0 0.783502 0.359015 -0.507181 0.0 -21.266678 -0.447513 10.644787 1.0]
310
	ConcatTransform [1.1 0.0 0.0 0.0 0.0 1.1 0.0 0.0 0.0 0.0 1.1 0.0 -9.609 0.05 6.704 1.0]
	ConcatTransform [-0.538146 -0.358258 -0.762923 0.0 -0.580007 0.81417 0.026799 0.0 0.611548 0.456923 -0.645934 0.0 -21.284149 -0.442779 10.70777 1.0]
311
	ConcatTransform [1.1 0.0 0.0 0.0 0.0 1.1 0.0 0.0 0.0 0.0 1.1 0.0 -9.609 0.05 6.704 1.0]
	ConcatTransform [-0.642965 -0.308869 -0.700854 0.0 -0.599107 0.772911 0.208997 0.0 0.477145 0.554264 -0.682 0.0 -21.297123 -0.449885 10.751321 1.0]
312
	ConcatTransform [1.1 0.0 0.0 0.0 0.0 1.1 0.0 0.0 0.0 0.0 1.1 0.0 -9.609 0.05 6.704 1.0]
	ConcatTransform [-0.774266 -0.261743 -0.576197 0.0 -0.575773 0.669237 0.469689 0.0 0.262675 0.695423 -0.668872 0.0 -21.315857 -0.478018 10.817377 1.0]
313
	ConcatTransform [1.1 0.0 0.0 0.0 0.0 1.1 0.0 0.0 0.0 0.0 1.1 0.0 -9.609 0.05 6.704 1.0]
	ConcatTransform [-0.842655 -0.296016 -0.449785 0.0 -0.52668 0.62685 0.574167 0.0 0.111985 0.720718 -0.684124 0.0 -21.326424 -0.494808 10.85752 1.0]
314
	ConcatTransform [1.1 0.0 0.0 0.0 0.0 1.1 0.0 0.0 0.0 0.0 1.1 0.0 -9.609 0.05 6.704 1.0]
	ConcatTransform [-0.908931 -0.375417 -0.181402 0.0 -0.401485 0.670662 0.623717 0.0 -0.112495 0.639745 -0.76031 0.0 -21.334532 -0.502518 10.914893 1.0]
315
	ConcatTransform [1.1 0.0 0.0 0.0 0.0 1.1 0.0 0.0 0.0 0.0 1.1 0.0 -9.609 0.05 6.704 1.0]
	ConcatTransform [-0.916691 -0.399503 0.008671 0.0 -0.303393 0.709953 0.635547 0.0 -0.260059 0.579969 -0.772014 0.0 -21.33655 -0.504615 10.956035 1.0]
316
	ConcatTransform [1.1 0.0 0.0 0.0 0.0 1.1 0.0 0.0 0.0 0.0 1.1 0.0 -9.609 0.05 6.704 1.0]
	ConcatTransform [-0.878953 -0.40384 0.253681 0.0 -0.161759 0.752846 0.63801 0.0 -0.448637 0.519746 -0.727042 0.0 -21.333366 -0.502922 11.020298 1.0]
317
	ConcatTransform [1.1 0.0 0.0 0.0 0.0 1.1 0.0 0.0 0.0 0.0 1.1 0.0 -9.609 0.05 6.704 1.0]
	ConcatTransform [-0.847289 -0.411945 0.335266 0.0 -0.102095 0.745776 0.658327 0.0 -0.521228 0.523564 -0.673945 0.0 -21.32564 -0.504303 11.063086 1.0]
318
	ConcatTransform [1.1 0.0 0.0 0.0 0.0 1.1 0.0 0.0 0.0 0.0 1.1 0.0 -9.609 0.05 6.704 1.0]
	ConcatTransform [-0.798327 -0.403668 0.446907 0.0 -0.020002 0.759458 0.650248 0.0 -0.601891 0.510172 -0.614371 0.0 -21.303179 -0.495473 11.109642 1.0]
319
	ConcatTransform [1.1 0.0 0.0 0.0 0.0 1.1 0.0 0.0 0.0 0.0 1.1 0.0 -9.609 0.05 6.704 1.0]
	ConcatTransform [-0.774854 -0.401552 0.488219 0.0 0.026388 0.751107 0.659653 0.0 -0.631589 0.524018 -0.571402 0.0 -21.284746 -0.497635 11.138155 1.0]
320
	ConcatTransform [1.1 0.0 0.0 0.0 0.0 1.1 0.0 0.0 0.0 0.0 1.1 0.0 -9.609 0.05 6.704 1.0]
	ConcatTransform [-0.713648 -0.41751 0.562487 0.0 0.082232 0.747492 0.659161 0.0 -0.695661 0.516663 -0.499114 0.0 -21.254599 -0.501792 11.165316 1.0]
321
	ConcatTransform [1.1 0.0 0.0 0.0 0.0 1.1 0.0 0.0 0.0 0.0 1.1 0.0 -9.609 0.05 6.704 1.0]
	ConcatTransform [-0.676869 -0.431729 0.596203 0.0 0.092337 0.753749 0.650643 0.0 -0.730289 0.495452 -0.470325 0.0 -21.232769 -0.501487 11.174098 1.0]
322
	ConcatTransform [1.1 0.0 0.0 0.0 0.0 1.1 0.0 0.0 0.0 0.0 1.1 0.0 -9.609 0.05 6.704 1.0]
	ConcatTransform [-0.625416 -0.454444 0.634299 0.0 0.097029 0.761297 0.641102 0.0 -0.774235 0.462501 -0.432033 0.0 -21.203226 -0.496858 11.180526 1.0]
323
	ConcatTransform [1.1 0.0 0.0 0.0 0.0 1.1 0.0 0.0 0.0 0.0 1.1 0.0 -9.609 0.05 6.704 1.0]
	ConcatTransform [-0.595778 -0.465731 0.654326 0.0 0.102656 0.76386 0.637165 0.0 -0.796561 0.44678 -0.407281 0.0 -21.187458 -0.492351 11.179035 1.0]
324
	ConcatTransform [1.1 0.0 0.0 0.0 0.0 1.1 0.0 0.0 0.0 0.0 1.1 0.0 -9.609 0.05 6.704 1.0]
	ConcatTransform [-0.5585 -0.481927 0.675147 0.0 0.117107 0.759955 0.639338 0.0 -0.821196 0.436135 -0.367998 0.0 -21.168234 -0.489867 11.171732 1.0]
325
	ConcatTransform [1.1 0.0 0.0 0.0 0.0 1.1 0.0 0.0 0.0 0.0 1.1 0.0 -9.609 0.05 6.704 1.0]
	ConcatTransform [-0.536209 -0.493264 0.68496 0.0 0.131353 0.752834 0.64497 0.0 -0.833802 0.435811 -0.338885 0.0 -21.159115 -0.490519 11.163362 1.0]
326
	ConcatTransform [1.1 0.0 0.0 0.0 0.0 1.1 0.0 0.0 0.0 0.0 1.1 0.0 -9.609 0.05 6.704 1.0]
	ConcatTransform [-0.505591 -0.512257 0.694241 0.0 0.161415 0.734292 0.659363 0.0 -0.847539 0.445429 -0.288566 0.0 -21.151398 -0.494825 11.14617 1.0]
327
	ConcatTransform [1.1 0.0 0.0 0.0 0.0 1.1 0.0 0.0 0.0 0.0 1.1 0.0 -9.609 0.05 6.704 1.0]
	ConcatTransform [-0.490004 -0.524102 0.696572 0.0 0.188951 0.716223 0.671805 0.0 -0.850996 0.460805 -0.251922 0.0 -21.149792 -0.500186 11.132013 1.0]
328
	ConcatTransform [1.1 0.0 0.0 0.0 0.0 1.1 0.0 0.0 0.0 0.0 1.1 0.0 -9.609 0.05 6.704 1.0]
	ConcatTransform [-0.471087 -0.540276 0.697266 0.0 0.232316 0.686573 0.688947 0.0 -0.850945 0.486539 -0.197921 0.0 -21.151354 -0.503227 11.108723 1.0]
329
	ConcatTransform [1.1 0.0 0.0 0.0 0.0 1.1 0.0 0.0 0.0 0.0 1.1 0.0 -9.609 0.05 6.704 1.0]
	ConcatTransform [-0.457053 -0.553399 0.696313 0.0 0.256363 0.667679 0.698916 0.0 -0.851693 0.497951 -0.163294 0.0 -21.153538 -0.502435 11.093749 1.0]
330
	ConcatTransform [1.1 0.0 0.0 0.0 0.0 1.1 0.0 0.0 0.0 0.0 1.1 0.0 -9.609 0.05 6.704 1.0]
	ConcatTransform [-0.436632 -0.572705 0.693803 0.0 0.28638 0.642601 0.710668 0.0 -0.852842 0.508992 -0.116569 0.0 -21.157742 -0.500784 11.072416 1.0]
331
	ConcatTransform [1.1 0.0 0.0 0.0 0.0 1.1 0.0 0.0 0.0 0.0 1.1 0.0 -9.609 0.05 6.704 1.0]
	ConcatTransform [-0.425097 -0.585061 0.690649 0.0 0.305893 0.625273 0.717958 0.0 -0.851893 0.516467 -0.086836 0.0 -21.16062 -0.499472 11.059512 1.0]
332
	ConcatTransform [1.1 0.0 0.0 0.0 0.0 1.1 0.0 0.0 0.0 0.0 1.1 0.0 -9.609 0.05 6.704 1.0]
	ConcatTransform [-0.40986 -0.602211 0.685096 0.0 0.33358 0.600093 0.727058 0.0 -0.848963 0.526527 -0.045068 0.0 -21.164957 -0.497359 11.042571 1.0]
333
	ConcatTransform [1.1 0.0 0.0 0.0 0.0 1.1 0.0 0.0 0.0 0.0 1.1 0.0 -9.609 0.05 6.704 1.0]
	ConcatTransform [-0.39949 -0.612015 0.682528 0.0 0.349502 0.58661 0.730573 0.0 -0.8475 0.530402 -0.020445 0.0 -21.167971 -0.495985 11.032916 1.0]
334
	ConcatTransform [1.1 0.0 0.0 0.0 0.0 1.1 0.0 0.0 0.0 0.0 1.1 0.0 -9.609 0.05 6.704 1.0]
	ConcatTransform [-0.382987 -0.623326 0.681752 0.0 0.371264 0.571928 0.731479 0.0 -0.845863 0.533257 0.012378 0.0 -21.172411 -0.494283 11.021166 1.0]
335
	ConcatTransform [1.1 0.0 0.0 0.0 0.0 1.1 0.0 0.0 0.0 0.0 1.1 0.0 -9.609 0.05 6.704 1.0]
	ConcatTransform [-0.37184 -0.628593 0.683086 0.0 0.385469 0.564855 0.729625 0.0 -0.844481 0.534612 0.032267 0.0 -21.175081 -0.493316 11.015436 1.0]
336
	ConcatTransform [1.1 0.0 0.0 0.0 0.0 1.1 0.0 0.0 0.0 0.0 1.1 0.0 -9.609 0.05 6.704 1.0]
	ConcatTransform [-0.354898 -0.633029 0.687984 0.0 0.406468 0.55822 0.723307 0.0 -0.841921 0.536344 0.059195 0.0 -21.178493 -0.492542 11.010142 1.0]
337
	ConcatTransform [1.1 0.0 0.0 0.0 0.0 1.1 0.0 0.0 0.0 0.0 1.1 0.0 -9.609 0.05 6.704 1.0]
	ConcatTransform [-0.342767 -0.632609 0.69449 0.0 0.419203 0.558588 0.715715 0.0 -0.840702 0.536456 0.073726 0.0 -21.180431 -0.492501 11.008633 1.0]
338
	ConcatTransform [1.1 0.0 0.0 0.0 0.0 1.1 0.0 0.0 0.0 0.0 1.1 0.0 -9.609 0.05 6.704 1.0]
	ConcatTransform [-0.323143 -0.62733 0.708545 0.0 0.436259 0.565663 0.699788 0.0 -0.839796 0.53524 0.090888 0.0 -21.182779 -0.493477 11.009371 1.0]
339
	ConcatTransform [1.1 0.0 0.0 0.0 0.0 1.1 0.0 0.0 0.0 0.0 1.1 0.0 -9.609 0.05 6.704 1.0]
	ConcatTransform [-0.309673 -0.621252 0.719825 0.0 0.447229 0.572905 0.686852 0.0 -0.8391 0.534626 0.100429 0.0 -21.183781 -0.494376 11.012038 1.0]
340
	ConcatTransform [1.1 0.0 0.0 0.0 0.0 1.1 0.0 0.0 0.0 0.0 1.1 0.0 -9.609 0.05 6.704 1.0]
	ConcatTransform [-0.288821 -0.608104 0.739454 0.0 0.46299 0.587331 0.66384 0.0 -0.837987 0.53409 0.111913 0.0 -21.184399 -0.496099 11.01905 1.0]
341
	ConcatTransform [1.1 0.0 0.0 0.0 0.0 1.1 0.0 0.0 0.0 0.0 1.1 0.0 -9.609 0.05 6.704 1.0]
	ConcatTransform [-0.273803 -0.5962 0.754703 0.0 0.471871 0.600486 0.645565 0.0 -0.838075 0.53288 0.116915 0.0 -21.184361 -0.497513 11.025409 1.0]
342
	ConcatTransform [1.1 0.0 0.0 0.0 0.0 1.1 0.0 0.0 0.0 0.0 1.1 0.0 -9.609 0.05 6.704 1.0]
	ConcatTransform [-0.249675 -0.574332 0.779618 0.0 0.482708 0.624129 0.614375 0.0 -0.839437 0.529722 0.121405 0.0 -21.18364 -0.499565 11.03722 1.0]
343
	ConcatTransform [1.1 0.0 0.0 0.0 0.0 1.1 0.0 0.0 0.0 0.0 1.1 0.0 -9.609 0.05 6.704 1.0]
	ConcatTransform [-0.23339 -0.557933 0.796392 0.0 0.489579 0.640206 0.591988 0.0 -0.840144 0.52806 0.123735 0.0 -21.182575 -0.500858 11.046479 1.0]
344
	ConcatTransform [1.1 0.0 0.0 0.0 0.0 1.1 0.0 0.0 0.0 0.0 1.1 0.0 -9.609 0.05 6.704 1.0]
	ConcatTransform [-0.208679 -0.53071 0.821462 0.0 0.499199 0.664487 0.556108 0.0 -0.840983 0.526122 0.126265 0.0 -21.180199 -0.50228 11.061884 1.0]
345
	ConcatTransform [1.1 0.0 0.0 0.0 0.0 1.1 0.0 0.0 0.0 0.0 1.1 0.0 -9.609 0.05 6.704 1.0]
	ConcatTransform [-0.191556 -0.511396 0.837723 0.0 0.504272 0.680978 0.531017 0.0 -0.842031 0.52416 0.127437 0.0 -21.178274 -0.50287 11.072825 1.0]
346
	ConcatTransform [1.1 0.0 0.0 0.0 0.0 1.1 0.0 0.0 0.0 0.0 1.1 0.0 -9.609 0.05 6.704 1.0]
	ConcatTransform [-0.165595 -0.481851 0.860464 0.0 0.510899 0.704386 0.492771 0.0 -0.84354 0.521211 0.129534 0.0 -21.174892 -0.503128 11.089742 1.0]
347
	ConcatTransform [1.1 0.0 0.0 0.0 0.0 1.1 0.0 0.0 0.0 0.0 1.1 0.0 -9.609 0.05 6.704 1.0]
	ConcatTransform [-0.148376 -0.46181 0.87448 0.0 0.515088 0.718763 0.466973 0.0 -0.844197 0.519722 0.131226 0.0 -21.172344 -0.502768 11.100955 1.0]
348
	ConcatTransform [1.1 0.0 0.0 0.0 0.0 1.1 0.0 0.0 0.0 0.0 1.1 0.0 -9.609 0.05 6.704 1.0]
	ConcatTransform [-0.12258 -0.433458 0.892798 0.0 0.520849 0.737647 0.429643 0.0 -0.844802 0.517679 0.135346 0.0 -21.168287 -0.501919 11.117265 1.0]
349
	ConcatTransform [1.1 0.0 0.0 0.0 0.0 1.1 0.0 0.0 0.0 0.0 1.1 0.0 -9.609 0.05 6.704 1.0]
	ConcatTransform [-0.105276 -0.415479 0.90349 0.0 0.524147 0.748909 0.405468 0.0 -0.845096 0.516248 0.13893 0.0 -21.16555 -0.501108 11.127391 1.0]
350
	ConcatTransform [1.1 0.0 0.0 0.0 0.0 1.1 0.0 0.0 0.0 0.0 1.1 0.0 -9.609 0.05 6.704 1.0]
	ConcatTransform [-0.096917 -0.405499 0.908943 0.0 0.546334 0.741683 0.389134 0.0 -0.831941 0.5343 0.149656 0.0 -21.16374 -0.500686 11.135483 1.0]
351
	ConcatTransform [1.1 0.0 0.0 0.0 0.0 1.1 0.0 0.0 0.0 0.0 1.1 0.0 -9.609 0.05 6.704 1.0]
	ConcatTransform [-0.092829 -0.403216 0.910385 0.0 0.552291 0.739927 0.384034 0.0 -0.828467 0.538446 0.154006 0.0 -21.165041 -0.500536 11.137148 1.0]
352
	ConcatTransform [1.1 0.0 0.0 0.0 0.0 1.1 0.0 0.0 0.0 0.0 1.1 0.0 -9.609 0.05 6.704 1.0]
	ConcatTransform [-0.092534 -0.40373 0.910187 0.0 0.556391 0.737114 0.383526 0.0 -0.825752 0.541909 0.156424 0.0 -21.166843 -0.500528 11.1381 1.0]
353
	ConcatTransform [1.1 0.0 0.0 0.0 0.0 1.1 0.0 0.0 0.0 0.0 1.1 0.0 -9.609 0.05 6.704 1.0]
	ConcatTransform [-0.092905 -0.406342 0.908986 0.0 0.558068 0.734804 0.385517 0.0 -0.824578 0.543092 0.158499 0.0 -21.16785 -0.500635 11.137657 1.0]
354
	ConcatTransform [1.1 0.0 0.0 0.0 0.0 1.1 0.0 0.0 0.0 0.0 1.1 0.0 -9.609 0.05 6.704 1.0]
	ConcatTransform [-0.094417 -0.412671 0.905974 0.0 0.558855 0.73115 0.391281 0.0 -0.823873 0.543252 0.16159 0.0 -21.169016 -0.500782 11.135345 1.0]
355
	ConcatTransform [1.1 0.0 0.0 0.0 0.0 1.1 0.0 0.0 0.0 0.0 1.1 0.0 -9.609 0.05 6.704 1.0]
	ConcatTransform [-0.095363 -0.419678 0.90265 0.0 0.558754 0.727889 0.397456 0.0 -0.823833 0.542261 0.165083 0.0 -21.169542 -0.501264 11.132945 1.0]
356
	ConcatTransform [1.1 0.0 0.0 0.0 0.0 1.1 0.0 0.0 0.0 0.0 1.1 0.0 -9.609 0.05 6.704 1.0]
	ConcatTransform [-0.096275 -0.433657 0.89592 0.0 0.557929 0.721891 0.409375 0.0 -0.824285 0.539273 0.17245 0.0 -21.16992 -0.501686 11.128118 1.0]
357
	ConcatTransform [1.1 0.0 0.0 0.0 0.0 1.1 0.0 0.0 0.0 0.0 1.1 0.0 -9.609 0.05 6.704 1.0]
	ConcatTransform [-0.096663 -0.443402 0.891095 0.0 0.556957 0.717898 0.417637 0.0 -0.824897 0.536672 0.177562 0.0 -21.169895 -0.502022 11.124036 1.0]
358
	ConcatTransform [1.1 0.0 0.0 0.0 0.0 1.1 0.0 0.0 0.0 0.0 1.1 0.0 -9.609 0.05 6.704 1.0]
	ConcatTransform [-0.09696 -0.458508 0.883385 0.0 0.554896 0.711921 0.430417 0.0 -0.82625 0.53192 0.185397 0.0 -21.169453 -0.502589 11.116904 1.0]
359
	ConcatTransform [1.1 0.0 0.0 0.0 0.0 1.1 0.0 0.0 0.0 0.0 1.1 0.0 -9.609 0.05 6.704 1.0]
	ConcatTransform [-0.096939 -0.469494 0.877598 0.0 0.553162 0.707611 0.439657 0.0 -0.827415 0.528073 0.191111 0.0 -21.168898 -0.502664 11.111714 1.0]
360
	ConcatTransform [1.1 0.0 0.0 0.0 0.0 1.1 0.0 0.0 0.0 0.0 1.1 0.0 -9.609 0.05 6.704 1.0]
	ConcatTransform [-0.937583 0.312514 0.152555 0.0 -0.008541 0.41785 -0.908476 0.0 -0.347657 -0.853074 -0.3891 0.0 -50.813503 -154.75 26.735069 1.0]
