228
	ConcatTransform [1.1 0.0 0.0 0.0 0.0 1.1 0.0 0.0 0.0 0.0 1.1 0.0 -9.609 0.05 6.704 1.0]
	ConcatTransform [-0.235827 0.971456 -0.025652 0.0 -0.955989 -0.227169 0.185687 0.0 0.17456 0.068314 0.982274 0.0 -0.028382 0.09069 0.139054 1.0]
229
	ConcatTransform [1.1 0.0 0.0 0.0 0.0 1.1 0.0 0.0 0.0 0.0 1.1 0.0 -9.609 0.05 6.704 1.0]
	ConcatTransform [-0.932969 0.252028 -0.257003 0.0 -0.342835 -0.839738 0.421075 0.0 -0.109692 0.480959 0.869854 0.0 -0.05119 0.150187 0.216376 1.0]
230
	ConcatTransform [1.1 0.0 0.0 0.0 0.0 1.1 0.0 0.0 0.0 0.0 1.1 0.0 -9.609 0.05 6.704 1.0]
	ConcatTransform [-0.431454 -0.896783 0.098117 0.0 0.536888 -0.167845 0.826789 0.0 -0.724982 0.4094 0.553889 0.0 -0.083001 0.223965 0.326902 1.0]
231
	ConcatTransform [1.1 0.0 0.0 0.0 0.0 1.1 0.0 0.0 0.0 0.0 1.1 0.0 -9.609 0.05 6.704 1.0]
	ConcatTransform [0.304613 -0.760009 0.574106 0.0 0.4377 0.647033 0.624313 0.0 -0.845949 0.061112 0.52975 0.0 -0.101934 0.262517 0.39908 1.0]
232
	ConcatTransform [1.1 0.0 0.0 0.0 0.0 1.1 0.0 0.0 0.0 0.0 1.1 0.0 -9.609 0.05 6.704 1.0]
	ConcatTransform [0.642958 0.467721 0.6065 0.0 -0.50387 0.854692 -0.124963 0.0 -0.576818 -0.225251 0.785202 0.0 -0.129052 0.302551 0.506993 1.0]
233
	ConcatTransform [1.1 0.0 0.0 0.0 0.0 1.1 0.0 0.0 0.0 0.0 1.1 0.0 -9.609 0.05 6.704 1.0]
	ConcatTransform [0.162664 0.983261 0.082085 0.0 -0.931832 0.18044 -0.314849 0.0 -0.32439 -0.025275 0.945586 0.0 -0.146632 0.317874 0.578937 1.0]
234
	ConcatTransform [1.1 0.0 0.0 0.0 0.0 1.1 0.0 0.0 0.0 0.0 1.1 0.0 -9.609 0.05 6.704 1.0]
	ConcatTransform [-0.557776 0.419595 -0.716119 0.0 -0.746819 -0.630181 0.212447 0.0 -0.362142 0.653309 0.664861 0.0 -0.170404 0.329199 0.685292 1.0]
235
	ConcatTransform [1.1 0.0 0.0 0.0 0.0 1.1 0.0 0.0 0.0 0.0 1.1 0.0 -9.609 0.05 6.704 1.0]
	ConcatTransform [-0.682965 -0.40649 -0.606898 0.0 -0.334622 -0.564436 0.754613 0.0 -0.649297 0.718455 0.249469 0.0 -0.186262 0.324387 0.756243 1.0]
236
	ConcatTransform [1.1 0.0 0.0 0.0 0.0 1.1 0.0 0.0 0.0 0.0 1.1 0.0 -9.609 0.05 6.704 1.0]
	ConcatTransform [-0.127963 -0.933892 0.333874 0.0 0.027318 0.333195 0.942462 0.0 -0.991403 0.129721 -0.017125 0.0 -0.210063 0.298625 0.862742 1.0]
237
	ConcatTransform [1.1 0.0 0.0 0.0 0.0 1.1 0.0 0.0 0.0 0.0 1.1 0.0 -9.609 0.05 6.704 1.0]
	ConcatTransform [0.352078 -0.444826 0.823511 0.0 -0.154381 0.840197 0.519842 0.0 -0.923151 -0.310159 0.227142 0.0 -0.225931 0.269076 0.933741 1.0]
238
	ConcatTransform [1.1 0.0 0.0 0.0 0.0 1.1 0.0 0.0 0.0 0.0 1.1 0.0 -9.609 0.05 6.704 1.0]
	ConcatTransform [0.432006 0.729443 0.530363 0.0 -0.756647 0.613157 -0.22699 0.0 -0.490772 -0.303236 0.816818 0.0 -0.249732 0.206193 1.04024 1.0]
239
	ConcatTransform [1.1 0.0 0.0 0.0 0.0 1.1 0.0 0.0 0.0 0.0 1.1 0.0 -9.609 0.05 6.704 1.0]
	ConcatTransform [0.002938 0.989247 -0.146225 0.0 -0.959032 -0.038636 -0.280649 0.0 -0.283281 0.141059 0.948606 0.0 -0.265599 0.151897 1.11124 1.0]
240
	ConcatTransform [1.1 0.0 0.0 0.0 0.0 1.1 0.0 0.0 0.0 0.0 1.1 0.0 -9.609 0.05 6.704 1.0]
	ConcatTransform [-0.644501 0.158611 -0.747972 0.0 -0.624454 -0.673696 0.39521 0.0 -0.441221 0.721787 0.533243 0.0 -0.2894 0.051893 1.217738 1.0]
241
	ConcatTransform [1.1 0.0 0.0 0.0 0.0 1.1 0.0 0.0 0.0 0.0 1.1 0.0 -9.609 0.05 6.704 1.0]
	ConcatTransform [-0.628326 -0.630918 -0.455137 0.0 -0.208697 -0.426901 0.879887 0.0 -0.749435 0.647841 0.136562 0.0 -0.305268 -0.027151 1.288736 1.0]
242
	ConcatTransform [1.1 0.0 0.0 0.0 0.0 1.1 0.0 0.0 0.0 0.0 1.1 0.0 -9.609 0.05 6.704 1.0]
	ConcatTransform [-0.318987 -0.760132 0.56608 0.0 -0.1534 0.630816 0.760618 0.0 -0.935262 0.155791 -0.317827 0.0 -0.329115 -0.155464 1.387974 1.0]
243
	ConcatTransform [1.1 0.0 0.0 0.0 0.0 1.1 0.0 0.0 0.0 0.0 1.1 0.0 -9.609 0.05 6.704 1.0]
	ConcatTransform [-0.327104 -0.008309 0.944952 0.0 -0.01838 0.999828 0.002429 0.0 -0.944809 -0.016574 -0.327201 0.0 -0.346452 -0.242675 1.453175 1.0]
244
	ConcatTransform [1.1 0.0 0.0 0.0 0.0 1.1 0.0 0.0 0.0 0.0 1.1 0.0 -9.609 0.05 6.704 1.0]
	ConcatTransform [0.264876 0.785152 0.559801 0.0 0.20763 0.520481 -0.828245 0.0 -0.941664 0.335614 -0.025158 0.0 -0.383402 -0.377197 1.561347 1.0]
245
	ConcatTransform [1.1 0.0 0.0 0.0 0.0 1.1 0.0 0.0 0.0 0.0 1.1 0.0 -9.609 0.05 6.704 1.0]
	ConcatTransform [0.710652 0.668527 0.219192 0.0 0.091136 0.221455 -0.970903 0.0 -0.697616 0.709951 0.096451 0.0 -0.423708 -0.461456 1.628522 1.0]
246
	ConcatTransform [1.1 0.0 0.0 0.0 0.0 1.1 0.0 0.0 0.0 0.0 1.1 0.0 -9.609 0.05 6.704 1.0]
	ConcatTransform [0.982946 0.139249 -0.120109 0.0 -0.150712 0.235777 -0.96005 0.0 -0.105367 0.961779 0.252743 0.0 -0.52912 -0.519933 1.687464 1.0]
247
	ConcatTransform [1.1 0.0 0.0 0.0 0.0 1.1 0.0 0.0 0.0 0.0 1.1 0.0 -9.609 0.05 6.704 1.0]
	ConcatTransform [0.897872 -0.043729 -0.438079 0.0 -0.4025 0.321634 -0.857056 0.0 0.17838 0.945854 0.271185 0.0 -0.61355 -0.512714 1.698179 1.0]
248
	ConcatTransform [1.1 0.0 0.0 0.0 0.0 1.1 0.0 0.0 0.0 0.0 1.1 0.0 -9.609 0.05 6.704 1.0]
	ConcatTransform [0.582186 -0.21436 -0.784289 0.0 -0.520257 0.643071 -0.561954 0.0 0.624814 0.735194 0.262865 0.0 -0.734407 -0.500417 1.710637 1.0]
249
	ConcatTransform [1.1 0.0 0.0 0.0 0.0 1.1 0.0 0.0 0.0 0.0 1.1 0.0 -9.609 0.05 6.704 1.0]
	ConcatTransform [0.244827 -0.144589 -0.958725 0.0 -0.596816 0.756812 -0.266545 0.0 0.764114 0.63744 0.098995 0.0 -0.809969 -0.483711 1.710911 1.0]
250
	ConcatTransform [1.1 0.0 0.0 0.0 0.0 1.1 0.0 0.0 0.0 0.0 1.1 0.0 -9.609 0.05 6.704 1.0]
	ConcatTransform [-0.111989 0.175678 -0.978057 0.0 -0.41607 0.885529 0.206699 0.0 0.90241 0.430088 -0.026075 0.0 -0.894561 -0.435526 1.705031 1.0]
251
	ConcatTransform [1.1 0.0 0.0 0.0 0.0 1.1 0.0 0.0 0.0 0.0 1.1 0.0 -9.609 0.05 6.704 1.0]
	ConcatTransform [-0.269272 0.410931 -0.870993 0.0 -0.264685 0.837993 0.47719 0.0 0.925978 0.359033 -0.116881 0.0 -0.931781 -0.389068 1.699741 1.0]
252
	ConcatTransform [1.1 0.0 0.0 0.0 0.0 1.1 0.0 0.0 0.0 0.0 1.1 0.0 -9.609 0.05 6.704 1.0]
	ConcatTransform [-0.327716 0.708977 -0.624463 0.0 -0.046397 0.648089 0.76015 0.0 0.943636 0.278087 -0.179495 0.0 -0.9806 -0.325852 1.693566 1.0]
253
	ConcatTransform [1.1 0.0 0.0 0.0 0.0 1.1 0.0 0.0 0.0 0.0 1.1 0.0 -9.609 0.05 6.704 1.0]
	ConcatTransform [-0.354413 0.82667 -0.437045 0.0 0.117482 0.503045 0.856238 0.0 0.927679 0.252117 -0.275405 0.0 -1.007514 -0.290387 1.688542 1.0]
254
	ConcatTransform [1.1 0.0 0.0 0.0 0.0 1.1 0.0 0.0 0.0 0.0 1.1 0.0 -9.609 0.05 6.704 1.0]
	ConcatTransform [-0.34463 0.931781 -0.114079 0.0 0.297971 0.223819 0.927964 0.0 0.890193 0.285813 -0.354779 0.0 -1.03996 -0.247811 1.684022 1.0]
255
	ConcatTransform [1.1 0.0 0.0 0.0 0.0 1.1 0.0 0.0 0.0 0.0 1.1 0.0 -9.609 0.05 6.704 1.0]
	ConcatTransform [-0.349962 0.93335 0.0799 0.0 0.37792 0.062626 0.923718 0.0 0.857148 0.353462 -0.374648 0.0 -1.055055 -0.225965 1.683048 1.0]
256
	ConcatTransform [1.1 0.0 0.0 0.0 0.0 1.1 0.0 0.0 0.0 0.0 1.1 0.0 -9.609 0.05 6.704 1.0]
	ConcatTransform [-0.36664 0.870995 0.32702 0.0 0.466985 -0.131723 0.874399 0.0 0.804674 0.473303 -0.358447 0.0 -1.071718 -0.207337 1.68371 1.0]
257
	ConcatTransform [1.1 0.0 0.0 0.0 0.0 1.1 0.0 0.0 0.0 0.0 1.1 0.0 -9.609 0.05 6.704 1.0]
	ConcatTransform [-0.376758 0.808096 0.452807 0.0 0.522227 -0.218441 0.824356 0.0 0.76507 0.547051 -0.33971 0.0 -1.078966 -0.204724 1.684813 1.0]
258
	ConcatTransform [1.1 0.0 0.0 0.0 0.0 1.1 0.0 0.0 0.0 0.0 1.1 0.0 -9.609 0.05 6.704 1.0]
	ConcatTransform [-0.38986 0.707227 0.589779 0.0 0.601692 -0.289204 0.744532 0.0 0.697119 0.645129 -0.312784 0.0 -1.081131 -0.214133 1.68794 1.0]
259
	ConcatTransform [1.1 0.0 0.0 0.0 0.0 1.1 0.0 0.0 0.0 0.0 1.1 0.0 -9.609 0.05 6.704 1.0]
	ConcatTransform [-0.405027 0.636092 0.656764 0.0 0.647874 -0.307186 0.697062 0.0 0.645145 0.70783 -0.287689 0.0 -1.075416 -0.228655 1.691752 1.0]
260
	ConcatTransform [1.1 0.0 0.0 0.0 0.0 1.1 0.0 0.0 0.0 0.0 1.1 0.0 -9.609 0.05 6.704 1.0]
	ConcatTransform [-0.440009 0.530425 0.724597 0.0 0.71142 -0.286486 0.641722 0.0 0.547973 0.797856 -0.251299 0.0 -1.061469 -0.264667 1.698471 1.0]
261
	ConcatTransform [1.1 0.0 0.0 0.0 0.0 1.1 0.0 0.0 0.0 0.0 1.1 0.0 -9.609 0.05 6.704 1.0]
	ConcatTransform [-0.460383 0.462932 0.757457 0.0 0.756694 -0.241513 0.607524 0.0 0.464178 0.852857 -0.239109 0.0 -1.046604 -0.296565 1.703879 1.0]
262
	ConcatTransform [1.1 0.0 0.0 0.0 0.0 1.1 0.0 0.0 0.0 0.0 1.1 0.0 -9.609 0.05 6.704 1.0]
	ConcatTransform [-0.484357 0.356526 0.798929 0.0 0.819111 -0.135995 0.557281 0.0 0.307336 0.924335 -0.226164 0.0 -1.01237 -0.352398 1.715092 1.0]
263
	ConcatTransform [1.1 0.0 0.0 0.0 0.0 1.1 0.0 0.0 0.0 0.0 1.1 0.0 -9.609 0.05 6.704 1.0]
	ConcatTransform [-0.489321 0.280554 0.825745 0.0 0.853647 -0.039681 0.519338 0.0 0.178469 0.959018 -0.220077 0.0 -0.980323 -0.392175 1.725218 1.0]
264
	ConcatTransform [1.1 0.0 0.0 0.0 0.0 1.1 0.0 0.0 0.0 0.0 1.1 0.0 -9.609 0.05 6.704 1.0]
	ConcatTransform [-0.464366 0.170638 0.869049 0.0 0.884471 0.139832 0.44515 0.0 -0.045562 0.975361 -0.215857 0.0 -0.917189 -0.449625 1.744995 1.0]
265
	ConcatTransform [1.1 0.0 0.0 0.0 0.0 1.1 0.0 0.0 0.0 0.0 1.1 0.0 -9.609 0.05 6.704 1.0]
	ConcatTransform [-0.429029 0.104171 0.897264 0.0 0.87769 0.282887 0.386827 0.0 -0.213528 0.95348 -0.212796 0.0 -0.865676 -0.482756 1.761698 1.0]
266
	ConcatTransform [1.1 0.0 0.0 0.0 0.0 1.1 0.0 0.0 0.0 0.0 1.1 0.0 -9.609 0.05 6.704 1.0]
	ConcatTransform [-0.336398 0.051004 0.940338 0.0 0.824818 0.49781 0.26807 0.0 -0.454436 0.865785 -0.209531 0.0 -0.775894 -0.514312 1.792202 1.0]
267
	ConcatTransform [1.1 0.0 0.0 0.0 0.0 1.1 0.0 0.0 0.0 0.0 1.1 0.0 -9.609 0.05 6.704 1.0]
	ConcatTransform [-0.255325 0.050623 0.965529 0.0 0.760392 0.627309 0.168188 0.0 -0.597171 0.777124 -0.198661 0.0 -0.711532 -0.520864 1.815316 1.0]
268
	ConcatTransform [1.1 0.0 0.0 0.0 0.0 1.1 0.0 0.0 0.0 0.0 1.1 0.0 -9.609 0.05 6.704 1.0]
	ConcatTransform [-0.122624 0.127154 0.984274 0.0 0.629369 0.776797 -0.021942 0.0 -0.767371 0.616781 -0.175281 0.0 -0.617192 -0.508661 1.851852 1.0]
269
	ConcatTransform [1.1 0.0 0.0 0.0 0.0 1.1 0.0 0.0 0.0 0.0 1.1 0.0 -9.609 0.05 6.704 1.0]
	ConcatTransform [-0.05578 0.211887 0.975701 0.0 0.551917 0.820891 -0.146716 0.0 -0.832031 0.530322 -0.162733 0.0 -0.56562 -0.482339 1.877488 1.0]
270
	ConcatTransform [1.1 0.0 0.0 0.0 0.0 1.1 0.0 0.0 0.0 0.0 1.1 0.0 -9.609 0.05 6.704 1.0]
	ConcatTransform [0.04383 0.335686 0.940954 0.0 0.530002 0.790579 -0.306727 0.0 -0.846863 0.512152 -0.143264 0.0 -0.489243 -0.454401 1.915292 1.0]
271
	ConcatTransform [1.1 0.0 0.0 0.0 0.0 1.1 0.0 0.0 0.0 0.0 1.1 0.0 -9.609 0.05 6.704 1.0]
	ConcatTransform [0.109799 0.408995 0.905907 0.0 0.499421 0.765311 -0.406051 0.0 -0.859373 0.497013 -0.120231 0.0 -0.438509 -0.44822 1.940677 1.0]
272
	ConcatTransform [1.1 0.0 0.0 0.0 0.0 1.1 0.0 0.0 0.0 0.0 1.1 0.0 -9.609 0.05 6.704 1.0]
	ConcatTransform [0.218278 0.498617 0.83889 0.0 0.443532 0.715018 -0.540397 0.0 -0.869272 0.490032 -0.06508 0.0 -0.37587 -0.442728 1.975728 1.0]
273
	ConcatTransform [1.1 0.0 0.0 0.0 0.0 1.1 0.0 0.0 0.0 0.0 1.1 0.0 -9.609 0.05 6.704 1.0]
	ConcatTransform [0.282562 0.560578 0.778403 0.0 0.425885 0.653796 -0.625438 0.0 -0.859524 0.508235 -0.054004 0.0 -0.338262 -0.446253 1.997317 1.0]
274
	ConcatTransform [1.1 0.0 0.0 0.0 0.0 1.1 0.0 0.0 0.0 0.0 1.1 0.0 -9.609 0.05 6.704 1.0]
	ConcatTransform [0.400135 0.583641 0.70658 0.0 0.315583 0.63609 -0.704129 0.0 -0.860407 0.504731 0.070335 0.0 -0.300754 -0.445625 2.024276 1.0]
275
	ConcatTransform [1.1 0.0 0.0 0.0 0.0 1.1 0.0 0.0 0.0 0.0 1.1 0.0 -9.609 0.05 6.704 1.0]
	ConcatTransform [0.465709 0.599136 0.651269 0.0 0.27046 0.60437 -0.749392 0.0 -0.842595 0.525141 0.119418 0.0 -0.282703 -0.445418 2.037458 1.0]
276
	ConcatTransform [1.1 0.0 0.0 0.0 0.0 1.1 0.0 0.0 0.0 0.0 1.1 0.0 -9.609 0.05 6.704 1.0]
	ConcatTransform [0.564874 0.605038 0.561111 0.0 0.225154 0.541176 -0.810206 0.0 -0.793866 0.584001 0.169469 0.0 -0.263793 -0.44753 2.050885 1.0]
277
	ConcatTransform [1.1 0.0 0.0 0.0 0.0 1.1 0.0 0.0 0.0 0.0 1.1 0.0 -9.609 0.05 6.704 1.0]
	ConcatTransform [0.631404 0.591225 0.501778 0.0 0.189393 0.509906 -0.839122 0.0 -0.75197 0.624858 0.209983 0.0 -0.255913 -0.452029 2.056756 1.0]
278
	ConcatTransform [1.1 0.0 0.0 0.0 0.0 1.1 0.0 0.0 0.0 0.0 1.1 0.0 -9.609 0.05 6.704 1.0]
	ConcatTransform [0.727667 0.547456 0.41327 0.0 0.128901 0.482623 -0.866291 0.0 -0.67371 0.683643 0.280621 0.0 -0.250773 -0.46301 2.061024 1.0]
279
	ConcatTransform [1.1 0.0 0.0 0.0 0.0 1.1 0.0 0.0 0.0 0.0 1.1 0.0 -9.609 0.05 6.704 1.0]
	ConcatTransform [0.788297 0.504555 0.352155 0.0 0.098038 0.462025 -0.881431 0.0 -0.607435 0.729354 0.314747 0.0 -0.251684 -0.471604 2.05991 1.0]
280
	ConcatTransform [1.1 0.0 0.0 0.0 0.0 1.1 0.0 0.0 0.0 0.0 1.1 0.0 -9.609 0.05 6.704 1.0]
	ConcatTransform [0.866917 0.42793 0.255597 0.0 0.049928 0.435652 -0.898729 0.0 -0.495945 0.791885 0.356309 0.0 -0.260128 -0.48297 2.051908 1.0]
281
	ConcatTransform [1.1 0.0 0.0 0.0 0.0 1.1 0.0 0.0 0.0 0.0 1.1 0.0 -9.609 0.05 6.704 1.0]
	ConcatTransform [0.906487 0.378075 0.187989 0.0 0.002729 0.43997 -0.898009 0.0 -0.422224 0.814547 0.397795 0.0 -0.269842 -0.490343 2.043592 1.0]
282
	ConcatTransform [1.1 0.0 0.0 0.0 0.0 1.1 0.0 0.0 0.0 0.0 1.1 0.0 -9.609 0.05 6.704 1.0]
	ConcatTransform [0.951682 0.295086 0.084998 0.0 -0.06726 0.47037 -0.879902 0.0 -0.299627 0.83167 0.467491 0.0 -0.288547 -0.502037 2.027232 1.0]
283
	ConcatTransform [1.1 0.0 0.0 0.0 0.0 1.1 0.0 0.0 0.0 0.0 1.1 0.0 -9.609 0.05 6.704 1.0]
	ConcatTransform [0.970644 0.240144 0.013463 0.0 -0.112624 0.503251 -0.85677 0.0 -0.212523 0.830102 0.515524 0.0 -0.303517 -0.508765 2.013906 1.0]
284
	ConcatTransform [1.1 0.0 0.0 0.0 0.0 1.1 0.0 0.0 0.0 0.0 1.1 0.0 -9.609 0.05 6.704 1.0]
	ConcatTransform [0.980955 0.167461 -0.098403 0.0 -0.177335 0.56548 -0.805471 0.0 -0.07924 0.807582 0.584408 0.0 -0.328715 -0.515252 1.991329 1.0]
285
	ConcatTransform [1.1 0.0 0.0 0.0 0.0 1.1 0.0 0.0 0.0 0.0 1.1 0.0 -9.609 0.05 6.704 1.0]
	ConcatTransform [0.976756 0.12244 -0.175942 0.0 -0.213995 0.604411 -0.767394 0.0 0.012382 0.787208 0.616564 0.0 -0.346506 -0.516568 1.974901 1.0]
286
	ConcatTransform [1.1 0.0 0.0 0.0 0.0 1.1 0.0 0.0 0.0 0.0 1.1 0.0 -9.609 0.05 6.704 1.0]
	ConcatTransform [0.951885 0.083033 -0.294992 0.0 -0.274623 0.658318 -0.700857 0.0 0.136004 0.748146 0.649446 0.0 -0.373789 -0.515522 1.94974 1.0]
287
	ConcatTransform [1.1 0.0 0.0 0.0 0.0 1.1 0.0 0.0 0.0 0.0 1.1 0.0 -9.609 0.05 6.704 1.0]
	ConcatTransform [0.925065 0.069 -0.373488 0.0 -0.314421 0.690752 -0.651154 0.0 0.213058 0.719792 0.660686 0.0 -0.391581 -0.513628 1.933212 1.0]
288
	ConcatTransform [1.1 0.0 0.0 0.0 0.0 1.1 0.0 0.0 0.0 0.0 1.1 0.0 -9.609 0.05 6.704 1.0]
	ConcatTransform [0.872948 0.067129 -0.483172 0.0 -0.372033 0.732269 -0.570416 0.0 0.31552 0.677699 0.664207 0.0 -0.415646 -0.508692 1.910204 1.0]
289
	ConcatTransform [1.1 0.0 0.0 0.0 0.0 1.1 0.0 0.0 0.0 0.0 1.1 0.0 -9.609 0.05 6.704 1.0]
	ConcatTransform [0.832766 0.085141 -0.54704 0.0 -0.411017 0.757055 -0.50787 0.0 0.370899 0.647779 0.665444 0.0 -0.428144 -0.504169 1.89724 1.0]
290
	ConcatTransform [1.1 0.0 0.0 0.0 0.0 1.1 0.0 0.0 0.0 0.0 1.1 0.0 -9.609 0.05 6.704 1.0]
	ConcatTransform [0.759117 0.176205 -0.626652 0.0 -0.503825 0.76861 -0.394206 0.0 0.41219 0.614971 0.672242 0.0 -0.444025 -0.502638 1.882697 1.0]
291
	ConcatTransform [1.1 0.0 0.0 0.0 0.0 1.1 0.0 0.0 0.0 0.0 1.1 0.0 -9.609 0.05 6.704 1.0]
	ConcatTransform [0.692795 0.210441 -0.689746 0.0 -0.560903 0.758398 -0.331995 0.0 0.453237 0.616885 0.643451 0.0 -0.45074 -0.503974 1.877438 1.0]
292
	ConcatTransform [1.1 0.0 0.0 0.0 0.0 1.1 0.0 0.0 0.0 0.0 1.1 0.0 -9.609 0.05 6.704 1.0]
	ConcatTransform [0.572035 0.241494 -0.783873 0.0 -0.645241 0.722511 -0.248277 0.0 0.5064 0.64781 0.569124 0.0 -0.456988 -0.507886 1.875284 1.0]
293
	ConcatTransform [1.1 0.0 0.0 0.0 0.0 1.1 0.0 0.0 0.0 0.0 1.1 0.0 -9.609 0.05 6.704 1.0]
	ConcatTransform [0.485866 0.240472 -0.840302 0.0 -0.683878 0.703288 -0.194159 0.0 0.544284 0.668999 0.506157 0.0 -0.45937 -0.509157 1.876805 1.0]
294
	ConcatTransform [1.1 0.0 0.0 0.0 0.0 1.1 0.0 0.0 0.0 0.0 1.1 0.0 -9.609 0.05 6.704 1.0]
	ConcatTransform [0.348388 0.225738 -0.909763 0.0 -0.726174 0.678706 -0.109677 0.0 0.592704 0.698856 0.400378 0.0 -0.461525 -0.511373 1.882274 1.0]
295
	ConcatTransform [1.1 0.0 0.0 0.0 0.0 1.1 0.0 0.0 0.0 0.0 1.1 0.0 -9.609 0.05 6.704 1.0]
	ConcatTransform [0.252209 0.214981 -0.94349 0.0 -0.746191 0.663987 -0.048174 0.0 0.616109 0.716174 0.32788 0.0 -0.46229 -0.512436 1.887899 1.0]
296
	ConcatTransform [1.1 0.0 0.0 0.0 0.0 1.1 0.0 0.0 0.0 0.0 1.1 0.0 -9.609 0.05 6.704 1.0]
	ConcatTransform [0.104017 0.194755 -0.975321 0.0 -0.760225 0.647863 0.04829 0.0 0.641279 0.73644 0.215446 0.0 -0.462494 -0.513648 1.898563 1.0]
297
	ConcatTransform [1.1 0.0 0.0 0.0 0.0 1.1 0.0 0.0 0.0 0.0 1.1 0.0 -9.609 0.05 6.704 1.0]
	ConcatTransform [0.004038 0.174675 -0.984618 0.0 -0.75965 0.640862 0.110576 0.0 0.650319 0.747519 0.135279 0.0 -0.462122 -0.514405 1.906641 1.0]
298
	ConcatTransform [1.1 0.0 0.0 0.0 0.0 1.1 0.0 0.0 0.0 0.0 1.1 0.0 -9.609 0.05 6.704 1.0]
	ConcatTransform [-0.145367 0.141291 -0.979237 0.0 -0.744629 0.636078 0.202317 0.0 0.651457 0.758579 0.012745 0.0 -0.460933 -0.515066 1.919746 1.0]
299
	ConcatTransform [1.1 0.0 0.0 0.0 0.0 1.1 0.0 0.0 0.0 0.0 1.1 0.0 -9.609 0.05 6.704 1.0]
	ConcatTransform [-0.243207 0.12211 -0.962257 0.0 -0.724725 0.636482 0.263941 0.0 0.644689 0.761564 -0.0663 0.0 -0.45977 -0.515131 1.928883 1.0]
300
	ConcatTransform [1.1 0.0 0.0 0.0 0.0 1.1 0.0 0.0 0.0 0.0 1.1 0.0 -9.609 0.05 6.704 1.0]
	ConcatTransform [-0.38486 0.097774 -0.917782 0.0 -0.680275 0.641991 0.353658 0.0 0.623786 0.760453 -0.180563 0.0 -0.457607 -0.51489 1.942571 1.0]
301
	ConcatTransform [1.1 0.0 0.0 0.0 0.0 1.1 0.0 0.0 0.0 0.0 1.1 0.0 -9.609 0.05 6.704 1.0]
	ConcatTransform [-0.47477 0.084909 -0.876004 0.0 -0.642226 0.647143 0.410795 0.0 0.60178 0.757626 -0.252714 0.0 -0.456 -0.514599 1.951411 1.0]
302
	ConcatTransform [1.1 0.0 0.0 0.0 0.0 1.1 0.0 0.0 0.0 0.0 1.1 0.0 -9.609 0.05 6.704 1.0]
	ConcatTransform [-0.600464 0.068472 -0.796715 0.0 -0.573599 0.657313 0.488799 0.0 0.55716 0.750501 -0.355417 0.0 -0.453457 -0.514008 1.963755 1.0]
303
	ConcatTransform [1.1 0.0 0.0 0.0 0.0 1.1 0.0 0.0 0.0 0.0 1.1 0.0 -9.609 0.05 6.704 1.0]
	ConcatTransform [-0.676973 0.062919 -0.733314 0.0 -0.519931 0.66432 0.536984 0.0 0.520941 0.744795 -0.417013 0.0 -0.451716 -0.513642 1.971269 1.0]
304
	ConcatTransform [1.1 0.0 0.0 0.0 0.0 1.1 0.0 0.0 0.0 0.0 1.1 0.0 -9.609 0.05 6.704 1.0]
	ConcatTransform [-0.778814 0.06371 -0.624011 0.0 -0.428043 0.673212 0.602963 0.0 0.458507 0.7367 -0.497037 0.0 -0.449115 -0.513321 1.981268 1.0]
305
	ConcatTransform [1.1 0.0 0.0 0.0 0.0 1.1 0.0 0.0 0.0 0.0 1.1 0.0 -9.609 0.05 6.704 1.0]
	ConcatTransform [-0.837085 0.065497 -0.543139 0.0 -0.36162 0.678736 0.639178 0.0 0.410512 0.731456 -0.544474 0.0 -0.447494 -0.513124 1.986862 1.0]
306
	ConcatTransform [1.1 0.0 0.0 0.0 0.0 1.1 0.0 0.0 0.0 0.0 1.1 0.0 -9.609 0.05 6.704 1.0]
	ConcatTransform [-0.908745 0.068997 -0.411609 0.0 -0.256618 0.6854 0.68145 0.0 0.329135 0.72489 -0.605148 0.0 -0.445319 -0.512933 1.993533 1.0]
307
	ConcatTransform [1.1 0.0 0.0 0.0 0.0 1.1 0.0 0.0 0.0 0.0 1.1 0.0 -9.609 0.05 6.704 1.0]
	ConcatTransform [-0.945014 0.075646 -0.31816 0.0 -0.18178 0.687229 0.703329 0.0 0.271852 0.722492 -0.63569 0.0 -0.444014 -0.512956 1.996933 1.0]
308
	ConcatTransform [1.1 0.0 0.0 0.0 0.0 1.1 0.0 0.0 0.0 0.0 1.1 0.0 -9.609 0.05 6.704 1.0]
	ConcatTransform [-0.980875 0.091456 -0.171812 0.0 -0.063035 0.68589 0.72497 0.0 0.184147 0.721936 -0.667007 0.0 -0.442274 -0.513264 2.000462 1.0]
309
	ConcatTransform [1.1 0.0 0.0 0.0 0.0 1.1 0.0 0.0 0.0 0.0 1.1 0.0 -9.609 0.05 6.704 1.0]
	ConcatTransform [-0.992427 0.099706 -0.071743 0.0 0.015904 0.683449 0.729825 0.0 0.121801 0.723157 -0.679859 0.0 -0.441401 -0.513465 2.001733 1.0]
310
	ConcatTransform [1.1 0.0 0.0 0.0 0.0 1.1 0.0 0.0 0.0 0.0 1.1 0.0 -9.609 0.05 6.704 1.0]
	ConcatTransform [-0.990974 0.107788 0.079698 0.0 0.131885 0.677442 0.723656 0.0 0.024011 0.727635 -0.685544 0.0 -0.440534 -0.513795 2.002205 1.0]
311
	ConcatTransform [1.1 0.0 0.0 0.0 0.0 1.1 0.0 0.0 0.0 0.0 1.1 0.0 -9.609 0.05 6.704 1.0]
	ConcatTransform [-0.976955 0.114716 0.18 0.0 0.20979 0.671488 0.710698 0.0 -0.03934 0.732082 -0.68008 0.0 -0.440118 -0.514066 2.001677 1.0]
312
	ConcatTransform [1.1 0.0 0.0 0.0 0.0 1.1 0.0 0.0 0.0 0.0 1.1 0.0 -9.609 0.05 6.704 1.0]
	ConcatTransform [-0.936846 0.125124 0.326593 0.0 0.324139 0.661339 0.676435 0.0 -0.131351 0.739577 -0.660131 0.0 -0.439756 -0.51441 1.99974 1.0]
313
	ConcatTransform [1.1 0.0 0.0 0.0 0.0 1.1 0.0 0.0 0.0 0.0 1.1 0.0 -9.609 0.05 6.704 1.0]
	ConcatTransform [-0.898293 0.12786 0.420383 0.0 0.394917 0.654381 0.644846 0.0 -0.192641 0.745277 -0.638319 0.0 -0.439758 -0.514594 1.997844 1.0]
314
	ConcatTransform [1.1 0.0 0.0 0.0 0.0 1.1 0.0 0.0 0.0 0.0 1.1 0.0 -9.609 0.05 6.704 1.0]
	ConcatTransform [-0.823516 0.127655 0.552744 0.0 0.492749 0.643772 0.585453 0.0 -0.281105 0.754494 -0.593059 0.0 -0.440012 -0.514815 1.994323 1.0]
315
	ConcatTransform [1.1 0.0 0.0 0.0 0.0 1.1 0.0 0.0 0.0 0.0 1.1 0.0 -9.609 0.05 6.704 1.0]
	ConcatTransform [-0.762986 0.12673 0.633871 0.0 0.552146 0.637679 0.537123 0.0 -0.336137 0.759806 -0.556513 0.0 -0.440295 -0.514898 1.991591 1.0]
316
	ConcatTransform [1.1 0.0 0.0 0.0 0.0 1.1 0.0 0.0 0.0 0.0 1.1 0.0 -9.609 0.05 6.704 1.0]
	ConcatTransform [-0.658 0.122776 0.742942 0.0 0.629866 0.630439 0.453668 0.0 -0.41268 0.766468 -0.492161 0.0 -0.440886 -0.514957 1.987155 1.0]
317
	ConcatTransform [1.1 0.0 0.0 0.0 0.0 1.1 0.0 0.0 0.0 0.0 1.1 0.0 -9.609 0.05 6.704 1.0]
	ConcatTransform [-0.579543 0.11861 0.806264 0.0 0.673642 0.6265 0.39205 0.0 -0.458623 0.770343 -0.442985 0.0 -0.441351 -0.514964 1.984106 1.0]
318
	ConcatTransform [1.1 0.0 0.0 0.0 0.0 1.1 0.0 0.0 0.0 0.0 1.1 0.0 -9.609 0.05 6.704 1.0]
	ConcatTransform [-0.451205 0.111264 0.885457 0.0 0.725974 0.622806 0.291676 0.0 -0.519015 0.774424 -0.361788 0.0 -0.442131 -0.514934 1.979545 1.0]
319
	ConcatTransform [1.1 0.0 0.0 0.0 0.0 1.1 0.0 0.0 0.0 0.0 1.1 0.0 -9.609 0.05 6.704 1.0]
	ConcatTransform [-0.359754 0.106244 0.926979 0.0 0.751667 0.621601 0.220473 0.0 -0.552787 0.776095 -0.303484 0.0 -0.442678 -0.514896 1.976606 1.0]
320
	ConcatTransform [1.1 0.0 0.0 0.0 0.0 1.1 0.0 0.0 0.0 0.0 1.1 0.0 -9.609 0.05 6.704 1.0]
	ConcatTransform [-0.216049 0.100321 0.971215 0.0 0.775483 0.622019 0.108257 0.0 -0.593253 0.776549 -0.212184 0.0 -0.443525 -0.51484 1.972456 1.0]
321
	ConcatTransform [1.1 0.0 0.0 0.0 0.0 1.1 0.0 0.0 0.0 0.0 1.1 0.0 -9.609 0.05 6.704 1.0]
	ConcatTransform [-0.117288 0.096896 0.98836 0.0 0.781511 0.623088 0.031655 0.0 -0.612768 0.776126 -0.148806 0.0 -0.444078 -0.514813 1.969954 1.0]
322
	ConcatTransform [1.1 0.0 0.0 0.0 0.0 1.1 0.0 0.0 0.0 0.0 1.1 0.0 -9.609 0.05 6.704 1.0]
	ConcatTransform [0.032774 0.092075 0.995213 0.0 0.775762 0.625487 -0.083416 0.0 -0.630173 0.774782 -0.050928 0.0 -0.444862 -0.514761 1.966701 1.0]
323
	ConcatTransform [1.1 0.0 0.0 0.0 0.0 1.1 0.0 0.0 0.0 0.0 1.1 0.0 -9.609 0.05 6.704 1.0]
	ConcatTransform [0.132642 0.09088 0.986989 0.0 0.761728 0.627786 -0.160174 0.0 -0.634174 0.773063 0.014045 0.0 -0.445368 -0.515562 1.964835 1.0]
324
	ConcatTransform [1.1 0.0 0.0 0.0 0.0 1.1 0.0 0.0 0.0 0.0 1.1 0.0 -9.609 0.05 6.704 1.0]
	ConcatTransform [0.279457 0.091396 0.955798 0.0 0.725034 0.632524 -0.272469 0.0 -0.629468 0.76913 0.110498 0.0 -0.446125 -0.515404 1.962657 1.0]
325
	ConcatTransform [1.1 0.0 0.0 0.0 0.0 1.1 0.0 0.0 0.0 0.0 1.1 0.0 -9.609 0.05 6.704 1.0]
	ConcatTransform [0.374231 0.092246 0.922736 0.0 0.692229 0.634329 -0.344159 0.0 -0.617065 0.76754 0.17353 0.0 -0.446546 -0.515162 1.961599 1.0]
326
	ConcatTransform [1.1 0.0 0.0 0.0 0.0 1.1 0.0 0.0 0.0 0.0 1.1 0.0 -9.609 0.05 6.704 1.0]
	ConcatTransform [0.509137 0.094969 0.85543 0.0 0.630362 0.635577 -0.445742 0.0 -0.586023 0.766175 0.263731 0.0 -0.447082 -0.514977 1.960542 1.0]
327
	ConcatTransform [1.1 0.0 0.0 0.0 0.0 1.1 0.0 0.0 0.0 0.0 1.1 0.0 -9.609 0.05 6.704 1.0]
	ConcatTransform [0.592663 0.097471 0.799531 0.0 0.580429 0.636544 -0.507851 0.0 -0.558438 0.765056 0.320681 0.0 -0.44741 -0.51492 1.960202 1.0]
328
	ConcatTransform [1.1 0.0 0.0 0.0 0.0 1.1 0.0 0.0 0.0 0.0 1.1 0.0 -9.609 0.05 6.704 1.0]
	ConcatTransform [0.706246 0.102014 0.700578 0.0 0.493992 0.637846 -0.590868 0.0 -0.507138 0.763378 0.400082 0.0 -0.447846 -0.514973 1.960222 1.0]
329
	ConcatTransform [1.1 0.0 0.0 0.0 0.0 1.1 0.0 0.0 0.0 0.0 1.1 0.0 -9.609 0.05 6.704 1.0]
	ConcatTransform [0.773202 0.10504 0.625401 0.0 0.430367 0.637412 -0.639133 0.0 -0.465773 0.76333 0.447642 0.0 -0.448056 -0.514943 1.960532 1.0]
330
	ConcatTransform [1.1 0.0 0.0 0.0 0.0 1.1 0.0 0.0 0.0 0.0 1.1 0.0 -9.609 0.05 6.704 1.0]
	ConcatTransform [0.858628 0.109665 0.500731 0.0 0.326865 0.635347 -0.699638 0.0 -0.394863 0.7644 0.509682 0.0 -0.448282 -0.515058 1.961357 1.0]
331
	ConcatTransform [1.1 0.0 0.0 0.0 0.0 1.1 0.0 0.0 0.0 0.0 1.1 0.0 -9.609 0.05 6.704 1.0]
	ConcatTransform [0.904642 0.112328 0.411103 0.0 0.253326 0.633984 -0.730678 0.0 -0.342708 0.765145 0.545073 0.0 -0.448383 -0.515017 1.962145 1.0]
332
	ConcatTransform [1.1 0.0 0.0 0.0 0.0 1.1 0.0 0.0 0.0 0.0 1.1 0.0 -9.609 0.05 6.704 1.0]
	ConcatTransform [0.956144 0.115472 0.269176 0.0 0.138391 0.631853 -0.762633 0.0 -0.258142 0.766438 0.588162 0.0 -0.448457 -0.51576 1.963576 1.0]
333
	ConcatTransform [1.1 0.0 0.0 0.0 0.0 1.1 0.0 0.0 0.0 0.0 1.1 0.0 -9.609 0.05 6.704 1.0]
	ConcatTransform [0.978262 0.117575 0.170817 0.0 0.059545 0.629774 -0.774493 0.0 -0.198638 0.767829 0.609083 0.0 -0.44844 -0.516038 1.964652 1.0]
334
	ConcatTransform [1.1 0.0 0.0 0.0 0.0 1.1 0.0 0.0 0.0 0.0 1.1 0.0 -9.609 0.05 6.704 1.0]
	ConcatTransform [0.992546 0.120156 0.020389 0.0 -0.05989 0.626572 -0.777059 0.0 -0.106144 0.770046 0.629097 0.0 -0.448301 -0.516241 1.966425 1.0]
335
	ConcatTransform [1.1 0.0 0.0 0.0 0.0 1.1 0.0 0.0 0.0 0.0 1.1 0.0 -9.609 0.05 6.704 1.0]
	ConcatTransform [0.989386 0.121157 -0.080228 0.0 -0.138815 0.624798 -0.768348 0.0 -0.042964 0.771329 0.634984 0.0 -0.448139 -0.51612 1.967685 1.0]
336
	ConcatTransform [1.1 0.0 0.0 0.0 0.0 1.1 0.0 0.0 0.0 0.0 1.1 0.0 -9.609 0.05 6.704 1.0]
	ConcatTransform [0.965878 0.120507 -0.229254 0.0 -0.25345 0.621996 -0.740867 0.0 0.053315 0.773692 0.631315 0.0 -0.447869 -0.515542 1.969532 1.0]
337
	ConcatTransform [1.1 0.0 0.0 0.0 0.0 1.1 0.0 0.0 0.0 0.0 1.1 0.0 -9.609 0.05 6.704 1.0]
	ConcatTransform [0.937835 0.119624 -0.325816 0.0 -0.326795 0.620572 -0.712808 0.0 0.116923 0.774971 0.621087 0.0 -0.447698 -0.51532 1.970719 1.0]
338
	ConcatTransform [1.1 0.0 0.0 0.0 0.0 1.1 0.0 0.0 0.0 0.0 1.1 0.0 -9.609 0.05 6.704 1.0]
	ConcatTransform [0.877909 0.117873 -0.464093 0.0 -0.430458 0.618789 -0.657119 0.0 0.209719 0.776664 0.593979 0.0 -0.447469 -0.515121 1.972364 1.0]
339
	ConcatTransform [1.1 0.0 0.0 0.0 0.0 1.1 0.0 0.0 0.0 0.0 1.1 0.0 -9.609 0.05 6.704 1.0]
	ConcatTransform [0.82671 0.11633 -0.55047 0.0 -0.494039 0.618247 -0.611307 0.0 0.269213 0.777328 0.568583 0.0 -0.447327 -0.515043 1.973356 1.0]
340
	ConcatTransform [1.1 0.0 0.0 0.0 0.0 1.1 0.0 0.0 0.0 0.0 1.1 0.0 -9.609 0.05 6.704 1.0]
	ConcatTransform [0.734342 0.114072 -0.669126 0.0 -0.579542 0.618565 -0.530574 0.0 0.353374 0.777409 0.520348 0.0 -0.447136 -0.514976 1.974663 1.0]
341
	ConcatTransform [1.1 0.0 0.0 0.0 0.0 1.1 0.0 0.0 0.0 0.0 1.1 0.0 -9.609 0.05 6.704 1.0]
	ConcatTransform [0.663245 0.112719 -0.739865 0.0 -0.629344 0.618993 -0.469866 0.0 0.405008 0.777266 0.481483 0.0 -0.447036 -0.51495 1.975382 1.0]
342
	ConcatTransform [1.1 0.0 0.0 0.0 0.0 1.1 0.0 0.0 0.0 0.0 1.1 0.0 -9.609 0.05 6.704 1.0]
	ConcatTransform [0.54412 0.110968 -0.831637 0.0 -0.692031 0.619785 -0.370079 0.0 0.474369 0.776886 0.414031 0.0 -0.44693 -0.514926 1.97622 1.0]
343
	ConcatTransform [1.1 0.0 0.0 0.0 0.0 1.1 0.0 0.0 0.0 0.0 1.1 0.0 -9.609 0.05 6.704 1.0]
	ConcatTransform [0.45761 0.110303 -0.882285 0.0 -0.724951 0.620813 -0.298392 0.0 0.51482 0.77616 0.364054 0.0 -0.446876 -0.51492 1.97663 1.0]
344
	ConcatTransform [1.1 0.0 0.0 0.0 0.0 1.1 0.0 0.0 0.0 0.0 1.1 0.0 -9.609 0.05 6.704 1.0]
	ConcatTransform [0.319417 0.110108 -0.941196 0.0 -0.760109 0.622877 -0.185092 0.0 0.565869 0.774532 0.282652 0.0 -0.446811 -0.51492 1.977022 1.0]
345
	ConcatTransform [1.1 0.0 0.0 0.0 0.0 1.1 0.0 0.0 0.0 0.0 1.1 0.0 -9.609 0.05 6.704 1.0]
	ConcatTransform [0.222963 0.110344 -0.968562 0.0 -0.774055 0.623995 -0.107099 0.0 0.59256 0.773599 0.22454 0.0 -0.446797 -0.514922 1.977129 1.0]
346
	ConcatTransform [1.1 0.0 0.0 0.0 0.0 1.1 0.0 0.0 0.0 0.0 1.1 0.0 -9.609 0.05 6.704 1.0]
	ConcatTransform [0.074232 0.111344 -0.991006 0.0 -0.780423 0.625141 0.011779 0.0 0.62083 0.772529 0.133301 0.0 -0.446814 -0.514927 1.977086 1.0]
347
	ConcatTransform [1.1 0.0 0.0 0.0 0.0 1.1 0.0 0.0 0.0 0.0 1.1 0.0 -9.609 0.05 6.704 1.0]
	ConcatTransform [-0.026057 0.112392 -0.993322 0.0 -0.774534 0.625932 0.091141 0.0 0.631996 0.771736 0.070741 0.0 -0.446832 -0.514931 1.976939 1.0]
348
	ConcatTransform [1.1 0.0 0.0 0.0 0.0 1.1 0.0 0.0 0.0 0.0 1.1 0.0 -9.609 0.05 6.704 1.0]
	ConcatTransform [-0.17565 0.114121 -0.977816 0.0 -0.750789 0.626927 0.208037 0.0 0.63676 0.770674 -0.024439 0.0 -0.446872 -0.514937 1.976558 1.0]
349
	ConcatTransform [1.1 0.0 0.0 0.0 0.0 1.1 0.0 0.0 0.0 0.0 1.1 0.0 -9.609 0.05 6.704 1.0]
	ConcatTransform [-0.273399 0.1155 -0.954941 0.0 -0.725481 0.627116 0.283554 0.0 0.631609 0.770315 -0.08766 0.0 -0.446917 -0.51494 1.976223 1.0]
350
	ConcatTransform [1.1 0.0 0.0 0.0 0.0 1.1 0.0 0.0 0.0 0.0 1.1 0.0 -9.609 0.05 6.704 1.0]
	ConcatTransform [-0.414481 0.117788 -0.902403 0.0 -0.673651 0.626989 0.391253 0.0 0.611882 0.770072 -0.180527 0.0 -0.446993 -0.514945 1.97563 1.0]
351
	ConcatTransform [1.1 0.0 0.0 0.0 0.0 1.1 0.0 0.0 0.0 0.0 1.1 0.0 -9.609 0.05 6.704 1.0]
	ConcatTransform [-0.503422 0.119029 -0.855803 0.0 -0.630411 0.626747 0.458007 0.0 0.590888 0.770078 -0.240481 0.0 -0.447048 -0.514946 1.975185 1.0]
352
	ConcatTransform [1.1 0.0 0.0 0.0 0.0 1.1 0.0 0.0 0.0 0.0 1.1 0.0 -9.609 0.05 6.704 1.0]
	ConcatTransform [-0.626916 0.120588 -0.769698 0.0 -0.553675 0.626085 0.549055 0.0 0.548106 0.770374 -0.325736 0.0 -0.447136 -0.514946 1.974483 1.0]
353
	ConcatTransform [1.1 0.0 0.0 0.0 0.0 1.1 0.0 0.0 0.0 0.0 1.1 0.0 -9.609 0.05 6.704 1.0]
	ConcatTransform [-0.701401 0.121375 -0.702357 0.0 -0.49534 0.625547 0.602768 0.0 0.512518 0.770687 -0.378638 0.0 -0.447193 -0.514946 1.974008 1.0]
354
	ConcatTransform [1.1 0.0 0.0 0.0 0.0 1.1 0.0 0.0 0.0 0.0 1.1 0.0 -9.609 0.05 6.704 1.0]
	ConcatTransform [-0.799478 0.1221 -0.588155 0.0 -0.398639 0.624602 0.671535 0.0 0.449357 0.771339 -0.450682 0.0 -0.447278 -0.514945 1.973312 1.0]
355
	ConcatTransform [1.1 0.0 0.0 0.0 0.0 1.1 0.0 0.0 0.0 0.0 1.1 0.0 -9.609 0.05 6.704 1.0]
	ConcatTransform [-0.854779 0.122321 -0.504371 0.0 -0.32894 0.624014 0.708805 0.0 0.401437 0.77178 -0.493158 0.0 -0.447329 -0.514944 1.97287 1.0]
356
	ConcatTransform [1.1 0.0 0.0 0.0 0.0 1.1 0.0 0.0 0.0 0.0 1.1 0.0 -9.609 0.05 6.704 1.0]
	ConcatTransform [-0.921192 0.12246 -0.369335 0.0 -0.218249 0.623203 0.75099 0.0 0.322137 0.772413 -0.547363 0.0 -0.447392 -0.514943 1.97226 1.0]
357
	ConcatTransform [1.1 0.0 0.0 0.0 0.0 1.1 0.0 0.0 0.0 0.0 1.1 0.0 -9.609 0.05 6.704 1.0]
	ConcatTransform [-0.953801 0.122262 -0.274436 0.0 -0.141573 0.622775 0.769486 0.0 0.26499 0.772789 -0.576695 0.0 -0.44743 -0.514942 1.971896 1.0]
358
	ConcatTransform [1.1 0.0 0.0 0.0 0.0 1.1 0.0 0.0 0.0 0.0 1.1 0.0 -9.609 0.05 6.704 1.0]
	ConcatTransform [-0.984401 0.121545 -0.127207 0.0 -0.024238 0.622433 0.782298 0.0 0.174262 0.773178 -0.609777 0.0 -0.447478 -0.514941 1.97142 1.0]
359
	ConcatTransform [1.1 0.0 0.0 0.0 0.0 1.1 0.0 0.0 0.0 0.0 1.1 0.0 -9.609 0.05 6.704 1.0]
	ConcatTransform [-0.992268 0.121096 -0.027221 0.0 0.054525 0.622316 0.780865 0.0 0.1115 0.773343 -0.624106 0.0 -0.4475 -0.514941 1.971159 1.0]
360
	ConcatTransform [1.1 0.0 0.0 0.0 0.0 1.1 0.0 0.0 0.0 0.0 1.1 0.0 -9.609 0.05 6.704 1.0]
	ConcatTransform [0.523887 -0.846046 0.098732 0.0 0.282548 0.063259 -0.957165 0.0 0.803561 0.529343 0.272189 0.0 -2.053209 -150.305527 7.933817 1.0]
