228
	ConcatTransform [1.1 0.0 0.0 0.0 0.0 1.1 0.0 0.0 0.0 0.0 1.1 0.0 -9.609 0.05 6.704 1.0]
	ConcatTransform [0.99854 -0.045225 0.029537 0.0 0.049322 0.986336 -0.157189 0.0 -0.022024 0.158416 0.987127 0.0 -0.011177 -0.029646 0.007506 1.0]
229
	ConcatTransform [1.1 0.0 0.0 0.0 0.0 1.1 0.0 0.0 0.0 0.0 1.1 0.0 -9.609 0.05 6.704 1.0]
	ConcatTransform [0.843632 0.152113 -0.514924 0.0 -0.239788 0.964817 -0.107844 0.0 0.480402 0.214454 0.850425 0.0 -0.030069 -0.056292 0.003238 1.0]
230
	ConcatTransform [1.1 0.0 0.0 0.0 0.0 1.1 0.0 0.0 0.0 0.0 1.1 0.0 -9.609 0.05 6.704 1.0]
	ConcatTransform [0.359434 0.353579 -0.863591 0.0 -0.415794 0.889177 0.190998 0.0 0.835418 0.290425 0.466616 0.0 -0.044324 -0.116968 -0.002931 1.0]
231
	ConcatTransform [1.1 0.0 0.0 0.0 0.0 1.1 0.0 0.0 0.0 0.0 1.1 0.0 -9.609 0.05 6.704 1.0]
	ConcatTransform [0.325064 0.453345 -0.829947 0.0 -0.361545 0.870515 0.333899 0.0 0.873853 0.191525 0.446878 0.0 -0.04562 -0.16646 -0.011313 1.0]
232
	ConcatTransform [1.1 0.0 0.0 0.0 0.0 1.1 0.0 0.0 0.0 0.0 1.1 0.0 -9.609 0.05 6.704 1.0]
	ConcatTransform [0.308397 0.576107 -0.756963 0.0 -0.256903 0.816622 0.516846 0.0 0.915911 0.035072 0.399847 0.0 -0.049994 -0.258018 -0.026162 1.0]
233
	ConcatTransform [1.1 0.0 0.0 0.0 0.0 1.1 0.0 0.0 0.0 0.0 1.1 0.0 -9.609 0.05 6.704 1.0]
	ConcatTransform [0.380147 0.606866 -0.697999 0.0 -0.125157 0.781464 0.611269 0.0 0.916419 -0.145013 0.373025 0.0 -0.054035 -0.327936 -0.038054 1.0]
234
	ConcatTransform [1.1 0.0 0.0 0.0 0.0 1.1 0.0 0.0 0.0 0.0 1.1 0.0 -9.609 0.05 6.704 1.0]
	ConcatTransform [0.510889 0.646427 -0.566679 0.0 -0.102256 0.700217 0.706569 0.0 0.853543 -0.303031 0.423834 0.0 -0.084628 -0.392359 -0.07236 1.0]
235
	ConcatTransform [1.1 0.0 0.0 0.0 0.0 1.1 0.0 0.0 0.0 0.0 1.1 0.0 -9.609 0.05 6.704 1.0]
	ConcatTransform [0.653188 0.619782 -0.43499 0.0 -0.176713 0.683387 0.708347 0.0 0.736287 -0.385815 0.555903 0.0 -0.104128 -0.425872 -0.098314 1.0]
236
	ConcatTransform [1.1 0.0 0.0 0.0 0.0 1.1 0.0 0.0 0.0 0.0 1.1 0.0 -9.609 0.05 6.704 1.0]
	ConcatTransform [0.766951 0.580559 -0.273381 0.0 -0.258038 0.669077 0.69696 0.0 0.587539 -0.463991 0.662956 0.0 -0.129953 -0.463083 -0.135565 1.0]
237
	ConcatTransform [1.1 0.0 0.0 0.0 0.0 1.1 0.0 0.0 0.0 0.0 1.1 0.0 -9.609 0.05 6.704 1.0]
	ConcatTransform [0.783293 0.596118 -0.176338 0.0 -0.385974 0.688719 0.613751 0.0 0.487315 -0.412685 0.769555 0.0 -0.151966 -0.449793 -0.159211 1.0]
238
	ConcatTransform [1.1 0.0 0.0 0.0 0.0 1.1 0.0 0.0 0.0 0.0 1.1 0.0 -9.609 0.05 6.704 1.0]
	ConcatTransform [0.752325 0.656443 -0.055579 0.0 -0.552949 0.675066 0.488399 0.0 0.358125 -0.336703 0.870849 0.0 -0.188339 -0.421998 -0.198471 1.0]
239
	ConcatTransform [1.1 0.0 0.0 0.0 0.0 1.1 0.0 0.0 0.0 0.0 1.1 0.0 -9.609 0.05 6.704 1.0]
	ConcatTransform [0.707942 0.706227 -0.007888 0.0 -0.634202 0.640578 0.432952 0.0 0.310816 -0.301502 0.901382 0.0 -0.212605 -0.412296 -0.223021 1.0]
240
	ConcatTransform [1.1 0.0 0.0 0.0 0.0 1.1 0.0 0.0 0.0 0.0 1.1 0.0 -9.609 0.05 6.704 1.0]
	ConcatTransform [0.66217 0.739599 0.120515 0.0 -0.716541 0.577864 0.390694 0.0 0.219316 -0.34506 0.912597 0.0 -0.246704 -0.413661 -0.254749 1.0]
241
	ConcatTransform [1.1 0.0 0.0 0.0 0.0 1.1 0.0 0.0 0.0 0.0 1.1 0.0 -9.609 0.05 6.704 1.0]
	ConcatTransform [0.647224 0.735133 0.201692 0.0 -0.744271 0.552196 0.375685 0.0 0.164805 -0.393267 0.904533 0.0 -0.269899 -0.418855 -0.276781 1.0]
242
	ConcatTransform [1.1 0.0 0.0 0.0 0.0 1.1 0.0 0.0 0.0 0.0 1.1 0.0 -9.609 0.05 6.704 1.0]
	ConcatTransform [0.643681 0.702399 0.303826 0.0 -0.762236 0.552967 0.336488 0.0 0.068343 -0.448178 0.891328 0.0 -0.304775 -0.431042 -0.312448 1.0]
243
	ConcatTransform [1.1 0.0 0.0 0.0 0.0 1.1 0.0 0.0 0.0 0.0 1.1 0.0 -9.609 0.05 6.704 1.0]
	ConcatTransform [0.660123 0.664186 0.350848 0.0 -0.750733 0.567665 0.337871 0.0 0.025245 -0.486429 0.873355 0.0 -0.328071 -0.439725 -0.339036 1.0]
244
	ConcatTransform [1.1 0.0 0.0 0.0 0.0 1.1 0.0 0.0 0.0 0.0 1.1 0.0 -9.609 0.05 6.704 1.0]
	ConcatTransform [0.658532 0.639177 0.397226 0.0 -0.752396 0.569968 0.330207 0.0 -0.015346 -0.516323 0.856256 0.0 -0.363379 -0.456338 -0.382948 1.0]
245
	ConcatTransform [1.1 0.0 0.0 0.0 0.0 1.1 0.0 0.0 0.0 0.0 1.1 0.0 -9.609 0.05 6.704 1.0]
	ConcatTransform [0.654252 0.62539 0.425255 0.0 -0.7554 0.567456 0.327664 0.0 -0.036396 -0.535613 0.843679 0.0 -0.386895 -0.475483 -0.413018 1.0]
246
	ConcatTransform [1.1 0.0 0.0 0.0 0.0 1.1 0.0 0.0 0.0 0.0 1.1 0.0 -9.609 0.05 6.704 1.0]
	ConcatTransform [0.656359 0.581553 0.480614 0.0 -0.750141 0.571029 0.333487 0.0 -0.080505 -0.579415 0.811047 0.0 -0.421623 -0.52214 -0.457506 1.0]
247
	ConcatTransform [1.1 0.0 0.0 0.0 0.0 1.1 0.0 0.0 0.0 0.0 1.1 0.0 -9.609 0.05 6.704 1.0]
	ConcatTransform [0.678348 0.526254 0.512738 0.0 -0.727478 0.578936 0.368251 0.0 -0.103049 -0.622808 0.775559 0.0 -0.443774 -0.522481 -0.488167 1.0]
248
	ConcatTransform [1.1 0.0 0.0 0.0 0.0 1.1 0.0 0.0 0.0 0.0 1.1 0.0 -9.609 0.05 6.704 1.0]
	ConcatTransform [0.721963 0.453703 0.52242 0.0 -0.681843 0.594953 0.425583 0.0 -0.117727 -0.663464 0.738888 0.0 -0.475422 -0.519068 -0.532549 1.0]
249
	ConcatTransform [1.1 0.0 0.0 0.0 0.0 1.1 0.0 0.0 0.0 0.0 1.1 0.0 -9.609 0.05 6.704 1.0]
	ConcatTransform [0.739322 0.424858 0.522397 0.0 -0.665845 0.57681 0.473224 0.0 -0.100271 -0.6977 0.709338 0.0 -0.496025 -0.516514 -0.558672 1.0]
250
	ConcatTransform [1.1 0.0 0.0 0.0 0.0 1.1 0.0 0.0 0.0 0.0 1.1 0.0 -9.609 0.05 6.704 1.0]
	ConcatTransform [0.77101 0.38808 0.504913 0.0 -0.630933 0.573089 0.522964 0.0 -0.086408 -0.721778 0.68671 0.0 -0.5245 -0.512388 -0.594136 1.0]
251
	ConcatTransform [1.1 0.0 0.0 0.0 0.0 1.1 0.0 0.0 0.0 0.0 1.1 0.0 -9.609 0.05 6.704 1.0]
	ConcatTransform [0.784356 0.359296 0.50566 0.0 -0.613704 0.568135 0.548262 0.0 -0.090295 -0.740358 0.666121 0.0 -0.541437 -0.508302 -0.614529 1.0]
252
	ConcatTransform [1.1 0.0 0.0 0.0 0.0 1.1 0.0 0.0 0.0 0.0 1.1 0.0 -9.609 0.05 6.704 1.0]
	ConcatTransform [0.788891 0.34463 0.508804 0.0 -0.605859 0.574784 0.550053 0.0 -0.102887 -0.742195 0.662239 0.0 -0.564275 -0.506032 -0.641024 1.0]
253
	ConcatTransform [1.1 0.0 0.0 0.0 0.0 1.1 0.0 0.0 0.0 0.0 1.1 0.0 -9.609 0.05 6.704 1.0]
	ConcatTransform [0.796682 0.322052 0.511449 0.0 -0.58821 0.607678 0.533607 0.0 -0.138947 -0.725954 0.673561 0.0 -0.575967 -0.504073 -0.655337 1.0]
254
	ConcatTransform [1.1 0.0 0.0 0.0 0.0 1.1 0.0 0.0 0.0 0.0 1.1 0.0 -9.609 0.05 6.704 1.0]
	ConcatTransform [0.791947 0.294319 0.534973 0.0 -0.579158 0.639574 0.505491 0.0 -0.193379 -0.710156 0.676966 0.0 -0.58925 -0.500442 -0.671799 1.0]
255
	ConcatTransform [1.1 0.0 0.0 0.0 0.0 1.1 0.0 0.0 0.0 0.0 1.1 0.0 -9.609 0.05 6.704 1.0]
	ConcatTransform [0.775295 0.307258 0.551825 0.0 -0.597181 0.641088 0.482059 0.0 -0.205652 -0.703277 0.680521 0.0 -0.597136 -0.502815 -0.681111 1.0]
256
	ConcatTransform [1.1 0.0 0.0 0.0 0.0 1.1 0.0 0.0 0.0 0.0 1.1 0.0 -9.609 0.05 6.704 1.0]
	ConcatTransform [0.752175 0.334068 0.568006 0.0 -0.619583 0.652048 0.436979 0.0 -0.224386 -0.680611 0.697437 0.0 -0.604203 -0.506119 -0.692704 1.0]
257
	ConcatTransform [1.1 0.0 0.0 0.0 0.0 1.1 0.0 0.0 0.0 0.0 1.1 0.0 -9.609 0.05 6.704 1.0]
	ConcatTransform [0.732323 0.352672 0.582516 0.0 -0.63992 0.648892 0.411633 0.0 -0.232819 -0.674212 0.70088 0.0 -0.606162 -0.508375 -0.698175 1.0]
258
	ConcatTransform [1.1 0.0 0.0 0.0 0.0 1.1 0.0 0.0 0.0 0.0 1.1 0.0 -9.609 0.05 6.704 1.0]
	ConcatTransform [0.697409 0.378093 0.608824 0.0 -0.674045 0.63466 0.377981 0.0 -0.243484 -0.673982 0.69747 0.0 -0.605194 -0.511351 -0.703263 1.0]
259
	ConcatTransform [1.1 0.0 0.0 0.0 0.0 1.1 0.0 0.0 0.0 0.0 1.1 0.0 -9.609 0.05 6.704 1.0]
	ConcatTransform [0.674661 0.397291 0.622087 0.0 -0.694188 0.627955 0.351817 0.0 -0.250869 -0.669203 0.699452 0.0 -0.602149 -0.513369 -0.70523 1.0]
260
	ConcatTransform [1.1 0.0 0.0 0.0 0.0 1.1 0.0 0.0 0.0 0.0 1.1 0.0 -9.609 0.05 6.704 1.0]
	ConcatTransform [0.640483 0.428314 0.637439 0.0 -0.721632 0.619619 0.308738 0.0 -0.262733 -0.657738 0.705941 0.0 -0.594529 -0.516204 -0.706142 1.0]
261
	ConcatTransform [1.1 0.0 0.0 0.0 0.0 1.1 0.0 0.0 0.0 0.0 1.1 0.0 -9.609 0.05 6.704 1.0]
	ConcatTransform [0.613784 0.450111 0.64859 0.0 -0.742516 0.60824 0.28056 0.0 -0.268215 -0.653792 0.707543 0.0 -0.587962 -0.517954 -0.705332 1.0]
262
	ConcatTransform [1.1 0.0 0.0 0.0 0.0 1.1 0.0 0.0 0.0 0.0 1.1 0.0 -9.609 0.05 6.704 1.0]
	ConcatTransform [0.569732 0.48322 0.664759 0.0 -0.774769 0.585601 0.238337 0.0 -0.274115 -0.650822 0.708019 0.0 -0.576371 -0.520071 -0.702353 1.0]
263
	ConcatTransform [1.1 0.0 0.0 0.0 0.0 1.1 0.0 0.0 0.0 0.0 1.1 0.0 -9.609 0.05 6.704 1.0]
	ConcatTransform [0.541263 0.503949 0.673105 0.0 -0.792923 0.57231 0.209129 0.0 -0.279834 -0.646914 0.709363 0.0 -0.567662 -0.520988 -0.699471 1.0]
264
	ConcatTransform [1.1 0.0 0.0 0.0 0.0 1.1 0.0 0.0 0.0 0.0 1.1 0.0 -9.609 0.05 6.704 1.0]
	ConcatTransform [0.491011 0.507555 0.708023 0.0 -0.812983 0.558982 0.163087 0.0 -0.312997 -0.655688 0.6871 0.0 -0.553892 -0.521009 -0.69261 1.0]
265
	ConcatTransform [1.1 0.0 0.0 0.0 0.0 1.1 0.0 0.0 0.0 0.0 1.1 0.0 -9.609 0.05 6.704 1.0]
	ConcatTransform [0.438146 0.510523 0.739861 0.0 -0.817194 0.569093 0.091254 0.0 -0.374463 -0.644592 0.666542 0.0 -0.544552 -0.521243 -0.687047 1.0]
266
	ConcatTransform [1.1 0.0 0.0 0.0 0.0 1.1 0.0 0.0 0.0 0.0 1.1 0.0 -9.609 0.05 6.704 1.0]
	ConcatTransform [0.33199 0.537321 0.775286 0.0 -0.834045 0.551138 -0.024821 0.0 -0.440627 -0.638383 0.631122 0.0 -0.531362 -0.521816 -0.677873 1.0]
267
	ConcatTransform [1.1 0.0 0.0 0.0 0.0 1.1 0.0 0.0 0.0 0.0 1.1 0.0 -9.609 0.05 6.704 1.0]
	ConcatTransform [0.25949 0.553708 0.791247 0.0 -0.836642 0.538131 -0.102202 0.0 -0.482385 -0.63547 0.602895 0.0 -0.522575 -0.521868 -0.671291 1.0]
268
	ConcatTransform [1.1 0.0 0.0 0.0 0.0 1.1 0.0 0.0 0.0 0.0 1.1 0.0 -9.609 0.05 6.704 1.0]
	ConcatTransform [0.150979 0.570992 0.806953 0.0 -0.826962 0.520201 -0.213366 0.0 -0.541608 -0.635106 0.550728 0.0 -0.509778 -0.521569 -0.660996 1.0]
269
	ConcatTransform [1.1 0.0 0.0 0.0 0.0 1.1 0.0 0.0 0.0 0.0 1.1 0.0 -9.609 0.05 6.704 1.0]
	ConcatTransform [0.077368 0.579976 0.810951 0.0 -0.81337 0.50711 -0.285076 0.0 -0.576579 -0.637548 0.510969 0.0 -0.5018 -0.521175 -0.654136 1.0]
270
	ConcatTransform [1.1 0.0 0.0 0.0 0.0 1.1 0.0 0.0 0.0 0.0 1.1 0.0 -9.609 0.05 6.704 1.0]
	ConcatTransform [-0.032029 0.59175 0.805485 0.0 -0.781467 0.487606 -0.389294 0.0 -0.623124 -0.641928 0.446816 0.0 -0.490914 -0.520377 -0.644303 1.0]
271
	ConcatTransform [1.1 0.0 0.0 0.0 0.0 1.1 0.0 0.0 0.0 0.0 1.1 0.0 -9.609 0.05 6.704 1.0]
	ConcatTransform [-0.10073 0.6004 0.793331 0.0 -0.75327 0.474889 -0.455044 0.0 -0.649953 -0.643428 0.404427 0.0 -0.484516 -0.519717 -0.638259 1.0]
272
	ConcatTransform [1.1 0.0 0.0 0.0 0.0 1.1 0.0 0.0 0.0 0.0 1.1 0.0 -9.609 0.05 6.704 1.0]
	ConcatTransform [-0.196456 0.615339 0.763389 0.0 -0.72113 0.436852 -0.53771 0.0 -0.664361 -0.656139 0.357918 0.0 -0.476941 -0.517314 -0.630186 1.0]
273
	ConcatTransform [1.1 0.0 0.0 0.0 0.0 1.1 0.0 0.0 0.0 0.0 1.1 0.0 -9.609 0.05 6.704 1.0]
	ConcatTransform [-0.243893 0.621631 0.744373 0.0 -0.697918 0.420435 -0.579781 0.0 -0.67337 -0.660915 0.331306 0.0 -0.472582 -0.515942 -0.625421 1.0]
274
	ConcatTransform [1.1 0.0 0.0 0.0 0.0 1.1 0.0 0.0 0.0 0.0 1.1 0.0 -9.609 0.05 6.704 1.0]
	ConcatTransform [-0.291809 0.626092 0.723088 0.0 -0.668113 0.40756 -0.622512 0.0 -0.684451 -0.664759 0.29937 0.0 -0.46781 -0.514535 -0.619845 1.0]
275
	ConcatTransform [1.1 0.0 0.0 0.0 0.0 1.1 0.0 0.0 0.0 0.0 1.1 0.0 -9.609 0.05 6.704 1.0]
	ConcatTransform [-0.315261 0.620381 0.718149 0.0 -0.652373 0.40791 -0.638764 0.0 -0.689217 -0.669878 0.276122 0.0 -0.465758 -0.51467 -0.616997 1.0]
276
	ConcatTransform [1.1 0.0 0.0 0.0 0.0 1.1 0.0 0.0 0.0 0.0 1.1 0.0 -9.609 0.05 6.704 1.0]
	ConcatTransform [-0.324999 0.621933 0.712443 0.0 -0.642455 0.407628 -0.648915 0.0 -0.693993 -0.66861 0.267085 0.0 -0.464081 -0.514528 -0.614519 1.0]
277
	ConcatTransform [1.1 0.0 0.0 0.0 0.0 1.1 0.0 0.0 0.0 0.0 1.1 0.0 -9.609 0.05 6.704 1.0]
	ConcatTransform [-0.317962 0.62492 0.713004 0.0 -0.646295 0.407368 -0.645255 0.0 -0.693688 -0.665977 0.274355 0.0 -0.463923 -0.514538 -0.61387 1.0]
278
	ConcatTransform [1.1 0.0 0.0 0.0 0.0 1.1 0.0 0.0 0.0 0.0 1.1 0.0 -9.609 0.05 6.704 1.0]
	ConcatTransform [-0.292947 0.630646 0.718657 0.0 -0.655929 0.414314 -0.630952 0.0 -0.695657 -0.656224 0.292287 0.0 -0.464793 -0.5151 -0.614494 1.0]
279
	ConcatTransform [1.1 0.0 0.0 0.0 0.0 1.1 0.0 0.0 0.0 0.0 1.1 0.0 -9.609 0.05 6.704 1.0]
	ConcatTransform [-0.287465 0.628373 0.722849 0.0 -0.661905 0.415155 -0.624122 0.0 -0.692276 -0.65787 0.296581 0.0 -0.466589 -0.515232 -0.616283 1.0]
280
	ConcatTransform [1.1 0.0 0.0 0.0 0.0 1.1 0.0 0.0 0.0 0.0 1.1 0.0 -9.609 0.05 6.704 1.0]
	ConcatTransform [-0.268696 0.625704 0.732323 0.0 -0.669109 0.425657 -0.609187 0.0 -0.692889 -0.65369 0.304292 0.0 -0.470384 -0.516129 -0.620757 1.0]
281
	ConcatTransform [1.1 0.0 0.0 0.0 0.0 1.1 0.0 0.0 0.0 0.0 1.1 0.0 -9.609 0.05 6.704 1.0]
	ConcatTransform [-0.252312 0.621865 0.741365 0.0 -0.676966 0.434002 -0.59444 0.0 -0.691416 -0.651863 0.311478 0.0 -0.4738 -0.516781 -0.624815 1.0]
282
	ConcatTransform [1.1 0.0 0.0 0.0 0.0 1.1 0.0 0.0 0.0 0.0 1.1 0.0 -9.609 0.05 6.704 1.0]
	ConcatTransform [-0.221833 0.612375 0.758807 0.0 -0.688757 0.452444 -0.566488 0.0 -0.690221 -0.648299 0.32141 0.0 -0.479854 -0.518214 -0.632155 1.0]
283
	ConcatTransform [1.1 0.0 0.0 0.0 0.0 1.1 0.0 0.0 0.0 0.0 1.1 0.0 -9.609 0.05 6.704 1.0]
	ConcatTransform [-0.197414 0.603521 0.772522 0.0 -0.701518 0.463476 -0.541353 0.0 -0.684763 -0.648808 0.331884 0.0 -0.484305 -0.518989 -0.637461 1.0]
284
	ConcatTransform [1.1 0.0 0.0 0.0 0.0 1.1 0.0 0.0 0.0 0.0 1.1 0.0 -9.609 0.05 6.704 1.0]
	ConcatTransform [-0.150603 0.593944 0.790284 0.0 -0.715472 0.486173 -0.501733 0.0 -0.682216 -0.640989 0.351731 0.0 -0.491522 -0.520222 -0.646369 1.0]
285
	ConcatTransform [1.1 0.0 0.0 0.0 0.0 1.1 0.0 0.0 0.0 0.0 1.1 0.0 -9.609 0.05 6.704 1.0]
	ConcatTransform [-0.116812 0.591703 0.797648 0.0 -0.723603 0.499408 -0.476434 0.0 -0.68026 -0.632834 0.369821 0.0 -0.496921 -0.520781 -0.653048 1.0]
286
	ConcatTransform [1.1 0.0 0.0 0.0 0.0 1.1 0.0 0.0 0.0 0.0 1.1 0.0 -9.609 0.05 6.704 1.0]
	ConcatTransform [-0.063916 0.577724 0.813726 0.0 -0.734565 0.524708 -0.430228 0.0 -0.675522 -0.625233 0.390838 0.0 -0.505734 -0.521596 -0.66342 1.0]
287
	ConcatTransform [1.1 0.0 0.0 0.0 0.0 1.1 0.0 0.0 0.0 0.0 1.1 0.0 -9.609 0.05 6.704 1.0]
	ConcatTransform [-0.028985 0.56736 0.82296 0.0 -0.740585 0.540759 -0.39889 0.0 -0.671337 -0.621034 0.404504 0.0 -0.512016 -0.521871 -0.67069 1.0]
288
	ConcatTransform [1.1 0.0 0.0 0.0 0.0 1.1 0.0 0.0 0.0 0.0 1.1 0.0 -9.609 0.05 6.704 1.0]
	ConcatTransform [0.021705 0.549736 0.835056 0.0 -0.748451 0.5627 -0.350984 0.0 -0.662835 -0.617381 0.423664 0.0 -0.521677 -0.521918 -0.681667 1.0]
289
	ConcatTransform [1.1 0.0 0.0 0.0 0.0 1.1 0.0 0.0 0.0 0.0 1.1 0.0 -9.609 0.05 6.704 1.0]
	ConcatTransform [0.054501 0.538222 0.841039 0.0 -0.75284 0.575467 -0.319484 0.0 -0.655944 -0.615756 0.436558 0.0 -0.528079 -0.521726 -0.688883 1.0]
290
	ConcatTransform [1.1 0.0 0.0 0.0 0.0 1.1 0.0 0.0 0.0 0.0 1.1 0.0 -9.609 0.05 6.704 1.0]
	ConcatTransform [0.103104 0.522118 0.846618 0.0 -0.757633 0.592719 -0.273269 0.0 -0.644485 -0.613251 0.456686 0.0 -0.537278 -0.521208 -0.699247 1.0]
291
	ConcatTransform [1.1 0.0 0.0 0.0 0.0 1.1 0.0 0.0 0.0 0.0 1.1 0.0 -9.609 0.05 6.704 1.0]
	ConcatTransform [0.133737 0.512075 0.848466 0.0 -0.761155 0.601345 -0.242955 0.0 -0.634632 -0.613322 0.47019 0.0 -0.543063 -0.520792 -0.705667 1.0]
292
	ConcatTransform [1.1 0.0 0.0 0.0 0.0 1.1 0.0 0.0 0.0 0.0 1.1 0.0 -9.609 0.05 6.704 1.0]
	ConcatTransform [0.175878 0.499503 0.848271 0.0 -0.768397 0.608289 -0.198873 0.0 -0.615332 -0.616831 0.490801 0.0 -0.551057 -0.520243 -0.714333 1.0]
293
	ConcatTransform [1.1 0.0 0.0 0.0 0.0 1.1 0.0 0.0 0.0 0.0 1.1 0.0 -9.609 0.05 6.704 1.0]
	ConcatTransform [0.203752 0.493006 0.845831 0.0 -0.772291 0.611924 -0.170633 0.0 -0.601708 -0.61846 0.505425 0.0 -0.555698 -0.519916 -0.719378 1.0]
294
	ConcatTransform [1.1 0.0 0.0 0.0 0.0 1.1 0.0 0.0 0.0 0.0 1.1 0.0 -9.609 0.05 6.704 1.0]
	ConcatTransform [0.245825 0.485909 0.838727 0.0 -0.776143 0.617015 -0.12998 0.0 -0.580665 -0.619019 0.528812 0.0 -0.561459 -0.51949 -0.725711 1.0]
295
	ConcatTransform [1.1 0.0 0.0 0.0 0.0 1.1 0.0 0.0 0.0 0.0 1.1 0.0 -9.609 0.05 6.704 1.0]
	ConcatTransform [0.27132 0.483606 0.832172 0.0 -0.780193 0.616819 -0.104084 0.0 -0.563635 -0.621015 0.544661 0.0 -0.564601 -0.519397 -0.72905 1.0]
296
	ConcatTransform [1.1 0.0 0.0 0.0 0.0 1.1 0.0 0.0 0.0 0.0 1.1 0.0 -9.609 0.05 6.704 1.0]
	ConcatTransform [0.305535 0.483862 0.820077 0.0 -0.788689 0.611158 -0.066754 0.0 -0.533496 -0.62639 0.568346 0.0 -0.568231 -0.519555 -0.732693 1.0]
297
	ConcatTransform [1.1 0.0 0.0 0.0 0.0 1.1 0.0 0.0 0.0 0.0 1.1 0.0 -9.609 0.05 6.704 1.0]
	ConcatTransform [0.328433 0.485915 0.80995 0.0 -0.793027 0.607668 -0.042989 0.0 -0.513069 -0.628193 0.584922 0.0 -0.569775 -0.519722 -0.734245 1.0]
298
	ConcatTransform [1.1 0.0 0.0 0.0 0.0 1.1 0.0 0.0 0.0 0.0 1.1 0.0 -9.609 0.05 6.704 1.0]
	ConcatTransform [0.364225 0.49265 0.790339 0.0 -0.795202 0.606237 -0.011426 0.0 -0.484762 -0.624318 0.612563 0.0 -0.570686 -0.520024 -0.735387 1.0]
299
	ConcatTransform [1.1 0.0 0.0 0.0 0.0 1.1 0.0 0.0 0.0 0.0 1.1 0.0 -9.609 0.05 6.704 1.0]
	ConcatTransform [0.383553 0.498208 0.777609 0.0 -0.799472 0.600628 0.00952 0.0 -0.462311 -0.625328 0.628676 0.0 -0.570673 -0.520344 -0.735272 1.0]
300
	ConcatTransform [1.1 0.0 0.0 0.0 0.0 1.1 0.0 0.0 0.0 0.0 1.1 0.0 -9.609 0.05 6.704 1.0]
	ConcatTransform [0.415902 0.501997 0.758304 0.0 -0.800113 0.598324 0.042742 0.0 -0.432255 -0.624506 0.650498 0.0 -0.569357 -0.520499 -0.733958 1.0]
301
	ConcatTransform [1.1 0.0 0.0 0.0 0.0 1.1 0.0 0.0 0.0 0.0 1.1 0.0 -9.609 0.05 6.704 1.0]
	ConcatTransform [0.434915 0.507426 0.743887 0.0 -0.801368 0.594872 0.062742 0.0 -0.410681 -0.623415 0.665353 0.0 -0.567893 -0.520732 -0.732506 1.0]
302
	ConcatTransform [1.1 0.0 0.0 0.0 0.0 1.1 0.0 0.0 0.0 0.0 1.1 0.0 -9.609 0.05 6.704 1.0]
	ConcatTransform [0.459759 0.521447 0.718829 0.0 -0.804659 0.58706 0.088794 0.0 -0.375694 -0.619236 0.689493 0.0 -0.564839 -0.52123 -0.729721 1.0]
303
	ConcatTransform [1.1 0.0 0.0 0.0 0.0 1.1 0.0 0.0 0.0 0.0 1.1 0.0 -9.609 0.05 6.704 1.0]
	ConcatTransform [0.474381 0.530752 0.702329 0.0 -0.806826 0.581256 0.105705 0.0 -0.352129 -0.616801 0.703961 0.0 -0.562288 -0.521459 -0.727431 1.0]
304
	ConcatTransform [1.1 0.0 0.0 0.0 0.0 1.1 0.0 0.0 0.0 0.0 1.1 0.0 -9.609 0.05 6.704 1.0]
	ConcatTransform [0.495571 0.542719 0.678134 0.0 -0.807909 0.57468 0.130485 0.0 -0.318894 -0.612535 0.723262 0.0 -0.557807 -0.521675 -0.723559 1.0]
305
	ConcatTransform [1.1 0.0 0.0 0.0 0.0 1.1 0.0 0.0 0.0 0.0 1.1 0.0 -9.609 0.05 6.704 1.0]
	ConcatTransform [0.508168 0.550582 0.662288 0.0 -0.808693 0.569567 0.147003 0.0 -0.29628 -0.610289 0.734687 0.0 -0.554541 -0.521782 -0.720833 1.0]
306
	ConcatTransform [1.1 0.0 0.0 0.0 0.0 1.1 0.0 0.0 0.0 0.0 1.1 0.0 -9.609 0.05 6.704 1.0]
	ConcatTransform [0.515858 0.55359 0.65378 0.0 -0.809799 0.564096 0.161312 0.0 -0.279495 -0.612644 0.73929 0.0 -0.549181 -0.521838 -0.716714 1.0]
307
	ConcatTransform [1.1 0.0 0.0 0.0 0.0 1.1 0.0 0.0 0.0 0.0 1.1 0.0 -9.609 0.05 6.704 1.0]
	ConcatTransform [0.503749 0.557026 0.660272 0.0 -0.816345 0.556938 0.152973 0.0 -0.28252 -0.61607 0.735283 0.0 -0.545312 -0.521862 -0.714439 1.0]
308
	ConcatTransform [1.1 0.0 0.0 0.0 0.0 1.1 0.0 0.0 0.0 0.0 1.1 0.0 -9.609 0.05 6.704 1.0]
	ConcatTransform [0.473256 0.564671 0.676147 0.0 -0.827458 0.548274 0.121282 0.0 -0.30223 -0.61688 0.726716 0.0 -0.538978 -0.521851 -0.711771 1.0]
309
	ConcatTransform [1.1 0.0 0.0 0.0 0.0 1.1 0.0 0.0 0.0 0.0 1.1 0.0 -9.609 0.05 6.704 1.0]
	ConcatTransform [0.452798 0.567951 0.687317 0.0 -0.833581 0.543218 0.100278 0.0 -0.31641 -0.618341 0.719402 0.0 -0.534795 -0.521816 -0.70998 1.0]
310
	ConcatTransform [1.1 0.0 0.0 0.0 0.0 1.1 0.0 0.0 0.0 0.0 1.1 0.0 -9.609 0.05 6.704 1.0]
	ConcatTransform [0.421613 0.57132 0.704156 0.0 -0.841419 0.535967 0.06894 0.0 -0.338017 -0.621556 0.706691 0.0 -0.528812 -0.521744 -0.707293 1.0]
311
	ConcatTransform [1.1 0.0 0.0 0.0 0.0 1.1 0.0 0.0 0.0 0.0 1.1 0.0 -9.609 0.05 6.704 1.0]
	ConcatTransform [0.400623 0.573107 0.714877 0.0 -0.844325 0.533928 0.045124 0.0 -0.355832 -0.621666 0.697792 0.0 -0.525048 -0.521705 -0.705606 1.0]
312
	ConcatTransform [1.1 0.0 0.0 0.0 0.0 1.1 0.0 0.0 0.0 0.0 1.1 0.0 -9.609 0.05 6.704 1.0]
	ConcatTransform [0.365722 0.577919 0.729559 0.0 -0.849113 0.528161 0.007271 0.0 -0.381123 -0.622137 0.683879 0.0 -0.519949 -0.521588 -0.703294 1.0]
313
	ConcatTransform [1.1 0.0 0.0 0.0 0.0 1.1 0.0 0.0 0.0 0.0 1.1 0.0 -9.609 0.05 6.704 1.0]
	ConcatTransform [0.342161 0.579906 0.739347 0.0 -0.851013 0.524843 -0.017821 0.0 -0.398375 -0.623096 0.673089 0.0 -0.516909 -0.521513 -0.701852 1.0]
314
	ConcatTransform [1.1 0.0 0.0 0.0 0.0 1.1 0.0 0.0 0.0 0.0 1.1 0.0 -9.609 0.05 6.704 1.0]
	ConcatTransform [0.306869 0.580367 0.754325 0.0 -0.852453 0.520074 -0.053349 0.0 -0.423267 -0.626655 0.65433 0.0 -0.512947 -0.521411 -0.699859 1.0]
315
	ConcatTransform [1.1 0.0 0.0 0.0 0.0 1.1 0.0 0.0 0.0 0.0 1.1 0.0 -9.609 0.05 6.704 1.0]
	ConcatTransform [0.284422 0.58076 0.762772 0.0 -0.851753 0.518256 -0.076989 0.0 -0.440023 -0.627797 0.642068 0.0 -0.510734 -0.521366 -0.698728 1.0]
316
	ConcatTransform [1.1 0.0 0.0 0.0 0.0 1.1 0.0 0.0 0.0 0.0 1.1 0.0 -9.609 0.05 6.704 1.0]
	ConcatTransform [0.252649 0.581564 0.773274 0.0 -0.848052 0.517858 -0.112389 0.0 -0.465807 -0.627381 0.624032 0.0 -0.508116 -0.521349 -0.697333 1.0]
317
	ConcatTransform [1.1 0.0 0.0 0.0 0.0 1.1 0.0 0.0 0.0 0.0 1.1 0.0 -9.609 0.05 6.704 1.0]
	ConcatTransform [0.231866 0.580714 0.780391 0.0 -0.844347 0.518517 -0.134976 0.0 -0.483028 -0.627624 0.61055 0.0 -0.506895 -0.52137 -0.696539 1.0]
318
	ConcatTransform [1.1 0.0 0.0 0.0 0.0 1.1 0.0 0.0 0.0 0.0 1.1 0.0 -9.609 0.05 6.704 1.0]
	ConcatTransform [0.200745 0.577817 0.791093 0.0 -0.837391 0.520297 -0.167534 0.0 -0.508408 -0.628822 0.588306 0.0 -0.505862 -0.521423 -0.695569 1.0]
319
	ConcatTransform [1.1 0.0 0.0 0.0 0.0 1.1 0.0 0.0 0.0 0.0 1.1 0.0 -9.609 0.05 6.704 1.0]
	ConcatTransform [0.180524 0.576269 0.797073 0.0 -0.831305 0.522518 -0.189493 0.0 -0.525684 -0.628402 0.573382 0.0 -0.505643 -0.521478 -0.695131 1.0]
320
	ConcatTransform [1.1 0.0 0.0 0.0 0.0 1.1 0.0 0.0 0.0 0.0 1.1 0.0 -9.609 0.05 6.704 1.0]
	ConcatTransform [0.150876 0.574442 0.80452 0.0 -0.820142 0.527102 -0.222555 0.0 -0.551909 -0.626243 0.550651 0.0 -0.505956 -0.521575 -0.694766 1.0]
321
	ConcatTransform [1.1 0.0 0.0 0.0 0.0 1.1 0.0 0.0 0.0 0.0 1.1 0.0 -9.609 0.05 6.704 1.0]
	ConcatTransform [0.130946 0.572513 0.809371 0.0 -0.811996 0.530325 -0.243758 0.0 -0.568785 -0.625287 0.534322 0.0 -0.506578 -0.521636 -0.694658 1.0]
322
	ConcatTransform [1.1 0.0 0.0 0.0 0.0 1.1 0.0 0.0 0.0 0.0 1.1 0.0 -9.609 0.05 6.704 1.0]
	ConcatTransform [0.100746 0.569093 0.816078 0.0 -0.798782 0.535267 -0.274658 0.0 -0.593126 -0.624198 0.508507 0.0 -0.508036 -0.521716 -0.694695 1.0]
323
	ConcatTransform [1.1 0.0 0.0 0.0 0.0 1.1 0.0 0.0 0.0 0.0 1.1 0.0 -9.609 0.05 6.704 1.0]
	ConcatTransform [0.080847 0.567356 0.819494 0.0 -0.788881 0.538948 -0.2953 0.0 -0.609205 -0.62261 0.491148 0.0 -0.509269 -0.521762 -0.69487 1.0]
324
	ConcatTransform [1.1 0.0 0.0 0.0 0.0 1.1 0.0 0.0 0.0 0.0 1.1 0.0 -9.609 0.05 6.704 1.0]
	ConcatTransform [0.051071 0.565218 0.823359 0.0 -0.772721 0.544656 -0.325964 0.0 -0.632688 -0.61958 0.464572 0.0 -0.511415 -0.521814 -0.695311 1.0]
325
	ConcatTransform [1.1 0.0 0.0 0.0 0.0 1.1 0.0 0.0 0.0 0.0 1.1 0.0 -9.609 0.05 6.704 1.0]
	ConcatTransform [0.030867 0.563718 0.82539 0.0 -0.761501 0.548154 -0.345896 0.0 -0.647429 -0.617858 0.446192 0.0 -0.513003 -0.521834 -0.695686 1.0]
326
	ConcatTransform [1.1 0.0 0.0 0.0 0.0 1.1 0.0 0.0 0.0 0.0 1.1 0.0 -9.609 0.05 6.704 1.0]
	ConcatTransform [0.000226 0.561727 0.827323 0.0 -0.743862 0.553021 -0.375281 0.0 -0.668333 -0.615329 0.417973 0.0 -0.515505 -0.521846 -0.696349 1.0]
327
	ConcatTransform [1.1 0.0 0.0 0.0 0.0 1.1 0.0 0.0 0.0 0.0 1.1 0.0 -9.609 0.05 6.704 1.0]
	ConcatTransform [-0.020292 0.560818 0.827691 0.0 -0.731507 0.556002 -0.394664 0.0 -0.681532 -0.61347 0.398959 0.0 -0.51719 -0.521844 -0.696847 1.0]
328
	ConcatTransform [1.1 0.0 0.0 0.0 0.0 1.1 0.0 0.0 0.0 0.0 1.1 0.0 -9.609 0.05 6.704 1.0]
	ConcatTransform [-0.038745 0.563818 0.82499 0.0 -0.720743 0.556081 -0.413888 0.0 -0.692119 -0.610641 0.384822 0.0 -0.519637 -0.521831 -0.697575 1.0]
329
	ConcatTransform [1.1 0.0 0.0 0.0 0.0 1.1 0.0 0.0 0.0 0.0 1.1 0.0 -9.609 0.05 6.704 1.0]
	ConcatTransform [-0.046779 0.565754 0.823246 0.0 -0.715151 0.556425 -0.423025 0.0 -0.697402 -0.608534 0.378571 0.0 -0.521027 -0.521821 -0.698005 1.0]
330
	ConcatTransform [1.1 0.0 0.0 0.0 0.0 1.1 0.0 0.0 0.0 0.0 1.1 0.0 -9.609 0.05 6.704 1.0]
	ConcatTransform [-0.053352 0.566895 0.822061 0.0 -0.709066 0.558151 -0.430921 0.0 -0.703121 -0.605886 0.372188 0.0 -0.522804 -0.5218 -0.698612 1.0]
331
	ConcatTransform [1.1 0.0 0.0 0.0 0.0 1.1 0.0 0.0 0.0 0.0 1.1 0.0 -9.609 0.05 6.704 1.0]
	ConcatTransform [-0.056467 0.567072 0.821731 0.0 -0.706535 0.558824 -0.434192 0.0 -0.705421 -0.605099 0.369101 0.0 -0.523808 -0.521791 -0.69905 1.0]
332
	ConcatTransform [1.1 0.0 0.0 0.0 0.0 1.1 0.0 0.0 0.0 0.0 1.1 0.0 -9.609 0.05 6.704 1.0]
	ConcatTransform [-0.059285 0.566994 0.821586 0.0 -0.703939 0.559809 -0.437132 0.0 -0.707782 -0.604261 0.365941 0.0 -0.524968 -0.521781 -0.699784 1.0]
333
	ConcatTransform [1.1 0.0 0.0 0.0 0.0 1.1 0.0 0.0 0.0 0.0 1.1 0.0 -9.609 0.05 6.704 1.0]
	ConcatTransform [-0.059825 0.566792 0.821686 0.0 -0.703063 0.560418 -0.43776 0.0 -0.708606 -0.603887 0.364963 0.0 -0.525541 -0.521776 -0.700347 1.0]
334
	ConcatTransform [1.1 0.0 0.0 0.0 0.0 1.1 0.0 0.0 0.0 0.0 1.1 0.0 -9.609 0.05 6.704 1.0]
	ConcatTransform [-0.058115 0.566401 0.822078 0.0 -0.703382 0.561129 -0.436334 0.0 -0.708432 -0.603593 0.365786 0.0 -0.52609 -0.521772 -0.701295 1.0]
335
	ConcatTransform [1.1 0.0 0.0 0.0 0.0 1.1 0.0 0.0 0.0 0.0 1.1 0.0 -9.609 0.05 6.704 1.0]
	ConcatTransform [-0.056525 0.565111 0.823076 0.0 -0.704589 0.5615 -0.433904 0.0 -0.707361 -0.604457 0.366432 0.0 -0.526281 -0.521788 -0.701974 1.0]
336
	ConcatTransform [1.1 0.0 0.0 0.0 0.0 1.1 0.0 0.0 0.0 0.0 1.1 0.0 -9.609 0.05 6.704 1.0]
	ConcatTransform [-0.053614 0.563301 0.824511 0.0 -0.706987 0.5617 -0.429723 0.0 -0.705191 -0.605958 0.368131 0.0 -0.526293 -0.521799 -0.703102 1.0]
337
	ConcatTransform [1.1 0.0 0.0 0.0 0.0 1.1 0.0 0.0 0.0 0.0 1.1 0.0 -9.609 0.05 6.704 1.0]
	ConcatTransform [-0.050547 0.561932 0.825638 0.0 -0.708939 0.5621 -0.425969 0.0 -0.703456 -0.606858 0.369963 0.0 -0.526075 -0.521806 -0.703872 1.0]
338
	ConcatTransform [1.1 0.0 0.0 0.0 0.0 1.1 0.0 0.0 0.0 0.0 1.1 0.0 -9.609 0.05 6.704 1.0]
	ConcatTransform [-0.046607 0.559467 0.827541 0.0 -0.71279 0.56177 -0.419934 0.0 -0.699828 -0.609434 0.3726 0.0 -0.52556 -0.521819 -0.705055 1.0]
339
	ConcatTransform [1.1 0.0 0.0 0.0 0.0 1.1 0.0 0.0 0.0 0.0 1.1 0.0 -9.609 0.05 6.704 1.0]
	ConcatTransform [-0.044313 0.558069 0.828611 0.0 -0.715588 0.561043 -0.416131 0.0 -0.697115 -0.611384 0.374486 0.0 -0.525092 -0.521826 -0.705852 1.0]
340
	ConcatTransform [1.1 0.0 0.0 0.0 0.0 1.1 0.0 0.0 0.0 0.0 1.1 0.0 -9.609 0.05 6.704 1.0]
	ConcatTransform [-0.041319 0.556009 0.830148 0.0 -0.719653 0.559801 -0.410758 0.0 -0.693103 -0.614391 0.377004 0.0 -0.524225 -0.521833 -0.707005 1.0]
341
	ConcatTransform [1.1 0.0 0.0 0.0 0.0 1.1 0.0 0.0 0.0 0.0 1.1 0.0 -9.609 0.05 6.704 1.0]
	ConcatTransform [-0.038535 0.5552 0.830824 0.0 -0.722284 0.559079 -0.407106 0.0 -0.690522 -0.615779 0.379468 0.0 -0.523573 -0.521834 -0.707744 1.0]
342
	ConcatTransform [1.1 0.0 0.0 0.0 0.0 1.1 0.0 0.0 0.0 0.0 1.1 0.0 -9.609 0.05 6.704 1.0]
	ConcatTransform [-0.033598 0.554356 0.831601 0.0 -0.72651 0.557854 -0.401225 0.0 -0.686334 -0.617647 0.384002 0.0 -0.522549 -0.521834 -0.708768 1.0]
343
	ConcatTransform [1.1 0.0 0.0 0.0 0.0 1.1 0.0 0.0 0.0 0.0 1.1 0.0 -9.609 0.05 6.704 1.0]
	ConcatTransform [-0.030099 0.553744 0.832143 0.0 -0.729523 0.556943 -0.397002 0.0 -0.683293 -0.619017 0.387206 0.0 -0.521857 -0.521832 -0.70937 1.0]
344
	ConcatTransform [1.1 0.0 0.0 0.0 0.0 1.1 0.0 0.0 0.0 0.0 1.1 0.0 -9.609 0.05 6.704 1.0]
	ConcatTransform [-0.02436 0.55292 0.832878 0.0 -0.733907 0.555813 -0.390451 0.0 -0.678813 -0.620766 0.392252 0.0 -0.52082 -0.521827 -0.710141 1.0]
345
	ConcatTransform [1.1 0.0 0.0 0.0 0.0 1.1 0.0 0.0 0.0 0.0 1.1 0.0 -9.609 0.05 6.704 1.0]
	ConcatTransform [-0.020328 0.552735 0.833109 0.0 -0.73676 0.555007 -0.386202 0.0 -0.675849 -0.621652 0.395951 0.0 -0.520151 -0.521825 -0.71057 1.0]
346
	ConcatTransform [1.1 0.0 0.0 0.0 0.0 1.1 0.0 0.0 0.0 0.0 1.1 0.0 -9.609 0.05 6.704 1.0]
	ConcatTransform [-0.014152 0.552965 0.833085 0.0 -0.741026 0.553584 -0.380033 0.0 -0.671327 -0.622716 0.401926 0.0 -0.519219 -0.521822 -0.711078 1.0]
347
	ConcatTransform [1.1 0.0 0.0 0.0 0.0 1.1 0.0 0.0 0.0 0.0 1.1 0.0 -9.609 0.05 6.704 1.0]
	ConcatTransform [-0.009781 0.553136 0.833034 0.0 -0.743668 0.552894 -0.375854 0.0 -0.668478 -0.623176 0.405942 0.0 -0.518648 -0.521821 -0.711316 1.0]
348
	ConcatTransform [1.1 0.0 0.0 0.0 0.0 1.1 0.0 0.0 0.0 0.0 1.1 0.0 -9.609 0.05 6.704 1.0]
	ConcatTransform [-0.002788 0.553423 0.832896 0.0 -0.747243 0.552349 -0.369513 0.0 -0.664546 -0.623405 0.412001 0.0 -0.517884 -0.52182 -0.711526 1.0]
349
	ConcatTransform [1.1 0.0 0.0 0.0 0.0 1.1 0.0 0.0 0.0 0.0 1.1 0.0 -9.609 0.05 6.704 1.0]
	ConcatTransform [0.001881 0.553877 0.832596 0.0 -0.7496 0.551869 -0.365432 0.0 -0.661888 -0.623427 0.416225 0.0 -0.517459 -0.521821 -0.711582 1.0]
350
	ConcatTransform [1.1 0.0 0.0 0.0 0.0 1.1 0.0 0.0 0.0 0.0 1.1 0.0 -9.609 0.05 6.704 1.0]
	ConcatTransform [0.008856 0.554839 0.831911 0.0 -0.753131 0.550984 -0.359459 0.0 -0.657811 -0.623354 0.422746 0.0 -0.516953 -0.521822 -0.71155 1.0]
351
	ConcatTransform [1.1 0.0 0.0 0.0 0.0 1.1 0.0 0.0 0.0 0.0 1.1 0.0 -9.609 0.05 6.704 1.0]
	ConcatTransform [0.013764 0.555432 0.831448 0.0 -0.755227 0.550741 -0.35541 0.0 -0.655319 -0.62304 0.427058 0.0 -0.516695 -0.521824 -0.711453 1.0]
352
	ConcatTransform [1.1 0.0 0.0 0.0 0.0 1.1 0.0 0.0 0.0 0.0 1.1 0.0 -9.609 0.05 6.704 1.0]
	ConcatTransform [0.021462 0.556314 0.830695 0.0 -0.75802 0.550816 -0.349295 0.0 -0.651878 -0.622187 0.433519 0.0 -0.516424 -0.521829 -0.711213 1.0]
353
	ConcatTransform [1.1 0.0 0.0 0.0 0.0 1.1 0.0 0.0 0.0 0.0 1.1 0.0 -9.609 0.05 6.704 1.0]
	ConcatTransform [0.026542 0.556988 0.830096 0.0 -0.759896 0.550771 -0.345266 0.0 -0.649502 -0.621623 0.437872 0.0 -0.516334 -0.521831 -0.711005 1.0]
354
	ConcatTransform [1.1 0.0 0.0 0.0 0.0 1.1 0.0 0.0 0.0 0.0 1.1 0.0 -9.609 0.05 6.704 1.0]
	ConcatTransform [0.034134 0.557968 0.82916 0.0 -0.762687 0.550694 -0.339183 0.0 -0.645867 -0.620812 0.444352 0.0 -0.516319 -0.521834 -0.710636 1.0]
355
	ConcatTransform [1.1 0.0 0.0 0.0 0.0 1.1 0.0 0.0 0.0 0.0 1.1 0.0 -9.609 0.05 6.704 1.0]
	ConcatTransform [0.038536 0.557736 0.829123 0.0 -0.7638 0.551441 -0.335444 0.0 -0.644301 -0.620358 0.447249 0.0 -0.516374 -0.521836 -0.710351 1.0]
356
	ConcatTransform [1.1 0.0 0.0 0.0 0.0 1.1 0.0 0.0 0.0 0.0 1.1 0.0 -9.609 0.05 6.704 1.0]
	ConcatTransform [0.042466 0.557874 0.828838 0.0 -0.763976 0.55274 -0.332895 0.0 -0.643846 -0.619076 0.449675 0.0 -0.516548 -0.521839 -0.709957 1.0]
357
	ConcatTransform [1.1 0.0 0.0 0.0 0.0 1.1 0.0 0.0 0.0 0.0 1.1 0.0 -9.609 0.05 6.704 1.0]
	ConcatTransform [0.043475 0.557967 0.828723 0.0 -0.763838 0.553224 -0.332407 0.0 -0.643942 -0.618559 0.450248 0.0 -0.516736 -0.52184 -0.709688 1.0]
358
	ConcatTransform [1.1 0.0 0.0 0.0 0.0 1.1 0.0 0.0 0.0 0.0 1.1 0.0 -9.609 0.05 6.704 1.0]
	ConcatTransform [0.043691 0.55862 0.828272 0.0 -0.763441 0.553426 -0.332982 0.0 -0.644398 -0.617789 0.450653 0.0 -0.517108 -0.521841 -0.709275 1.0]
359
	ConcatTransform [1.1 0.0 0.0 0.0 0.0 1.1 0.0 0.0 0.0 0.0 1.1 0.0 -9.609 0.05 6.704 1.0]
	ConcatTransform [0.043787 0.559176 0.827892 0.0 -0.763159 0.55351 -0.33349 0.0 -0.644726 -0.61721 0.450977 0.0 -0.517399 -0.521842 -0.708981 1.0]
360
	ConcatTransform [1.1 0.0 0.0 0.0 0.0 1.1 0.0 0.0 0.0 0.0 1.1 0.0 -9.609 0.05 6.704 1.0]
	ConcatTransform [0.807744 -0.001547 0.589531 0.0 0.517768 0.480028 -0.708159 0.0 -0.281896 0.877252 0.38854 0.0 3.432281 -130.223007 1.584834 1.0]
