228
	ConcatTransform [1.1 0.0 0.0 0.0 0.0 1.1 0.0 0.0 0.0 0.0 1.1 0.0 -9.609 0.05 6.704 1.0]
	ConcatTransform [0.959304 0.277842 -0.050399 0.0 -0.27955 0.959642 -0.030638 0.0 0.039852 0.04348 0.998259 0.0 0.01049 -0.016553 0.07732 1.0]
229
	ConcatTransform [1.1 0.0 0.0 0.0 0.0 1.1 0.0 0.0 0.0 0.0 1.1 0.0 -9.609 0.05 6.704 1.0]
	ConcatTransform [0.912311 0.391838 -0.118956 0.0 -0.405271 0.905588 -0.125162 0.0 0.058682 0.162396 0.984979 0.0 0.019646 -0.039622 0.143943 1.0]
230
	ConcatTransform [1.1 0.0 0.0 0.0 0.0 1.1 0.0 0.0 0.0 0.0 1.1 0.0 -9.609 0.05 6.704 1.0]
	ConcatTransform [0.811188 0.534034 -0.238289 0.0 -0.583321 0.767754 -0.265123 0.0 0.041363 0.354064 0.934306 0.0 0.033315 -0.092494 0.244189 1.0]
231
	ConcatTransform [1.1 0.0 0.0 0.0 0.0 1.1 0.0 0.0 0.0 0.0 1.1 0.0 -9.609 0.05 6.704 1.0]
	ConcatTransform [0.726791 0.606524 -0.322342 0.0 -0.686838 0.638047 -0.348066 0.0 -0.005441 0.474368 0.88031 0.0 0.042274 -0.140051 0.311144 1.0]
232
	ConcatTransform [1.1 0.0 0.0 0.0 0.0 1.1 0.0 0.0 0.0 0.0 1.1 0.0 -9.609 0.05 6.704 1.0]
	ConcatTransform [0.583401 0.668354 -0.461461 0.0 -0.805525 0.403544 -0.433914 0.0 -0.103788 0.624865 0.773804 0.0 0.055751 -0.229883 0.411618 1.0]
233
	ConcatTransform [1.1 0.0 0.0 0.0 0.0 1.1 0.0 0.0 0.0 0.0 1.1 0.0 -9.609 0.05 6.704 1.0]
	ConcatTransform [0.481711 0.676153 -0.557469 0.0 -0.856615 0.229134 -0.462287 0.0 -0.184842 0.700225 0.689579 0.0 0.064759 -0.302123 0.478608 1.0]
234
	ConcatTransform [1.1 0.0 0.0 0.0 0.0 1.1 0.0 0.0 0.0 0.0 1.1 0.0 -9.609 0.05 6.704 1.0]
	ConcatTransform [0.329019 0.638127 -0.696089 0.0 -0.886784 -0.044586 -0.460028 0.0 -0.324592 0.768639 0.551212 0.0 0.07827 -0.429044 0.579094 1.0]
235
	ConcatTransform [1.1 0.0 0.0 0.0 0.0 1.1 0.0 0.0 0.0 0.0 1.1 0.0 -9.609 0.05 6.704 1.0]
	ConcatTransform [0.274598 0.58069 -0.766417 0.0 -0.900553 -0.124075 -0.416666 0.0 -0.337047 0.804614 0.488871 0.0 0.087827 -0.524367 0.646523 1.0]
236
	ConcatTransform [1.1 0.0 0.0 0.0 0.0 1.1 0.0 0.0 0.0 0.0 1.1 0.0 -9.609 0.05 6.704 1.0]
	ConcatTransform [0.267755 0.474614 -0.83848 0.0 -0.917634 -0.139654 -0.372081 0.0 -0.293692 0.869045 0.398129 0.0 0.095701 -0.657808 0.754225 1.0]
237
	ConcatTransform [1.1 0.0 0.0 0.0 0.0 1.1 0.0 0.0 0.0 0.0 1.1 0.0 -9.609 0.05 6.704 1.0]
	ConcatTransform [0.263938 0.343633 -0.901251 0.0 -0.911177 -0.217653 -0.349833 0.0 -0.316374 0.913534 0.255663 0.0 0.084121 -0.694079 0.838715 1.0]
238
	ConcatTransform [1.1 0.0 0.0 0.0 0.0 1.1 0.0 0.0 0.0 0.0 1.1 0.0 -9.609 0.05 6.704 1.0]
	ConcatTransform [0.182906 0.132911 -0.974105 0.0 -0.929934 -0.298118 -0.215288 0.0 -0.319013 0.94523 0.069071 0.0 0.047846 -0.702437 0.972225 1.0]
239
	ConcatTransform [1.1 0.0 0.0 0.0 0.0 1.1 0.0 0.0 0.0 0.0 1.1 0.0 -9.609 0.05 6.704 1.0]
	ConcatTransform [0.098399 0.014004 -0.995049 0.0 -0.950843 -0.293705 -0.098161 0.0 -0.293625 0.955794 -0.015585 0.0 0.019465 -0.702737 1.060285 1.0]
240
	ConcatTransform [1.1 0.0 0.0 0.0 0.0 1.1 0.0 0.0 0.0 0.0 1.1 0.0 -9.609 0.05 6.704 1.0]
	ConcatTransform [-0.062496 -0.15946 -0.985224 0.0 -0.981637 -0.168444 0.089532 0.0 -0.180232 0.972728 -0.146005 0.0 -0.026615 -0.704556 1.18798 1.0]
241
	ConcatTransform [1.1 0.0 0.0 0.0 0.0 1.1 0.0 0.0 0.0 0.0 1.1 0.0 -9.609 0.05 6.704 1.0]
	ConcatTransform [-0.199517 -0.258066 -0.945302 0.0 -0.973403 -0.058662 0.221463 0.0 -0.112605 0.964345 -0.239498 0.0 -0.06106 -0.702864 1.269246 1.0]
242
	ConcatTransform [1.1 0.0 0.0 0.0 0.0 1.1 0.0 0.0 0.0 0.0 1.1 0.0 -9.609 0.05 6.704 1.0]
	ConcatTransform [-0.429646 -0.309909 -0.848151 0.0 -0.902886 0.162171 0.398117 0.0 0.014166 0.936833 -0.349489 0.0 -0.118359 -0.68437 1.37802 1.0]
243
	ConcatTransform [1.1 0.0 0.0 0.0 0.0 1.1 0.0 0.0 0.0 0.0 1.1 0.0 -9.609 0.05 6.704 1.0]
	ConcatTransform [-0.557881 -0.243399 -0.793427 0.0 -0.813082 0.351905 0.463747 0.0 0.166335 0.903836 -0.394224 0.0 -0.156498 -0.675429 1.444767 1.0]
244
	ConcatTransform [1.1 0.0 0.0 0.0 0.0 1.1 0.0 0.0 0.0 0.0 1.1 0.0 -9.609 0.05 6.704 1.0]
	ConcatTransform [-0.736403 -0.118815 -0.666029 0.0 -0.62845 0.484678 0.60839 0.0 0.250524 0.866585 -0.431588 0.0 -0.214957 -0.669034 1.536953 1.0]
245
	ConcatTransform [1.1 0.0 0.0 0.0 0.0 1.1 0.0 0.0 0.0 0.0 1.1 0.0 -9.609 0.05 6.704 1.0]
	ConcatTransform [-0.83854 -0.047945 -0.542727 0.0 -0.485961 0.51623 0.705229 0.0 0.24636 0.855107 -0.456179 0.0 -0.2537 -0.667998 1.591945 1.0]
246
	ConcatTransform [1.1 0.0 0.0 0.0 0.0 1.1 0.0 0.0 0.0 0.0 1.1 0.0 -9.609 0.05 6.704 1.0]
	ConcatTransform [-0.934024 0.080407 -0.348043 0.0 -0.236556 0.590837 0.771332 0.0 0.267657 0.802774 -0.532835 0.0 -0.304173 -0.648374 1.652842 1.0]
247
	ConcatTransform [1.1 0.0 0.0 0.0 0.0 1.1 0.0 0.0 0.0 0.0 1.1 0.0 -9.609 0.05 6.704 1.0]
	ConcatTransform [-0.958851 0.184233 -0.216015 0.0 -0.064559 0.59944 0.797812 0.0 0.276471 0.778929 -0.56288 0.0 -0.334899 -0.635956 1.686468 1.0]
248
	ConcatTransform [1.1 0.0 0.0 0.0 0.0 1.1 0.0 0.0 0.0 0.0 1.1 0.0 -9.609 0.05 6.704 1.0]
	ConcatTransform [-0.936294 0.350506 -0.022328 0.0 0.187816 0.553398 0.811466 0.0 0.296779 0.755577 -0.583974 0.0 -0.376872 -0.621947 1.72777 1.0]
249
	ConcatTransform [1.1 0.0 0.0 0.0 0.0 1.1 0.0 0.0 0.0 0.0 1.1 0.0 -9.609 0.05 6.704 1.0]
	ConcatTransform [-0.894647 0.429774 0.122069 0.0 0.352253 0.510471 0.784434 0.0 0.274816 0.744791 -0.60808 0.0 -0.402245 -0.61409 1.747465 1.0]
250
	ConcatTransform [1.1 0.0 0.0 0.0 0.0 1.1 0.0 0.0 0.0 0.0 1.1 0.0 -9.609 0.05 6.704 1.0]
	ConcatTransform [-0.787425 0.514135 0.340041 0.0 0.574209 0.411203 0.707952 0.0 0.224157 0.752713 -0.619012 0.0 -0.438012 -0.612231 1.7712 1.0]
251
	ConcatTransform [1.1 0.0 0.0 0.0 0.0 1.1 0.0 0.0 0.0 0.0 1.1 0.0 -9.609 0.05 6.704 1.0]
	ConcatTransform [-0.687689 0.545047 0.479591 0.0 0.700959 0.326454 0.634101 0.0 0.189051 0.772238 -0.606555 0.0 -0.461299 -0.620898 1.785462 1.0]
252
	ConcatTransform [1.1 0.0 0.0 0.0 0.0 1.1 0.0 0.0 0.0 0.0 1.1 0.0 -9.609 0.05 6.704 1.0]
	ConcatTransform [-0.503094 0.548462 0.667897 0.0 0.852039 0.185412 0.489543 0.0 0.14466 0.81536 -0.560591 0.0 -0.494602 -0.645027 1.802318 1.0]
253
	ConcatTransform [1.1 0.0 0.0 0.0 0.0 1.1 0.0 0.0 0.0 0.0 1.1 0.0 -9.609 0.05 6.704 1.0]
	ConcatTransform [-0.36173 0.522278 0.772254 0.0 0.914642 0.038433 0.402433 0.0 0.180502 0.851909 -0.4916 0.0 -0.51477 -0.666201 1.80965 1.0]
254
	ConcatTransform [1.1 0.0 0.0 0.0 0.0 1.1 0.0 0.0 0.0 0.0 1.1 0.0 -9.609 0.05 6.704 1.0]
	ConcatTransform [-0.137308 0.443259 0.885815 0.0 0.964951 -0.142055 0.220658 0.0 0.223643 0.885066 -0.408218 0.0 -0.53697 -0.684583 1.805745 1.0]
255
	ConcatTransform [1.1 0.0 0.0 0.0 0.0 1.1 0.0 0.0 0.0 0.0 1.1 0.0 -9.609 0.05 6.704 1.0]
	ConcatTransform [0.021098 0.388005 0.921416 0.0 0.982155 -0.180318 0.053443 0.0 0.186884 0.903846 -0.384885 0.0 -0.546762 -0.690837 1.795735 1.0]
256
	ConcatTransform [1.1 0.0 0.0 0.0 0.0 1.1 0.0 0.0 0.0 0.0 1.1 0.0 -9.609 0.05 6.704 1.0]
	ConcatTransform [0.255095 0.271927 0.927891 0.0 0.95509 -0.220494 -0.197954 0.0 0.150765 0.936717 -0.315962 0.0 -0.557215 -0.704006 1.776164 1.0]
257
	ConcatTransform [1.1 0.0 0.0 0.0 0.0 1.1 0.0 0.0 0.0 0.0 1.1 0.0 -9.609 0.05 6.704 1.0]
	ConcatTransform [0.404634 0.186086 0.895345 0.0 0.906533 -0.210411 -0.365959 0.0 0.120291 0.959739 -0.253832 0.0 -0.562079 -0.715665 1.760476 1.0]
258
	ConcatTransform [1.1 0.0 0.0 0.0 0.0 1.1 0.0 0.0 0.0 0.0 1.1 0.0 -9.609 0.05 6.704 1.0]
	ConcatTransform [0.611491 0.072546 0.787919 0.0 0.788301 -0.141771 -0.598735 0.0 0.068268 0.987238 -0.14388 0.0 -0.565832 -0.731536 1.732605 1.0]
259
	ConcatTransform [1.1 0.0 0.0 0.0 0.0 1.1 0.0 0.0 0.0 0.0 1.1 0.0 -9.609 0.05 6.704 1.0]
	ConcatTransform [0.732158 0.010933 0.681047 0.0 0.678659 -0.09688 -0.728035 0.0 0.05802 0.995236 -0.078351 0.0 -0.564959 -0.734984 1.711168 1.0]
260
	ConcatTransform [1.1 0.0 0.0 0.0 0.0 1.1 0.0 0.0 0.0 0.0 1.1 0.0 -9.609 0.05 6.704 1.0]
	ConcatTransform [0.87981 -0.013083 0.475145 0.0 0.474965 -0.014682 -0.879882 0.0 0.018487 0.999807 -0.006703 0.0 -0.561498 -0.738923 1.677099 1.0]
261
	ConcatTransform [1.1 0.0 0.0 0.0 0.0 1.1 0.0 0.0 0.0 0.0 1.1 0.0 -9.609 0.05 6.704 1.0]
	ConcatTransform [0.947395 -0.013364 0.319787 0.0 0.320039 0.052697 -0.945938 0.0 -0.00421 0.998521 0.054202 0.0 -0.557654 -0.740083 1.654288 1.0]
262
	ConcatTransform [1.1 0.0 0.0 0.0 0.0 1.1 0.0 0.0 0.0 0.0 1.1 0.0 -9.609 0.05 6.704 1.0]
	ConcatTransform [0.997577 0.003435 0.069489 0.0 0.06864 0.114567 -0.991041 0.0 -0.011365 0.99341 0.114054 0.0 -0.54987 -0.738675 1.620523 1.0]
263
	ConcatTransform [1.1 0.0 0.0 0.0 0.0 1.1 0.0 0.0 0.0 0.0 1.1 0.0 -9.609 0.05 6.704 1.0]
	ConcatTransform [0.994478 0.032863 -0.099669 0.0 -0.103462 0.147786 -0.983593 0.0 -0.017594 0.988473 0.15037 0.0 -0.544011 -0.73757 1.598836 1.0]
264
	ConcatTransform [1.1 0.0 0.0 0.0 0.0 1.1 0.0 0.0 0.0 0.0 1.1 0.0 -9.609 0.05 6.704 1.0]
	ConcatTransform [0.934076 0.098273 -0.343283 0.0 -0.3556 0.168784 -0.919272 0.0 -0.032399 0.980742 0.192603 0.0 -0.534595 -0.736071 1.56804 1.0]
265
	ConcatTransform [1.1 0.0 0.0 0.0 0.0 1.1 0.0 0.0 0.0 0.0 1.1 0.0 -9.609 0.05 6.704 1.0]
	ConcatTransform [0.858678 0.137154 -0.493823 0.0 -0.511377 0.16508 -0.843352 0.0 -0.034149 0.976697 0.211888 0.0 -0.527851 -0.734994 1.548929 1.0]
266
	ConcatTransform [1.1 0.0 0.0 0.0 0.0 1.1 0.0 0.0 0.0 0.0 1.1 0.0 -9.609 0.05 6.704 1.0]
	ConcatTransform [0.698667 0.184479 -0.691254 0.0 -0.714836 0.140081 -0.685118 0.0 -0.029559 0.972803 0.229742 0.0 -0.517505 -0.733679 1.522672 1.0]
267
	ConcatTransform [1.1 0.0 0.0 0.0 0.0 1.1 0.0 0.0 0.0 0.0 1.1 0.0 -9.609 0.05 6.704 1.0]
	ConcatTransform [0.564818 0.21473 -0.796788 0.0 -0.824676 0.111965 -0.554413 0.0 -0.029836 0.970235 0.240322 0.0 -0.510833 -0.732441 1.507121 1.0]
268
	ConcatTransform [1.1 0.0 0.0 0.0 0.0 1.1 0.0 0.0 0.0 0.0 1.1 0.0 -9.609 0.05 6.704 1.0]
	ConcatTransform [0.335086 0.24038 -0.911008 0.0 -0.942154 0.077293 -0.326147 0.0 -0.007984 0.967597 0.252375 0.0 -0.501128 -0.730594 1.486766 1.0]
269
	ConcatTransform [1.1 0.0 0.0 0.0 0.0 1.1 0.0 0.0 0.0 0.0 1.1 0.0 -9.609 0.05 6.704 1.0]
	ConcatTransform [0.169563 0.236159 -0.956806 0.0 -0.985399 0.055769 -0.160866 0.0 0.01537 0.970113 0.242167 0.0 -0.494871 -0.731433 1.474672 1.0]
270
	ConcatTransform [1.1 0.0 0.0 0.0 0.0 1.1 0.0 0.0 0.0 0.0 1.1 0.0 -9.609 0.05 6.704 1.0]
	ConcatTransform [-0.087292 0.209219 -0.973965 0.0 -0.995766 0.009951 0.091383 0.0 0.028811 0.977818 0.207464 0.0 -0.486115 -0.73414 1.459106 1.0]
271
	ConcatTransform [1.1 0.0 0.0 0.0 0.0 1.1 0.0 0.0 0.0 0.0 1.1 0.0 -9.609 0.05 6.704 1.0]
	ConcatTransform [-0.256366 0.184658 -0.948777 0.0 -0.965678 -0.006531 0.259661 0.0 0.041752 0.982781 0.179994 0.0 -0.480434 -0.735906 1.450553 1.0]
272
	ConcatTransform [1.1 0.0 0.0 0.0 0.0 1.1 0.0 0.0 0.0 0.0 1.1 0.0 -9.609 0.05 6.704 1.0]
	ConcatTransform [-0.494241 0.14649 -0.856893 0.0 -0.867077 -0.012226 0.498024 0.0 0.062479 0.989137 0.133061 0.0 -0.472092 -0.738205 1.440075 1.0]
273
	ConcatTransform [1.1 0.0 0.0 0.0 0.0 1.1 0.0 0.0 0.0 0.0 1.1 0.0 -9.609 0.05 6.704 1.0]
	ConcatTransform [-0.619382 0.142791 -0.771995 0.0 -0.781192 -0.014235 0.624128 0.0 0.07813 0.989651 0.120364 0.0 -0.467176 -0.737764 1.434068 1.0]
274
	ConcatTransform [1.1 0.0 0.0 0.0 0.0 1.1 0.0 0.0 0.0 0.0 1.1 0.0 -9.609 0.05 6.704 1.0]
	ConcatTransform [-0.750139 0.155358 -0.642772 0.0 -0.652423 -0.015314 0.7577 0.0 0.107872 0.987739 0.112847 0.0 -0.460581 -0.737193 1.426082 1.0]
275
	ConcatTransform [1.1 0.0 0.0 0.0 0.0 1.1 0.0 0.0 0.0 0.0 1.1 0.0 -9.609 0.05 6.704 1.0]
	ConcatTransform [-0.807988 0.154933 -0.568463 0.0 -0.576744 -0.010651 0.816855 0.0 0.120503 0.987868 0.097963 0.0 -0.456504 -0.737487 1.421421 1.0]
276
	ConcatTransform [1.1 0.0 0.0 0.0 0.0 1.1 0.0 0.0 0.0 0.0 1.1 0.0 -9.609 0.05 6.704 1.0]
	ConcatTransform [-0.874381 0.14781 -0.46218 0.0 -0.468649 -0.010309 0.883324 0.0 0.125799 0.988962 0.078284 0.0 -0.449998 -0.737845 1.416169 1.0]
277
	ConcatTransform [1.1 0.0 0.0 0.0 0.0 1.1 0.0 0.0 0.0 0.0 1.1 0.0 -9.609 0.05 6.704 1.0]
	ConcatTransform [-0.909395 0.13791 -0.392405 0.0 -0.396828 -0.005025 0.917879 0.0 0.124612 0.990432 0.059296 0.0 -0.445343 -0.73857 1.413619 1.0]
278
	ConcatTransform [1.1 0.0 0.0 0.0 0.0 1.1 0.0 0.0 0.0 0.0 1.1 0.0 -9.609 0.05 6.704 1.0]
	ConcatTransform [-0.948832 0.118583 -0.292672 0.0 -0.295034 -0.00249 0.955483 0.0 0.112575 0.992941 0.037348 0.0 -0.437884 -0.739413 1.411312 1.0]
279
	ConcatTransform [1.1 0.0 0.0 0.0 0.0 1.1 0.0 0.0 0.0 0.0 1.1 0.0 -9.609 0.05 6.704 1.0]
	ConcatTransform [-0.968099 0.105488 -0.22728 0.0 -0.228152 0.003888 0.973618 0.0 0.103589 0.994413 0.020303 0.0 -0.43255 -0.739993 1.41054 1.0]
280
	ConcatTransform [1.1 0.0 0.0 0.0 0.0 1.1 0.0 0.0 0.0 0.0 1.1 0.0 -9.609 0.05 6.704 1.0]
	ConcatTransform [-0.987657 0.090199 -0.128051 0.0 -0.127105 0.016176 0.991757 0.0 0.091527 0.995792 -0.004512 0.0 -0.424092 -0.740579 1.410312 1.0]
281
	ConcatTransform [1.1 0.0 0.0 0.0 0.0 1.1 0.0 0.0 0.0 0.0 1.1 0.0 -9.609 0.05 6.704 1.0]
	ConcatTransform [-0.995049 0.078318 -0.061188 0.0 -0.059683 0.021407 0.997988 0.0 0.079471 0.996699 -0.016627 0.0 -0.418369 -0.740745 1.410663 1.0]
282
	ConcatTransform [1.1 0.0 0.0 0.0 0.0 1.1 0.0 0.0 0.0 0.0 1.1 0.0 -9.609 0.05 6.704 1.0]
	ConcatTransform [-0.99712 0.064461 0.039967 0.0 0.04191 0.029082 0.998698 0.0 0.063215 0.997496 -0.0317 0.0 -0.409727 -0.740807 1.411725 1.0]
283
	ConcatTransform [1.1 0.0 0.0 0.0 0.0 1.1 0.0 0.0 0.0 0.0 1.1 0.0 -9.609 0.05 6.704 1.0]
	ConcatTransform [-0.992489 0.058633 0.107366 0.0 0.109586 0.036059 0.993323 0.0 0.05437 0.997628 -0.042213 0.0 -0.404024 -0.740814 1.412666 1.0]
284
	ConcatTransform [1.1 0.0 0.0 0.0 0.0 1.1 0.0 0.0 0.0 0.0 1.1 0.0 -9.609 0.05 6.704 1.0]
	ConcatTransform [-0.976842 0.052181 0.207502 0.0 0.210011 0.048323 0.976504 0.0 0.040927 0.997468 -0.058162 0.0 -0.395764 -0.740756 1.414286 1.0]
285
	ConcatTransform [1.1 0.0 0.0 0.0 0.0 1.1 0.0 0.0 0.0 0.0 1.1 0.0 -9.609 0.05 6.704 1.0]
	ConcatTransform [-0.960643 0.049935 0.273261 0.0 0.275819 0.054607 0.959657 0.0 0.032999 0.997259 -0.066231 0.0 -0.390504 -0.740693 1.415461 1.0]
286
	ConcatTransform [1.1 0.0 0.0 0.0 0.0 1.1 0.0 0.0 0.0 0.0 1.1 0.0 -9.609 0.05 6.704 1.0]
	ConcatTransform [-0.927859 0.050256 0.369529 0.0 0.372164 0.061297 0.926141 0.0 0.023894 0.996854 -0.075578 0.0 -0.383053 -0.740637 1.417246 1.0]
287
	ConcatTransform [1.1 0.0 0.0 0.0 0.0 1.1 0.0 0.0 0.0 0.0 1.1 0.0 -9.609 0.05 6.704 1.0]
	ConcatTransform [-0.900636 0.05074 0.431603 0.0 0.434244 0.066338 0.898349 0.0 0.016951 0.996506 -0.08178 0.0 -0.378468 -0.740583 1.418389 1.0]
288
	ConcatTransform [1.1 0.0 0.0 0.0 0.0 1.1 0.0 0.0 0.0 0.0 1.1 0.0 -9.609 0.05 6.704 1.0]
	ConcatTransform [-0.852088 0.050063 0.520999 0.0 0.523379 0.072801 0.848985 0.0 0.004574 0.996089 -0.088235 0.0 -0.372241 -0.740445 1.420001 1.0]
289
	ConcatTransform [1.1 0.0 0.0 0.0 0.0 1.1 0.0 0.0 0.0 0.0 1.1 0.0 -9.609 0.05 6.704 1.0]
	ConcatTransform [-0.814677 0.051322 0.577639 0.0 0.579911 0.075461 0.811177 0.0 -0.001958 0.995827 -0.091239 0.0 -0.36849 -0.740417 1.420962 1.0]
290
	ConcatTransform [1.1 0.0 0.0 0.0 0.0 1.1 0.0 0.0 0.0 0.0 1.1 0.0 -9.609 0.05 6.704 1.0]
	ConcatTransform [-0.751438 0.056587 0.657373 0.0 0.659744 0.077848 0.747447 0.0 -0.008879 0.995358 -0.095831 0.0 -0.363483 -0.740454 1.422197 1.0]
291
	ConcatTransform [1.1 0.0 0.0 0.0 0.0 1.1 0.0 0.0 0.0 0.0 1.1 0.0 -9.609 0.05 6.704 1.0]
	ConcatTransform [-0.704916 0.059122 0.706822 0.0 0.709145 0.078907 0.700633 0.0 -0.01435 0.995127 -0.097549 0.0 -0.360616 -0.740464 1.422909 1.0]
292
	ConcatTransform [1.1 0.0 0.0 0.0 0.0 1.1 0.0 0.0 0.0 0.0 1.1 0.0 -9.609 0.05 6.704 1.0]
	ConcatTransform [-0.629111 0.061067 0.774913 0.0 0.776959 0.07959 0.6245 0.0 -0.023539 0.994955 -0.097518 0.0 -0.357006 -0.74047 1.423821 1.0]
293
	ConcatTransform [1.1 0.0 0.0 0.0 0.0 1.1 0.0 0.0 0.0 0.0 1.1 0.0 -9.609 0.05 6.704 1.0]
	ConcatTransform [-0.57483 0.063992 0.815767 0.0 0.817794 0.079028 0.570059 0.0 -0.027989 0.994816 -0.097759 0.0 -0.355003 -0.740503 1.424283 1.0]
294
	ConcatTransform [1.1 0.0 0.0 0.0 0.0 1.1 0.0 0.0 0.0 0.0 1.1 0.0 -9.609 0.05 6.704 1.0]
	ConcatTransform [-0.488454 0.070005 0.869777 0.0 0.871962 0.076965 0.483487 0.0 -0.033095 0.994573 -0.098635 0.0 -0.352587 -0.740566 1.424758 1.0]
295
	ConcatTransform [1.1 0.0 0.0 0.0 0.0 1.1 0.0 0.0 0.0 0.0 1.1 0.0 -9.609 0.05 6.704 1.0]
	ConcatTransform [-0.428014 0.07235 0.900871 0.0 0.903004 0.075304 0.42298 0.0 -0.037236 0.994532 -0.097563 0.0 -0.351374 -0.740619 1.424983 1.0]
296
	ConcatTransform [1.1 0.0 0.0 0.0 0.0 1.1 0.0 0.0 0.0 0.0 1.1 0.0 -9.609 0.05 6.704 1.0]
	ConcatTransform [-0.33374 0.073586 0.939789 0.0 0.941653 0.07222 0.328747 0.0 -0.04368 0.99467 -0.093395 0.0 -0.350078 -0.740712 1.425202 1.0]
297
	ConcatTransform [1.1 0.0 0.0 0.0 0.0 1.1 0.0 0.0 0.0 0.0 1.1 0.0 -9.609 0.05 6.704 1.0]
	ConcatTransform [-0.268878 0.074971 0.960252 0.0 0.962015 0.069804 0.263922 0.0 -0.047243 0.99474 -0.090892 0.0 -0.349517 -0.740746 1.425241 1.0]
298
	ConcatTransform [1.1 0.0 0.0 0.0 0.0 1.1 0.0 0.0 0.0 0.0 1.1 0.0 -9.609 0.05 6.704 1.0]
	ConcatTransform [-0.169366 0.077549 0.982497 0.0 0.984147 0.066548 0.164398 0.0 -0.052634 0.994765 -0.08759 0.0 -0.349087 -0.7408 1.425162 1.0]
299
	ConcatTransform [1.1 0.0 0.0 0.0 0.0 1.1 0.0 0.0 0.0 0.0 1.1 0.0 -9.609 0.05 6.704 1.0]
	ConcatTransform [-0.101973 0.077861 0.991735 0.0 0.993207 0.06413 0.09709 0.0 -0.056041 0.994899 -0.083872 0.0 -0.349047 -0.740828 1.42507 1.0]
300
	ConcatTransform [1.1 0.0 0.0 0.0 0.0 1.1 0.0 0.0 0.0 0.0 1.1 0.0 -9.609 0.05 6.704 1.0]
	ConcatTransform [-7.7e-05 0.077138 0.99702 0.0 0.998177 0.060181 -0.004579 0.0 -0.060355 0.995202 -0.077002 0.0 -0.349283 -0.740872 1.424885 1.0]
301
	ConcatTransform [1.1 0.0 0.0 0.0 0.0 1.1 0.0 0.0 0.0 0.0 1.1 0.0 -9.609 0.05 6.704 1.0]
	ConcatTransform [0.067899 0.077101 0.994709 0.0 0.995684 0.057986 -0.07246 0.0 -0.063266 0.995336 -0.072831 0.0 -0.349611 -0.740891 1.42472 1.0]
302
	ConcatTransform [1.1 0.0 0.0 0.0 0.0 1.1 0.0 0.0 0.0 0.0 1.1 0.0 -9.609 0.05 6.704 1.0]
	ConcatTransform [0.169139 0.077214 0.982563 0.0 0.983259 0.055333 -0.173607 0.0 -0.067773 0.995478 -0.066563 0.0 -0.350314 -0.740897 1.42444 1.0]
303
	ConcatTransform [1.1 0.0 0.0 0.0 0.0 1.1 0.0 0.0 0.0 0.0 1.1 0.0 -9.609 0.05 6.704 1.0]
	ConcatTransform [0.235726 0.076622 0.968794 0.0 0.969278 0.053521 -0.240076 0.0 -0.070246 0.995623 -0.061652 0.0 -0.350884 -0.740915 1.424258 1.0]
304
	ConcatTransform [1.1 0.0 0.0 0.0 0.0 1.1 0.0 0.0 0.0 0.0 1.1 0.0 -9.609 0.05 6.704 1.0]
	ConcatTransform [0.333462 0.075482 0.939737 0.0 0.939904 0.050959 -0.337614 0.0 -0.073371 0.995844 -0.053953 0.0 -0.351845 -0.740924 1.423993 1.0]
305
	ConcatTransform [1.1 0.0 0.0 0.0 0.0 1.1 0.0 0.0 0.0 0.0 1.1 0.0 -9.609 0.05 6.704 1.0]
	ConcatTransform [0.396723 0.074966 0.914872 0.0 0.914821 0.049783 -0.40078 0.0 -0.07559 0.995943 -0.04883 0.0 -0.352535 -0.740926 1.423822 1.0]
306
	ConcatTransform [1.1 0.0 0.0 0.0 0.0 1.1 0.0 0.0 0.0 0.0 1.1 0.0 -9.609 0.05 6.704 1.0]
	ConcatTransform [0.488057 0.074269 0.869646 0.0 0.869261 0.04842 -0.491977 0.0 -0.078647 0.996062 -0.040927 0.0 -0.353604 -0.740926 1.423587 1.0]
307
	ConcatTransform [1.1 0.0 0.0 0.0 0.0 1.1 0.0 0.0 0.0 0.0 1.1 0.0 -9.609 0.05 6.704 1.0]
	ConcatTransform [0.546171 0.073768 0.834419 0.0 0.833811 0.047673 -0.549987 0.0 -0.080351 0.996135 -0.035471 0.0 -0.354319 -0.740926 1.423448 1.0]
308
	ConcatTransform [1.1 0.0 0.0 0.0 0.0 1.1 0.0 0.0 0.0 0.0 1.1 0.0 -9.609 0.05 6.704 1.0]
	ConcatTransform [0.62848 0.073319 0.774363 0.0 0.773404 0.047103 -0.632161 0.0 -0.082824 0.996196 -0.027102 0.0 -0.355377 -0.740925 1.42326 1.0]
309
	ConcatTransform [1.1 0.0 0.0 0.0 0.0 1.1 0.0 0.0 0.0 0.0 1.1 0.0 -9.609 0.05 6.704 1.0]
	ConcatTransform [0.679757 0.073075 0.729788 0.0 0.728604 0.046768 -0.683337 0.0 -0.084066 0.996229 -0.021452 0.0 -0.356058 -0.740924 1.423149 1.0]
310
	ConcatTransform [1.1 0.0 0.0 0.0 0.0 1.1 0.0 0.0 0.0 0.0 1.1 0.0 -9.609 0.05 6.704 1.0]
	ConcatTransform [0.750699 0.072587 0.656644 0.0 0.655149 0.046136 -0.75409 0.0 -0.085032 0.996294 -0.012921 0.0 -0.357025 -0.740923 1.422999 1.0]
311
	ConcatTransform [1.1 0.0 0.0 0.0 0.0 1.1 0.0 0.0 0.0 0.0 1.1 0.0 -9.609 0.05 6.704 1.0]
	ConcatTransform [0.793674 0.072323 0.604029 0.0 0.602313 0.046035 -0.796932 0.0 -0.085442 0.996318 -0.007024 0.0 -0.357632 -0.740922 1.422908 1.0]
312
	ConcatTransform [1.1 0.0 0.0 0.0 0.0 1.1 0.0 0.0 0.0 0.0 1.1 0.0 -9.609 0.05 6.704 1.0]
	ConcatTransform [0.851156 0.072191 0.519925 0.0 0.517879 0.046125 -0.85421 0.0 -0.085648 0.996324 0.001873 0.0 -0.358485 -0.740899 1.422784 1.0]
313
	ConcatTransform [1.1 0.0 0.0 0.0 0.0 1.1 0.0 0.0 0.0 0.0 1.1 0.0 -9.609 0.05 6.704 1.0]
	ConcatTransform [0.884584 0.072034 0.460785 0.0 0.45854 0.046088 -0.887478 0.0 -0.085165 0.996337 0.007739 0.0 -0.359011 -0.740886 1.422708 1.0]
314
	ConcatTransform [1.1 0.0 0.0 0.0 0.0 1.1 0.0 0.0 0.0 0.0 1.1 0.0 -9.609 0.05 6.704 1.0]
	ConcatTransform [0.926996 0.071708 0.368152 0.0 0.365642 0.045932 -0.929622 0.0 -0.083571 0.996367 0.016359 0.0 -0.359729 -0.740874 1.422603 1.0]
315
	ConcatTransform [1.1 0.0 0.0 0.0 0.0 1.1 0.0 0.0 0.0 0.0 1.1 0.0 -9.609 0.05 6.704 1.0]
	ConcatTransform [0.94991 0.071636 0.304203 0.0 0.301513 0.046029 -0.95235 0.0 -0.082224 0.996368 0.022124 0.0 -0.360164 -0.74087 1.422537 1.0]
316
	ConcatTransform [1.1 0.0 0.0 0.0 0.0 1.1 0.0 0.0 0.0 0.0 1.1 0.0 -9.609 0.05 6.704 1.0]
	ConcatTransform [0.975968 0.071835 0.205734 0.0 0.202766 0.046497 -0.978123 0.0 -0.07983 0.996332 0.030814 0.0 -0.360752 -0.740867 1.422441 1.0]
317
	ConcatTransform [1.1 0.0 0.0 0.0 0.0 1.1 0.0 0.0 0.0 0.0 1.1 0.0 -9.609 0.05 6.704 1.0]
	ConcatTransform [0.987702 0.07192 0.138828 0.0 0.135704 0.046663 -0.98965 0.0 -0.077653 0.996318 0.036329 0.0 -0.361095 -0.740866 1.422375 1.0]
318
	ConcatTransform [1.1 0.0 0.0 0.0 0.0 1.1 0.0 0.0 0.0 0.0 1.1 0.0 -9.609 0.05 6.704 1.0]
	ConcatTransform [0.996712 0.071909 0.037353 0.0 0.034044 0.046696 -0.998329 0.0 -0.073533 0.996318 0.044094 0.0 -0.36154 -0.740865 1.422271 1.0]
319
	ConcatTransform [1.1 0.0 0.0 0.0 0.0 1.1 0.0 0.0 0.0 0.0 1.1 0.0 -9.609 0.05 6.704 1.0]
	ConcatTransform [0.99693 0.072085 -0.030574 0.0 -0.034007 0.046889 -0.998321 0.0 -0.070531 0.996296 0.049197 0.0 -0.361797 -0.740865 1.4222 1.0]
320
	ConcatTransform [1.1 0.0 0.0 0.0 0.0 1.1 0.0 0.0 0.0 0.0 1.1 0.0 -9.609 0.05 6.704 1.0]
	ConcatTransform [0.98858 0.072537 -0.132087 0.0 -0.135701 0.047366 -0.989617 0.0 -0.065527 0.99624 0.056668 0.0 -0.362128 -0.740865 1.42209 1.0]
321
	ConcatTransform [1.1 0.0 0.0 0.0 0.0 1.1 0.0 0.0 0.0 0.0 1.1 0.0 -9.609 0.05 6.704 1.0]
	ConcatTransform [0.97728 0.072776 -0.199068 0.0 -0.202766 0.047496 -0.978075 0.0 -0.061725 0.996217 0.061173 0.0 -0.36231 -0.740866 1.422011 1.0]
322
	ConcatTransform [1.1 0.0 0.0 0.0 0.0 1.1 0.0 0.0 0.0 0.0 1.1 0.0 -9.609 0.05 6.704 1.0]
	ConcatTransform [0.951857 0.073031 -0.297717 0.0 -0.301495 0.047512 -0.952283 0.0 -0.055401 0.996197 0.067243 0.0 -0.362533 -0.740866 1.421885 1.0]
323
	ConcatTransform [1.1 0.0 0.0 0.0 0.0 1.1 0.0 0.0 0.0 0.0 1.1 0.0 -9.609 0.05 6.704 1.0]
	ConcatTransform [0.929367 0.073278 -0.361812 0.0 -0.365634 0.047614 -0.92954 0.0 -0.050887 0.996174 0.071044 0.0 -0.362656 -0.740866 1.421798 1.0]
324
	ConcatTransform [1.1 0.0 0.0 0.0 0.0 1.1 0.0 0.0 0.0 0.0 1.1 0.0 -9.609 0.05 6.704 1.0]
	ConcatTransform [0.887583 0.073741 -0.454707 0.0 -0.458574 0.047883 -0.887365 0.0 -0.043662 0.996127 0.076316 0.0 -0.362801 -0.740866 1.421667 1.0]
325
	ConcatTransform [1.1 0.0 0.0 0.0 0.0 1.1 0.0 0.0 0.0 0.0 1.1 0.0 -9.609 0.05 6.704 1.0]
	ConcatTransform [0.854553 0.073995 -0.514065 0.0 -0.517929 0.047892 -0.854082 0.0 -0.038578 0.996108 0.079251 0.0 -0.362876 -0.740867 1.421576 1.0]
326
	ConcatTransform [1.1 0.0 0.0 0.0 0.0 1.1 0.0 0.0 0.0 0.0 1.1 0.0 -9.609 0.05 6.704 1.0]
	ConcatTransform [0.797631 0.074308 -0.598551 0.0 -0.602369 0.047781 -0.796787 0.0 -0.030608 0.99609 0.082872 0.0 -0.362961 -0.740867 1.421436 1.0]
327
	ConcatTransform [1.1 0.0 0.0 0.0 0.0 1.1 0.0 0.0 0.0 0.0 1.1 0.0 -9.609 0.05 6.704 1.0]
	ConcatTransform [0.75502 0.074541 -0.651451 0.0 -0.655222 0.047774 -0.753924 0.0 -0.025076 0.996073 0.084911 0.0 -0.363002 -0.740867 1.421344 1.0]
328
	ConcatTransform [1.1 0.0 0.0 0.0 0.0 1.1 0.0 0.0 0.0 0.0 1.1 0.0 -9.609 0.05 6.704 1.0]
	ConcatTransform [0.684606 0.074879 -0.725057 0.0 -0.728727 0.047833 -0.683131 0.0 -0.016471 0.996045 0.087313 0.0 -0.363047 -0.740867 1.421207 1.0]
329
	ConcatTransform [1.1 0.0 0.0 0.0 0.0 1.1 0.0 0.0 0.0 0.0 1.1 0.0 -9.609 0.05 6.704 1.0]
	ConcatTransform [0.640531 0.079484 -0.763808 0.0 -0.767822 0.049412 -0.638755 0.0 -0.01303 0.995611 0.09268 0.0 -0.363326 -0.740856 1.421233 1.0]
330
	ConcatTransform [1.1 0.0 0.0 0.0 0.0 1.1 0.0 0.0 0.0 0.0 1.1 0.0 -9.609 0.05 6.704 1.0]
	ConcatTransform [0.591037 0.081143 -0.802553 0.0 -0.80664 0.056237 -0.588361 0.0 -0.002609 0.995115 0.098691 0.0 -0.36426 -0.740829 1.421475 1.0]
331
	ConcatTransform [1.1 0.0 0.0 0.0 0.0 1.1 0.0 0.0 0.0 0.0 1.1 0.0 -9.609 0.05 6.704 1.0]
	ConcatTransform [0.565505 0.083295 -0.820528 0.0 -0.824744 0.058774 -0.562444 0.0 0.001377 0.99479 0.101934 0.0 -0.365142 -0.740797 1.421853 1.0]
332
	ConcatTransform [1.1 0.0 0.0 0.0 0.0 1.1 0.0 0.0 0.0 0.0 1.1 0.0 -9.609 0.05 6.704 1.0]
	ConcatTransform [0.535009 0.086522 -0.840405 0.0 -0.844829 0.061163 -0.531529 0.0 0.005413 0.994371 0.105818 0.0 -0.366571 -0.740751 1.422727 1.0]
333
	ConcatTransform [1.1 0.0 0.0 0.0 0.0 1.1 0.0 0.0 0.0 0.0 1.1 0.0 -9.609 0.05 6.704 1.0]
	ConcatTransform [0.517453 0.085379 -0.851442 0.0 -0.855674 0.061048 -0.513903 0.0 0.008102 0.994477 0.104646 0.0 -0.367473 -0.740761 1.423444 1.0]
334
	ConcatTransform [1.1 0.0 0.0 0.0 0.0 1.1 0.0 0.0 0.0 0.0 1.1 0.0 -9.609 0.05 6.704 1.0]
	ConcatTransform [0.492717 0.082282 -0.866291 0.0 -0.870097 0.061119 -0.489077 0.0 0.012704 0.994733 0.101708 0.0 -0.368692 -0.74078 1.424782 1.0]
335
	ConcatTransform [1.1 0.0 0.0 0.0 0.0 1.1 0.0 0.0 0.0 0.0 1.1 0.0 -9.609 0.05 6.704 1.0]
	ConcatTransform [0.477088 0.08003 -0.875204 0.0 -0.878728 0.060383 -0.473488 0.0 0.014954 0.994962 0.099132 0.0 -0.369412 -0.740797 1.425824 1.0]
336
	ConcatTransform [1.1 0.0 0.0 0.0 0.0 1.1 0.0 0.0 0.0 0.0 1.1 0.0 -9.609 0.05 6.704 1.0]
	ConcatTransform [0.455484 0.077487 -0.886865 0.0 -0.890059 0.059967 -0.451884 0.0 0.018167 0.995188 0.096281 0.0 -0.370308 -0.740807 1.427552 1.0]
337
	ConcatTransform [1.1 0.0 0.0 0.0 0.0 1.1 0.0 0.0 0.0 0.0 1.1 0.0 -9.609 0.05 6.704 1.0]
	ConcatTransform [0.442204 0.076298 -0.893664 0.0 -0.896709 0.058944 -0.438678 0.0 0.019206 0.995341 0.094482 0.0 -0.370787 -0.740818 1.428787 1.0]
338
	ConcatTransform [1.1 0.0 0.0 0.0 0.0 1.1 0.0 0.0 0.0 0.0 1.1 0.0 -9.609 0.05 6.704 1.0]
	ConcatTransform [0.423279 0.0754 -0.902856 0.0 -0.905794 0.056458 -0.419941 0.0 0.019309 0.995554 0.092194 0.0 -0.371338 -0.740838 1.430745 1.0]
339
	ConcatTransform [1.1 0.0 0.0 0.0 0.0 1.1 0.0 0.0 0.0 0.0 1.1 0.0 -9.609 0.05 6.704 1.0]
	ConcatTransform [0.411136 0.074386 -0.908534 0.0 -0.911362 0.055048 -0.407908 0.0 0.01967 0.995709 0.090425 0.0 -0.371586 -0.740846 1.432087 1.0]
340
	ConcatTransform [1.1 0.0 0.0 0.0 0.0 1.1 0.0 0.0 0.0 0.0 1.1 0.0 -9.609 0.05 6.704 1.0]
	ConcatTransform [0.393319 0.072542 -0.916536 0.0 -0.91917 0.053438 -0.390219 0.0 0.02067 0.995933 0.087697 0.0 -0.371805 -0.740852 1.434127 1.0]
341
	ConcatTransform [1.1 0.0 0.0 0.0 0.0 1.1 0.0 0.0 0.0 0.0 1.1 0.0 -9.609 0.05 6.704 1.0]
	ConcatTransform [0.381484 0.07162 -0.921597 0.0 -0.924153 0.051409 -0.378547 0.0 0.020267 0.996106 0.0858 0.0 -0.371872 -0.740859 1.435488 1.0]
342
	ConcatTransform [1.1 0.0 0.0 0.0 0.0 1.1 0.0 0.0 0.0 0.0 1.1 0.0 -9.609 0.05 6.704 1.0]
	ConcatTransform [0.363858 0.070785 -0.928761 0.0 -0.931228 0.049604 -0.361044 0.0 0.020514 0.996257 0.083966 0.0 -0.371859 -0.74086 1.437504 1.0]
343
	ConcatTransform [1.1 0.0 0.0 0.0 0.0 1.1 0.0 0.0 0.0 0.0 1.1 0.0 -9.609 0.05 6.704 1.0]
	ConcatTransform [0.352093 0.070268 -0.933324 0.0 -0.935743 0.048164 -0.349379 0.0 0.020402 0.996365 0.082711 0.0 -0.371803 -0.74086 1.438805 1.0]
344
	ConcatTransform [1.1 0.0 0.0 0.0 0.0 1.1 0.0 0.0 0.0 0.0 1.1 0.0 -9.609 0.05 6.704 1.0]
	ConcatTransform [0.334404 0.069202 -0.939885 0.0 -0.942211 0.04605 -0.331841 0.0 0.020318 0.996539 0.080603 0.0 -0.371672 -0.740855 1.440657 1.0]
345
	ConcatTransform [1.1 0.0 0.0 0.0 0.0 1.1 0.0 0.0 0.0 0.0 1.1 0.0 -9.609 0.05 6.704 1.0]
	ConcatTransform [0.322584 0.068757 -0.94404 0.0 -0.946314 0.045259 -0.320064 0.0 0.02072 0.996606 0.079665 0.0 -0.371565 -0.740852 1.441825 1.0]
346
	ConcatTransform [1.1 0.0 0.0 0.0 0.0 1.1 0.0 0.0 0.0 0.0 1.1 0.0 -9.609 0.05 6.704 1.0]
	ConcatTransform [0.304774 0.068603 -0.949951 0.0 -0.952176 0.044766 -0.302254 0.0 0.02179 0.996639 0.078966 0.0 -0.371394 -0.74085 1.443459 1.0]
347
	ConcatTransform [1.1 0.0 0.0 0.0 0.0 1.1 0.0 0.0 0.0 0.0 1.1 0.0 -9.609 0.05 6.704 1.0]
	ConcatTransform [0.292863 0.068168 -0.953721 0.0 -0.955891 0.044284 -0.290364 0.0 0.022441 0.996691 0.078131 0.0 -0.371287 -0.740847 1.444455 1.0]
348
	ConcatTransform [1.1 0.0 0.0 0.0 0.0 1.1 0.0 0.0 0.0 0.0 1.1 0.0 -9.609 0.05 6.704 1.0]
	ConcatTransform [0.27565 0.068853 -0.958789 0.0 -0.960987 0.043436 -0.273162 0.0 0.022838 0.996681 0.07814 0.0 -0.3712 -0.740851 1.445897 1.0]
349
	ConcatTransform [1.1 0.0 0.0 0.0 0.0 1.1 0.0 0.0 0.0 0.0 1.1 0.0 -9.609 0.05 6.704 1.0]
	ConcatTransform [0.264458 0.069351 -0.9619 0.0 -0.964089 0.044222 -0.261872 0.0 0.024376 0.996612 0.078555 0.0 -0.371181 -0.740855 1.446839 1.0]
350
	ConcatTransform [1.1 0.0 0.0 0.0 0.0 1.1 0.0 0.0 0.0 0.0 1.1 0.0 -9.609 0.05 6.704 1.0]
	ConcatTransform [0.24961 0.070485 -0.965778 0.0 -0.967993 0.045089 -0.246892 0.0 0.026144 0.996493 0.079484 0.0 -0.371243 -0.740861 1.448223 1.0]
351
	ConcatTransform [1.1 0.0 0.0 0.0 0.0 1.1 0.0 0.0 0.0 0.0 1.1 0.0 -9.609 0.05 6.704 1.0]
	ConcatTransform [0.24038 0.071249 -0.96806 0.0 -0.970317 0.044866 -0.237639 0.0 0.026501 0.996449 0.079919 0.0 -0.371347 -0.740864 1.449151 1.0]
352
	ConcatTransform [1.1 0.0 0.0 0.0 0.0 1.1 0.0 0.0 0.0 0.0 1.1 0.0 -9.609 0.05 6.704 1.0]
	ConcatTransform [0.225704 0.071403 -0.971576 0.0 -0.973837 0.043588 -0.223026 0.0 0.026424 0.996495 0.079373 0.0 -0.371579 -0.740863 1.450548 1.0]
353
	ConcatTransform [1.1 0.0 0.0 0.0 0.0 1.1 0.0 0.0 0.0 0.0 1.1 0.0 -9.609 0.05 6.704 1.0]
	ConcatTransform [0.216213 0.070573 -0.973792 0.0 -0.975987 0.04266 -0.213609 0.0 0.026467 0.996594 0.078102 0.0 -0.371838 -0.740856 1.451595 1.0]
354
	ConcatTransform [1.1 0.0 0.0 0.0 0.0 1.1 0.0 0.0 0.0 0.0 1.1 0.0 -9.609 0.05 6.704 1.0]
	ConcatTransform [0.202637 0.070575 -0.976708 0.0 -0.978841 0.043579 -0.19993 0.0 0.028454 0.996554 0.077912 0.0 -0.372304 -0.74086 1.453173 1.0]
355
	ConcatTransform [1.1 0.0 0.0 0.0 0.0 1.1 0.0 0.0 0.0 0.0 1.1 0.0 -9.609 0.05 6.704 1.0]
	ConcatTransform [0.194832 0.069885 -0.978344 0.0 -0.980377 0.044425 -0.192063 0.0 0.03004 0.996565 0.077169 0.0 -0.372696 -0.74086 1.454244 1.0]
356
	ConcatTransform [1.1 0.0 0.0 0.0 0.0 1.1 0.0 0.0 0.0 0.0 1.1 0.0 -9.609 0.05 6.704 1.0]
	ConcatTransform [0.184718 0.068464 -0.980404 0.0 -0.982271 0.04533 -0.181904 0.0 0.031987 0.996623 0.075623 0.0 -0.373388 -0.740853 1.455874 1.0]
357
	ConcatTransform [1.1 0.0 0.0 0.0 0.0 1.1 0.0 0.0 0.0 0.0 1.1 0.0 -9.609 0.05 6.704 1.0]
	ConcatTransform [0.178333 0.067841 -0.981629 0.0 -0.983399 0.046273 -0.175457 0.0 0.03352 0.996622 0.074967 0.0 -0.373871 -0.740855 1.456913 1.0]
358
	ConcatTransform [1.1 0.0 0.0 0.0 0.0 1.1 0.0 0.0 0.0 0.0 1.1 0.0 -9.609 0.05 6.704 1.0]
	ConcatTransform [0.169739 0.067012 -0.983208 0.0 -0.984869 0.046928 -0.166827 0.0 0.034961 0.996648 0.073963 0.0 -0.374631 -0.740846 1.458405 1.0]
359
	ConcatTransform [1.1 0.0 0.0 0.0 0.0 1.1 0.0 0.0 0.0 0.0 1.1 0.0 -9.609 0.05 6.704 1.0]
	ConcatTransform [0.164699 0.06601 -0.984133 0.0 -0.985684 0.047498 -0.161773 0.0 0.036065 0.996688 0.072888 0.0 -0.375155 -0.740843 1.459364 1.0]
360
	ConcatTransform [1.1 0.0 0.0 0.0 0.0 1.1 0.0 0.0 0.0 0.0 1.1 0.0 -9.609 0.05 6.704 1.0]
	ConcatTransform [0.077778 0.032076 -0.996455 0.0 -0.943083 0.326516 -0.063102 0.0 0.323335 0.944647 0.055646 0.0 -23.132517 -120.810211 25.665047 1.0]
