228
	ConcatTransform [1.1 0.0 0.0 0.0 0.0 1.1 0.0 0.0 0.0 0.0 1.1 0.0 -9.609 0.05 6.704 1.0]
	ConcatTransform [0.987442 0.138146 0.076649 0.0 -0.147124 0.980862 0.127531 0.0 -0.057564 -0.137206 0.988869 0.0 0.073313 0.039315 -0.024041 1.0]
229
	ConcatTransform [1.1 0.0 0.0 0.0 0.0 1.1 0.0 0.0 0.0 0.0 1.1 0.0 -9.609 0.05 6.704 1.0]
	ConcatTransform [0.968389 0.232744 0.089733 0.0 -0.245694 0.952115 0.181967 0.0 -0.043084 -0.198262 0.979202 0.0 0.128166 0.058224 -0.042724 1.0]
230
	ConcatTransform [1.1 0.0 0.0 0.0 0.0 1.1 0.0 0.0 0.0 0.0 1.1 0.0 -9.609 0.05 6.704 1.0]
	ConcatTransform [0.92244 0.370446 0.10897 0.0 -0.386133 0.886666 0.254409 0.0 -0.002376 -0.276754 0.960938 0.0 0.210393 0.06802 -0.071039 1.0]
231
	ConcatTransform [1.1 0.0 0.0 0.0 0.0 1.1 0.0 0.0 0.0 0.0 1.1 0.0 -9.609 0.05 6.704 1.0]
	ConcatTransform [0.878319 0.4604 0.128792 0.0 -0.477004 0.825927 0.30052 0.0 0.031987 -0.325387 0.94504 0.0 0.265102 0.062215 -0.08988 1.0]
232
	ConcatTransform [1.1 0.0 0.0 0.0 0.0 1.1 0.0 0.0 0.0 0.0 1.1 0.0 -9.609 0.05 6.704 1.0]
	ConcatTransform [0.794569 0.58377 0.166953 0.0 -0.600009 0.71281 0.363167 0.0 0.093 -0.388735 0.916644 0.0 0.347145 0.034954 -0.11815 1.0]
233
	ConcatTransform [1.1 0.0 0.0 0.0 0.0 1.1 0.0 0.0 0.0 0.0 1.1 0.0 -9.609 0.05 6.704 1.0]
	ConcatTransform [0.727817 0.656567 0.197997 0.0 -0.671529 0.62381 0.399888 0.0 0.139041 -0.424006 0.894923 0.0 0.40182 0.004412 -0.136988 1.0]
234
	ConcatTransform [1.1 0.0 0.0 0.0 0.0 1.1 0.0 0.0 0.0 0.0 1.1 0.0 -9.609 0.05 6.704 1.0]
	ConcatTransform [0.614326 0.747915 0.251448 0.0 -0.759393 0.473863 0.445843 0.0 0.2143 -0.464841 0.859068 0.0 0.483833 -0.059962 -0.165246 1.0]
235
	ConcatTransform [1.1 0.0 0.0 0.0 0.0 1.1 0.0 0.0 0.0 0.0 1.1 0.0 -9.609 0.05 6.704 1.0]
	ConcatTransform [0.530883 0.796004 0.290759 0.0 -0.80406 0.364756 0.469512 0.0 0.267677 -0.483044 0.833677 0.0 0.538488 -0.115172 -0.184076 1.0]
236
	ConcatTransform [1.1 0.0 0.0 0.0 0.0 1.1 0.0 0.0 0.0 0.0 1.1 0.0 -9.609 0.05 6.704 1.0]
	ConcatTransform [0.411537 0.849457 0.330243 0.0 -0.844968 0.219815 0.487555 0.0 0.341565 -0.479691 0.808226 0.0 0.620306 -0.212308 -0.212062 1.0]
237
	ConcatTransform [1.1 0.0 0.0 0.0 0.0 1.1 0.0 0.0 0.0 0.0 1.1 0.0 -9.609 0.05 6.704 1.0]
	ConcatTransform [0.322516 0.883604 0.339451 0.0 -0.865439 0.130006 0.483852 0.0 0.383403 -0.449825 0.806635 0.0 0.674393 -0.288128 -0.231048 1.0]
238
	ConcatTransform [1.1 0.0 0.0 0.0 0.0 1.1 0.0 0.0 0.0 0.0 1.1 0.0 -9.609 0.05 6.704 1.0]
	ConcatTransform [0.209957 0.946043 0.246821 0.0 -0.899173 0.087704 0.428714 0.0 0.383934 -0.311946 0.869071 0.0 0.738015 -0.37533 -0.248449 1.0]
239
	ConcatTransform [1.1 0.0 0.0 0.0 0.0 1.1 0.0 0.0 0.0 0.0 1.1 0.0 -9.609 0.05 6.704 1.0]
	ConcatTransform [0.268864 0.923591 0.273298 0.0 -0.921311 0.16386 0.352612 0.0 0.280886 -0.346597 0.894971 0.0 0.75796 -0.391871 -0.250266 1.0]
240
	ConcatTransform [1.1 0.0 0.0 0.0 0.0 1.1 0.0 0.0 0.0 0.0 1.1 0.0 -9.609 0.05 6.704 1.0]
	ConcatTransform [0.258108 0.880174 0.39834 0.0 -0.956665 0.175315 0.232503 0.0 0.134808 -0.441089 0.887281 0.0 0.767336 -0.369523 -0.241483 1.0]
241
	ConcatTransform [1.1 0.0 0.0 0.0 0.0 1.1 0.0 0.0 0.0 0.0 1.1 0.0 -9.609 0.05 6.704 1.0]
	ConcatTransform [0.24058 0.822057 0.516084 0.0 -0.970623 0.201913 0.130849 0.0 0.003361 -0.532403 0.846484 0.0 0.773899 -0.362944 -0.234713 1.0]
242
	ConcatTransform [1.1 0.0 0.0 0.0 0.0 1.1 0.0 0.0 0.0 0.0 1.1 0.0 -9.609 0.05 6.704 1.0]
	ConcatTransform [0.18249 0.71625 0.67356 0.0 -0.965135 0.261243 -0.016313 0.0 -0.187647 -0.647099 0.738953 0.0 0.783743 -0.371636 -0.224557 1.0]
243
	ConcatTransform [1.1 0.0 0.0 0.0 0.0 1.1 0.0 0.0 0.0 0.0 1.1 0.0 -9.609 0.05 6.704 1.0]
	ConcatTransform [0.133596 0.69221 0.709223 0.0 -0.93228 0.330528 -0.146986 0.0 -0.336164 -0.641558 0.689491 0.0 0.789827 -0.386016 -0.218747 1.0]
244
	ConcatTransform [1.1 0.0 0.0 0.0 0.0 1.1 0.0 0.0 0.0 0.0 1.1 0.0 -9.609 0.05 6.704 1.0]
	ConcatTransform [0.088961 0.745885 0.660107 0.0 -0.806783 0.442614 -0.391401 0.0 -0.584112 -0.497744 0.641143 0.0 0.797092 -0.413656 -0.209599 1.0]
245
	ConcatTransform [1.1 0.0 0.0 0.0 0.0 1.1 0.0 0.0 0.0 0.0 1.1 0.0 -9.609 0.05 6.704 1.0]
	ConcatTransform [0.069436 0.797347 0.599514 0.0 -0.681433 0.476819 -0.555241 0.0 -0.728579 -0.369975 0.576447 0.0 0.801224 -0.441793 -0.203342 1.0]
246
	ConcatTransform [1.1 0.0 0.0 0.0 0.0 1.1 0.0 0.0 0.0 0.0 1.1 0.0 -9.609 0.05 6.704 1.0]
	ConcatTransform [0.069358 0.864817 0.497274 0.0 -0.445174 0.47292 -0.760373 0.0 -0.892754 -0.168635 0.417795 0.0 0.807422 -0.50256 -0.193955 1.0]
247
	ConcatTransform [1.1 0.0 0.0 0.0 0.0 1.1 0.0 0.0 0.0 0.0 1.1 0.0 -9.609 0.05 6.704 1.0]
	ConcatTransform [-0.07275 0.838118 0.540616 0.0 -0.373134 0.479815 -0.794071 0.0 -0.924921 -0.259491 0.277824 0.0 0.809968 -0.523448 -0.189574 1.0]
248
	ConcatTransform [1.1 0.0 0.0 0.0 0.0 1.1 0.0 0.0 0.0 0.0 1.1 0.0 -9.609 0.05 6.704 1.0]
	ConcatTransform [-0.14579 0.814485 0.561568 0.0 -0.22891 0.524457 -0.820088 0.0 -0.962469 -0.248109 0.109983 0.0 0.819269 -0.524385 -0.18901 1.0]
249
	ConcatTransform [1.1 0.0 0.0 0.0 0.0 1.1 0.0 0.0 0.0 0.0 1.1 0.0 -9.609 0.05 6.704 1.0]
	ConcatTransform [-0.188566 0.81257 0.551519 0.0 -0.15533 0.529847 -0.833747 0.0 -0.969699 -0.242884 0.026305 0.0 0.825464 -0.523952 -0.190249 1.0]
250
	ConcatTransform [1.1 0.0 0.0 0.0 0.0 1.1 0.0 0.0 0.0 0.0 1.1 0.0 -9.609 0.05 6.704 1.0]
	ConcatTransform [-0.250364 0.810981 0.528799 0.0 -0.074452 0.528449 -0.845694 0.0 -0.965285 -0.251101 -0.071926 0.0 0.835172 -0.523763 -0.1933 1.0]
251
	ConcatTransform [1.1 0.0 0.0 0.0 0.0 1.1 0.0 0.0 0.0 0.0 1.1 0.0 -9.609 0.05 6.704 1.0]
	ConcatTransform [-0.248613 0.813527 0.525705 0.0 -0.068213 0.526693 -0.847315 0.0 -0.966198 -0.246513 -0.075449 0.0 0.84222 -0.523417 -0.195363 1.0]
252
	ConcatTransform [1.1 0.0 0.0 0.0 0.0 1.1 0.0 0.0 0.0 0.0 1.1 0.0 -9.609 0.05 6.704 1.0]
	ConcatTransform [-0.268684 0.802724 0.532394 0.0 -0.099358 0.526673 -0.844241 0.0 -0.95809 -0.279732 -0.061751 0.0 0.852881 -0.524616 -0.19788 1.0]
253
	ConcatTransform [1.1 0.0 0.0 0.0 0.0 1.1 0.0 0.0 0.0 0.0 1.1 0.0 -9.609 0.05 6.704 1.0]
	ConcatTransform [-0.292758 0.793905 0.532923 0.0 -0.109232 0.525926 -0.843487 0.0 -0.949927 -0.30515 -0.067249 0.0 0.860596 -0.525116 -0.200013 1.0]
254
	ConcatTransform [1.1 0.0 0.0 0.0 0.0 1.1 0.0 0.0 0.0 0.0 1.1 0.0 -9.609 0.05 6.704 1.0]
	ConcatTransform [-0.334433 0.777415 0.53271 0.0 -0.106685 0.530394 -0.841012 0.0 -0.936361 -0.338094 -0.094443 0.0 0.872633 -0.525289 -0.203745 1.0]
255
	ConcatTransform [1.1 0.0 0.0 0.0 0.0 1.1 0.0 0.0 0.0 0.0 1.1 0.0 -9.609 0.05 6.704 1.0]
	ConcatTransform [-0.359165 0.768505 0.529529 0.0 -0.094269 0.534613 -0.839823 0.0 -0.928501 -0.351553 -0.119568 0.0 0.880682 -0.525213 -0.206659 1.0]
256
	ConcatTransform [1.1 0.0 0.0 0.0 0.0 1.1 0.0 0.0 0.0 0.0 1.1 0.0 -9.609 0.05 6.704 1.0]
	ConcatTransform [-0.380854 0.751551 0.538629 0.0 -0.074991 0.555505 -0.828124 0.0 -0.921589 -0.355787 -0.155207 0.0 0.892323 -0.5254 -0.211117 1.0]
257
	ConcatTransform [1.1 0.0 0.0 0.0 0.0 1.1 0.0 0.0 0.0 0.0 1.1 0.0 -9.609 0.05 6.704 1.0]
	ConcatTransform [-0.391117 0.744048 0.541683 0.0 -0.072951 0.561652 -0.824151 0.0 -0.917445 -0.361856 -0.165393 0.0 0.899374 -0.525034 -0.214459 1.0]
258
	ConcatTransform [1.1 0.0 0.0 0.0 0.0 1.1 0.0 0.0 0.0 0.0 1.1 0.0 -9.609 0.05 6.704 1.0]
	ConcatTransform [-0.404764 0.733102 0.546559 0.0 -0.074292 0.56937 -0.818718 0.0 -0.911398 -0.371993 -0.175997 0.0 0.90904 -0.524459 -0.219275 1.0]
259
	ConcatTransform [1.1 0.0 0.0 0.0 0.0 1.1 0.0 0.0 0.0 0.0 1.1 0.0 -9.609 0.05 6.704 1.0]
	ConcatTransform [-0.413807 0.727691 0.547018 0.0 -0.07542 0.57141 -0.817192 0.0 -0.907235 -0.379416 -0.181571 0.0 0.914762 -0.524083 -0.222134 1.0]
260
	ConcatTransform [1.1 0.0 0.0 0.0 0.0 1.1 0.0 0.0 0.0 0.0 1.1 0.0 -9.609 0.05 6.704 1.0]
	ConcatTransform [-0.423041 0.721782 0.547783 0.0 -0.078615 0.573027 -0.815757 0.0 -0.902694 -0.388163 -0.185671 0.0 0.922144 -0.523609 -0.225565 1.0]
261
	ConcatTransform [1.1 0.0 0.0 0.0 0.0 1.1 0.0 0.0 0.0 0.0 1.1 0.0 -9.609 0.05 6.704 1.0]
	ConcatTransform [-0.432274 0.71693 0.546947 0.0 -0.081157 0.573153 -0.81542 0.0 -0.898083 -0.396873 -0.189575 0.0 0.926148 -0.523162 -0.226887 1.0]
262
	ConcatTransform [1.1 0.0 0.0 0.0 0.0 1.1 0.0 0.0 0.0 0.0 1.1 0.0 -9.609 0.05 6.704 1.0]
	ConcatTransform [-0.451935 0.710323 0.539626 0.0 -0.078514 0.570906 -0.817253 0.0 -0.888589 -0.411713 -0.202242 0.0 0.930776 -0.522395 -0.227328 1.0]
263
	ConcatTransform [1.1 0.0 0.0 0.0 0.0 1.1 0.0 0.0 0.0 0.0 1.1 0.0 -9.609 0.05 6.704 1.0]
	ConcatTransform [-0.461509 0.71021 0.531612 0.0 -0.072743 0.566932 -0.820546 0.0 -0.884148 -0.417361 -0.209982 0.0 0.932848 -0.522175 -0.226853 1.0]
264
	ConcatTransform [1.1 0.0 0.0 0.0 0.0 1.1 0.0 0.0 0.0 0.0 1.1 0.0 -9.609 0.05 6.704 1.0]
	ConcatTransform [-0.470909 0.711897 0.521006 0.0 -0.063653 0.561629 -0.824937 0.0 -0.879882 -0.421634 -0.219162 0.0 0.93409 -0.522129 -0.225193 1.0]
265
	ConcatTransform [1.1 0.0 0.0 0.0 0.0 1.1 0.0 0.0 0.0 0.0 1.1 0.0 -9.609 0.05 6.704 1.0]
	ConcatTransform [-0.477448 0.717334 0.50742 0.0 -0.045337 0.556612 -0.829535 0.0 -0.877489 -0.419065 -0.233231 0.0 0.933808 -0.522459 -0.223728 1.0]
266
	ConcatTransform [1.1 0.0 0.0 0.0 0.0 1.1 0.0 0.0 0.0 0.0 1.1 0.0 -9.609 0.05 6.704 1.0]
	ConcatTransform [-0.47447 0.728549 0.494059 0.0 -0.022993 0.550809 -0.834315 0.0 -0.879971 -0.407217 -0.244591 0.0 0.931446 -0.523221 -0.220871 1.0]
267
	ConcatTransform [1.1 0.0 0.0 0.0 0.0 1.1 0.0 0.0 0.0 0.0 1.1 0.0 -9.609 0.05 6.704 1.0]
	ConcatTransform [-0.471352 0.736654 0.484941 0.0 -0.010378 0.545183 -0.838253 0.0 -0.881884 -0.400145 -0.249329 0.0 0.92866 -0.523603 -0.218625 1.0]
268
	ConcatTransform [1.1 0.0 0.0 0.0 0.0 1.1 0.0 0.0 0.0 0.0 1.1 0.0 -9.609 0.05 6.704 1.0]
	ConcatTransform [-0.466467 0.747928 0.472243 0.0 0.009215 0.537966 -0.842916 0.0 -0.884491 -0.388841 -0.257835 0.0 0.922982 -0.524076 -0.215092 1.0]
269
	ConcatTransform [1.1 0.0 0.0 0.0 0.0 1.1 0.0 0.0 0.0 0.0 1.1 0.0 -9.609 0.05 6.704 1.0]
	ConcatTransform [-0.463163 0.753612 0.466421 0.0 0.021238 0.535559 -0.844231 0.0 -0.886019 -0.38111 -0.264057 0.0 0.918439 -0.52433 -0.21257 1.0]
270
	ConcatTransform [1.1 0.0 0.0 0.0 0.0 1.1 0.0 0.0 0.0 0.0 1.1 0.0 -9.609 0.05 6.704 1.0]
	ConcatTransform [-0.460609 0.763448 0.452754 0.0 0.044388 0.52926 -0.847298 0.0 -0.886493 -0.370176 -0.27767 0.0 0.910684 -0.5246 -0.20889 1.0]
271
	ConcatTransform [1.1 0.0 0.0 0.0 0.0 1.1 0.0 0.0 0.0 0.0 1.1 0.0 -9.609 0.05 6.704 1.0]
	ConcatTransform [-0.455828 0.771264 0.444267 0.0 0.060486 0.524826 -0.849058 0.0 -0.88801 -0.360153 -0.285881 0.0 0.905129 -0.524739 -0.206563 1.0]
272
	ConcatTransform [1.1 0.0 0.0 0.0 0.0 1.1 0.0 0.0 0.0 0.0 1.1 0.0 -9.609 0.05 6.704 1.0]
	ConcatTransform [-0.44317 0.783343 0.435861 0.0 0.078236 0.518157 -0.8517 0.0 -0.893017 -0.343348 -0.290917 0.0 0.896344 -0.524823 -0.203498 1.0]
273
	ConcatTransform [1.1 0.0 0.0 0.0 0.0 1.1 0.0 0.0 0.0 0.0 1.1 0.0 -9.609 0.05 6.704 1.0]
	ConcatTransform [-0.437534 0.789482 0.430445 0.0 0.088723 0.514264 -0.85303 0.0 -0.894814 -0.335039 -0.295053 0.0 0.890344 -0.524754 -0.201764 1.0]
274
	ConcatTransform [1.1 0.0 0.0 0.0 0.0 1.1 0.0 0.0 0.0 0.0 1.1 0.0 -9.609 0.05 6.704 1.0]
	ConcatTransform [-0.430414 0.799132 0.41968 0.0 0.108623 0.50743 -0.854819 0.0 -0.896072 -0.32234 -0.305209 0.0 0.881616 -0.52449 -0.19951 1.0]
275
	ConcatTransform [1.1 0.0 0.0 0.0 0.0 1.1 0.0 0.0 0.0 0.0 1.1 0.0 -9.609 0.05 6.704 1.0]
	ConcatTransform [-0.426312 0.80485 0.412886 0.0 0.121398 0.503217 -0.855591 0.0 -0.896393 -0.314625 -0.312234 0.0 0.876112 -0.524254 -0.198132 1.0]
276
	ConcatTransform [1.1 0.0 0.0 0.0 0.0 1.1 0.0 0.0 0.0 0.0 1.1 0.0 -9.609 0.05 6.704 1.0]
	ConcatTransform [-0.422578 0.812132 0.402331 0.0 0.1422 0.497826 -0.85554 0.0 -0.895102 -0.304321 -0.325855 0.0 0.868535 -0.523911 -0.19614 1.0]
277
	ConcatTransform [1.1 0.0 0.0 0.0 0.0 1.1 0.0 0.0 0.0 0.0 1.1 0.0 -9.609 0.05 6.704 1.0]
	ConcatTransform [-0.421695 0.815802 0.395779 0.0 0.15335 0.494365 -0.855621 0.0 -0.893676 -0.300119 -0.333575 0.0 0.863962 -0.52373 -0.195308 1.0]
278
	ConcatTransform [1.1 0.0 0.0 0.0 0.0 1.1 0.0 0.0 0.0 0.0 1.1 0.0 -9.609 0.05 6.704 1.0]
	ConcatTransform [-0.416806 0.820543 0.391129 0.0 0.165274 0.491525 -0.855037 0.0 -0.893844 -0.291742 -0.340485 0.0 0.858111 -0.523368 -0.195006 1.0]
279
	ConcatTransform [1.1 0.0 0.0 0.0 0.0 1.1 0.0 0.0 0.0 0.0 1.1 0.0 -9.609 0.05 6.704 1.0]
	ConcatTransform [-0.41547 0.823002 0.387366 0.0 0.174053 0.489923 -0.854214 0.0 -0.892799 -0.287478 -0.346795 0.0 0.854976 -0.52316 -0.19516 1.0]
280
	ConcatTransform [1.1 0.0 0.0 0.0 0.0 1.1 0.0 0.0 0.0 0.0 1.1 0.0 -9.609 0.05 6.704 1.0]
	ConcatTransform [-0.414762 0.825527 0.382725 0.0 0.186102 0.488678 -0.852385 0.0 -0.890695 -0.282311 -0.356317 0.0 0.851511 -0.522945 -0.195988 1.0]
281
	ConcatTransform [1.1 0.0 0.0 0.0 0.0 1.1 0.0 0.0 0.0 0.0 1.1 0.0 -9.609 0.05 6.704 1.0]
	ConcatTransform [-0.418237 0.823563 0.383174 0.0 0.191201 0.492209 -0.849218 0.0 -0.887987 -0.281911 -0.363326 0.0 0.84991 -0.523103 -0.197033 1.0]
282
	ConcatTransform [1.1 0.0 0.0 0.0 0.0 1.1 0.0 0.0 0.0 0.0 1.1 0.0 -9.609 0.05 6.704 1.0]
	ConcatTransform [-0.411005 0.826044 0.38565 0.0 0.185348 0.489914 -0.85184 0.0 -0.892592 -0.278631 -0.354463 0.0 0.848919 -0.522847 -0.199205 1.0]
283
	ConcatTransform [1.1 0.0 0.0 0.0 0.0 1.1 0.0 0.0 0.0 0.0 1.1 0.0 -9.609 0.05 6.704 1.0]
	ConcatTransform [-0.406544 0.82658 0.389214 0.0 0.179087 0.489839 -0.853221 0.0 -0.895907 -0.277169 -0.347171 0.0 0.849284 -0.52277 -0.200298 1.0]
284
	ConcatTransform [1.1 0.0 0.0 0.0 0.0 1.1 0.0 0.0 0.0 0.0 1.1 0.0 -9.609 0.05 6.704 1.0]
	ConcatTransform [-0.40588 0.824127 0.395066 0.0 0.168238 0.49226 -0.854035 0.0 -0.898308 -0.28017 -0.338448 0.0 0.850893 -0.522953 -0.201491 1.0]
285
	ConcatTransform [1.1 0.0 0.0 0.0 0.0 1.1 0.0 0.0 0.0 0.0 1.1 0.0 -9.609 0.05 6.704 1.0]
	ConcatTransform [-0.406067 0.823133 0.396941 0.0 0.16376 0.492878 -0.854549 0.0 -0.899051 -0.282001 -0.334938 0.0 0.852737 -0.523046 -0.201751 1.0]
286
	ConcatTransform [1.1 0.0 0.0 0.0 0.0 1.1 0.0 0.0 0.0 0.0 1.1 0.0 -9.609 0.05 6.704 1.0]
	ConcatTransform [-0.411412 0.820521 0.396845 0.0 0.161044 0.49399 -0.854423 0.0 -0.897109 -0.28761 -0.335373 0.0 0.85664 -0.523328 -0.202447 1.0]
287
	ConcatTransform [1.1 0.0 0.0 0.0 0.0 1.1 0.0 0.0 0.0 0.0 1.1 0.0 -9.609 0.05 6.704 1.0]
	ConcatTransform [-0.419614 0.813527 0.402614 0.0 0.156507 0.501754 -0.850734 0.0 -0.894108 -0.293968 -0.337865 0.0 0.859898 -0.523857 -0.203328 1.0]
288
	ConcatTransform [1.1 0.0 0.0 0.0 0.0 1.1 0.0 0.0 0.0 0.0 1.1 0.0 -9.609 0.05 6.704 1.0]
	ConcatTransform [-0.428941 0.803894 0.412025 0.0 0.145681 0.511707 -0.846719 0.0 -0.891508 -0.303169 -0.336604 0.0 0.865706 -0.524431 -0.205782 1.0]
289
	ConcatTransform [1.1 0.0 0.0 0.0 0.0 1.1 0.0 0.0 0.0 0.0 1.1 0.0 -9.609 0.05 6.704 1.0]
	ConcatTransform [-0.433952 0.79724 0.419636 0.0 0.136953 0.518738 -0.843893 0.0 -0.890466 -0.308738 -0.334292 0.0 0.870039 -0.52474 -0.208002 1.0]
290
	ConcatTransform [1.1 0.0 0.0 0.0 0.0 1.1 0.0 0.0 0.0 0.0 1.1 0.0 -9.609 0.05 6.704 1.0]
	ConcatTransform [-0.443999 0.784459 0.433 0.0 0.121556 0.531511 -0.838284 0.0 -0.887744 -0.319564 -0.331346 0.0 0.876921 -0.525153 -0.212014 1.0]
291
	ConcatTransform [1.1 0.0 0.0 0.0 0.0 1.1 0.0 0.0 0.0 0.0 1.1 0.0 -9.609 0.05 6.704 1.0]
	ConcatTransform [-0.449629 0.776123 0.442116 0.0 0.111762 0.539965 -0.834234 0.0 -0.886196 -0.325684 -0.329525 0.0 0.881714 -0.525299 -0.215066 1.0]
292
	ConcatTransform [1.1 0.0 0.0 0.0 0.0 1.1 0.0 0.0 0.0 0.0 1.1 0.0 -9.609 0.05 6.704 1.0]
	ConcatTransform [-0.45786 0.764725 0.453386 0.0 0.099391 0.550816 -0.828688 0.0 -0.883451 -0.334361 -0.328204 0.0 0.888974 -0.525326 -0.219926 1.0]
293
	ConcatTransform [1.1 0.0 0.0 0.0 0.0 1.1 0.0 0.0 0.0 0.0 1.1 0.0 -9.609 0.05 6.704 1.0]
	ConcatTransform [-0.463549 0.758335 0.458313 0.0 0.093667 0.556281 -0.825698 0.0 -0.881107 -0.339823 -0.328894 0.0 0.89374 -0.525261 -0.223198 1.0]
294
	ConcatTransform [1.1 0.0 0.0 0.0 0.0 1.1 0.0 0.0 0.0 0.0 1.1 0.0 -9.609 0.05 6.704 1.0]
	ConcatTransform [-0.472954 0.750318 0.461884 0.0 0.086822 0.561357 -0.823007 0.0 -0.876799 -0.349143 -0.33064 0.0 0.900515 -0.525081 -0.227958 1.0]
295
	ConcatTransform [1.1 0.0 0.0 0.0 0.0 1.1 0.0 0.0 0.0 0.0 1.1 0.0 -9.609 0.05 6.704 1.0]
	ConcatTransform [-0.480289 0.743272 0.465692 0.0 0.082889 0.567025 -0.819519 0.0 -0.873185 -0.355005 -0.333945 0.0 0.904658 -0.524873 -0.230758 1.0]
296
	ConcatTransform [1.1 0.0 0.0 0.0 0.0 1.1 0.0 0.0 0.0 0.0 1.1 0.0 -9.609 0.05 6.704 1.0]
	ConcatTransform [-0.490509 0.736577 0.465678 0.0 0.08045 0.570373 -0.817437 0.0 -0.867715 -0.363496 -0.339031 0.0 0.909972 -0.5246 -0.234607 1.0]
297
	ConcatTransform [1.1 0.0 0.0 0.0 0.0 1.1 0.0 0.0 0.0 0.0 1.1 0.0 -9.609 0.05 6.704 1.0]
	ConcatTransform [-0.497414 0.732272 0.465141 0.0 0.083045 0.573908 -0.814698 0.0 -0.863529 -0.366615 -0.346282 0.0 0.912818 -0.524422 -0.236528 1.0]
298
	ConcatTransform [1.1 0.0 0.0 0.0 0.0 1.1 0.0 0.0 0.0 0.0 1.1 0.0 -9.609 0.05 6.704 1.0]
	ConcatTransform [-0.506742 0.728345 0.461222 0.0 0.092808 0.57798 -0.810756 0.0 -0.857087 -0.368039 -0.360483 0.0 0.915991 -0.524281 -0.238624 1.0]
299
	ConcatTransform [1.1 0.0 0.0 0.0 0.0 1.1 0.0 0.0 0.0 0.0 1.1 0.0 -9.609 0.05 6.704 1.0]
	ConcatTransform [-0.512147 0.727107 0.457189 0.0 0.100814 0.579507 -0.808708 0.0 -0.852961 -0.368086 -0.370095 0.0 0.91732 -0.524235 -0.239558 1.0]
300
	ConcatTransform [1.1 0.0 0.0 0.0 0.0 1.1 0.0 0.0 0.0 0.0 1.1 0.0 -9.609 0.05 6.704 1.0]
	ConcatTransform [-0.517965 0.72651 0.451548 0.0 0.112022 0.580943 -0.806199 0.0 -0.848035 -0.366999 -0.382293 0.0 0.918128 -0.524224 -0.240091 1.0]
301
	ConcatTransform [1.1 0.0 0.0 0.0 0.0 1.1 0.0 0.0 0.0 0.0 1.1 0.0 -9.609 0.05 6.704 1.0]
	ConcatTransform [-0.521085 0.727507 0.446322 0.0 0.123001 0.581479 -0.804209 0.0 -0.844595 -0.364164 -0.392484 0.0 0.91796 -0.524284 -0.239966 1.0]
302
	ConcatTransform [1.1 0.0 0.0 0.0 0.0 1.1 0.0 0.0 0.0 0.0 1.1 0.0 -9.609 0.05 6.704 1.0]
	ConcatTransform [-0.524766 0.732873 0.433033 0.0 0.146474 0.578857 -0.802166 0.0 -0.83855 -0.357522 -0.411112 0.0 0.916781 -0.524573 -0.238974 1.0]
303
	ConcatTransform [1.1 0.0 0.0 0.0 0.0 1.1 0.0 0.0 0.0 0.0 1.1 0.0 -9.609 0.05 6.704 1.0]
	ConcatTransform [-0.528399 0.735255 0.424492 0.0 0.160722 0.577581 -0.800355 0.0 -0.833644 -0.354682 -0.423365 0.0 0.915259 -0.524675 -0.237923 1.0]
304
	ConcatTransform [1.1 0.0 0.0 0.0 0.0 1.1 0.0 0.0 0.0 0.0 1.1 0.0 -9.609 0.05 6.704 1.0]
	ConcatTransform [-0.530754 0.742554 0.40855 0.0 0.187449 0.57296 -0.797859 0.0 -0.826537 -0.346885 -0.443292 0.0 0.912312 -0.524955 -0.235921 1.0]
305
	ConcatTransform [1.1 0.0 0.0 0.0 0.0 1.1 0.0 0.0 0.0 0.0 1.1 0.0 -9.609 0.05 6.704 1.0]
	ConcatTransform [-0.53067 0.748666 0.397352 0.0 0.20535 0.568407 -0.796709 0.0 -0.822326 -0.341193 -0.455375 0.0 0.909898 -0.525132 -0.234359 1.0]
306
	ConcatTransform [1.1 0.0 0.0 0.0 0.0 1.1 0.0 0.0 0.0 0.0 1.1 0.0 -9.609 0.05 6.704 1.0]
	ConcatTransform [-0.529824 0.758256 0.379913 0.0 0.232361 0.560594 -0.794823 0.0 -0.815656 -0.332839 -0.473206 0.0 0.905757 -0.525309 -0.231882 1.0]
307
	ConcatTransform [1.1 0.0 0.0 0.0 0.0 1.1 0.0 0.0 0.0 0.0 1.1 0.0 -9.609 0.05 6.704 1.0]
	ConcatTransform [-0.529584 0.763392 0.369828 0.0 0.249503 0.556885 -0.792229 0.0 -0.810733 -0.327279 -0.485386 0.0 0.902746 -0.525355 -0.230174 1.0]
308
	ConcatTransform [1.1 0.0 0.0 0.0 0.0 1.1 0.0 0.0 0.0 0.0 1.1 0.0 -9.609 0.05 6.704 1.0]
	ConcatTransform [-0.527905 0.770955 0.356293 0.0 0.272969 0.551272 -0.788408 0.0 -0.804242 -0.318947 -0.501466 0.0 0.898102 -0.525357 -0.22764 1.0]
309
	ConcatTransform [1.1 0.0 0.0 0.0 0.0 1.1 0.0 0.0 0.0 0.0 1.1 0.0 -9.609 0.05 6.704 1.0]
	ConcatTransform [-0.526735 0.775347 0.348408 0.0 0.286218 0.54772 -0.786182 0.0 -0.800393 -0.314389 -0.510422 0.0 0.895026 -0.525319 -0.226019 1.0]
310
	ConcatTransform [1.1 0.0 0.0 0.0 0.0 1.1 0.0 0.0 0.0 0.0 1.1 0.0 -9.609 0.05 6.704 1.0]
	ConcatTransform [-0.525899 0.781293 0.336173 0.0 0.304206 0.541876 -0.783473 0.0 -0.794285 -0.309762 -0.522646 0.0 0.89063 -0.525225 -0.223802 1.0]
311
	ConcatTransform [1.1 0.0 0.0 0.0 0.0 1.1 0.0 0.0 0.0 0.0 1.1 0.0 -9.609 0.05 6.704 1.0]
	ConcatTransform [-0.52536 0.78479 0.328788 0.0 0.315078 0.53837 -0.78159 0.0 -0.790394 -0.307023 -0.530108 0.0 0.887916 -0.525147 -0.222457 1.0]
312
	ConcatTransform [1.1 0.0 0.0 0.0 0.0 1.1 0.0 0.0 0.0 0.0 1.1 0.0 -9.609 0.05 6.704 1.0]
	ConcatTransform [-0.524515 0.789394 0.318967 0.0 0.330162 0.533909 -0.778418 0.0 -0.784778 -0.302981 -0.540672 0.0 0.884297 -0.525017 -0.220674 1.0]
313
	ConcatTransform [1.1 0.0 0.0 0.0 0.0 1.1 0.0 0.0 0.0 0.0 1.1 0.0 -9.609 0.05 6.704 1.0]
	ConcatTransform [-0.52527 0.790748 0.314339 0.0 0.338419 0.533058 -0.775449 0.0 -0.780746 -0.300942 -0.547604 0.0 0.882223 -0.524969 -0.219635 1.0]
314
	ConcatTransform [1.1 0.0 0.0 0.0 0.0 1.1 0.0 0.0 0.0 0.0 1.1 0.0 -9.609 0.05 6.704 1.0]
	ConcatTransform [-0.525658 0.792945 0.308095 0.0 0.348935 0.531274 -0.772005 0.0 -0.77584 -0.298306 -0.555954 0.0 0.879731 -0.524883 -0.21839 1.0]
315
	ConcatTransform [1.1 0.0 0.0 0.0 0.0 1.1 0.0 0.0 0.0 0.0 1.1 0.0 -9.609 0.05 6.704 1.0]
	ConcatTransform [-0.525892 0.794021 0.304907 0.0 0.354077 0.530316 -0.770321 0.0 -0.773348 -0.297145 -0.560033 0.0 0.878538 -0.524841 -0.217775 1.0]
316
	ConcatTransform [1.1 0.0 0.0 0.0 0.0 1.1 0.0 0.0 0.0 0.0 1.1 0.0 -9.609 0.05 6.704 1.0]
	ConcatTransform [-0.523117 0.796977 0.301955 0.0 0.360024 0.527782 -0.769304 0.0 -0.772484 -0.293725 -0.563023 0.0 0.877644 -0.524729 -0.217384 1.0]
317
	ConcatTransform [1.1 0.0 0.0 0.0 0.0 1.1 0.0 0.0 0.0 0.0 1.1 0.0 -9.609 0.05 6.704 1.0]
	ConcatTransform [-0.520616 0.796105 0.308507 0.0 0.352369 0.529475 -0.771681 0.0 -0.777685 -0.293041 -0.556176 0.0 0.877522 -0.524782 -0.217921 1.0]
318
	ConcatTransform [1.1 0.0 0.0 0.0 0.0 1.1 0.0 0.0 0.0 0.0 1.1 0.0 -9.609 0.05 6.704 1.0]
	ConcatTransform [-0.518956 0.792006 0.321577 0.0 0.337034 0.535309 -0.774501 0.0 -0.785553 -0.293549 -0.544735 0.0 0.878199 -0.524871 -0.219525 1.0]
319
	ConcatTransform [1.1 0.0 0.0 0.0 0.0 1.1 0.0 0.0 0.0 0.0 1.1 0.0 -9.609 0.05 6.704 1.0]
	ConcatTransform [-0.518731 0.789034 0.329154 0.0 0.329903 0.539923 -0.774368 0.0 -0.788721 -0.2931 -0.54038 0.0 0.879284 -0.524925 -0.220817 1.0]
320
	ConcatTransform [1.1 0.0 0.0 0.0 0.0 1.1 0.0 0.0 0.0 0.0 1.1 0.0 -9.609 0.05 6.704 1.0]
	ConcatTransform [-0.516752 0.786683 0.337782 0.0 0.323153 0.544585 -0.77395 0.0 -0.792805 -0.290786 -0.535634 0.0 0.881717 -0.524946 -0.222019 1.0]
321
	ConcatTransform [1.1 0.0 0.0 0.0 0.0 1.1 0.0 0.0 0.0 0.0 1.1 0.0 -9.609 0.05 6.704 1.0]
	ConcatTransform [-0.516075 0.787146 0.337739 0.0 0.321651 0.543542 -0.775308 0.0 -0.793856 -0.291483 -0.533695 0.0 0.883818 -0.524957 -0.222484 1.0]
322
	ConcatTransform [1.1 0.0 0.0 0.0 0.0 1.1 0.0 0.0 0.0 0.0 1.1 0.0 -9.609 0.05 6.704 1.0]
	ConcatTransform [-0.516395 0.785568 0.340909 0.0 0.31527 0.544534 -0.777231 0.0 -0.796204 -0.293879 -0.528861 0.0 0.887888 -0.525002 -0.223403 1.0]
323
	ConcatTransform [1.1 0.0 0.0 0.0 0.0 1.1 0.0 0.0 0.0 0.0 1.1 0.0 -9.609 0.05 6.704 1.0]
	ConcatTransform [-0.517641 0.783481 0.34381 0.0 0.309152 0.545961 -0.778686 0.0 -0.797792 -0.29679 -0.524827 0.0 0.891254 -0.52505 -0.224073 1.0]
324
	ConcatTransform [1.1 0.0 0.0 0.0 0.0 1.1 0.0 0.0 0.0 0.0 1.1 0.0 -9.609 0.05 6.704 1.0]
	ConcatTransform [-0.520124 0.778936 0.350329 0.0 0.294278 0.548502 -0.782654 0.0 -0.801793 -0.303983 -0.514512 0.0 0.89722 -0.525214 -0.225914 1.0]
325
	ConcatTransform [1.1 0.0 0.0 0.0 0.0 1.1 0.0 0.0 0.0 0.0 1.1 0.0 -9.609 0.05 6.704 1.0]
	ConcatTransform [-0.524209 0.773163 0.356966 0.0 0.279028 0.551978 -0.785789 0.0 -0.80458 -0.312314 -0.505086 0.0 0.901605 -0.525347 -0.228315 1.0]
326
	ConcatTransform [1.1 0.0 0.0 0.0 0.0 1.1 0.0 0.0 0.0 0.0 1.1 0.0 -9.609 0.05 6.704 1.0]
	ConcatTransform [-0.531047 0.759849 0.374992 0.0 0.249211 0.563036 -0.787962 0.0 -0.809866 -0.324992 -0.488362 0.0 0.908323 -0.5254 -0.232426 1.0]
327
	ConcatTransform [1.1 0.0 0.0 0.0 0.0 1.1 0.0 0.0 0.0 0.0 1.1 0.0 -9.609 0.05 6.704 1.0]
	ConcatTransform [-0.531695 0.752255 0.389118 0.0 0.228055 0.569637 -0.789623 0.0 -0.815654 -0.331098 -0.474428 0.0 0.912791 -0.525273 -0.235346 1.0]
328
	ConcatTransform [1.1 0.0 0.0 0.0 0.0 1.1 0.0 0.0 0.0 0.0 1.1 0.0 -9.609 0.05 6.704 1.0]
	ConcatTransform [-0.53031 0.745439 0.403847 0.0 0.21098 0.577395 -0.788735 0.0 -0.821133 -0.33307 -0.463471 0.0 0.919572 -0.525094 -0.239543 1.0]
329
	ConcatTransform [1.1 0.0 0.0 0.0 0.0 1.1 0.0 0.0 0.0 0.0 1.1 0.0 -9.609 0.05 6.704 1.0]
	ConcatTransform [-0.529059 0.742938 0.410048 0.0 0.195903 0.577093 -0.792834 0.0 -0.825662 -0.339127 -0.450861 0.0 0.923717 -0.525042 -0.242111 1.0]
330
	ConcatTransform [1.1 0.0 0.0 0.0 0.0 1.1 0.0 0.0 0.0 0.0 1.1 0.0 -9.609 0.05 6.704 1.0]
	ConcatTransform [-0.533662 0.73824 0.41256 0.0 0.191389 0.580605 -0.791371 0.0 -0.823756 -0.343365 -0.451138 0.0 0.929668 -0.524852 -0.245867 1.0]
331
	ConcatTransform [1.1 0.0 0.0 0.0 0.0 1.1 0.0 0.0 0.0 0.0 1.1 0.0 -9.609 0.05 6.704 1.0]
	ConcatTransform [-0.538092 0.734417 0.413628 0.0 0.192618 0.584884 -0.787914 0.0 -0.820582 -0.344299 -0.456184 0.0 0.933297 -0.524708 -0.248397 1.0]
332
	ConcatTransform [1.1 0.0 0.0 0.0 0.0 1.1 0.0 0.0 0.0 0.0 1.1 0.0 -9.609 0.05 6.704 1.0]
	ConcatTransform [-0.544968 0.72868 0.414771 0.0 0.197793 0.592449 -0.78095 0.0 -0.814793 -0.343554 -0.466993 0.0 0.93803 -0.524513 -0.251928 1.0]
333
	ConcatTransform [1.1 0.0 0.0 0.0 0.0 1.1 0.0 0.0 0.0 0.0 1.1 0.0 -9.609 0.05 6.704 1.0]
	ConcatTransform [-0.549339 0.726374 0.413047 0.0 0.20443 0.59612 -0.776434 0.0 -0.810207 -0.342086 -0.475964 0.0 0.940671 -0.524421 -0.254018 1.0]
334
	ConcatTransform [1.1 0.0 0.0 0.0 0.0 1.1 0.0 0.0 0.0 0.0 1.1 0.0 -9.609 0.05 6.704 1.0]
	ConcatTransform [-0.555763 0.723007 0.41035 0.0 0.209394 0.599428 -0.772554 0.0 -0.804538 -0.343432 -0.484534 0.0 0.943652 -0.524321 -0.256721 1.0]
335
	ConcatTransform [1.1 0.0 0.0 0.0 0.0 1.1 0.0 0.0 0.0 0.0 1.1 0.0 -9.609 0.05 6.704 1.0]
	ConcatTransform [-0.558261 0.72004 0.412173 0.0 0.210701 0.603549 -0.768982 0.0 -0.802465 -0.342447 -0.488651 0.0 0.945015 -0.524175 -0.25811 1.0]
336
	ConcatTransform [1.1 0.0 0.0 0.0 0.0 1.1 0.0 0.0 0.0 0.0 1.1 0.0 -9.609 0.05 6.704 1.0]
	ConcatTransform [-0.560309 0.717974 0.412998 0.0 0.212364 0.606478 -0.766216 0.0 -0.800597 -0.341612 -0.492287 0.0 0.946123 -0.524092 -0.259917 1.0]
337
	ConcatTransform [1.1 0.0 0.0 0.0 0.0 1.1 0.0 0.0 0.0 0.0 1.1 0.0 -9.609 0.05 6.704 1.0]
	ConcatTransform [-0.560406 0.719917 0.409467 0.0 0.214626 0.603742 -0.767745 0.0 -0.799925 -0.342367 -0.492853 0.0 0.946224 -0.524205 -0.261141 1.0]
338
	ConcatTransform [1.1 0.0 0.0 0.0 0.0 1.1 0.0 0.0 0.0 0.0 1.1 0.0 -9.609 0.05 6.704 1.0]
	ConcatTransform [-0.561301 0.723078 0.402616 0.0 0.225717 0.601786 -0.766098 0.0 -0.796237 -0.339134 -0.500994 0.0 0.945501 -0.524326 -0.262155 1.0]
339
	ConcatTransform [1.1 0.0 0.0 0.0 0.0 1.1 0.0 0.0 0.0 0.0 1.1 0.0 -9.609 0.05 6.704 1.0]
	ConcatTransform [-0.561675 0.726305 0.396235 0.0 0.235135 0.599299 -0.765214 0.0 -0.793242 -0.336633 -0.50739 0.0 0.94446 -0.524416 -0.262161 1.0]
340
	ConcatTransform [1.1 0.0 0.0 0.0 0.0 1.1 0.0 0.0 0.0 0.0 1.1 0.0 -9.609 0.05 6.704 1.0]
	ConcatTransform [-0.561605 0.7312 0.38723 0.0 0.254632 0.598028 -0.75995 0.0 -0.78725 -0.328191 -0.522043 0.0 0.942188 -0.524594 -0.261341 1.0]
341
	ConcatTransform [1.1 0.0 0.0 0.0 0.0 1.1 0.0 0.0 0.0 0.0 1.1 0.0 -9.609 0.05 6.704 1.0]
	ConcatTransform [-0.563316 0.73536 0.376724 0.0 0.268958 0.594317 -0.757924 0.0 -0.781241 -0.325628 -0.532569 0.0 0.940205 -0.524754 -0.260201 1.0]
342
	ConcatTransform [1.1 0.0 0.0 0.0 0.0 1.1 0.0 0.0 0.0 0.0 1.1 0.0 -9.609 0.05 6.704 1.0]
	ConcatTransform [-0.563022 0.743271 0.361323 0.0 0.290863 0.587443 -0.755188 0.0 -0.773566 -0.320092 -0.546933 0.0 0.936746 -0.525002 -0.258057 1.0]
343
	ConcatTransform [1.1 0.0 0.0 0.0 0.0 1.1 0.0 0.0 0.0 0.0 1.1 0.0 -9.609 0.05 6.704 1.0]
	ConcatTransform [-0.561207 0.748265 0.353761 0.0 0.301655 0.58293 -0.754451 0.0 -0.770747 -0.31669 -0.552863 0.0 0.934129 -0.525125 -0.256312 1.0]
344
	ConcatTransform [1.1 0.0 0.0 0.0 0.0 1.1 0.0 0.0 0.0 0.0 1.1 0.0 -9.609 0.05 6.704 1.0]
	ConcatTransform [-0.559297 0.7554 0.341405 0.0 0.315968 0.575016 -0.754666 0.0 -0.766388 -0.31421 -0.560287 0.0 0.929924 -0.525269 -0.253521 1.0]
345
	ConcatTransform [1.1 0.0 0.0 0.0 0.0 1.1 0.0 0.0 0.0 0.0 1.1 0.0 -9.609 0.05 6.704 1.0]
	ConcatTransform [-0.558776 0.7602 0.33146 0.0 0.326698 0.569135 -0.754556 0.0 -0.762258 -0.31334 -0.566374 0.0 0.927055 -0.525321 -0.251465 1.0]
346
	ConcatTransform [1.1 0.0 0.0 0.0 0.0 1.1 0.0 0.0 0.0 0.0 1.1 0.0 -9.609 0.05 6.704 1.0]
	ConcatTransform [-0.555835 0.768064 0.318 0.0 0.341002 0.559536 -0.755405 0.0 -0.758132 -0.311442 -0.572922 0.0 0.922793 -0.52536 -0.248233 1.0]
347
	ConcatTransform [1.1 0.0 0.0 0.0 0.0 1.1 0.0 0.0 0.0 0.0 1.1 0.0 -9.609 0.05 6.704 1.0]
	ConcatTransform [-0.554056 0.772582 0.310063 0.0 0.348304 0.553425 -0.756574 0.0 -0.756112 -0.311188 -0.575722 0.0 0.920017 -0.525341 -0.246123 1.0]
348
	ConcatTransform [1.1 0.0 0.0 0.0 0.0 1.1 0.0 0.0 0.0 0.0 1.1 0.0 -9.609 0.05 6.704 1.0]
	ConcatTransform [-0.55093 0.778223 0.301403 0.0 0.354662 0.545249 -0.759551 0.0 -0.75544 -0.311564 -0.576401 0.0 0.916077 -0.525288 -0.243142 1.0]
349
	ConcatTransform [1.1 0.0 0.0 0.0 0.0 1.1 0.0 0.0 0.0 0.0 1.1 0.0 -9.609 0.05 6.704 1.0]
	ConcatTransform [-0.547919 0.781525 0.298334 0.0 0.355698 0.540446 -0.762494 0.0 -0.757141 -0.311668 -0.574108 0.0 0.913662 -0.525224 -0.241403 1.0]
350
	ConcatTransform [1.1 0.0 0.0 0.0 0.0 1.1 0.0 0.0 0.0 0.0 1.1 0.0 -9.609 0.05 6.704 1.0]
	ConcatTransform [-0.542258 0.786099 0.296656 0.0 0.353518 0.533759 -0.768197 0.0 -0.762221 -0.311687 -0.567335 0.0 0.910451 -0.525112 -0.239207 1.0]
351
	ConcatTransform [1.1 0.0 0.0 0.0 0.0 1.1 0.0 0.0 0.0 0.0 1.1 0.0 -9.609 0.05 6.704 1.0]
	ConcatTransform [-0.539206 0.788049 0.297046 0.0 0.350063 0.530524 -0.77201 0.0 -0.765972 -0.312288 -0.561928 0.0 0.90862 -0.525057 -0.238055 1.0]
352
	ConcatTransform [1.1 0.0 0.0 0.0 0.0 1.1 0.0 0.0 0.0 0.0 1.1 0.0 -9.609 0.05 6.704 1.0]
	ConcatTransform [-0.536201 0.789379 0.298948 0.0 0.345321 0.528315 -0.775652 0.0 -0.770222 -0.312673 -0.555872 0.0 0.906422 -0.525008 -0.236861 1.0]
353
	ConcatTransform [1.1 0.0 0.0 0.0 0.0 1.1 0.0 0.0 0.0 0.0 1.1 0.0 -9.609 0.05 6.704 1.0]
	ConcatTransform [-0.534323 0.79 0.300664 0.0 0.341982 0.527324 -0.777803 0.0 -0.773012 -0.312776 -0.551927 0.0 0.905347 -0.524982 -0.236458 1.0]
354
	ConcatTransform [1.1 0.0 0.0 0.0 0.0 1.1 0.0 0.0 0.0 0.0 1.1 0.0 -9.609 0.05 6.704 1.0]
	ConcatTransform [-0.531254 0.790626 0.304433 0.0 0.335859 0.526431 -0.781069 0.0 -0.777797 -0.312699 -0.545208 0.0 0.904315 -0.524954 -0.236464 1.0]
355
	ConcatTransform [1.1 0.0 0.0 0.0 0.0 1.1 0.0 0.0 0.0 0.0 1.1 0.0 -9.609 0.05 6.704 1.0]
	ConcatTransform [-0.530023 0.789967 0.308265 0.0 0.330254 0.527124 -0.78299 0.0 -0.78103 -0.313197 -0.540277 0.0 0.903961 -0.524976 -0.236829 1.0]
356
	ConcatTransform [1.1 0.0 0.0 0.0 0.0 1.1 0.0 0.0 0.0 0.0 1.1 0.0 -9.609 0.05 6.704 1.0]
	ConcatTransform [-0.528958 0.788008 0.315035 0.0 0.320528 0.529232 -0.785605 0.0 -0.78579 -0.314574 -0.53252 0.0 0.903914 -0.52503 -0.237811 1.0]
357
	ConcatTransform [1.1 0.0 0.0 0.0 0.0 1.1 0.0 0.0 0.0 0.0 1.1 0.0 -9.609 0.05 6.704 1.0]
	ConcatTransform [-0.528033 0.78657 0.320138 0.0 0.313971 0.531086 -0.787001 0.0 -0.789052 -0.315049 -0.527391 0.0 0.90421 -0.525072 -0.238722 1.0]
358
	ConcatTransform [1.1 0.0 0.0 0.0 0.0 1.1 0.0 0.0 0.0 0.0 1.1 0.0 -9.609 0.05 6.704 1.0]
	ConcatTransform [-0.526489 0.78382 0.329296 0.0 0.30339 0.535037 -0.788473 0.0 -0.794206 -0.315217 -0.519494 0.0 0.905076 -0.525144 -0.240436 1.0]
359
	ConcatTransform [1.1 0.0 0.0 0.0 0.0 1.1 0.0 0.0 0.0 0.0 1.1 0.0 -9.609 0.05 6.704 1.0]
	ConcatTransform [-0.525895 0.781277 0.336215 0.0 0.295585 0.53853 -0.78906 0.0 -0.797536 -0.315582 -0.514144 0.0 0.905889 -0.525204 -0.241814 1.0]
360
	ConcatTransform [1.1 0.0 0.0 0.0 0.0 1.1 0.0 0.0 0.0 0.0 1.1 0.0 -9.609 0.05 6.704 1.0]
	ConcatTransform [-0.388789 0.767264 0.510048 0.0 0.006783 0.55597 -0.831174 0.0 -0.921302 -0.319691 -0.221359 0.0 1.396317 -0.525346 0.804146 1.0]
