228
	ConcatTransform [1.1 0.0 0.0 0.0 0.0 1.1 0.0 0.0 0.0 0.0 1.1 0.0 -9.609 0.05 6.704 1.0]
	ConcatTransform [0.993271 0.076884 -0.086615 0.0 -0.068145 0.992682 0.099696 0.0 0.093646 -0.093123 0.991241 0.0 0.018974 0.010029 -0.037414 1.0]
229
	ConcatTransform [1.1 0.0 0.0 0.0 0.0 1.1 0.0 0.0 0.0 0.0 1.1 0.0 -9.609 0.05 6.704 1.0]
	ConcatTransform [0.970751 0.164963 -0.174439 0.0 -0.125671 0.968214 0.21626 0.0 0.204569 -0.188013 0.960626 0.0 0.03673 0.011443 -0.073239 1.0]
230
	ConcatTransform [1.1 0.0 0.0 0.0 0.0 1.1 0.0 0.0 0.0 0.0 1.1 0.0 -9.609 0.05 6.704 1.0]
	ConcatTransform [0.914377 0.320477 -0.247406 0.0 -0.188963 0.878257 0.439269 0.0 0.358062 -0.354907 0.863616 0.0 0.063496 -0.004611 -0.126663 1.0]
231
	ConcatTransform [1.1 0.0 0.0 0.0 0.0 1.1 0.0 0.0 0.0 0.0 1.1 0.0 -9.609 0.05 6.704 1.0]
	ConcatTransform [0.86447 0.425687 -0.267361 0.0 -0.206308 0.785455 0.583522 0.0 0.458398 -0.449278 0.766825 0.0 0.081373 -0.027663 -0.162214 1.0]
232
	ConcatTransform [1.1 0.0 0.0 0.0 0.0 1.1 0.0 0.0 0.0 0.0 1.1 0.0 -9.609 0.05 6.704 1.0]
	ConcatTransform [0.781373 0.557296 -0.280852 0.0 -0.198784 0.648858 0.734485 0.0 0.591558 -0.518078 0.617781 0.0 0.107887 -0.078103 -0.217199 1.0]
233
	ConcatTransform [1.1 0.0 0.0 0.0 0.0 1.1 0.0 0.0 0.0 0.0 1.1 0.0 -9.609 0.05 6.704 1.0]
	ConcatTransform [0.731143 0.62084 -0.282823 0.0 -0.176372 0.572477 0.800726 0.0 0.659032 -0.535563 0.528061 0.0 0.125383 -0.122578 -0.25461 1.0]
234
	ConcatTransform [1.1 0.0 0.0 0.0 0.0 1.1 0.0 0.0 0.0 0.0 1.1 0.0 -9.609 0.05 6.704 1.0]
	ConcatTransform [0.655902 0.700483 -0.281276 0.0 -0.133916 0.474698 0.869901 0.0 0.742872 -0.532903 0.405161 0.0 0.151555 -0.207504 -0.311026 1.0]
235
	ConcatTransform [1.1 0.0 0.0 0.0 0.0 1.1 0.0 0.0 0.0 0.0 1.1 0.0 -9.609 0.05 6.704 1.0]
	ConcatTransform [0.637878 0.717232 -0.280518 0.0 -0.082269 0.425619 0.901155 0.0 0.765731 -0.551749 0.330499 0.0 0.167595 -0.272243 -0.348734 1.0]
236
	ConcatTransform [1.1 0.0 0.0 0.0 0.0 1.1 0.0 0.0 0.0 0.0 1.1 0.0 -9.609 0.05 6.704 1.0]
	ConcatTransform [0.755539 0.537512 -0.374487 0.0 0.032566 0.540122 0.840956 0.0 0.654293 -0.647571 0.390579 0.0 0.18807 -0.375096 -0.406766 1.0]
237
	ConcatTransform [1.1 0.0 0.0 0.0 0.0 1.1 0.0 0.0 0.0 0.0 1.1 0.0 -9.609 0.05 6.704 1.0]
	ConcatTransform [0.843272 0.406669 -0.351442 0.0 0.181516 0.399976 0.898371 0.0 0.505909 -0.821364 0.263472 0.0 0.202042 -0.453862 -0.4438 1.0]
238
	ConcatTransform [1.1 0.0 0.0 0.0 0.0 1.1 0.0 0.0 0.0 0.0 1.1 0.0 -9.609 0.05 6.704 1.0]
	ConcatTransform [0.828098 0.407153 -0.385331 0.0 0.276667 0.300992 0.912611 0.0 0.487555 -0.86234 0.136605 0.0 0.224703 -0.541402 -0.490535 1.0]
239
	ConcatTransform [1.1 0.0 0.0 0.0 0.0 1.1 0.0 0.0 0.0 0.0 1.1 0.0 -9.609 0.05 6.704 1.0]
	ConcatTransform [0.786689 0.459098 -0.412734 0.0 0.299707 0.300471 0.905479 0.0 0.539718 -0.83603 0.098782 0.0 0.245451 -0.539595 -0.50748 1.0]
240
	ConcatTransform [1.1 0.0 0.0 0.0 0.0 1.1 0.0 0.0 0.0 0.0 1.1 0.0 -9.609 0.05 6.704 1.0]
	ConcatTransform [0.723381 0.53067 -0.441711 0.0 0.331771 0.29389 0.896413 0.0 0.605514 -0.794996 0.036533 0.0 0.278339 -0.534595 -0.528454 1.0]
241
	ConcatTransform [1.1 0.0 0.0 0.0 0.0 1.1 0.0 0.0 0.0 0.0 1.1 0.0 -9.609 0.05 6.704 1.0]
	ConcatTransform [0.670993 0.581938 -0.459474 0.0 0.34267 0.306154 0.888171 0.0 0.65753 -0.753404 0.006015 0.0 0.300477 -0.532379 -0.540042 1.0]
242
	ConcatTransform [1.1 0.0 0.0 0.0 0.0 1.1 0.0 0.0 0.0 0.0 1.1 0.0 -9.609 0.05 6.704 1.0]
	ConcatTransform [0.604171 0.627773 -0.490794 0.0 0.371423 0.323057 0.870447 0.0 0.704998 -0.708191 -0.037988 0.0 0.333806 -0.529818 -0.553269 1.0]
243
	ConcatTransform [1.1 0.0 0.0 0.0 0.0 1.1 0.0 0.0 0.0 0.0 1.1 0.0 -9.609 0.05 6.704 1.0]
	ConcatTransform [0.566758 0.634969 -0.524977 0.0 0.377729 0.366021 0.8505 0.0 0.732193 -0.680326 -0.032401 0.0 0.356036 -0.530577 -0.559603 1.0]
244
	ConcatTransform [1.1 0.0 0.0 0.0 0.0 1.1 0.0 0.0 0.0 0.0 1.1 0.0 -9.609 0.05 6.704 1.0]
	ConcatTransform [0.524624 0.630386 -0.572174 0.0 0.409475 0.402398 0.818783 0.0 0.746391 -0.663844 -0.047019 0.0 0.387018 -0.530522 -0.564599 1.0]
245
	ConcatTransform [1.1 0.0 0.0 0.0 0.0 1.1 0.0 0.0 0.0 0.0 1.1 0.0 -9.609 0.05 6.704 1.0]
	ConcatTransform [0.484735 0.634226 -0.602319 0.0 0.425669 0.430523 0.7959 0.0 0.764093 -0.642189 -0.061281 0.0 0.405319 -0.529639 -0.565386 1.0]
246
	ConcatTransform [1.1 0.0 0.0 0.0 0.0 1.1 0.0 0.0 0.0 0.0 1.1 0.0 -9.609 0.05 6.704 1.0]
	ConcatTransform [0.40821 0.634147 -0.656675 0.0 0.445911 0.489171 0.749583 0.0 0.796572 -0.598806 -0.083089 0.0 0.429417 -0.52875 -0.563818 1.0]
247
	ConcatTransform [1.1 0.0 0.0 0.0 0.0 1.1 0.0 0.0 0.0 0.0 1.1 0.0 -9.609 0.05 6.704 1.0]
	ConcatTransform [0.377586 0.623572 -0.684534 0.0 0.45572 0.518389 0.723597 0.0 0.80607 -0.585176 -0.088438 0.0 0.442988 -0.527858 -0.560671 1.0]
248
	ConcatTransform [1.1 0.0 0.0 0.0 0.0 1.1 0.0 0.0 0.0 0.0 1.1 0.0 -9.609 0.05 6.704 1.0]
	ConcatTransform [0.343061 0.583169 -0.736358 0.0 0.48358 0.562411 0.670704 0.0 0.80527 -0.586181 -0.089067 0.0 0.459046 -0.529166 -0.554101 1.0]
249
	ConcatTransform [1.1 0.0 0.0 0.0 0.0 1.1 0.0 0.0 0.0 0.0 1.1 0.0 -9.609 0.05 6.704 1.0]
	ConcatTransform [0.316088 0.567811 -0.760052 0.0 0.509455 0.574236 0.640865 0.0 0.80034 -0.589782 -0.107765 0.0 0.46587 -0.52965 -0.548287 1.0]
250
	ConcatTransform [1.1 0.0 0.0 0.0 0.0 1.1 0.0 0.0 0.0 0.0 1.1 0.0 -9.609 0.05 6.704 1.0]
	ConcatTransform [0.277168 0.553231 -0.785566 0.0 0.557784 0.573075 0.600385 0.0 0.782339 -0.604584 -0.149745 0.0 0.471223 -0.532165 -0.538212 1.0]
251
	ConcatTransform [1.1 0.0 0.0 0.0 0.0 1.1 0.0 0.0 0.0 0.0 1.1 0.0 -9.609 0.05 6.704 1.0]
	ConcatTransform [0.256768 0.537682 -0.803099 0.0 0.596496 0.565646 0.569417 0.0 0.760436 -0.625254 -0.175485 0.0 0.47195 -0.535508 -0.530827 1.0]
252
	ConcatTransform [1.1 0.0 0.0 0.0 0.0 1.1 0.0 0.0 0.0 0.0 1.1 0.0 -9.609 0.05 6.704 1.0]
	ConcatTransform [0.231497 0.498132 -0.835628 0.0 0.658879 0.551681 0.511397 0.0 0.715743 -0.668964 -0.200496 0.0 0.46914 -0.540553 -0.518924 1.0]
253
	ConcatTransform [1.1 0.0 0.0 0.0 0.0 1.1 0.0 0.0 0.0 0.0 1.1 0.0 -9.609 0.05 6.704 1.0]
	ConcatTransform [0.211258 0.475774 -0.853821 0.0 0.699196 0.536846 0.472146 0.0 0.683004 -0.696733 -0.219246 0.0 0.465043 -0.542277 -0.510349 1.0]
254
	ConcatTransform [1.1 0.0 0.0 0.0 0.0 1.1 0.0 0.0 0.0 0.0 1.1 0.0 -9.609 0.05 6.704 1.0]
	ConcatTransform [0.17454 0.446786 -0.87745 0.0 0.751588 0.515251 0.411863 0.0 0.636122 -0.731367 -0.245868 0.0 0.456997 -0.544863 -0.496977 1.0]
255
	ConcatTransform [1.1 0.0 0.0 0.0 0.0 1.1 0.0 0.0 0.0 0.0 1.1 0.0 -9.609 0.05 6.704 1.0]
	ConcatTransform [0.151146 0.420303 -0.894707 0.0 0.785891 0.497924 0.366671 0.0 0.599609 -0.758563 -0.255053 0.0 0.450878 -0.544679 -0.488092 1.0]
256
	ConcatTransform [1.1 0.0 0.0 0.0 0.0 1.1 0.0 0.0 0.0 0.0 1.1 0.0 -9.609 0.05 6.704 1.0]
	ConcatTransform [0.103667 0.402678 -0.909452 0.0 0.821362 0.481001 0.306599 0.0 0.560908 -0.778774 -0.28088 0.0 0.441206 -0.544644 -0.475062 1.0]
257
	ConcatTransform [1.1 0.0 0.0 0.0 0.0 1.1 0.0 0.0 0.0 0.0 1.1 0.0 -9.609 0.05 6.704 1.0]
	ConcatTransform [0.072548 0.386479 -0.91944 0.0 0.842367 0.469834 0.263958 0.0 0.533998 -0.793656 -0.291472 0.0 0.43488 -0.543429 -0.466905 1.0]
258
	ConcatTransform [1.1 0.0 0.0 0.0 0.0 1.1 0.0 0.0 0.0 0.0 1.1 0.0 -9.609 0.05 6.704 1.0]
	ConcatTransform [0.026969 0.377469 -0.92563 0.0 0.869845 0.447423 0.207801 0.0 0.492587 -0.810759 -0.316273 0.0 0.426015 -0.542001 -0.455508 1.0]
259
	ConcatTransform [1.1 0.0 0.0 0.0 0.0 1.1 0.0 0.0 0.0 0.0 1.1 0.0 -9.609 0.05 6.704 1.0]
	ConcatTransform [-0.014619 0.365953 -0.930518 0.0 0.884732 0.438329 0.158486 0.0 0.465871 -0.820942 -0.330178 0.0 0.42082 -0.541092 -0.448761 1.0]
260
	ConcatTransform [1.1 0.0 0.0 0.0 0.0 1.1 0.0 0.0 0.0 0.0 1.1 0.0 -9.609 0.05 6.704 1.0]
	ConcatTransform [-0.097543 0.367046 -0.925074 0.0 0.904782 0.419882 0.071195 0.0 0.414553 -0.830046 -0.373054 0.0 0.414035 -0.541293 -0.439834 1.0]
261
	ConcatTransform [1.1 0.0 0.0 0.0 0.0 1.1 0.0 0.0 0.0 0.0 1.1 0.0 -9.609 0.05 6.704 1.0]
	ConcatTransform [-0.165727 0.369664 -0.914266 0.0 0.914683 0.404165 -0.002387 0.0 0.368632 -0.836659 -0.405107 0.0 0.410551 -0.540325 -0.435055 1.0]
262
	ConcatTransform [1.1 0.0 0.0 0.0 0.0 1.1 0.0 0.0 0.0 0.0 1.1 0.0 -9.609 0.05 6.704 1.0]
	ConcatTransform [-0.298415 0.367099 -0.881015 0.0 0.89989 0.415802 -0.131553 0.0 0.318034 -0.832074 -0.454431 0.0 0.406425 -0.540334 -0.429511 1.0]
263
	ConcatTransform [1.1 0.0 0.0 0.0 0.0 1.1 0.0 0.0 0.0 0.0 1.1 0.0 -9.609 0.05 6.704 1.0]
	ConcatTransform [-0.383769 0.374317 -0.844161 0.0 0.886335 0.405812 -0.222997 0.0 0.259099 -0.833789 -0.487508 0.0 0.404579 -0.539836 -0.427082 1.0]
264
	ConcatTransform [1.1 0.0 0.0 0.0 0.0 1.1 0.0 0.0 0.0 0.0 1.1 0.0 -9.609 0.05 6.704 1.0]
	ConcatTransform [-0.506477 0.388149 -0.769949 0.0 0.843628 0.407665 -0.34943 0.0 0.178251 -0.826528 -0.533927 0.0 0.40271 -0.540304 -0.425128 1.0]
265
	ConcatTransform [1.1 0.0 0.0 0.0 0.0 1.1 0.0 0.0 0.0 0.0 1.1 0.0 -9.609 0.05 6.704 1.0]
	ConcatTransform [-0.575466 0.401229 -0.712639 0.0 0.810591 0.39548 -0.4319 0.0 0.108544 -0.826202 -0.552818 0.0 0.402217 -0.540057 -0.425151 1.0]
266
	ConcatTransform [1.1 0.0 0.0 0.0 0.0 1.1 0.0 0.0 0.0 0.0 1.1 0.0 -9.609 0.05 6.704 1.0]
	ConcatTransform [-0.67225 0.425125 -0.606092 0.0 0.740286 0.394282 -0.544535 0.0 0.007475 -0.814746 -0.57977 0.0 0.402376 -0.540551 -0.426818 1.0]
267
	ConcatTransform [1.1 0.0 0.0 0.0 0.0 1.1 0.0 0.0 0.0 0.0 1.1 0.0 -9.609 0.05 6.704 1.0]
	ConcatTransform [-0.725852 0.440575 -0.528235 0.0 0.685128 0.394813 -0.612145 0.0 -0.061142 -0.806236 -0.588427 0.0 0.403243 -0.540814 -0.429027 1.0]
268
	ConcatTransform [1.1 0.0 0.0 0.0 0.0 1.1 0.0 0.0 0.0 0.0 1.1 0.0 -9.609 0.05 6.704 1.0]
	ConcatTransform [-0.799724 0.4519 -0.395258 0.0 0.581894 0.421368 -0.695592 0.0 -0.147789 -0.786279 -0.599936 0.0 0.405386 -0.542134 -0.433514 1.0]
269
	ConcatTransform [1.1 0.0 0.0 0.0 0.0 1.1 0.0 0.0 0.0 0.0 1.1 0.0 -9.609 0.05 6.704 1.0]
	ConcatTransform [-0.837983 0.454417 -0.302143 0.0 0.505837 0.439114 -0.742501 0.0 -0.20473 -0.775038 -0.59783 0.0 0.407446 -0.542684 -0.437224 1.0]
270
	ConcatTransform [1.1 0.0 0.0 0.0 0.0 1.1 0.0 0.0 0.0 0.0 1.1 0.0 -9.609 0.05 6.704 1.0]
	ConcatTransform [-0.875268 0.452764 -0.17003 0.0 0.39241 0.459331 -0.796887 0.0 -0.282702 -0.764211 -0.579707 0.0 0.411258 -0.543021 -0.443491 1.0]
271
	ConcatTransform [1.1 0.0 0.0 0.0 0.0 1.1 0.0 0.0 0.0 0.0 1.1 0.0 -9.609 0.05 6.704 1.0]
	ConcatTransform [-0.890465 0.446699 -0.08679 0.0 0.316387 0.470673 -0.82363 0.0 -0.327065 -0.760872 -0.560448 0.0 0.414075 -0.544565 -0.447861 1.0]
272
	ConcatTransform [1.1 0.0 0.0 0.0 0.0 1.1 0.0 0.0 0.0 0.0 1.1 0.0 -9.609 0.05 6.704 1.0]
	ConcatTransform [-0.90297 0.428402 0.033425 0.0 0.200554 0.488957 -0.84894 0.0 -0.380031 -0.759864 -0.527431 0.0 0.418549 -0.543831 -0.454459 1.0]
273
	ConcatTransform [1.1 0.0 0.0 0.0 0.0 1.1 0.0 0.0 0.0 0.0 1.1 0.0 -9.609 0.05 6.704 1.0]
	ConcatTransform [-0.902109 0.417552 0.108858 0.0 0.126377 0.496869 -0.858575 0.0 -0.412588 -0.760771 -0.500999 0.0 0.4215 -0.543436 -0.458782 1.0]
274
	ConcatTransform [1.1 0.0 0.0 0.0 0.0 1.1 0.0 0.0 0.0 0.0 1.1 0.0 -9.609 0.05 6.704 1.0]
	ConcatTransform [-0.886467 0.408864 0.216811 0.0 0.020908 0.503389 -0.863807 0.0 -0.462319 -0.761203 -0.454787 0.0 0.425675 -0.543006 -0.464947 1.0]
275
	ConcatTransform [1.1 0.0 0.0 0.0 0.0 1.1 0.0 0.0 0.0 0.0 1.1 0.0 -9.609 0.05 6.704 1.0]
	ConcatTransform [-0.868288 0.406403 0.284452 0.0 -0.046942 0.503533 -0.8627 0.0 -0.493835 -0.762424 -0.418134 0.0 0.428198 -0.542841 -0.468769 1.0]
276
	ConcatTransform [1.1 0.0 0.0 0.0 0.0 1.1 0.0 0.0 0.0 0.0 1.1 0.0 -9.609 0.05 6.704 1.0]
	ConcatTransform [-0.835449 0.396438 0.380607 0.0 -0.149121 0.503045 -0.851298 0.0 -0.52895 -0.767973 -0.361151 0.0 0.431457 -0.543207 -0.473947 1.0]
277
	ConcatTransform [1.1 0.0 0.0 0.0 0.0 1.1 0.0 0.0 0.0 0.0 1.1 0.0 -9.609 0.05 6.704 1.0]
	ConcatTransform [-0.806891 0.395644 0.438625 0.0 -0.211601 0.499674 -0.839971 0.0 -0.551499 -0.770579 -0.319464 0.0 0.433347 -0.543064 -0.476977 1.0]
278
	ConcatTransform [1.1 0.0 0.0 0.0 0.0 1.1 0.0 0.0 0.0 0.0 1.1 0.0 -9.609 0.05 6.704 1.0]
	ConcatTransform [-0.757935 0.394716 0.519359 0.0 -0.300779 0.495016 -0.815163 0.0 -0.578849 -0.774053 -0.256468 0.0 0.435627 -0.542963 -0.480889 1.0]
279
	ConcatTransform [1.1 0.0 0.0 0.0 0.0 1.1 0.0 0.0 0.0 0.0 1.1 0.0 -9.609 0.05 6.704 1.0]
	ConcatTransform [-0.722526 0.387741 0.572375 0.0 -0.358843 0.497321 -0.789875 0.0 -0.590921 -0.776098 -0.220189 0.0 0.436833 -0.546021 -0.483128 1.0]
280
	ConcatTransform [1.1 0.0 0.0 0.0 0.0 1.1 0.0 0.0 0.0 0.0 1.1 0.0 -9.609 0.05 6.704 1.0]
	ConcatTransform [-0.662302 0.391033 0.6391 0.0 -0.436908 0.491388 -0.753425 0.0 -0.60866 -0.778223 -0.154601 0.0 0.437894 -0.546389 -0.485688 1.0]
281
	ConcatTransform [1.1 0.0 0.0 0.0 0.0 1.1 0.0 0.0 0.0 0.0 1.1 0.0 -9.609 0.05 6.704 1.0]
	ConcatTransform [-0.619432 0.3907 0.680924 0.0 -0.486615 0.489551 -0.723564 0.0 -0.616044 -0.779547 -0.113123 0.0 0.438123 -0.544926 -0.486831 1.0]
282
	ConcatTransform [1.1 0.0 0.0 0.0 0.0 1.1 0.0 0.0 0.0 0.0 1.1 0.0 -9.609 0.05 6.704 1.0]
	ConcatTransform [-0.551985 0.393314 0.735267 0.0 -0.552328 0.488136 -0.675764 0.0 -0.624697 -0.77912 -0.052206 0.0 0.43795 -0.543902 -0.487911 1.0]
283
	ConcatTransform [1.1 0.0 0.0 0.0 0.0 1.1 0.0 0.0 0.0 0.0 1.1 0.0 -9.609 0.05 6.704 1.0]
	ConcatTransform [-0.506659 0.39822 0.764668 0.0 -0.592099 0.483969 -0.644355 0.0 -0.62667 -0.779227 -0.009422 0.0 0.437524 -0.543671 -0.488247 1.0]
284
	ConcatTransform [1.1 0.0 0.0 0.0 0.0 1.1 0.0 0.0 0.0 0.0 1.1 0.0 -9.609 0.05 6.704 1.0]
	ConcatTransform [-0.438123 0.40821 0.800883 0.0 -0.645147 0.477624 -0.596373 0.0 -0.625966 -0.777972 0.054097 0.0 0.436451 -0.543541 -0.488226 1.0]
285
	ConcatTransform [1.1 0.0 0.0 0.0 0.0 1.1 0.0 0.0 0.0 0.0 1.1 0.0 -9.609 0.05 6.704 1.0]
	ConcatTransform [-0.392772 0.410895 0.822737 0.0 -0.678682 0.474198 -0.560827 0.0 -0.620581 -0.778654 0.092615 0.0 0.435492 -0.543571 -0.487909 1.0]
286
	ConcatTransform [1.1 0.0 0.0 0.0 0.0 1.1 0.0 0.0 0.0 0.0 1.1 0.0 -9.609 0.05 6.704 1.0]
	ConcatTransform [-0.329343 0.411078 0.850029 0.0 -0.724334 0.467508 -0.506731 0.0 -0.605701 -0.782593 0.143787 0.0 0.433684 -0.543524 -0.487107 1.0]
287
	ConcatTransform [1.1 0.0 0.0 0.0 0.0 1.1 0.0 0.0 0.0 0.0 1.1 0.0 -9.609 0.05 6.704 1.0]
	ConcatTransform [-0.291059 0.409564 0.864605 0.0 -0.75188 0.460895 -0.471437 0.0 -0.591576 -0.787295 0.173795 0.0 0.432145 -0.543255 -0.486419 1.0]
288
	ConcatTransform [1.1 0.0 0.0 0.0 0.0 1.1 0.0 0.0 0.0 0.0 1.1 0.0 -9.609 0.05 6.704 1.0]
	ConcatTransform [-0.239166 0.409708 0.880306 0.0 -0.780518 0.458167 -0.425294 0.0 -0.577573 -0.788811 0.210207 0.0 0.429284 -0.543377 -0.48522 1.0]
289
	ConcatTransform [1.1 0.0 0.0 0.0 0.0 1.1 0.0 0.0 0.0 0.0 1.1 0.0 -9.609 0.05 6.704 1.0]
	ConcatTransform [-0.207012 0.408482 0.888982 0.0 -0.794371 0.46022 -0.396449 0.0 -0.57107 -0.788251 0.229215 0.0 0.427073 -0.543197 -0.484246 1.0]
290
	ConcatTransform [1.1 0.0 0.0 0.0 0.0 1.1 0.0 0.0 0.0 0.0 1.1 0.0 -9.609 0.05 6.704 1.0]
	ConcatTransform [-0.15994 0.422475 0.892151 0.0 -0.812745 0.456578 -0.361915 0.0 -0.560237 -0.782976 0.270339 0.0 0.42309 -0.543512 -0.482633 1.0]
291
	ConcatTransform [1.1 0.0 0.0 0.0 0.0 1.1 0.0 0.0 0.0 0.0 1.1 0.0 -9.609 0.05 6.704 1.0]
	ConcatTransform [-0.126971 0.425382 0.896063 0.0 -0.82417 0.457421 -0.333932 0.0 -0.551926 -0.780907 0.292508 0.0 0.420054 -0.543291 -0.481369 1.0]
292
	ConcatTransform [1.1 0.0 0.0 0.0 0.0 1.1 0.0 0.0 0.0 0.0 1.1 0.0 -9.609 0.05 6.704 1.0]
	ConcatTransform [-0.081676 0.431113 0.898594 0.0 -0.837402 0.459223 -0.296433 0.0 -0.540451 -0.776695 0.323507 0.0 0.415021 -0.543082 -0.47939 1.0]
293
	ConcatTransform [1.1 0.0 0.0 0.0 0.0 1.1 0.0 0.0 0.0 0.0 1.1 0.0 -9.609 0.05 6.704 1.0]
	ConcatTransform [-0.053164 0.435027 0.898846 0.0 -0.843755 0.461855 -0.273436 0.0 -0.534088 -0.772943 0.342503 0.0 0.411345 -0.543032 -0.478064 1.0]
294
	ConcatTransform [1.1 0.0 0.0 0.0 0.0 1.1 0.0 0.0 0.0 0.0 1.1 0.0 -9.609 0.05 6.704 1.0]
	ConcatTransform [-0.016052 0.438178 0.898745 0.0 -0.849169 0.468575 -0.243618 0.0 -0.527878 -0.767096 0.364566 0.0 0.405552 -0.54341 -0.47614 1.0]
295
	ConcatTransform [1.1 0.0 0.0 0.0 0.0 1.1 0.0 0.0 0.0 0.0 1.1 0.0 -9.609 0.05 6.704 1.0]
	ConcatTransform [0.007344 0.440129 0.897904 0.0 -0.851776 0.47315 -0.224959 0.0 -0.523854 -0.763161 0.378366 0.0 0.401602 -0.543677 -0.474932 1.0]
296
	ConcatTransform [1.1 0.0 0.0 0.0 0.0 1.1 0.0 0.0 0.0 0.0 1.1 0.0 -9.609 0.05 6.704 1.0]
	ConcatTransform [0.038685 0.440666 0.896837 0.0 -0.853045 0.481979 -0.200027 0.0 -0.520402 -0.757304 0.394553 0.0 0.395708 -0.543416 -0.473285 1.0]
297
	ConcatTransform [1.1 0.0 0.0 0.0 0.0 1.1 0.0 0.0 0.0 0.0 1.1 0.0 -9.609 0.05 6.704 1.0]
	ConcatTransform [0.057797 0.440274 0.896001 0.0 -0.853161 0.487859 -0.184689 0.0 -0.518437 -0.753758 0.403821 0.0 0.391849 -0.543458 -0.472294 1.0]
298
	ConcatTransform [1.1 0.0 0.0 0.0 0.0 1.1 0.0 0.0 0.0 0.0 1.1 0.0 -9.609 0.05 6.704 1.0]
	ConcatTransform [0.084583 0.439752 0.894127 0.0 -0.852929 0.495863 -0.163191 0.0 -0.515128 -0.748824 0.41702 0.0 0.386277 -0.543111 -0.470942 1.0]
299
	ConcatTransform [1.1 0.0 0.0 0.0 0.0 1.1 0.0 0.0 0.0 0.0 1.1 0.0 -9.609 0.05 6.704 1.0]
	ConcatTransform [0.100786 0.43996 0.892344 0.0 -0.852417 0.500708 -0.150592 0.0 -0.513058 -0.745471 0.425493 0.0 0.382799 -0.542929 -0.470137 1.0]
300
	ConcatTransform [1.1 0.0 0.0 0.0 0.0 1.1 0.0 0.0 0.0 0.0 1.1 0.0 -9.609 0.05 6.704 1.0]
	ConcatTransform [0.120748 0.440942 0.889376 0.0 -0.852504 0.505076 -0.134668 0.0 -0.508583 -0.741936 0.436892 0.0 0.378113 -0.543164 -0.469159 1.0]
301
	ConcatTransform [1.1 0.0 0.0 0.0 0.0 1.1 0.0 0.0 0.0 0.0 1.1 0.0 -9.609 0.05 6.704 1.0]
	ConcatTransform [0.132144 0.440573 0.887938 0.0 -0.852633 0.507373 -0.124856 0.0 -0.505524 -0.740586 0.442694 0.0 0.37538 -0.54294 -0.468639 1.0]
302
	ConcatTransform [1.1 0.0 0.0 0.0 0.0 1.1 0.0 0.0 0.0 0.0 1.1 0.0 -9.609 0.05 6.704 1.0]
	ConcatTransform [0.147658 0.438457 0.88654 0.0 -0.852762 0.51049 -0.110441 0.0 -0.500994 -0.7397 0.449277 0.0 0.371914 -0.542771 -0.468059 1.0]
303
	ConcatTransform [1.1 0.0 0.0 0.0 0.0 1.1 0.0 0.0 0.0 0.0 1.1 0.0 -9.609 0.05 6.704 1.0]
	ConcatTransform [0.157488 0.437503 0.885318 0.0 -0.852799 0.51229 -0.101458 0.0 -0.497928 -0.73902 0.453782 0.0 0.370061 -0.542672 -0.467821 1.0]
304
	ConcatTransform [1.1 0.0 0.0 0.0 0.0 1.1 0.0 0.0 0.0 0.0 1.1 0.0 -9.609 0.05 6.704 1.0]
	ConcatTransform [0.171678 0.435445 0.883693 0.0 -0.85331 0.514009 -0.087506 0.0 -0.49233 -0.739042 0.459814 0.0 0.368004 -0.543137 -0.467679 1.0]
305
	ConcatTransform [1.1 0.0 0.0 0.0 0.0 1.1 0.0 0.0 0.0 0.0 1.1 0.0 -9.609 0.05 6.704 1.0]
	ConcatTransform [0.181088 0.433361 0.882839 0.0 -0.854056 0.514402 -0.077322 0.0 -0.487643 -0.739992 0.463267 0.0 0.367145 -0.542953 -0.467706 1.0]
306
	ConcatTransform [1.1 0.0 0.0 0.0 0.0 1.1 0.0 0.0 0.0 0.0 1.1 0.0 -9.609 0.05 6.704 1.0]
	ConcatTransform [0.195799 0.428195 0.88222 0.0 -0.855213 0.514786 -0.060052 0.0 -0.479869 -0.742728 0.466992 0.0 0.366606 -0.54275 -0.467854 1.0]
307
	ConcatTransform [1.1 0.0 0.0 0.0 0.0 1.1 0.0 0.0 0.0 0.0 1.1 0.0 -9.609 0.05 6.704 1.0]
	ConcatTransform [0.205546 0.427336 0.880418 0.0 -0.85674 0.513399 -0.049175 0.0 -0.473019 -0.744181 0.471642 0.0 0.36673 -0.542706 -0.468019 1.0]
308
	ConcatTransform [1.1 0.0 0.0 0.0 0.0 1.1 0.0 0.0 0.0 0.0 1.1 0.0 -9.609 0.05 6.704 1.0]
	ConcatTransform [0.220493 0.427894 0.876521 0.0 -0.858242 0.512111 -0.034105 0.0 -0.46347 -0.744747 0.480154 0.0 0.367659 -0.542663 -0.468305 1.0]
309
	ConcatTransform [1.1 0.0 0.0 0.0 0.0 1.1 0.0 0.0 0.0 0.0 1.1 0.0 -9.609 0.05 6.704 1.0]
	ConcatTransform [0.229557 0.429501 0.873403 0.0 -0.859768 0.510079 -0.024861 0.0 -0.456182 -0.745217 0.486364 0.0 0.368745 -0.543646 -0.468551 1.0]
310
	ConcatTransform [1.1 0.0 0.0 0.0 0.0 1.1 0.0 0.0 0.0 0.0 1.1 0.0 -9.609 0.05 6.704 1.0]
	ConcatTransform [0.241776 0.431064 0.869326 0.0 -0.862512 0.505917 -0.010983 0.0 -0.444542 -0.747149 0.494117 0.0 0.371126 -0.54326 -0.469004 1.0]
311
	ConcatTransform [1.1 0.0 0.0 0.0 0.0 1.1 0.0 0.0 0.0 0.0 1.1 0.0 -9.609 0.05 6.704 1.0]
	ConcatTransform [0.249067 0.43204 0.86678 0.0 -0.864685 0.50231 -0.001908 0.0 -0.436217 -0.749016 0.498688 0.0 0.373069 -0.543818 -0.469362 1.0]
312
	ConcatTransform [1.1 0.0 0.0 0.0 0.0 1.1 0.0 0.0 0.0 0.0 1.1 0.0 -9.609 0.05 6.704 1.0]
	ConcatTransform [0.258192 0.434793 0.862724 0.0 -0.86896 0.494767 0.010707 0.0 -0.422191 -0.752437 0.505563 0.0 0.376556 -0.543947 -0.470097 1.0]
313
	ConcatTransform [1.1 0.0 0.0 0.0 0.0 1.1 0.0 0.0 0.0 0.0 1.1 0.0 -9.609 0.05 6.704 1.0]
	ConcatTransform [0.264243 0.435328 0.860619 0.0 -0.871051 0.490818 0.019175 0.0 -0.41406 -0.75471 0.508888 0.0 0.379187 -0.543776 -0.470697 1.0]
314
	ConcatTransform [1.1 0.0 0.0 0.0 0.0 1.1 0.0 0.0 0.0 0.0 1.1 0.0 -9.609 0.05 6.704 1.0]
	ConcatTransform [0.271695 0.435497 0.85821 0.0 -0.875248 0.482603 0.032193 0.0 -0.400154 -0.759893 0.512288 0.0 0.383336 -0.543406 -0.471665 1.0]
315
	ConcatTransform [1.1 0.0 0.0 0.0 0.0 1.1 0.0 0.0 0.0 0.0 1.1 0.0 -9.609 0.05 6.704 1.0]
	ConcatTransform [0.276451 0.43666 0.856097 0.0 -0.877795 0.477366 0.039973 0.0 -0.391217 -0.762528 0.515267 0.0 0.386169 -0.544099 -0.472357 1.0]
316
	ConcatTransform [1.1 0.0 0.0 0.0 0.0 1.1 0.0 0.0 0.0 0.0 1.1 0.0 -9.609 0.05 6.704 1.0]
	ConcatTransform [0.284664 0.435862 0.85381 0.0 -0.880455 0.471154 0.053028 0.0 -0.379163 -0.766837 0.517877 0.0 0.390371 -0.543524 -0.473413 1.0]
317
	ConcatTransform [1.1 0.0 0.0 0.0 0.0 1.1 0.0 0.0 0.0 0.0 1.1 0.0 -9.609 0.05 6.704 1.0]
	ConcatTransform [0.290999 0.434459 0.852388 0.0 -0.881394 0.468265 0.062229 0.0 -0.372107 -0.769398 0.519194 0.0 0.393093 -0.544098 -0.474106 1.0]
318
	ConcatTransform [1.1 0.0 0.0 0.0 0.0 1.1 0.0 0.0 0.0 0.0 1.1 0.0 -9.609 0.05 6.704 1.0]
	ConcatTransform [0.302844 0.433034 0.84898 0.0 -0.880263 0.468516 0.07503 0.0 -0.36527 -0.770048 0.523071 0.0 0.396981 -0.543521 -0.475082 1.0]
319
	ConcatTransform [1.1 0.0 0.0 0.0 0.0 1.1 0.0 0.0 0.0 0.0 1.1 0.0 -9.609 0.05 6.704 1.0]
	ConcatTransform [0.310264 0.433282 0.84617 0.0 -0.879862 0.467921 0.083019 0.0 -0.35997 -0.77027 0.526408 0.0 0.399404 -0.543337 -0.475676 1.0]
320
	ConcatTransform [1.1 0.0 0.0 0.0 0.0 1.1 0.0 0.0 0.0 0.0 1.1 0.0 -9.609 0.05 6.704 1.0]
	ConcatTransform [0.320879 0.435845 0.840878 0.0 -0.879548 0.466461 0.093858 0.0 -0.351329 -0.76971 0.533024 0.0 0.402766 -0.543169 -0.476486 1.0]
321
	ConcatTransform [1.1 0.0 0.0 0.0 0.0 1.1 0.0 0.0 0.0 0.0 1.1 0.0 -9.609 0.05 6.704 1.0]
	ConcatTransform [0.328658 0.436409 0.837575 0.0 -0.878501 0.46684 0.101475 0.0 -0.346728 -0.76916 0.536816 0.0 0.404841 -0.543079 -0.476961 1.0]
322
	ConcatTransform [1.1 0.0 0.0 0.0 0.0 1.1 0.0 0.0 0.0 0.0 1.1 0.0 -9.609 0.05 6.704 1.0]
	ConcatTransform [0.340921 0.435296 0.833241 0.0 -0.876143 0.468436 0.113758 0.0 -0.340802 -0.768821 0.541081 0.0 0.407704 -0.543146 -0.47758 1.0]
323
	ConcatTransform [1.1 0.0 0.0 0.0 0.0 1.1 0.0 0.0 0.0 0.0 1.1 0.0 -9.609 0.05 6.704 1.0]
	ConcatTransform [0.348643 0.432909 0.831287 0.0 -0.874982 0.468238 0.123125 0.0 -0.335939 -0.770287 0.542036 0.0 0.409457 -0.543859 -0.477944 1.0]
324
	ConcatTransform [1.1 0.0 0.0 0.0 0.0 1.1 0.0 0.0 0.0 0.0 1.1 0.0 -9.609 0.05 6.704 1.0]
	ConcatTransform [0.359298 0.435822 0.825206 0.0 -0.874063 0.466984 0.133939 0.0 -0.326984 -0.769406 0.548722 0.0 0.411803 -0.543433 -0.478437 1.0]
325
	ConcatTransform [1.1 0.0 0.0 0.0 0.0 1.1 0.0 0.0 0.0 0.0 1.1 0.0 -9.609 0.05 6.704 1.0]
	ConcatTransform [0.367046 0.437007 0.821159 0.0 -0.873254 0.466016 0.142326 0.0 -0.320475 -0.769321 0.552668 0.0 0.413194 -0.543242 -0.478689 1.0]
326
	ConcatTransform [1.1 0.0 0.0 0.0 0.0 1.1 0.0 0.0 0.0 0.0 1.1 0.0 -9.609 0.05 6.704 1.0]
	ConcatTransform [0.378544 0.437408 0.815708 0.0 -0.871978 0.464092 0.155796 0.0 -0.310416 -0.770255 0.557089 0.0 0.415006 -0.543826 -0.478994 1.0]
327
	ConcatTransform [1.1 0.0 0.0 0.0 0.0 1.1 0.0 0.0 0.0 0.0 1.1 0.0 -9.609 0.05 6.704 1.0]
	ConcatTransform [0.387513 0.438092 0.811116 0.0 -0.870353 0.463865 0.165275 0.0 -0.303842 -0.770003 0.561049 0.0 0.415995 -0.543488 -0.479149 1.0]
328
	ConcatTransform [1.1 0.0 0.0 0.0 0.0 1.1 0.0 0.0 0.0 0.0 1.1 0.0 -9.609 0.05 6.704 1.0]
	ConcatTransform [0.401062 0.438757 0.80414 0.0 -0.86796 0.462697 0.180434 0.0 -0.292906 -0.770327 0.566394 0.0 0.417149 -0.543175 -0.479305 1.0]
329
	ConcatTransform [1.1 0.0 0.0 0.0 0.0 1.1 0.0 0.0 0.0 0.0 1.1 0.0 -9.609 0.05 6.704 1.0]
	ConcatTransform [0.410388 0.438864 0.799362 0.0 -0.865927 0.462389 0.190702 0.0 -0.285924 -0.770451 0.569783 0.0 0.4177 -0.543058 -0.47936 1.0]
330
	ConcatTransform [1.1 0.0 0.0 0.0 0.0 1.1 0.0 0.0 0.0 0.0 1.1 0.0 -9.609 0.05 6.704 1.0]
	ConcatTransform [0.425364 0.438675 0.7916 0.0 -0.862037 0.462749 0.206775 0.0 -0.275605 -0.770343 0.57499 0.0 0.418199 -0.543094 -0.479363 1.0]
331
	ConcatTransform [1.1 0.0 0.0 0.0 0.0 1.1 0.0 0.0 0.0 0.0 1.1 0.0 -9.609 0.05 6.704 1.0]
	ConcatTransform [0.4357 0.438697 0.785946 0.0 -0.8593 0.462622 0.218139 0.0 -0.267899 -0.770406 0.578537 0.0 0.418311 -0.543009 -0.479312 1.0]
332
	ConcatTransform [1.1 0.0 0.0 0.0 0.0 1.1 0.0 0.0 0.0 0.0 1.1 0.0 -9.609 0.05 6.704 1.0]
	ConcatTransform [0.45239 0.438171 0.776756 0.0 -0.853995 0.463811 0.235738 0.0 -0.256974 -0.769991 0.584019 0.0 0.418177 -0.543638 -0.479172 1.0]
333
	ConcatTransform [1.1 0.0 0.0 0.0 0.0 1.1 0.0 0.0 0.0 0.0 1.1 0.0 -9.609 0.05 6.704 1.0]
	ConcatTransform [0.463471 0.437714 0.770455 0.0 -0.850134 0.464889 0.247287 0.0 -0.249936 -0.7696 0.587578 0.0 0.417863 -0.543374 -0.479018 1.0]
334
	ConcatTransform [1.1 0.0 0.0 0.0 0.0 1.1 0.0 0.0 0.0 0.0 1.1 0.0 -9.609 0.05 6.704 1.0]
	ConcatTransform [0.480502 0.436408 0.760701 0.0 -0.843603 0.467072 0.264912 0.0 -0.239693 -0.76902 0.592584 0.0 0.417179 -0.543877 -0.478766 1.0]
335
	ConcatTransform [1.1 0.0 0.0 0.0 0.0 1.1 0.0 0.0 0.0 0.0 1.1 0.0 -9.609 0.05 6.704 1.0]
	ConcatTransform [0.491807 0.435721 0.753839 0.0 -0.83915 0.468158 0.276867 0.0 -0.232279 -0.768749 0.595879 0.0 0.416553 -0.543535 -0.478535 1.0]
336
	ConcatTransform [1.1 0.0 0.0 0.0 0.0 1.1 0.0 0.0 0.0 0.0 1.1 0.0 -9.609 0.05 6.704 1.0]
	ConcatTransform [0.509153 0.433688 0.743423 0.0 -0.831728 0.470064 0.295411 0.0 -0.22134 -0.768735 0.600046 0.0 0.41545 -0.5441 -0.478112 1.0]
337
	ConcatTransform [1.1 0.0 0.0 0.0 0.0 1.1 0.0 0.0 0.0 0.0 1.1 0.0 -9.609 0.05 6.704 1.0]
	ConcatTransform [0.520883 0.432548 0.735923 0.0 -0.826305 0.471866 0.30751 0.0 -0.214244 -0.768274 0.603204 0.0 0.414617 -0.543687 -0.47776 1.0]
338
	ConcatTransform [1.1 0.0 0.0 0.0 0.0 1.1 0.0 0.0 0.0 0.0 1.1 0.0 -9.609 0.05 6.704 1.0]
	ConcatTransform [0.538002 0.430651 0.724633 0.0 -0.81763 0.475692 0.324343 0.0 -0.205023 -0.766979 0.608037 0.0 0.413327 -0.54388 -0.477145 1.0]
339
	ConcatTransform [1.1 0.0 0.0 0.0 0.0 1.1 0.0 0.0 0.0 0.0 1.1 0.0 -9.609 0.05 6.704 1.0]
	ConcatTransform [0.548124 0.429949 0.717428 0.0 -0.812365 0.477806 0.334312 0.0 -0.199054 -0.766058 0.611173 0.0 0.412451 -0.543549 -0.476659 1.0]
340
	ConcatTransform [1.1 0.0 0.0 0.0 0.0 1.1 0.0 0.0 0.0 0.0 1.1 0.0 -9.609 0.05 6.704 1.0]
	ConcatTransform [0.561945 0.429073 0.707187 0.0 -0.804951 0.480505 0.348092 0.0 -0.19045 -0.76486 0.615401 0.0 0.411177 -0.543687 -0.475855 1.0]
341
	ConcatTransform [1.1 0.0 0.0 0.0 0.0 1.1 0.0 0.0 0.0 0.0 1.1 0.0 -9.609 0.05 6.704 1.0]
	ConcatTransform [0.569942 0.42928 0.700631 0.0 -0.800522 0.482364 0.355653 0.0 -0.185285 -0.763572 0.618568 0.0 0.410368 -0.543423 -0.475261 1.0]
342
	ConcatTransform [1.1 0.0 0.0 0.0 0.0 1.1 0.0 0.0 0.0 0.0 1.1 0.0 -9.609 0.05 6.704 1.0]
	ConcatTransform [0.580212 0.429487 0.692023 0.0 -0.794607 0.484981 0.36523 0.0 -0.178756 -0.761797 0.622665 0.0 0.409249 -0.543187 -0.474311 1.0]
343
	ConcatTransform [1.1 0.0 0.0 0.0 0.0 1.1 0.0 0.0 0.0 0.0 1.1 0.0 -9.609 0.05 6.704 1.0]
	ConcatTransform [0.585822 0.429882 0.687033 0.0 -0.791408 0.486076 0.370679 0.0 -0.174602 -0.760875 0.624966 0.0 0.408585 -0.543098 -0.473661 1.0]
344
	ConcatTransform [1.1 0.0 0.0 0.0 0.0 1.1 0.0 0.0 0.0 0.0 1.1 0.0 -9.609 0.05 6.704 1.0]
	ConcatTransform [0.593438 0.429308 0.680827 0.0 -0.786851 0.487468 0.378471 0.0 -0.169401 -0.760309 0.627084 0.0 0.407757 -0.54405 -0.472732 1.0]
345
	ConcatTransform [1.1 0.0 0.0 0.0 0.0 1.1 0.0 0.0 0.0 0.0 1.1 0.0 -9.609 0.05 6.704 1.0]
	ConcatTransform [0.597553 0.429755 0.676935 0.0 -0.784665 0.48716 0.383374 0.0 -0.165019 -0.760254 0.628318 0.0 0.40734 -0.544052 -0.47218 1.0]
346
	ConcatTransform [1.1 0.0 0.0 0.0 0.0 1.1 0.0 0.0 0.0 0.0 1.1 0.0 -9.609 0.05 6.704 1.0]
	ConcatTransform [0.602651 0.431282 0.671422 0.0 -0.782095 0.486382 0.389564 0.0 -0.158556 -0.759887 0.630422 0.0 0.406888 -0.543515 -0.471399 1.0]
347
	ConcatTransform [1.1 0.0 0.0 0.0 0.0 1.1 0.0 0.0 0.0 0.0 1.1 0.0 -9.609 0.05 6.704 1.0]
	ConcatTransform [0.605659 0.432139 0.668157 0.0 -0.780598 0.485615 0.393504 0.0 -0.154419 -0.759891 0.631443 0.0 0.406683 -0.544062 -0.470912 1.0]
348
	ConcatTransform [1.1 0.0 0.0 0.0 0.0 1.1 0.0 0.0 0.0 0.0 1.1 0.0 -9.609 0.05 6.704 1.0]
	ConcatTransform [0.610201 0.432571 0.663729 0.0 -0.778129 0.484688 0.39949 0.0 -0.148893 -0.760236 0.632354 0.0 0.406562 -0.543666 -0.470303 1.0]
349
	ConcatTransform [1.1 0.0 0.0 0.0 0.0 1.1 0.0 0.0 0.0 0.0 1.1 0.0 -9.609 0.05 6.704 1.0]
	ConcatTransform [0.612848 0.433587 0.660621 0.0 -0.77683 0.483724 0.40317 0.0 -0.144749 -0.760272 0.633272 0.0 0.406546 -0.543413 -0.469924 1.0]
350
	ConcatTransform [1.1 0.0 0.0 0.0 0.0 1.1 0.0 0.0 0.0 0.0 1.1 0.0 -9.609 0.05 6.704 1.0]
	ConcatTransform [0.616701 0.434612 0.656348 0.0 -0.774886 0.482037 0.40889 0.0 -0.138676 -0.760758 0.634048 0.0 0.406601 -0.543677 -0.469422 1.0]
351
	ConcatTransform [1.1 0.0 0.0 0.0 0.0 1.1 0.0 0.0 0.0 0.0 1.1 0.0 -9.609 0.05 6.704 1.0]
	ConcatTransform [0.619315 0.435412 0.653349 0.0 -0.773453 0.481391 0.41235 0.0 -0.134974 -0.760709 0.634904 0.0 0.406672 -0.543419 -0.46912 1.0]
352
	ConcatTransform [1.1 0.0 0.0 0.0 0.0 1.1 0.0 0.0 0.0 0.0 1.1 0.0 -9.609 0.05 6.704 1.0]
	ConcatTransform [0.623625 0.435716 0.649033 0.0 -0.770772 0.481214 0.417544 0.0 -0.130393 -0.760647 0.635935 0.0 0.406809 -0.543194 -0.46871 1.0]
353
	ConcatTransform [1.1 0.0 0.0 0.0 0.0 1.1 0.0 0.0 0.0 0.0 1.1 0.0 -9.609 0.05 6.704 1.0]
	ConcatTransform [0.626476 0.435361 0.646521 0.0 -0.768946 0.480867 0.421294 0.0 -0.127476 -0.76107 0.636021 0.0 0.406913 -0.544085 -0.468471 1.0]
354
	ConcatTransform [1.1 0.0 0.0 0.0 0.0 1.1 0.0 0.0 0.0 0.0 1.1 0.0 -9.609 0.05 6.704 1.0]
	ConcatTransform [0.630076 0.434868 0.643346 0.0 -0.766866 0.478777 0.427421 0.0 -0.122147 -0.762668 0.635151 0.0 0.407101 -0.543873 -0.468256 1.0]
355
	ConcatTransform [1.1 0.0 0.0 0.0 0.0 1.1 0.0 0.0 0.0 0.0 1.1 0.0 -9.609 0.05 6.704 1.0]
	ConcatTransform [0.632924 0.435051 0.64042 0.0 -0.764947 0.479003 0.430596 0.0 -0.119432 -0.762421 0.635964 0.0 0.407224 -0.543544 -0.468138 1.0]
356
	ConcatTransform [1.1 0.0 0.0 0.0 0.0 1.1 0.0 0.0 0.0 0.0 1.1 0.0 -9.609 0.05 6.704 1.0]
	ConcatTransform [0.637326 0.434472 0.636435 0.0 -0.761865 0.479226 0.43578 0.0 -0.115663 -0.762612 0.636432 0.0 0.407398 -0.544096 -0.467964 1.0]
357
	ConcatTransform [1.1 0.0 0.0 0.0 0.0 1.1 0.0 0.0 0.0 0.0 1.1 0.0 -9.609 0.05 6.704 1.0]
	ConcatTransform [0.640041 0.43473 0.633527 0.0 -0.760008 0.479314 0.438914 0.0 -0.112849 -0.762409 0.637179 0.0 0.40751 -0.543687 -0.467867 1.0]
358
	ConcatTransform [1.1 0.0 0.0 0.0 0.0 1.1 0.0 0.0 0.0 0.0 1.1 0.0 -9.609 0.05 6.704 1.0]
	ConcatTransform [0.64352 0.434483 0.630163 0.0 -0.757815 0.477481 0.444666 0.0 -0.107691 -0.763699 0.636527 0.0 0.407678 -0.544102 -0.467748 1.0]
359
	ConcatTransform [1.1 0.0 0.0 0.0 0.0 1.1 0.0 0.0 0.0 0.0 1.1 0.0 -9.609 0.05 6.704 1.0]
	ConcatTransform [0.646708 0.433708 0.627428 0.0 -0.755371 0.478229 0.448008 0.0 -0.105749 -0.763672 0.636885 0.0 0.407822 -0.543876 -0.467735 1.0]
360
	ConcatTransform [1.1 0.0 0.0 0.0 0.0 1.1 0.0 0.0 0.0 0.0 1.1 0.0 -9.609 0.05 6.704 1.0]
	ConcatTransform [0.857325 0.433789 -0.277166 0.0 0.041007 0.47916 0.876769 0.0 0.51314 -0.763042 0.393007 0.0 -0.886815 -0.543388 0.188721 1.0]
