228
	ConcatTransform [1.1 0.0 0.0 0.0 0.0 1.1 0.0 0.0 0.0 0.0 1.1 0.0 -9.609 0.05 6.704 1.0]
	ConcatTransform [0.991486 0.117345 0.056435 0.0 -0.11868 0.992712 0.020907 0.0 -0.05357 -0.027427 0.998187 0.0 0.013135 -0.031856 -0.001008 1.0]
229
	ConcatTransform [1.1 0.0 0.0 0.0 0.0 1.1 0.0 0.0 0.0 0.0 1.1 0.0 -9.609 0.05 6.704 1.0]
	ConcatTransform [0.973809 0.226481 0.020039 0.0 -0.227189 0.972741 0.046479 0.0 -0.008966 -0.049815 0.998718 0.0 0.028879 -0.073244 0.001222 1.0]
230
	ConcatTransform [1.1 0.0 0.0 0.0 0.0 1.1 0.0 0.0 0.0 0.0 1.1 0.0 -9.609 0.05 6.704 1.0]
	ConcatTransform [0.889352 0.437988 0.131221 0.0 -0.437802 0.898508 -0.031825 0.0 -0.131842 -0.029145 0.990842 0.0 0.056202 -0.144017 0.011751 1.0]
231
	ConcatTransform [1.1 0.0 0.0 0.0 0.0 1.1 0.0 0.0 0.0 0.0 1.1 0.0 -9.609 0.05 6.704 1.0]
	ConcatTransform [0.819069 0.546105 0.17577 0.0 -0.533682 0.837716 -0.115823 0.0 -0.210497 0.001062 0.977594 0.0 0.076352 -0.202544 0.018194 1.0]
232
	ConcatTransform [1.1 0.0 0.0 0.0 0.0 1.1 0.0 0.0 0.0 0.0 1.1 0.0 -9.609 0.05 6.704 1.0]
	ConcatTransform [0.698784 0.691292 0.183892 0.0 -0.642134 0.71948 -0.264599 0.0 -0.315222 0.066814 0.946663 0.0 0.109369 -0.303074 0.028041 1.0]
233
	ConcatTransform [1.1 0.0 0.0 0.0 0.0 1.1 0.0 0.0 0.0 0.0 1.1 0.0 -9.609 0.05 6.704 1.0]
	ConcatTransform [0.614557 0.762352 0.202828 0.0 -0.666476 0.639308 -0.38353 0.0 -0.422055 0.100521 0.90098 0.0 0.137744 -0.354937 0.039825 1.0]
234
	ConcatTransform [1.1 0.0 0.0 0.0 0.0 1.1 0.0 0.0 0.0 0.0 1.1 0.0 -9.609 0.05 6.704 1.0]
	ConcatTransform [0.483296 0.834572 0.264413 0.0 -0.685174 0.548588 -0.479153 0.0 -0.544942 0.050404 0.836958 0.0 0.188351 -0.410077 0.065703 1.0]
235
	ConcatTransform [1.1 0.0 0.0 0.0 0.0 1.1 0.0 0.0 0.0 0.0 1.1 0.0 -9.609 0.05 6.704 1.0]
	ConcatTransform [0.429763 0.856146 0.286912 0.0 -0.693376 0.516454 -0.502499 0.0 -0.578389 0.017018 0.815584 0.0 0.227546 -0.443658 0.086253 1.0]
236
	ConcatTransform [1.1 0.0 0.0 0.0 0.0 1.1 0.0 0.0 0.0 0.0 1.1 0.0 -9.609 0.05 6.704 1.0]
	ConcatTransform [0.386571 0.876123 0.288048 0.0 -0.695367 0.482054 -0.533 0.0 -0.605828 0.005743 0.795575 0.0 0.275715 -0.475891 0.13166 1.0]
237
	ConcatTransform [1.1 0.0 0.0 0.0 0.0 1.1 0.0 0.0 0.0 0.0 1.1 0.0 -9.609 0.05 6.704 1.0]
	ConcatTransform [0.385611 0.883495 0.26597 0.0 -0.725504 0.468438 -0.504192 0.0 -0.570042 0.00146 0.821614 0.0 0.309819 -0.474166 0.163315 1.0]
238
	ConcatTransform [1.1 0.0 0.0 0.0 0.0 1.1 0.0 0.0 0.0 0.0 1.1 0.0 -9.609 0.05 6.704 1.0]
	ConcatTransform [0.363972 0.901241 0.235134 0.0 -0.832418 0.428009 -0.351978 0.0 -0.417857 -0.06762 0.905993 0.0 0.370163 -0.465952 0.196464 1.0]
239
	ConcatTransform [1.1 0.0 0.0 0.0 0.0 1.1 0.0 0.0 0.0 0.0 1.1 0.0 -9.609 0.05 6.704 1.0]
	ConcatTransform [0.346464 0.917385 0.195877 0.0 -0.866767 0.392924 -0.307126 0.0 -0.358718 -0.063371 0.931293 0.0 0.412033 -0.465747 0.212242 1.0]
240
	ConcatTransform [1.1 0.0 0.0 0.0 0.0 1.1 0.0 0.0 0.0 0.0 1.1 0.0 -9.609 0.05 6.704 1.0]
	ConcatTransform [0.275064 0.947285 0.164288 0.0 -0.892542 0.315117 -0.322598 0.0 -0.357362 -0.057899 0.932169 0.0 0.452948 -0.454156 0.237674 1.0]
241
	ConcatTransform [1.1 0.0 0.0 0.0 0.0 1.1 0.0 0.0 0.0 0.0 1.1 0.0 -9.609 0.05 6.704 1.0]
	ConcatTransform [0.248192 0.954299 0.166475 0.0 -0.886749 0.292995 -0.357533 0.0 -0.389969 -0.058885 0.918943 0.0 0.470854 -0.448856 0.254312 1.0]
242
	ConcatTransform [1.1 0.0 0.0 0.0 0.0 1.1 0.0 0.0 0.0 0.0 1.1 0.0 -9.609 0.05 6.704 1.0]
	ConcatTransform [0.22406 0.958739 0.174974 0.0 -0.859812 0.278989 -0.427655 0.0 -0.458826 -0.054624 0.886846 0.0 0.485966 -0.445468 0.27809 1.0]
243
	ConcatTransform [1.1 0.0 0.0 0.0 0.0 1.1 0.0 0.0 0.0 0.0 1.1 0.0 -9.609 0.05 6.704 1.0]
	ConcatTransform [0.213931 0.959922 0.18106 0.0 -0.834372 0.275951 -0.477152 0.0 -0.507992 -0.048994 0.859967 0.0 0.487659 -0.445321 0.293987 1.0]
244
	ConcatTransform [1.1 0.0 0.0 0.0 0.0 1.1 0.0 0.0 0.0 0.0 1.1 0.0 -9.609 0.05 6.704 1.0]
	ConcatTransform [0.229605 0.956063 0.182278 0.0 -0.782954 0.292687 -0.548924 0.0 -0.578156 -0.016679 0.815756 0.0 0.484091 -0.452365 0.318078 1.0]
245
	ConcatTransform [1.1 0.0 0.0 0.0 0.0 1.1 0.0 0.0 0.0 0.0 1.1 0.0 -9.609 0.05 6.704 1.0]
	ConcatTransform [0.246112 0.952595 0.178862 0.0 -0.754104 0.304126 -0.582095 0.0 -0.608897 0.00838 0.793205 0.0 0.476255 -0.45785 0.336042 1.0]
246
	ConcatTransform [1.1 0.0 0.0 0.0 0.0 1.1 0.0 0.0 0.0 0.0 1.1 0.0 -9.609 0.05 6.704 1.0]
	ConcatTransform [0.28507 0.943147 0.170906 0.0 -0.687974 0.325485 -0.648653 0.0 -0.667403 0.067333 0.741647 0.0 0.456878 -0.470342 0.360631 1.0]
247
	ConcatTransform [1.1 0.0 0.0 0.0 0.0 1.1 0.0 0.0 0.0 0.0 1.1 0.0 -9.609 0.05 6.704 1.0]
	ConcatTransform [0.323849 0.930308 0.17219 0.0 -0.63778 0.349093 -0.686564 0.0 -0.698826 0.112523 0.706385 0.0 0.437242 -0.479053 0.374451 1.0]
248
	ConcatTransform [1.1 0.0 0.0 0.0 0.0 1.1 0.0 0.0 0.0 0.0 1.1 0.0 -9.609 0.05 6.704 1.0]
	ConcatTransform [0.391761 0.900548 0.18851 0.0 -0.554623 0.394624 -0.732574 0.0 -0.734109 0.182442 0.654063 0.0 0.397671 -0.490845 0.390394 1.0]
249
	ConcatTransform [1.1 0.0 0.0 0.0 0.0 1.1 0.0 0.0 0.0 0.0 1.1 0.0 -9.609 0.05 6.704 1.0]
	ConcatTransform [0.450841 0.86806 0.20788 0.0 -0.489364 0.435146 -0.755759 0.0 -0.746502 0.238998 0.620979 0.0 0.367955 -0.497289 0.399872 1.0]
250
	ConcatTransform [1.1 0.0 0.0 0.0 0.0 1.1 0.0 0.0 0.0 0.0 1.1 0.0 -9.609 0.05 6.704 1.0]
	ConcatTransform [0.527573 0.809869 0.256473 0.0 -0.402644 0.504228 -0.763958 0.0 -0.748027 0.299776 0.592106 0.0 0.327927 -0.492149 0.401448 1.0]
251
	ConcatTransform [1.1 0.0 0.0 0.0 0.0 1.1 0.0 0.0 0.0 0.0 1.1 0.0 -9.609 0.05 6.704 1.0]
	ConcatTransform [0.568299 0.776466 0.272281 0.0 -0.380941 0.541593 -0.749374 0.0 -0.729328 0.322146 0.603574 0.0 0.307373 -0.486605 0.397371 1.0]
252
	ConcatTransform [1.1 0.0 0.0 0.0 0.0 1.1 0.0 0.0 0.0 0.0 1.1 0.0 -9.609 0.05 6.704 1.0]
	ConcatTransform [0.609019 0.734791 0.298626 0.0 -0.360962 0.592022 -0.720566 0.0 -0.706259 0.331046 0.625785 0.0 0.284571 -0.480944 0.386104 1.0]
253
	ConcatTransform [1.1 0.0 0.0 0.0 0.0 1.1 0.0 0.0 0.0 0.0 1.1 0.0 -9.609 0.05 6.704 1.0]
	ConcatTransform [0.622933 0.717373 0.311978 0.0 -0.346821 0.610735 -0.711841 0.0 -0.701191 0.335229 0.629247 0.0 0.275247 -0.47834 0.376686 1.0]
254
	ConcatTransform [1.1 0.0 0.0 0.0 0.0 1.1 0.0 0.0 0.0 0.0 1.1 0.0 -9.609 0.05 6.704 1.0]
	ConcatTransform [0.623294 0.709612 0.328564 0.0 -0.324753 0.617112 -0.716734 0.0 -0.711364 0.340034 0.615091 0.0 0.267538 -0.475978 0.366245 1.0]
255
	ConcatTransform [1.1 0.0 0.0 0.0 0.0 1.1 0.0 0.0 0.0 0.0 1.1 0.0 -9.609 0.05 6.704 1.0]
	ConcatTransform [0.622127 0.706243 0.337903 0.0 -0.312513 0.619733 -0.719908 0.0 -0.71784 0.342275 0.606263 0.0 0.267041 -0.474917 0.362492 1.0]
256
	ConcatTransform [1.1 0.0 0.0 0.0 0.0 1.1 0.0 0.0 0.0 0.0 1.1 0.0 -9.609 0.05 6.704 1.0]
	ConcatTransform [0.608617 0.714595 0.344875 0.0 -0.308498 0.613557 -0.726895 0.0 -0.731036 0.336007 0.593873 0.0 0.271445 -0.477355 0.358735 1.0]
257
	ConcatTransform [1.1 0.0 0.0 0.0 0.0 1.1 0.0 0.0 0.0 0.0 1.1 0.0 -9.609 0.05 6.704 1.0]
	ConcatTransform [0.600071 0.721218 0.346063 0.0 -0.31557 0.610947 -0.726058 0.0 -0.735072 0.326479 0.594206 0.0 0.277852 -0.480221 0.356773 1.0]
258
	ConcatTransform [1.1 0.0 0.0 0.0 0.0 1.1 0.0 0.0 0.0 0.0 1.1 0.0 -9.609 0.05 6.704 1.0]
	ConcatTransform [0.578962 0.738996 0.34451 0.0 -0.331573 0.599405 -0.728542 0.0 -0.74489 0.307568 0.592064 0.0 0.29119 -0.485443 0.356488 1.0]
259
	ConcatTransform [1.1 0.0 0.0 0.0 0.0 1.1 0.0 0.0 0.0 0.0 1.1 0.0 -9.609 0.05 6.704 1.0]
	ConcatTransform [0.561016 0.754279 0.341063 0.0 -0.349234 0.589208 -0.728608 0.0 -0.750531 0.28965 0.593975 0.0 0.302334 -0.489943 0.358468 1.0]
260
	ConcatTransform [1.1 0.0 0.0 0.0 0.0 1.1 0.0 0.0 0.0 0.0 1.1 0.0 -9.609 0.05 6.704 1.0]
	ConcatTransform [0.528574 0.783449 0.326829 0.0 -0.380879 0.562958 -0.733491 0.0 -0.758644 0.263223 0.595964 0.0 0.322233 -0.49317 0.367643 1.0]
261
	ConcatTransform [1.1 0.0 0.0 0.0 0.0 1.1 0.0 0.0 0.0 0.0 1.1 0.0 -9.609 0.05 6.704 1.0]
	ConcatTransform [0.5052 0.80402 0.313568 0.0 -0.393684 0.538048 -0.74533 0.0 -0.767975 0.253094 0.588352 0.0 0.336009 -0.497743 0.376788 1.0]
262
	ConcatTransform [1.1 0.0 0.0 0.0 0.0 1.1 0.0 0.0 0.0 0.0 1.1 0.0 -9.609 0.05 6.704 1.0]
	ConcatTransform [0.471551 0.833545 0.287825 0.0 -0.42228 0.499978 -0.756109 0.0 -0.774157 0.235001 0.587755 0.0 0.360129 -0.502373 0.390371 1.0]
263
	ConcatTransform [1.1 0.0 0.0 0.0 0.0 1.1 0.0 0.0 0.0 0.0 1.1 0.0 -9.609 0.05 6.704 1.0]
	ConcatTransform [0.445194 0.851137 0.278152 0.0 -0.433209 0.476589 -0.764979 0.0 -0.783666 0.220066 0.580895 0.0 0.376499 -0.50253 0.398278 1.0]
264
	ConcatTransform [1.1 0.0 0.0 0.0 0.0 1.1 0.0 0.0 0.0 0.0 1.1 0.0 -9.609 0.05 6.704 1.0]
	ConcatTransform [0.41521 0.868245 0.271571 0.0 -0.441663 0.453368 -0.774204 0.0 -0.795321 0.201514 0.571714 0.0 0.393999 -0.498556 0.404523 1.0]
265
	ConcatTransform [1.1 0.0 0.0 0.0 0.0 1.1 0.0 0.0 0.0 0.0 1.1 0.0 -9.609 0.05 6.704 1.0]
	ConcatTransform [0.399787 0.874459 0.274757 0.0 -0.437401 0.445427 -0.781201 0.0 -0.805513 0.192134 0.560565 0.0 0.401471 -0.496899 0.405253 1.0]
266
	ConcatTransform [1.1 0.0 0.0 0.0 0.0 1.1 0.0 0.0 0.0 0.0 1.1 0.0 -9.609 0.05 6.704 1.0]
	ConcatTransform [0.390477 0.875391 0.284987 0.0 -0.434156 0.448078 -0.781495 0.0 -0.81181 0.181428 0.555021 0.0 0.405495 -0.496111 0.403538 1.0]
267
	ConcatTransform [1.1 0.0 0.0 0.0 0.0 1.1 0.0 0.0 0.0 0.0 1.1 0.0 -9.609 0.05 6.704 1.0]
	ConcatTransform [0.392601 0.87177 0.293055 0.0 -0.434614 0.456673 -0.776248 0.0 -0.81054 0.17739 0.558174 0.0 0.404097 -0.496657 0.402807 1.0]
268
	ConcatTransform [1.1 0.0 0.0 0.0 0.0 1.1 0.0 0.0 0.0 0.0 1.1 0.0 -9.609 0.05 6.704 1.0]
	ConcatTransform [0.405099 0.867265 0.28939 0.0 -0.434071 0.461017 -0.77398 0.0 -0.80466 0.187923 0.563212 0.0 0.397055 -0.497665 0.401655 1.0]
269
	ConcatTransform [1.1 0.0 0.0 0.0 0.0 1.1 0.0 0.0 0.0 0.0 1.1 0.0 -9.609 0.05 6.704 1.0]
	ConcatTransform [0.417735 0.860602 0.29131 0.0 -0.428907 0.46944 -0.771793 0.0 -0.800959 0.197461 0.56522 0.0 0.388713 -0.499009 0.400311 1.0]
270
	ConcatTransform [1.1 0.0 0.0 0.0 0.0 1.1 0.0 0.0 0.0 0.0 1.1 0.0 -9.609 0.05 6.704 1.0]
	ConcatTransform [0.447944 0.846567 0.287525 0.0 -0.416796 0.482241 -0.770535 0.0 -0.790966 0.225317 0.568863 0.0 0.372643 -0.501244 0.3989 1.0]
271
	ConcatTransform [1.1 0.0 0.0 0.0 0.0 1.1 0.0 0.0 0.0 0.0 1.1 0.0 -9.609 0.05 6.704 1.0]
	ConcatTransform [0.463669 0.837916 0.287937 0.0 -0.404173 0.489231 -0.77285 0.0 -0.788451 0.24197 0.565505 0.0 0.361601 -0.500921 0.399593 1.0]
272
	ConcatTransform [1.1 0.0 0.0 0.0 0.0 1.1 0.0 0.0 0.0 0.0 1.1 0.0 -9.609 0.05 6.704 1.0]
	ConcatTransform [0.479089 0.827377 0.293125 0.0 -0.388461 0.499313 -0.774458 0.0 -0.787129 0.257166 0.560619 0.0 0.349045 -0.498553 0.398443 1.0]
273
	ConcatTransform [1.1 0.0 0.0 0.0 0.0 1.1 0.0 0.0 0.0 0.0 1.1 0.0 -9.609 0.05 6.704 1.0]
	ConcatTransform [0.482868 0.820998 0.304633 0.0 -0.374642 0.508112 -0.775542 0.0 -0.791506 0.260356 0.552932 0.0 0.34291 -0.497961 0.396866 1.0]
274
	ConcatTransform [1.1 0.0 0.0 0.0 0.0 1.1 0.0 0.0 0.0 0.0 1.1 0.0 -9.609 0.05 6.704 1.0]
	ConcatTransform [0.494258 0.80979 0.316147 0.0 -0.357039 0.520683 -0.775508 0.0 -0.792611 0.270424 0.546479 0.0 0.336677 -0.496354 0.39453 1.0]
275
	ConcatTransform [1.1 0.0 0.0 0.0 0.0 1.1 0.0 0.0 0.0 0.0 1.1 0.0 -9.609 0.05 6.704 1.0]
	ConcatTransform [0.500577 0.804154 0.320559 0.0 -0.353204 0.527788 -0.772455 0.0 -0.79036 0.273451 0.548229 0.0 0.334335 -0.495896 0.392676 1.0]
276
	ConcatTransform [1.1 0.0 0.0 0.0 0.0 1.1 0.0 0.0 0.0 0.0 1.1 0.0 -9.609 0.05 6.704 1.0]
	ConcatTransform [0.505505 0.799676 0.32401 0.0 -0.349636 0.53316 -0.770386 0.0 -0.788809 0.276148 0.549111 0.0 0.33356 -0.494893 0.390661 1.0]
277
	ConcatTransform [1.1 0.0 0.0 0.0 0.0 1.1 0.0 0.0 0.0 0.0 1.1 0.0 -9.609 0.05 6.704 1.0]
	ConcatTransform [0.504261 0.800128 0.324832 0.0 -0.347023 0.532206 -0.772225 0.0 -0.790757 0.276679 0.546034 0.0 0.334674 -0.494565 0.390034 1.0]
278
	ConcatTransform [1.1 0.0 0.0 0.0 0.0 1.1 0.0 0.0 0.0 0.0 1.1 0.0 -9.609 0.05 6.704 1.0]
	ConcatTransform [0.494404 0.806301 0.324721 0.0 -0.348285 0.526029 -0.775881 0.0 -0.796406 0.270503 0.540893 0.0 0.338826 -0.495753 0.389972 1.0]
279
	ConcatTransform [1.1 0.0 0.0 0.0 0.0 1.1 0.0 0.0 0.0 0.0 1.1 0.0 -9.609 0.05 6.704 1.0]
	ConcatTransform [0.483676 0.813264 0.323513 0.0 -0.348607 0.518043 -0.781092 0.0 -0.802827 0.265016 0.534074 0.0 0.343561 -0.496911 0.390064 1.0]
280
	ConcatTransform [1.1 0.0 0.0 0.0 0.0 1.1 0.0 0.0 0.0 0.0 1.1 0.0 -9.609 0.05 6.704 1.0]
	ConcatTransform [0.462303 0.82699 0.319944 0.0 -0.351868 0.502285 -0.789873 0.0 -0.81392 0.252582 0.523199 0.0 0.353013 -0.499255 0.390865 1.0]
281
	ConcatTransform [1.1 0.0 0.0 0.0 0.0 1.1 0.0 0.0 0.0 0.0 1.1 0.0 -9.609 0.05 6.704 1.0]
	ConcatTransform [0.447895 0.836769 0.314972 0.0 -0.358989 0.490947 -0.793787 0.0 -0.818851 0.242462 0.520284 0.0 0.360754 -0.501045 0.392098 1.0]
282
	ConcatTransform [1.1 0.0 0.0 0.0 0.0 1.1 0.0 0.0 0.0 0.0 1.1 0.0 -9.609 0.05 6.704 1.0]
	ConcatTransform [0.435821 0.845361 0.30891 0.0 -0.373472 0.482137 -0.792504 0.0 -0.818889 0.230021 0.525844 0.0 0.371952 -0.501394 0.394017 1.0]
283
	ConcatTransform [1.1 0.0 0.0 0.0 0.0 1.1 0.0 0.0 0.0 0.0 1.1 0.0 -9.609 0.05 6.704 1.0]
	ConcatTransform [0.435542 0.847839 0.302443 0.0 -0.386319 0.479523 -0.787919 0.0 -0.813057 0.226332 0.536388 0.0 0.377224 -0.501002 0.393869 1.0]
284
	ConcatTransform [1.1 0.0 0.0 0.0 0.0 1.1 0.0 0.0 0.0 0.0 1.1 0.0 -9.609 0.05 6.704 1.0]
	ConcatTransform [0.433518 0.84926 0.301363 0.0 -0.397072 0.48023 -0.782121 0.0 -0.808948 0.2194 0.545406 0.0 0.381284 -0.500968 0.391706 1.0]
285
	ConcatTransform [1.1 0.0 0.0 0.0 0.0 1.1 0.0 0.0 0.0 0.0 1.1 0.0 -9.609 0.05 6.704 1.0]
	ConcatTransform [0.437331 0.846849 0.302637 0.0 -0.400459 0.484703 -0.777622 0.0 -0.805217 0.218884 0.551104 0.0 0.381596 -0.501237 0.390638 1.0]
286
	ConcatTransform [1.1 0.0 0.0 0.0 0.0 1.1 0.0 0.0 0.0 0.0 1.1 0.0 -9.609 0.05 6.704 1.0]
	ConcatTransform [0.445852 0.841709 0.304535 0.0 -0.394148 0.490076 -0.777479 0.0 -0.803656 0.226609 0.550259 0.0 0.378119 -0.502126 0.388126 1.0]
287
	ConcatTransform [1.1 0.0 0.0 0.0 0.0 1.1 0.0 0.0 0.0 0.0 1.1 0.0 -9.609 0.05 6.704 1.0]
	ConcatTransform [0.451453 0.838256 0.305805 0.0 -0.389517 0.493478 -0.77766 0.0 -0.802787 0.23196 0.549297 0.0 0.374552 -0.502502 0.386433 1.0]
288
	ConcatTransform [1.1 0.0 0.0 0.0 0.0 1.1 0.0 0.0 0.0 0.0 1.1 0.0 -9.609 0.05 6.704 1.0]
	ConcatTransform [0.454899 0.835177 0.309107 0.0 -0.387121 0.49804 -0.775947 0.0 -0.802 0.233315 0.549872 0.0 0.371729 -0.50254 0.382934 1.0]
289
	ConcatTransform [1.1 0.0 0.0 0.0 0.0 1.1 0.0 0.0 0.0 0.0 1.1 0.0 -9.609 0.05 6.704 1.0]
	ConcatTransform [0.454695 0.833179 0.314746 0.0 -0.382511 0.501819 -0.775798 0.0 -0.804325 0.232358 0.546874 0.0 0.371791 -0.502703 0.380023 1.0]
290
	ConcatTransform [1.1 0.0 0.0 0.0 0.0 1.1 0.0 0.0 0.0 0.0 1.1 0.0 -9.609 0.05 6.704 1.0]
	ConcatTransform [0.452144 0.832517 0.320127 0.0 -0.382047 0.505081 -0.773908 0.0 -0.805982 0.227614 0.54643 0.0 0.374182 -0.503562 0.375584 1.0]
291
	ConcatTransform [1.1 0.0 0.0 0.0 0.0 1.1 0.0 0.0 0.0 0.0 1.1 0.0 -9.609 0.05 6.704 1.0]
	ConcatTransform [0.447026 0.833787 0.323985 0.0 -0.380178 0.504939 -0.77492 0.0 -0.809712 0.223237 0.542708 0.0 0.375978 -0.503757 0.373248 1.0]
292
	ConcatTransform [1.1 0.0 0.0 0.0 0.0 1.1 0.0 0.0 0.0 0.0 1.1 0.0 -9.609 0.05 6.704 1.0]
	ConcatTransform [0.450461 0.830989 0.326408 0.0 -0.379754 0.509221 -0.772322 0.0 -0.808005 0.223946 0.544956 0.0 0.378023 -0.503979 0.370357 1.0]
293
	ConcatTransform [1.1 0.0 0.0 0.0 0.0 1.1 0.0 0.0 0.0 0.0 1.1 0.0 -9.609 0.05 6.704 1.0]
	ConcatTransform [0.452313 0.830798 0.324325 0.0 -0.384994 0.509908 -0.769268 0.0 -0.804483 0.223087 0.55049 0.0 0.379197 -0.504182 0.368698 1.0]
294
	ConcatTransform [1.1 0.0 0.0 0.0 0.0 1.1 0.0 0.0 0.0 0.0 1.1 0.0 -9.609 0.05 6.704 1.0]
	ConcatTransform [0.450931 0.829764 0.328866 0.0 -0.379898 0.511838 -0.770519 0.0 -0.807675 0.222515 0.546029 0.0 0.381414 -0.504284 0.367967 1.0]
295
	ConcatTransform [1.1 0.0 0.0 0.0 0.0 1.1 0.0 0.0 0.0 0.0 1.1 0.0 -9.609 0.05 6.704 1.0]
	ConcatTransform [0.451366 0.830398 0.326661 0.0 -0.383566 0.511078 -0.769205 0.0 -0.805696 0.221897 0.549196 0.0 0.382156 -0.504312 0.368203 1.0]
296
	ConcatTransform [1.1 0.0 0.0 0.0 0.0 1.1 0.0 0.0 0.0 0.0 1.1 0.0 -9.609 0.05 6.704 1.0]
	ConcatTransform [0.453011 0.831257 0.32217 0.0 -0.386587 0.508798 -0.769204 0.0 -0.803325 0.223911 0.551844 0.0 0.382414 -0.504092 0.369029 1.0]
297
	ConcatTransform [1.1 0.0 0.0 0.0 0.0 1.1 0.0 0.0 0.0 0.0 1.1 0.0 -9.609 0.05 6.704 1.0]
	ConcatTransform [0.453698 0.831303 0.32108 0.0 -0.387391 0.508452 -0.769028 0.0 -0.80255 0.224523 0.552723 0.0 0.382037 -0.503863 0.369683 1.0]
298
	ConcatTransform [1.1 0.0 0.0 0.0 0.0 1.1 0.0 0.0 0.0 0.0 1.1 0.0 -9.609 0.05 6.704 1.0]
	ConcatTransform [0.455494 0.831174 0.318865 0.0 -0.391127 0.508603 -0.767035 0.0 -0.799715 0.224663 0.55676 0.0 0.382353 -0.503961 0.370209 1.0]
299
	ConcatTransform [1.1 0.0 0.0 0.0 0.0 1.1 0.0 0.0 0.0 0.0 1.1 0.0 -9.609 0.05 6.704 1.0]
	ConcatTransform [0.456144 0.831531 0.317001 0.0 -0.394363 0.508211 -0.765636 0.0 -0.797754 0.224227 0.559743 0.0 0.382999 -0.503969 0.370259 1.0]
300
	ConcatTransform [1.1 0.0 0.0 0.0 0.0 1.1 0.0 0.0 0.0 0.0 1.1 0.0 -9.609 0.05 6.704 1.0]
	ConcatTransform [0.458078 0.83154 0.314175 0.0 -0.398058 0.507909 -0.763923 0.0 -0.794805 0.224877 0.563663 0.0 0.383145 -0.50392 0.37016 1.0]
301
	ConcatTransform [1.1 0.0 0.0 0.0 0.0 1.1 0.0 0.0 0.0 0.0 1.1 0.0 -9.609 0.05 6.704 1.0]
	ConcatTransform [0.460279 0.83077 0.312993 0.0 -0.399918 0.508791 -0.762363 0.0 -0.792596 0.225728 0.566425 0.0 0.383348 -0.503903 0.369822 1.0]
302
	ConcatTransform [1.1 0.0 0.0 0.0 0.0 1.1 0.0 0.0 0.0 0.0 1.1 0.0 -9.609 0.05 6.704 1.0]
	ConcatTransform [0.459964 0.831171 0.312392 0.0 -0.404568 0.509351 -0.759531 0.0 -0.790417 0.222973 0.570548 0.0 0.3855 -0.504069 0.369545 1.0]
303
	ConcatTransform [1.1 0.0 0.0 0.0 0.0 1.1 0.0 0.0 0.0 0.0 1.1 0.0 -9.609 0.05 6.704 1.0]
	ConcatTransform [0.462538 0.83208 0.306107 0.0 -0.413572 0.507887 -0.755652 0.0 -0.784231 0.22292 0.579042 0.0 0.387067 -0.504133 0.368834 1.0]
304
	ConcatTransform [1.1 0.0 0.0 0.0 0.0 1.1 0.0 0.0 0.0 0.0 1.1 0.0 -9.609 0.05 6.704 1.0]
	ConcatTransform [0.465324 0.831155 0.304393 0.0 -0.421047 0.51034 -0.749849 0.0 -0.778584 0.220759 0.587428 0.0 0.38851 -0.504192 0.366325 1.0]
305
	ConcatTransform [1.1 0.0 0.0 0.0 0.0 1.1 0.0 0.0 0.0 0.0 1.1 0.0 -9.609 0.05 6.704 1.0]
	ConcatTransform [0.467244 0.829587 0.305727 0.0 -0.423889 0.513658 -0.745972 0.0 -0.775887 0.218957 0.591657 0.0 0.388779 -0.504332 0.365294 1.0]
306
	ConcatTransform [1.1 0.0 0.0 0.0 0.0 1.1 0.0 0.0 0.0 0.0 1.1 0.0 -9.609 0.05 6.704 1.0]
	ConcatTransform [0.4722 0.827325 0.304239 0.0 -0.427133 0.516663 -0.742035 0.0 -0.771093 0.220438 0.597346 0.0 0.390416 -0.504629 0.363432 1.0]
307
	ConcatTransform [1.1 0.0 0.0 0.0 0.0 1.1 0.0 0.0 0.0 0.0 1.1 0.0 -9.609 0.05 6.704 1.0]
	ConcatTransform [0.472235 0.827501 0.303704 0.0 -0.42885 0.516699 -0.74102 0.0 -0.770118 0.219692 0.598877 0.0 0.391618 -0.504697 0.362465 1.0]
308
	ConcatTransform [1.1 0.0 0.0 0.0 0.0 1.1 0.0 0.0 0.0 0.0 1.1 0.0 -9.609 0.05 6.704 1.0]
	ConcatTransform [0.473618 0.827339 0.301987 0.0 -0.434575 0.517763 -0.73693 0.0 -0.766049 0.217788 0.604763 0.0 0.393357 -0.50477 0.360452 1.0]
309
	ConcatTransform [1.1 0.0 0.0 0.0 0.0 1.1 0.0 0.0 0.0 0.0 1.1 0.0 -9.609 0.05 6.704 1.0]
	ConcatTransform [0.471142 0.827971 0.304121 0.0 -0.433594 0.517651 -0.737586 0.0 -0.768129 0.215643 0.60289 0.0 0.394556 -0.504971 0.359301 1.0]
310
	ConcatTransform [1.1 0.0 0.0 0.0 0.0 1.1 0.0 0.0 0.0 0.0 1.1 0.0 -9.609 0.05 6.704 1.0]
	ConcatTransform [0.472447 0.826357 0.306476 0.0 -0.429913 0.519628 -0.73835 0.0 -0.769395 0.217073 0.600759 0.0 0.393818 -0.50493 0.359015 1.0]
311
	ConcatTransform [1.1 0.0 0.0 0.0 0.0 1.1 0.0 0.0 0.0 0.0 1.1 0.0 -9.609 0.05 6.704 1.0]
	ConcatTransform [0.475183 0.825342 0.304979 0.0 -0.431257 0.520587 -0.73689 0.0 -0.766954 0.218634 0.603308 0.0 0.393622 -0.50505 0.358166 1.0]
312
	ConcatTransform [1.1 0.0 0.0 0.0 0.0 1.1 0.0 0.0 0.0 0.0 1.1 0.0 -9.609 0.05 6.704 1.0]
	ConcatTransform [0.474026 0.826228 0.30438 0.0 -0.433994 0.520017 -0.735685 0.0 -0.766126 0.216634 0.605079 0.0 0.396495 -0.505148 0.356483 1.0]
313
	ConcatTransform [1.1 0.0 0.0 0.0 0.0 1.1 0.0 0.0 0.0 0.0 1.1 0.0 -9.609 0.05 6.704 1.0]
	ConcatTransform [0.474936 0.825774 0.304192 0.0 -0.434118 0.520525 -0.735252 0.0 -0.765491 0.217143 0.6057 0.0 0.398842 -0.505145 0.35576 1.0]
314
	ConcatTransform [1.1 0.0 0.0 0.0 0.0 1.1 0.0 0.0 0.0 0.0 1.1 0.0 -9.609 0.05 6.704 1.0]
	ConcatTransform [0.474611 0.825643 0.305056 0.0 -0.431075 0.520202 -0.737268 0.0 -0.76741 0.218413 0.602807 0.0 0.402032 -0.505142 0.355608 1.0]
315
	ConcatTransform [1.1 0.0 0.0 0.0 0.0 1.1 0.0 0.0 0.0 0.0 1.1 0.0 -9.609 0.05 6.704 1.0]
	ConcatTransform [0.472125 0.827067 0.305053 0.0 -0.429466 0.518005 -0.73975 0.0 -0.769842 0.218244 0.59976 0.0 0.403897 -0.504994 0.355494 1.0]
316
	ConcatTransform [1.1 0.0 0.0 0.0 0.0 1.1 0.0 0.0 0.0 0.0 1.1 0.0 -9.609 0.05 6.704 1.0]
	ConcatTransform [0.467884 0.829332 0.305438 0.0 -0.424408 0.513984 -0.745452 0.0 -0.775218 0.219154 0.59246 0.0 0.405516 -0.504574 0.356078 1.0]
317
	ConcatTransform [1.1 0.0 0.0 0.0 0.0 1.1 0.0 0.0 0.0 0.0 1.1 0.0 -9.609 0.05 6.704 1.0]
	ConcatTransform [0.466221 0.830706 0.304246 0.0 -0.421564 0.510965 -0.749132 0.0 -0.777767 0.221002 0.588418 0.0 0.406505 -0.504307 0.357184 1.0]
318
	ConcatTransform [1.1 0.0 0.0 0.0 0.0 1.1 0.0 0.0 0.0 0.0 1.1 0.0 -9.609 0.05 6.704 1.0]
	ConcatTransform [0.467363 0.831374 0.300648 0.0 -0.419527 0.50791 -0.752346 0.0 -0.778183 0.225488 0.586162 0.0 0.408338 -0.504004 0.359092 1.0]
319
	ConcatTransform [1.1 0.0 0.0 0.0 0.0 1.1 0.0 0.0 0.0 0.0 1.1 0.0 -9.609 0.05 6.704 1.0]
	ConcatTransform [0.466398 0.83304 0.297519 0.0 -0.419695 0.504468 -0.754565 0.0 -0.778671 0.22706 0.584905 0.0 0.409419 -0.503717 0.360172 1.0]
320
	ConcatTransform [1.1 0.0 0.0 0.0 0.0 1.1 0.0 0.0 0.0 0.0 1.1 0.0 -9.609 0.05 6.704 1.0]
	ConcatTransform [0.462505 0.835541 0.29658 0.0 -0.417185 0.500251 -0.758753 0.0 -0.782334 0.227198 0.579944 0.0 0.412324 -0.503355 0.362443 1.0]
321
	ConcatTransform [1.1 0.0 0.0 0.0 0.0 1.1 0.0 0.0 0.0 0.0 1.1 0.0 -9.609 0.05 6.704 1.0]
	ConcatTransform [0.460768 0.837925 0.292531 0.0 -0.419652 0.496125 -0.7601 0.0 -0.782039 0.227469 0.580235 0.0 0.413719 -0.502947 0.363215 1.0]
322
	ConcatTransform [1.1 0.0 0.0 0.0 0.0 1.1 0.0 0.0 0.0 0.0 1.1 0.0 -9.609 0.05 6.704 1.0]
	ConcatTransform [0.460409 0.839298 0.289141 0.0 -0.416255 0.491805 -0.764761 0.0 -0.784063 0.231747 0.575793 0.0 0.414003 -0.502478 0.364973 1.0]
323
	ConcatTransform [1.1 0.0 0.0 0.0 0.0 1.1 0.0 0.0 0.0 0.0 1.1 0.0 -9.609 0.05 6.704 1.0]
	ConcatTransform [0.46147 0.839931 0.285589 0.0 -0.41765 0.489695 -0.765354 0.0 -0.782696 0.233912 0.576777 0.0 0.414478 -0.50219 0.366536 1.0]
324
	ConcatTransform [1.1 0.0 0.0 0.0 0.0 1.1 0.0 0.0 0.0 0.0 1.1 0.0 -9.609 0.05 6.704 1.0]
	ConcatTransform [0.460639 0.84224 0.280078 0.0 -0.420617 0.485006 -0.766714 0.0 -0.781596 0.235372 0.577674 0.0 0.416084 -0.501669 0.368488 1.0]
325
	ConcatTransform [1.1 0.0 0.0 0.0 0.0 1.1 0.0 0.0 0.0 0.0 1.1 0.0 -9.609 0.05 6.704 1.0]
	ConcatTransform [0.45993 0.843898 0.276226 0.0 -0.421971 0.481432 -0.768221 0.0 -0.781284 0.236768 0.577525 0.0 0.416778 -0.501293 0.370083 1.0]
326
	ConcatTransform [1.1 0.0 0.0 0.0 0.0 1.1 0.0 0.0 0.0 0.0 1.1 0.0 -9.609 0.05 6.704 1.0]
	ConcatTransform [0.460103 0.846194 0.268814 0.0 -0.424025 0.475427 -0.770826 0.0 -0.78007 0.240675 0.577553 0.0 0.417486 -0.500666 0.373305 1.0]
327
	ConcatTransform [1.1 0.0 0.0 0.0 0.0 1.1 0.0 0.0 0.0 0.0 1.1 0.0 -9.609 0.05 6.704 1.0]
	ConcatTransform [0.459401 0.848031 0.264184 0.0 -0.42572 0.471262 -0.772447 0.0 -0.779559 0.242395 0.577522 0.0 0.418417 -0.500203 0.37547 1.0]
328
	ConcatTransform [1.1 0.0 0.0 0.0 0.0 1.1 0.0 0.0 0.0 0.0 1.1 0.0 -9.609 0.05 6.704 1.0]
	ConcatTransform [0.458727 0.850027 0.258888 0.0 -0.427247 0.466459 -0.774517 0.0 -0.779121 0.244683 0.577148 0.0 0.419948 -0.49967 0.378248 1.0]
329
	ConcatTransform [1.1 0.0 0.0 0.0 0.0 1.1 0.0 0.0 0.0 0.0 1.1 0.0 -9.609 0.05 6.704 1.0]
	ConcatTransform [0.459455 0.850721 0.255295 0.0 -0.431038 0.464876 -0.773367 0.0 -0.7766 0.245286 0.580283 0.0 0.420614 -0.499584 0.379466 1.0]
330
	ConcatTransform [1.1 0.0 0.0 0.0 0.0 1.1 0.0 0.0 0.0 0.0 1.1 0.0 -9.609 0.05 6.704 1.0]
	ConcatTransform [0.462325 0.850159 0.251963 0.0 -0.438521 0.46619 -0.768353 0.0 -0.770685 0.244737 0.588344 0.0 0.420969 -0.499773 0.378841 1.0]
331
	ConcatTransform [1.1 0.0 0.0 0.0 0.0 1.1 0.0 0.0 0.0 0.0 1.1 0.0 -9.609 0.05 6.704 1.0]
	ConcatTransform [0.46497 0.848141 0.25389 0.0 -0.440029 0.47024 -0.765015 0.0 -0.76823 0.24399 0.591855 0.0 0.421009 -0.500266 0.377532 1.0]
332
	ConcatTransform [1.1 0.0 0.0 0.0 0.0 1.1 0.0 0.0 0.0 0.0 1.1 0.0 -9.609 0.05 6.704 1.0]
	ConcatTransform [0.46696 0.846049 0.257194 0.0 -0.438844 0.47423 -0.763231 0.0 -0.7677 0.24353 0.59273 0.0 0.421288 -0.500471 0.374657 1.0]
333
	ConcatTransform [1.1 0.0 0.0 0.0 0.0 1.1 0.0 0.0 0.0 0.0 1.1 0.0 -9.609 0.05 6.704 1.0]
	ConcatTransform [0.467997 0.844404 0.260691 0.0 -0.439774 0.478398 -0.760088 0.0 -0.766536 0.241074 0.595236 0.0 0.422654 -0.500995 0.371587 1.0]
334
	ConcatTransform [1.1 0.0 0.0 0.0 0.0 1.1 0.0 0.0 0.0 0.0 1.1 0.0 -9.609 0.05 6.704 1.0]
	ConcatTransform [0.468891 0.842275 0.26592 0.0 -0.443843 0.484984 -0.753521 0.0 -0.763639 0.235293 0.601243 0.0 0.424239 -0.501867 0.366046 1.0]
335
	ConcatTransform [1.1 0.0 0.0 0.0 0.0 1.1 0.0 0.0 0.0 0.0 1.1 0.0 -9.609 0.05 6.704 1.0]
	ConcatTransform [0.468796 0.840732 0.270924 0.0 -0.445092 0.489768 -0.749681 0.0 -0.76297 0.230862 0.603804 0.0 0.424728 -0.502411 0.361752 1.0]
336
	ConcatTransform [1.1 0.0 0.0 0.0 0.0 1.1 0.0 0.0 0.0 0.0 1.1 0.0 -9.609 0.05 6.704 1.0]
	ConcatTransform [0.472056 0.835545 0.281119 0.0 -0.446724 0.501631 -0.740813 0.0 -0.76 0.224123 0.610056 0.0 0.424364 -0.503606 0.354627 1.0]
337
	ConcatTransform [1.1 0.0 0.0 0.0 0.0 1.1 0.0 0.0 0.0 0.0 1.1 0.0 -9.609 0.05 6.704 1.0]
	ConcatTransform [0.47729 0.830409 0.287428 0.0 -0.449768 0.511851 -0.731927 0.0 -0.754919 0.220065 0.617793 0.0 0.422919 -0.504549 0.349228 1.0]
338
	ConcatTransform [1.1 0.0 0.0 0.0 0.0 1.1 0.0 0.0 0.0 0.0 1.1 0.0 -9.609 0.05 6.704 1.0]
	ConcatTransform [0.484993 0.821054 0.301085 0.0 -0.451803 0.530025 -0.717598 0.0 -0.748769 0.211999 0.628014 0.0 0.420775 -0.506099 0.339655 1.0]
339
	ConcatTransform [1.1 0.0 0.0 0.0 0.0 1.1 0.0 0.0 0.0 0.0 1.1 0.0 -9.609 0.05 6.704 1.0]
	ConcatTransform [0.490299 0.814803 0.309358 0.0 -0.45495 0.542024 -0.706562 0.0 -0.743389 0.205684 0.636449 0.0 0.419633 -0.506913 0.333135 1.0]
340
	ConcatTransform [1.1 0.0 0.0 0.0 0.0 1.1 0.0 0.0 0.0 0.0 1.1 0.0 -9.609 0.05 6.704 1.0]
	ConcatTransform [0.499864 0.804707 0.320286 0.0 -0.461996 0.560532 -0.687287 0.0 -0.732595 0.195579 0.651961 0.0 0.418053 -0.508103 0.322607 1.0]
341
	ConcatTransform [1.1 0.0 0.0 0.0 0.0 1.1 0.0 0.0 0.0 0.0 1.1 0.0 -9.609 0.05 6.704 1.0]
	ConcatTransform [0.506044 0.797452 0.328617 0.0 -0.46451 0.573006 -0.6752 0.0 -0.726739 0.189035 0.660391 0.0 0.416759 -0.508764 0.315525 1.0]
342
	ConcatTransform [1.1 0.0 0.0 0.0 0.0 1.1 0.0 0.0 0.0 0.0 1.1 0.0 -9.609 0.05 6.704 1.0]
	ConcatTransform [0.51459 0.786379 0.341767 0.0 -0.465701 0.591005 -0.658662 0.0 -0.719944 0.17978 0.670343 0.0 0.414307 -0.509492 0.304734 1.0]
343
	ConcatTransform [1.1 0.0 0.0 0.0 0.0 1.1 0.0 0.0 0.0 0.0 1.1 0.0 -9.609 0.05 6.704 1.0]
	ConcatTransform [0.519162 0.779016 0.351574 0.0 -0.464566 0.602493 -0.648985 0.0 -0.71739 0.173599 0.674696 0.0 0.412513 -0.509779 0.297791 1.0]
344
	ConcatTransform [1.1 0.0 0.0 0.0 0.0 1.1 0.0 0.0 0.0 0.0 1.1 0.0 -9.609 0.05 6.704 1.0]
	ConcatTransform [0.520394 0.770407 0.368325 0.0 -0.460739 0.616478 -0.638494 0.0 -0.718964 0.162566 0.675768 0.0 0.410836 -0.509931 0.288261 1.0]
345
	ConcatTransform [1.1 0.0 0.0 0.0 0.0 1.1 0.0 0.0 0.0 0.0 1.1 0.0 -9.609 0.05 6.704 1.0]
	ConcatTransform [0.521349 0.765492 0.377117 0.0 -0.458732 0.624052 -0.632554 0.0 -0.719555 0.156786 0.676505 0.0 0.409883 -0.510015 0.282934 1.0]
346
	ConcatTransform [1.1 0.0 0.0 0.0 0.0 1.1 0.0 0.0 0.0 0.0 1.1 0.0 -9.609 0.05 6.704 1.0]
	ConcatTransform [0.523899 0.759772 0.385067 0.0 -0.455468 0.631895 -0.627103 0.0 -0.719777 0.153153 0.677101 0.0 0.407413 -0.509999 0.275988 1.0]
347
	ConcatTransform [1.1 0.0 0.0 0.0 0.0 1.1 0.0 0.0 0.0 0.0 1.1 0.0 -9.609 0.05 6.704 1.0]
	ConcatTransform [0.52792 0.754719 0.389486 0.0 -0.453811 0.638316 -0.621778 0.0 -0.717883 0.151495 0.67948 0.0 0.405945 -0.509912 0.271979 1.0]
348
	ConcatTransform [1.1 0.0 0.0 0.0 0.0 1.1 0.0 0.0 0.0 0.0 1.1 0.0 -9.609 0.05 6.704 1.0]
	ConcatTransform [0.531656 0.749724 0.394026 0.0 -0.455509 0.645318 -0.613251 0.0 -0.71404 0.146556 0.684593 0.0 0.406556 -0.509886 0.26646 1.0]
349
	ConcatTransform [1.1 0.0 0.0 0.0 0.0 1.1 0.0 0.0 0.0 0.0 1.1 0.0 -9.609 0.05 6.704 1.0]
	ConcatTransform [0.535301 0.747257 0.393776 0.0 -0.460591 0.649021 -0.605498 0.0 -0.708032 0.142754 0.691601 0.0 0.408009 -0.509811 0.263494 1.0]
350
	ConcatTransform [1.1 0.0 0.0 0.0 0.0 1.1 0.0 0.0 0.0 0.0 1.1 0.0 -9.609 0.05 6.704 1.0]
	ConcatTransform [0.542779 0.743108 0.391384 0.0 -0.467837 0.654521 -0.593912 0.0 -0.697509 0.139259 0.702914 0.0 0.408846 -0.509711 0.260499 1.0]
351
	ConcatTransform [1.1 0.0 0.0 0.0 0.0 1.1 0.0 0.0 0.0 0.0 1.1 0.0 -9.609 0.05 6.704 1.0]
	ConcatTransform [0.545941 0.741175 0.390651 0.0 -0.46949 0.656821 -0.590055 0.0 -0.693922 0.138728 0.70656 0.0 0.408181 -0.509642 0.259224 1.0]
352
	ConcatTransform [1.1 0.0 0.0 0.0 0.0 1.1 0.0 0.0 0.0 0.0 1.1 0.0 -9.609 0.05 6.704 1.0]
	ConcatTransform [0.5475 0.739204 0.3922 0.0 -0.468671 0.659155 -0.588101 0.0 -0.693247 0.138172 0.707331 0.0 0.407111 -0.509562 0.25798 1.0]
353
	ConcatTransform [1.1 0.0 0.0 0.0 0.0 1.1 0.0 0.0 0.0 0.0 1.1 0.0 -9.609 0.05 6.704 1.0]
	ConcatTransform [0.547174 0.738615 0.393763 0.0 -0.46771 0.659943 -0.587982 0.0 -0.694153 0.137561 0.706561 0.0 0.407021 -0.509535 0.257436 1.0]
354
	ConcatTransform [1.1 0.0 0.0 0.0 0.0 1.1 0.0 0.0 0.0 0.0 1.1 0.0 -9.609 0.05 6.704 1.0]
	ConcatTransform [0.546379 0.738456 0.395161 0.0 -0.466242 0.660124 -0.588944 0.0 -0.695765 0.137546 0.704977 0.0 0.406842 -0.50954 0.257372 1.0]
355
	ConcatTransform [1.1 0.0 0.0 0.0 0.0 1.1 0.0 0.0 0.0 0.0 1.1 0.0 -9.609 0.05 6.704 1.0]
	ConcatTransform [0.54574 0.738851 0.395306 0.0 -0.465598 0.659597 -0.590043 0.0 -0.696696 0.137956 0.703976 0.0 0.406964 -0.509554 0.257717 1.0]
356
	ConcatTransform [1.1 0.0 0.0 0.0 0.0 1.1 0.0 0.0 0.0 0.0 1.1 0.0 -9.609 0.05 6.704 1.0]
	ConcatTransform [0.543954 0.740385 0.394899 0.0 -0.465325 0.657777 -0.592285 0.0 -0.698274 0.138419 0.70232 0.0 0.407052 -0.509607 0.258988 1.0]
357
	ConcatTransform [1.1 0.0 0.0 0.0 0.0 1.1 0.0 0.0 0.0 0.0 1.1 0.0 -9.609 0.05 6.704 1.0]
	ConcatTransform [0.542509 0.741693 0.394431 0.0 -0.464218 0.656021 -0.595095 0.0 -0.700133 0.139742 0.700205 0.0 0.40727 -0.509647 0.260216 1.0]
358
	ConcatTransform [1.1 0.0 0.0 0.0 0.0 1.1 0.0 0.0 0.0 0.0 1.1 0.0 -9.609 0.05 6.704 1.0]
	ConcatTransform [0.540631 0.744883 0.390983 0.0 -0.465156 0.651934 -0.598842 0.0 -0.700962 0.141884 0.698942 0.0 0.408185 -0.509716 0.262459 1.0]
359
	ConcatTransform [1.1 0.0 0.0 0.0 0.0 1.1 0.0 0.0 0.0 0.0 1.1 0.0 -9.609 0.05 6.704 1.0]
	ConcatTransform [0.539443 0.746769 0.38902 0.0 -0.465052 0.649382 -0.601689 0.0 -0.701946 0.143663 0.697591 0.0 0.4088 -0.509779 0.264366 1.0]
360
	ConcatTransform [1.1 0.0 0.0 0.0 0.0 1.1 0.0 0.0 0.0 0.0 1.1 0.0 -9.609 0.05 6.704 1.0]
	ConcatTransform [0.16833 -0.703297 0.69068 0.0 0.982711 0.174537 -0.061777 0.0 -0.077102 0.689138 0.720517 0.0 -0.575994 -85.831154 41.558197 1.0]
