228
	ConcatTransform [1.1 0.0 0.0 0.0 0.0 1.1 0.0 0.0 0.0 0.0 1.1 0.0 -9.609 0.05 6.704 1.0]
	ConcatTransform [0.982124 0.12905 0.137036 0.0 -0.117401 0.989001 -0.089965 0.0 -0.147138 0.072269 0.986472 0.0 0.017093 -0.020464 6.3e-05 1.0]
229
	ConcatTransform [1.1 0.0 0.0 0.0 0.0 1.1 0.0 0.0 0.0 0.0 1.1 0.0 -9.609 0.05 6.704 1.0]
	ConcatTransform [0.937715 0.243223 0.24806 0.0 -0.199656 0.961634 -0.188143 0.0 -0.284303 0.126898 0.950299 0.0 0.039042 -0.040297 0.002234 1.0]
230
	ConcatTransform [1.1 0.0 0.0 0.0 0.0 1.1 0.0 0.0 0.0 0.0 1.1 0.0 -9.609 0.05 6.704 1.0]
	ConcatTransform [0.79435 0.430733 0.428342 0.0 -0.317985 0.895652 -0.310956 0.0 -0.517584 0.110801 0.848428 0.0 0.072989 -0.085591 0.007839 1.0]
231
	ConcatTransform [1.1 0.0 0.0 0.0 0.0 1.1 0.0 0.0 0.0 0.0 1.1 0.0 -9.609 0.05 6.704 1.0]
	ConcatTransform [0.694226 0.495012 0.522506 0.0 -0.33803 0.865141 -0.370494 0.0 -0.635441 0.080584 0.767933 0.0 0.09665 -0.12773 0.011992 1.0]
232
	ConcatTransform [1.1 0.0 0.0 0.0 0.0 1.1 0.0 0.0 0.0 0.0 1.1 0.0 -9.609 0.05 6.704 1.0]
	ConcatTransform [0.524589 0.567817 0.634343 0.0 -0.33785 0.822761 -0.457079 0.0 -0.78145 0.025466 0.623448 0.0 0.132374 -0.209448 0.01824 1.0]
233
	ConcatTransform [1.1 0.0 0.0 0.0 0.0 1.1 0.0 0.0 0.0 0.0 1.1 0.0 -9.609 0.05 6.704 1.0]
	ConcatTransform [0.362833 0.621189 0.694605 0.0 -0.359831 0.780983 -0.510477 0.0 -0.859578 -0.064723 0.50689 0.0 0.154199 -0.268257 0.024377 1.0]
234
	ConcatTransform [1.1 0.0 0.0 0.0 0.0 1.1 0.0 0.0 0.0 0.0 1.1 0.0 -9.609 0.05 6.704 1.0]
	ConcatTransform [0.190405 0.59554 0.780434 0.0 -0.283669 0.794443 -0.537022 0.0 -0.939829 -0.119133 0.320203 0.0 0.179091 -0.330257 0.043941 1.0]
235
	ConcatTransform [1.1 0.0 0.0 0.0 0.0 1.1 0.0 0.0 0.0 0.0 1.1 0.0 -9.609 0.05 6.704 1.0]
	ConcatTransform [0.080562 0.574015 0.814872 0.0 -0.184232 0.812019 -0.553791 0.0 -0.979576 -0.105511 0.17117 0.0 0.190541 -0.367698 0.062572 1.0]
236
	ConcatTransform [1.1 0.0 0.0 0.0 0.0 1.1 0.0 0.0 0.0 0.0 1.1 0.0 -9.609 0.05 6.704 1.0]
	ConcatTransform [0.033302 0.564773 0.824574 0.0 -0.015775 0.825226 -0.564582 0.0 -0.999321 0.005794 0.036391 0.0 0.184823 -0.408673 0.100852 1.0]
237
	ConcatTransform [1.1 0.0 0.0 0.0 0.0 1.1 0.0 0.0 0.0 0.0 1.1 0.0 -9.609 0.05 6.704 1.0]
	ConcatTransform [-0.000616 0.571308 0.820735 0.0 0.150188 0.811479 -0.564752 0.0 -0.988657 0.122917 -0.086304 0.0 0.162913 -0.424435 0.131265 1.0]
238
	ConcatTransform [1.1 0.0 0.0 0.0 0.0 1.1 0.0 0.0 0.0 0.0 1.1 0.0 -9.609 0.05 6.704 1.0]
	ConcatTransform [-0.110242 0.590905 0.799173 0.0 0.440613 0.7498 -0.493619 0.0 -0.890902 0.297708 -0.34302 0.0 0.10535 -0.425719 0.177675 1.0]
239
	ConcatTransform [1.1 0.0 0.0 0.0 0.0 1.1 0.0 0.0 0.0 0.0 1.1 0.0 -9.609 0.05 6.704 1.0]
	ConcatTransform [-0.180917 0.640218 0.746585 0.0 0.625564 0.66067 -0.414952 0.0 -0.758906 0.391965 -0.520024 0.0 0.062526 -0.420032 0.206246 1.0]
240
	ConcatTransform [1.1 0.0 0.0 0.0 0.0 1.1 0.0 0.0 0.0 0.0 1.1 0.0 -9.609 0.05 6.704 1.0]
	ConcatTransform [-0.273195 0.721507 0.636233 0.0 0.821679 0.518944 -0.235673 0.0 -0.500209 0.458394 -0.734619 0.0 -0.006232 -0.409425 0.242819 1.0]
241
	ConcatTransform [1.1 0.0 0.0 0.0 0.0 1.1 0.0 0.0 0.0 0.0 1.1 0.0 -9.609 0.05 6.704 1.0]
	ConcatTransform [-0.308898 0.763325 0.567378 0.0 0.906292 0.417173 -0.067833 0.0 -0.288474 0.493256 -0.820659 0.0 -0.052219 -0.406386 0.26427 1.0]
242
	ConcatTransform [1.1 0.0 0.0 0.0 0.0 1.1 0.0 0.0 0.0 0.0 1.1 0.0 -9.609 0.05 6.704 1.0]
	ConcatTransform [-0.260856 0.88777 0.379235 0.0 0.965018 0.250518 0.077335 0.0 -0.02635 0.386142 -0.922063 0.0 -0.113051 -0.396011 0.293703 1.0]
243
	ConcatTransform [1.1 0.0 0.0 0.0 0.0 1.1 0.0 0.0 0.0 0.0 1.1 0.0 -9.609 0.05 6.704 1.0]
	ConcatTransform [-0.225921 0.939818 0.256324 0.0 0.970107 0.19312 0.146961 0.0 0.088615 0.281863 -0.955354 0.0 -0.148482 -0.388386 0.3111 1.0]
244
	ConcatTransform [1.1 0.0 0.0 0.0 0.0 1.1 0.0 0.0 0.0 0.0 1.1 0.0 -9.609 0.05 6.704 1.0]
	ConcatTransform [-0.151053 0.984209 0.092279 0.0 0.967102 0.127805 0.219955 0.0 0.204688 0.122468 -0.971136 0.0 -0.187026 -0.376883 0.335805 1.0]
245
	ConcatTransform [1.1 0.0 0.0 0.0 0.0 1.1 0.0 0.0 0.0 0.0 1.1 0.0 -9.609 0.05 6.704 1.0]
	ConcatTransform [-0.119546 0.992763 0.011452 0.0 0.963744 0.113264 0.241595 0.0 0.238549 0.039918 -0.97031 0.0 -0.199818 -0.369096 0.352479 1.0]
246
	ConcatTransform [1.1 0.0 0.0 0.0 0.0 1.1 0.0 0.0 0.0 0.0 1.1 0.0 -9.609 0.05 6.704 1.0]
	ConcatTransform [-0.121573 0.992205 -0.027379 0.0 0.96804 0.124618 0.217644 0.0 0.219359 -4.4e-05 -0.975644 0.0 -0.201469 -0.359535 0.374574 1.0]
247
	ConcatTransform [1.1 0.0 0.0 0.0 0.0 1.1 0.0 0.0 0.0 0.0 1.1 0.0 -9.609 0.05 6.704 1.0]
	ConcatTransform [-0.131391 0.991 -0.025593 0.0 0.972059 0.133859 0.192829 0.0 0.194519 0.000458 -0.980899 0.0 -0.197412 -0.361085 0.387172 1.0]
248
	ConcatTransform [1.1 0.0 0.0 0.0 0.0 1.1 0.0 0.0 0.0 0.0 1.1 0.0 -9.609 0.05 6.704 1.0]
	ConcatTransform [-0.153102 0.98813 0.012642 0.0 0.97834 0.149756 0.142913 0.0 0.139323 0.034249 -0.989655 0.0 -0.182912 -0.372167 0.401625 1.0]
249
	ConcatTransform [1.1 0.0 0.0 0.0 0.0 1.1 0.0 0.0 0.0 0.0 1.1 0.0 -9.609 0.05 6.704 1.0]
	ConcatTransform [-0.179559 0.982373 0.051981 0.0 0.97943 0.173576 0.102901 0.0 0.092064 0.069389 -0.993332 0.0 -0.167002 -0.384094 0.407708 1.0]
250
	ConcatTransform [1.1 0.0 0.0 0.0 0.0 1.1 0.0 0.0 0.0 0.0 1.1 0.0 -9.609 0.05 6.704 1.0]
	ConcatTransform [-0.257018 0.960428 0.107335 0.0 0.96588 0.251623 0.061333 0.0 0.031898 0.119436 -0.992329 0.0 -0.135197 -0.408895 0.412221 1.0]
251
	ConcatTransform [1.1 0.0 0.0 0.0 0.0 1.1 0.0 0.0 0.0 0.0 1.1 0.0 -9.609 0.05 6.704 1.0]
	ConcatTransform [-0.323505 0.939085 0.116033 0.0 0.945869 0.317569 0.066947 0.0 0.02602 0.13141 -0.990987 0.0 -0.107882 -0.428383 0.412983 1.0]
252
	ConcatTransform [1.1 0.0 0.0 0.0 0.0 1.1 0.0 0.0 0.0 0.0 1.1 0.0 -9.609 0.05 6.704 1.0]
	ConcatTransform [-0.435655 0.8895 0.137818 0.0 0.900105 0.431187 0.062357 0.0 -0.003959 0.151217 -0.988493 0.0 -0.058215 -0.457472 0.409928 1.0]
253
	ConcatTransform [1.1 0.0 0.0 0.0 0.0 1.1 0.0 0.0 0.0 0.0 1.1 0.0 -9.609 0.05 6.704 1.0]
	ConcatTransform [-0.505111 0.845229 0.174501 0.0 0.862092 0.503675 0.055765 0.0 -0.040757 0.178603 -0.983077 0.0 -0.018858 -0.472986 0.405039 1.0]
254
	ConcatTransform [1.1 0.0 0.0 0.0 0.0 1.1 0.0 0.0 0.0 0.0 1.1 0.0 -9.609 0.05 6.704 1.0]
	ConcatTransform [-0.612801 0.756836 0.227319 0.0 0.784029 0.618276 0.055081 0.0 -0.098859 0.211978 -0.972261 0.0 0.046448 -0.49114 0.392867 1.0]
255
	ConcatTransform [1.1 0.0 0.0 0.0 0.0 1.1 0.0 0.0 0.0 0.0 1.1 0.0 -9.609 0.05 6.704 1.0]
	ConcatTransform [-0.668645 0.688243 0.28149 0.0 0.726576 0.685226 0.050514 0.0 -0.158118 0.2383 -0.958234 0.0 0.092341 -0.497197 0.381543 1.0]
256
	ConcatTransform [1.1 0.0 0.0 0.0 0.0 1.1 0.0 0.0 0.0 0.0 1.1 0.0 -9.609 0.05 6.704 1.0]
	ConcatTransform [-0.740143 0.572468 0.352802 0.0 0.628293 0.775705 0.059412 0.0 -0.239659 0.265636 -0.93381 0.0 0.159752 -0.497598 0.357176 1.0]
257
	ConcatTransform [1.1 0.0 0.0 0.0 0.0 1.1 0.0 0.0 0.0 0.0 1.1 0.0 -9.609 0.05 6.704 1.0]
	ConcatTransform [-0.768621 0.501002 0.397767 0.0 0.568853 0.819727 0.066742 0.0 -0.292622 0.27757 -0.915056 0.0 0.201739 -0.491341 0.337794 1.0]
258
	ConcatTransform [1.1 0.0 0.0 0.0 0.0 1.1 0.0 0.0 0.0 0.0 1.1 0.0 -9.609 0.05 6.704 1.0]
	ConcatTransform [-0.798515 0.389304 0.459147 0.0 0.473015 0.877543 0.078577 0.0 -0.372331 0.279929 -0.884878 0.0 0.255134 -0.470663 0.310764 1.0]
259
	ConcatTransform [1.1 0.0 0.0 0.0 0.0 1.1 0.0 0.0 0.0 0.0 1.1 0.0 -9.609 0.05 6.704 1.0]
	ConcatTransform [-0.807193 0.326072 0.492054 0.0 0.418174 0.904211 0.086798 0.0 -0.416617 0.275827 -0.866227 0.0 0.285166 -0.455568 0.294978 1.0]
260
	ConcatTransform [1.1 0.0 0.0 0.0 0.0 1.1 0.0 0.0 0.0 0.0 1.1 0.0 -9.609 0.05 6.704 1.0]
	ConcatTransform [-0.807404 0.262019 0.528625 0.0 0.355281 0.931238 0.081066 0.0 -0.471035 0.253263 -0.844976 0.0 0.323842 -0.438171 0.274199 1.0]
261
	ConcatTransform [1.1 0.0 0.0 0.0 0.0 1.1 0.0 0.0 0.0 0.0 1.1 0.0 -9.609 0.05 6.704 1.0]
	ConcatTransform [-0.80095 0.225113 0.5548 0.0 0.325251 0.94157 0.087508 0.0 -0.502684 0.250538 -0.827369 0.0 0.343129 -0.427798 0.264034 1.0]
262
	ConcatTransform [1.1 0.0 0.0 0.0 0.0 1.1 0.0 0.0 0.0 0.0 1.1 0.0 -9.609 0.05 6.704 1.0]
	ConcatTransform [-0.797158 0.182196 0.575624 0.0 0.29337 0.950156 0.105532 0.0 -0.527706 0.252997 -0.810876 0.0 0.362357 -0.415965 0.253973 1.0]
263
	ConcatTransform [1.1 0.0 0.0 0.0 0.0 1.1 0.0 0.0 0.0 0.0 1.1 0.0 -9.609 0.05 6.704 1.0]
	ConcatTransform [-0.800581 0.169193 0.574842 0.0 0.282921 0.952379 0.11371 0.0 -0.528229 0.253669 -0.810325 0.0 0.369163 -0.411765 0.250434 1.0]
264
	ConcatTransform [1.1 0.0 0.0 0.0 0.0 1.1 0.0 0.0 0.0 0.0 1.1 0.0 -9.609 0.05 6.704 1.0]
	ConcatTransform [-0.805882 0.177257 0.56492 0.0 0.291474 0.94928 0.11794 0.0 -0.515362 0.259705 -0.816673 0.0 0.37196 -0.412981 0.249431 1.0]
265
	ConcatTransform [1.1 0.0 0.0 0.0 0.0 1.1 0.0 0.0 0.0 0.0 1.1 0.0 -9.609 0.05 6.704 1.0]
	ConcatTransform [-0.805553 0.198907 0.55814 0.0 0.310851 0.943801 0.112298 0.0 -0.504436 0.26396 -0.822113 0.0 0.369063 -0.419027 0.251614 1.0]
266
	ConcatTransform [1.1 0.0 0.0 0.0 0.0 1.1 0.0 0.0 0.0 0.0 1.1 0.0 -9.609 0.05 6.704 1.0]
	ConcatTransform [-0.793177 0.25359 0.553681 0.0 0.36347 0.926616 0.096293 0.0 -0.48863 0.277624 -0.827143 0.0 0.357633 -0.43515 0.259365 1.0]
267
	ConcatTransform [1.1 0.0 0.0 0.0 0.0 1.1 0.0 0.0 0.0 0.0 1.1 0.0 -9.609 0.05 6.704 1.0]
	ConcatTransform [-0.777736 0.308206 0.547847 0.0 0.413764 0.907116 0.077066 0.0 -0.473209 0.286616 -0.833021 0.0 0.345441 -0.449901 0.267294 1.0]
268
	ConcatTransform [1.1 0.0 0.0 0.0 0.0 1.1 0.0 0.0 0.0 0.0 1.1 0.0 -9.609 0.05 6.704 1.0]
	ConcatTransform [-0.752251 0.415777 0.511125 0.0 0.510178 0.858463 0.052537 0.0 -0.416938 0.300286 -0.857899 0.0 0.318897 -0.474238 0.283702 1.0]
269
	ConcatTransform [1.1 0.0 0.0 0.0 0.0 1.1 0.0 0.0 0.0 0.0 1.1 0.0 -9.609 0.05 6.704 1.0]
	ConcatTransform [-0.723919 0.492006 0.483602 0.0 0.578877 0.814536 0.037848 0.0 -0.37529 0.307345 -0.874469 0.0 0.295848 -0.488637 0.298294 1.0]
270
	ConcatTransform [1.1 0.0 0.0 0.0 0.0 1.1 0.0 0.0 0.0 0.0 1.1 0.0 -9.609 0.05 6.704 1.0]
	ConcatTransform [-0.684878 0.589464 0.42834 0.0 0.659575 0.751356 0.020619 0.0 -0.309682 0.296643 -0.903383 0.0 0.254867 -0.498994 0.325513 1.0]
271
	ConcatTransform [1.1 0.0 0.0 0.0 0.0 1.1 0.0 0.0 0.0 0.0 1.1 0.0 -9.609 0.05 6.704 1.0]
	ConcatTransform [-0.656997 0.647084 0.386831 0.0 0.702026 0.71215 0.001055 0.0 -0.274799 0.272259 -0.92215 0.0 0.227247 -0.499259 0.346031 1.0]
272
	ConcatTransform [1.1 0.0 0.0 0.0 0.0 1.1 0.0 0.0 0.0 0.0 1.1 0.0 -9.609 0.05 6.704 1.0]
	ConcatTransform [-0.615168 0.716405 0.329137 0.0 0.753441 0.657142 -0.022139 0.0 -0.23215 0.234366 -0.944023 0.0 0.187609 -0.496034 0.377998 1.0]
273
	ConcatTransform [1.1 0.0 0.0 0.0 0.0 1.1 0.0 0.0 0.0 0.0 1.1 0.0 -9.609 0.05 6.704 1.0]
	ConcatTransform [-0.584202 0.756417 0.294177 0.0 0.784497 0.619189 -0.0342 0.0 -0.208021 0.210802 -0.955139 0.0 0.162292 -0.490353 0.395985 1.0]
274
	ConcatTransform [1.1 0.0 0.0 0.0 0.0 1.1 0.0 0.0 0.0 0.0 1.1 0.0 -9.609 0.05 6.704 1.0]
	ConcatTransform [-0.543561 0.796378 0.265186 0.0 0.816811 0.574613 -0.051369 0.0 -0.193289 0.188685 -0.962828 0.0 0.125487 -0.48303 0.415228 1.0]
275
	ConcatTransform [1.1 0.0 0.0 0.0 0.0 1.1 0.0 0.0 0.0 0.0 1.1 0.0 -9.609 0.05 6.704 1.0]
	ConcatTransform [-0.517826 0.816343 0.255813 0.0 0.834864 0.547482 -0.057145 0.0 -0.186704 0.183978 -0.965036 0.0 0.102751 -0.479177 0.423838 1.0]
276
	ConcatTransform [1.1 0.0 0.0 0.0 0.0 1.1 0.0 0.0 0.0 0.0 1.1 0.0 -9.609 0.05 6.704 1.0]
	ConcatTransform [-0.483405 0.836768 0.257174 0.0 0.85804 0.511123 -0.050202 0.0 -0.173455 0.196398 -0.96506 0.0 0.072066 -0.475437 0.431221 1.0]
277
	ConcatTransform [1.1 0.0 0.0 0.0 0.0 1.1 0.0 0.0 0.0 0.0 1.1 0.0 -9.609 0.05 6.704 1.0]
	ConcatTransform [-0.465905 0.845882 0.259647 0.0 0.867836 0.49408 -0.052396 0.0 -0.172607 0.200919 -0.964281 0.0 0.054646 -0.472422 0.432156 1.0]
278
	ConcatTransform [1.1 0.0 0.0 0.0 0.0 1.1 0.0 0.0 0.0 0.0 1.1 0.0 -9.609 0.05 6.704 1.0]
	ConcatTransform [-0.456928 0.849278 0.26447 0.0 0.870311 0.488281 -0.064346 0.0 -0.183783 0.20077 -0.962245 0.0 0.033664 -0.470742 0.430764 1.0]
279
	ConcatTransform [1.1 0.0 0.0 0.0 0.0 1.1 0.0 0.0 0.0 0.0 1.1 0.0 -9.609 0.05 6.704 1.0]
	ConcatTransform [-0.45313 0.848977 0.271865 0.0 0.871157 0.486415 -0.066974 0.0 -0.189099 0.20649 -0.960002 0.0 0.023927 -0.470428 0.428615 1.0]
280
	ConcatTransform [1.1 0.0 0.0 0.0 0.0 1.1 0.0 0.0 0.0 0.0 1.1 0.0 -9.609 0.05 6.704 1.0]
	ConcatTransform [-0.45256 0.845962 0.282027 0.0 0.871762 0.486275 -0.059733 0.0 -0.187674 0.218827 -0.957545 0.0 0.01633 -0.470785 0.4246 1.0]
281
	ConcatTransform [1.1 0.0 0.0 0.0 0.0 1.1 0.0 0.0 0.0 0.0 1.1 0.0 -9.609 0.05 6.704 1.0]
	ConcatTransform [-0.464671 0.837209 0.288378 0.0 0.863974 0.500012 -0.059473 0.0 -0.193984 0.221515 -0.955668 0.0 0.01527 -0.473374 0.421279 1.0]
282
	ConcatTransform [1.1 0.0 0.0 0.0 0.0 1.1 0.0 0.0 0.0 0.0 1.1 0.0 -9.609 0.05 6.704 1.0]
	ConcatTransform [-0.496969 0.81601 0.295212 0.0 0.842867 0.534829 -0.059436 0.0 -0.206389 0.219287 -0.953581 0.0 0.019543 -0.478833 0.415703 1.0]
283
	ConcatTransform [1.1 0.0 0.0 0.0 0.0 1.1 0.0 0.0 0.0 0.0 1.1 0.0 -9.609 0.05 6.704 1.0]
	ConcatTransform [-0.516685 0.802974 0.2971 0.0 0.831738 0.553064 -0.048297 0.0 -0.203097 0.222155 -0.953624 0.0 0.026416 -0.481905 0.411333 1.0]
284
	ConcatTransform [1.1 0.0 0.0 0.0 0.0 1.1 0.0 0.0 0.0 0.0 1.1 0.0 -9.609 0.05 6.704 1.0]
	ConcatTransform [-0.556473 0.780121 0.285918 0.0 0.811731 0.583882 -0.013264 0.0 -0.177289 0.224707 -0.958162 0.0 0.041184 -0.486338 0.403107 1.0]
285
	ConcatTransform [1.1 0.0 0.0 0.0 0.0 1.1 0.0 0.0 0.0 0.0 1.1 0.0 -9.609 0.05 6.704 1.0]
	ConcatTransform [-0.591597 0.756897 0.277705 0.0 0.790385 0.612438 0.014539 0.0 -0.159073 0.228095 -0.960556 0.0 0.053108 -0.490014 0.39655 1.0]
286
	ConcatTransform [1.1 0.0 0.0 0.0 0.0 1.1 0.0 0.0 0.0 0.0 1.1 0.0 -9.609 0.05 6.704 1.0]
	ConcatTransform [-0.635102 0.723853 0.269596 0.0 0.760742 0.646641 0.055919 0.0 -0.133855 0.240607 -0.961348 0.0 0.073773 -0.49306 0.385925 1.0]
287
	ConcatTransform [1.1 0.0 0.0 0.0 0.0 1.1 0.0 0.0 0.0 0.0 1.1 0.0 -9.609 0.05 6.704 1.0]
	ConcatTransform [-0.665838 0.69858 0.262005 0.0 0.736804 0.670918 0.083595 0.0 -0.117386 0.248708 -0.961439 0.0 0.088946 -0.495198 0.378841 1.0]
288
	ConcatTransform [1.1 0.0 0.0 0.0 0.0 1.1 0.0 0.0 0.0 0.0 1.1 0.0 -9.609 0.05 6.704 1.0]
	ConcatTransform [-0.706408 0.657076 0.263133 0.0 0.698888 0.706341 0.112419 0.0 -0.111994 0.263314 -0.958187 0.0 0.112952 -0.497084 0.368458 1.0]
289
	ConcatTransform [1.1 0.0 0.0 0.0 0.0 1.1 0.0 0.0 0.0 0.0 1.1 0.0 -9.609 0.05 6.704 1.0]
	ConcatTransform [-0.726877 0.630203 0.272934 0.0 0.676004 0.726641 0.122521 0.0 -0.121112 0.273563 -0.954199 0.0 0.129167 -0.497368 0.361975 1.0]
290
	ConcatTransform [1.1 0.0 0.0 0.0 0.0 1.1 0.0 0.0 0.0 0.0 1.1 0.0 -9.609 0.05 6.704 1.0]
	ConcatTransform [-0.754017 0.58646 0.295841 0.0 0.638783 0.759608 0.122274 0.0 -0.153015 0.281175 -0.947379 0.0 0.153561 -0.496767 0.353424 1.0]
291
	ConcatTransform [1.1 0.0 0.0 0.0 0.0 1.1 0.0 0.0 0.0 0.0 1.1 0.0 -9.609 0.05 6.704 1.0]
	ConcatTransform [-0.770214 0.557112 0.310479 0.0 0.613119 0.780844 0.119863 0.0 -0.175658 0.282681 -0.942993 0.0 0.169541 -0.4958 0.349028 1.0]
292
	ConcatTransform [1.1 0.0 0.0 0.0 0.0 1.1 0.0 0.0 0.0 0.0 1.1 0.0 -9.609 0.05 6.704 1.0]
	ConcatTransform [-0.788776 0.52675 0.316809 0.0 0.584538 0.802211 0.12154 0.0 -0.190126 0.281055 -0.94067 0.0 0.189599 -0.491534 0.344263 1.0]
293
	ConcatTransform [1.1 0.0 0.0 0.0 0.0 1.1 0.0 0.0 0.0 0.0 1.1 0.0 -9.609 0.05 6.704 1.0]
	ConcatTransform [-0.797728 0.514438 0.314615 0.0 0.572039 0.81066 0.124906 0.0 -0.190789 0.279614 -0.940965 0.0 0.198954 -0.489128 0.342376 1.0]
294
	ConcatTransform [1.1 0.0 0.0 0.0 0.0 1.1 0.0 0.0 0.0 0.0 1.1 0.0 -9.609 0.05 6.704 1.0]
	ConcatTransform [-0.805925 0.508263 0.303568 0.0 0.56284 0.816799 0.126686 0.0 -0.183564 0.27296 -0.94435 0.0 0.207157 -0.487765 0.341235 1.0]
295
	ConcatTransform [1.1 0.0 0.0 0.0 0.0 1.1 0.0 0.0 0.0 0.0 1.1 0.0 -9.609 0.05 6.704 1.0]
	ConcatTransform [-0.807555 0.510501 0.295371 0.0 0.56257 0.817118 0.125832 0.0 -0.177115 0.267783 -0.94706 0.0 0.208737 -0.488108 0.34168 1.0]
296
	ConcatTransform [1.1 0.0 0.0 0.0 0.0 1.1 0.0 0.0 0.0 0.0 1.1 0.0 -9.609 0.05 6.704 1.0]
	ConcatTransform [-0.79856 0.52289 0.298141 0.0 0.57323 0.811744 0.111712 0.0 -0.183601 0.260112 -0.947962 0.0 0.205404 -0.489931 0.343898 1.0]
297
	ConcatTransform [1.1 0.0 0.0 0.0 0.0 1.1 0.0 0.0 0.0 0.0 1.1 0.0 -9.609 0.05 6.704 1.0]
	ConcatTransform [-0.784963 0.537085 0.308826 0.0 0.589391 0.800983 0.10509 0.0 -0.190922 0.264511 -0.945295 0.0 0.199985 -0.492005 0.345312 1.0]
298
	ConcatTransform [1.1 0.0 0.0 0.0 0.0 1.1 0.0 0.0 0.0 0.0 1.1 0.0 -9.609 0.05 6.704 1.0]
	ConcatTransform [-0.762242 0.561798 0.321513 0.0 0.618493 0.778642 0.105755 0.0 -0.190931 0.279465 -0.940981 0.0 0.187816 -0.495537 0.345356 1.0]
299
	ConcatTransform [1.1 0.0 0.0 0.0 0.0 1.1 0.0 0.0 0.0 0.0 1.1 0.0 -9.609 0.05 6.704 1.0]
	ConcatTransform [-0.751616 0.57624 0.320968 0.0 0.632734 0.767346 0.104053 0.0 -0.186334 0.281296 -0.941357 0.0 0.177564 -0.49647 0.345452 1.0]
300
	ConcatTransform [1.1 0.0 0.0 0.0 0.0 1.1 0.0 0.0 0.0 0.0 1.1 0.0 -9.609 0.05 6.704 1.0]
	ConcatTransform [-0.730655 0.604494 0.31738 0.0 0.659102 0.745784 0.096902 0.0 -0.17812 0.279988 -0.943334 0.0 0.161472 -0.497012 0.346942 1.0]
301
	ConcatTransform [1.1 0.0 0.0 0.0 0.0 1.1 0.0 0.0 0.0 0.0 1.1 0.0 -9.609 0.05 6.704 1.0]
	ConcatTransform [-0.722276 0.61818 0.310114 0.0 0.669351 0.737653 0.088527 0.0 -0.174031 0.271515 -0.946569 0.0 0.150458 -0.497379 0.348596 1.0]
302
	ConcatTransform [1.1 0.0 0.0 0.0 0.0 1.1 0.0 0.0 0.0 0.0 1.1 0.0 -9.609 0.05 6.704 1.0]
	ConcatTransform [-0.707273 0.638229 0.304019 0.0 0.686542 0.722667 0.08008 0.0 -0.168595 0.265361 -0.949294 0.0 0.133558 -0.49752 0.351385 1.0]
303
	ConcatTransform [1.1 0.0 0.0 0.0 0.0 1.1 0.0 0.0 0.0 0.0 1.1 0.0 -9.609 0.05 6.704 1.0]
	ConcatTransform [-0.697049 0.651433 0.299595 0.0 0.697803 0.712405 0.074497 0.0 -0.164903 0.260986 -0.951154 0.0 0.122033 -0.497345 0.352501 1.0]
304
	ConcatTransform [1.1 0.0 0.0 0.0 0.0 1.1 0.0 0.0 0.0 0.0 1.1 0.0 -9.609 0.05 6.704 1.0]
	ConcatTransform [-0.672633 0.677728 0.297069 0.0 0.721749 0.68943 0.061353 0.0 -0.163228 0.255678 -0.952883 0.0 0.106001 -0.49643 0.355231 1.0]
305
	ConcatTransform [1.1 0.0 0.0 0.0 0.0 1.1 0.0 0.0 0.0 0.0 1.1 0.0 -9.609 0.05 6.704 1.0]
	ConcatTransform [-0.658002 0.69208 0.296747 0.0 0.734387 0.676908 0.049718 0.0 -0.166462 0.250642 -0.953661 0.0 0.096499 -0.495716 0.358077 1.0]
306
	ConcatTransform [1.1 0.0 0.0 0.0 0.0 1.1 0.0 0.0 0.0 0.0 1.1 0.0 -9.609 0.05 6.704 1.0]
	ConcatTransform [-0.63779 0.709651 0.299364 0.0 0.750903 0.659394 0.036674 0.0 -0.171373 0.248183 -0.953434 0.0 0.084329 -0.494391 0.362959 1.0]
307
	ConcatTransform [1.1 0.0 0.0 0.0 0.0 1.1 0.0 0.0 0.0 0.0 1.1 0.0 -9.609 0.05 6.704 1.0]
	ConcatTransform [-0.6296 0.719086 0.29414 0.0 0.758464 0.65092 0.032167 0.0 -0.168331 0.243347 -0.955221 0.0 0.077464 -0.493794 0.365871 1.0]
308
	ConcatTransform [1.1 0.0 0.0 0.0 0.0 1.1 0.0 0.0 0.0 0.0 1.1 0.0 -9.609 0.05 6.704 1.0]
	ConcatTransform [-0.616494 0.730926 0.292715 0.0 0.768209 0.639883 0.020116 0.0 -0.1726 0.237267 -0.955988 0.0 0.069612 -0.492732 0.370554 1.0]
309
	ConcatTransform [1.1 0.0 0.0 0.0 0.0 1.1 0.0 0.0 0.0 0.0 1.1 0.0 -9.609 0.05 6.704 1.0]
	ConcatTransform [-0.607643 0.738122 0.293166 0.0 0.77346 0.633802 0.007384 0.0 -0.180359 0.231239 -0.956033 0.0 0.066097 -0.491847 0.373412 1.0]
310
	ConcatTransform [1.1 0.0 0.0 0.0 0.0 1.1 0.0 0.0 0.0 0.0 1.1 0.0 -9.609 0.05 6.704 1.0]
	ConcatTransform [-0.605839 0.741307 0.288829 0.0 0.775419 0.63142 0.005895 0.0 -0.178003 0.227535 -0.957362 0.0 0.062891 -0.491505 0.376756 1.0]
311
	ConcatTransform [1.1 0.0 0.0 0.0 0.0 1.1 0.0 0.0 0.0 0.0 1.1 0.0 -9.609 0.05 6.704 1.0]
	ConcatTransform [-0.606513 0.741314 0.287396 0.0 0.775394 0.631432 0.007643 0.0 -0.175805 0.22748 -0.957782 0.0 0.062321 -0.491471 0.378114 1.0]
312
	ConcatTransform [1.1 0.0 0.0 0.0 0.0 1.1 0.0 0.0 0.0 0.0 1.1 0.0 -9.609 0.05 6.704 1.0]
	ConcatTransform [-0.607285 0.739934 0.289316 0.0 0.773871 0.633327 0.004633 0.0 -0.179803 0.226707 -0.957223 0.0 0.064039 -0.491642 0.378607 1.0]
313
	ConcatTransform [1.1 0.0 0.0 0.0 0.0 1.1 0.0 0.0 0.0 0.0 1.1 0.0 -9.609 0.05 6.704 1.0]
	ConcatTransform [-0.610282 0.736277 0.292322 0.0 0.770449 0.637496 0.002797 0.0 -0.184294 0.226926 -0.956316 0.0 0.066811 -0.491919 0.377916 1.0]
314
	ConcatTransform [1.1 0.0 0.0 0.0 0.0 1.1 0.0 0.0 0.0 0.0 1.1 0.0 -9.609 0.05 6.704 1.0]
	ConcatTransform [-0.616936 0.726161 0.303446 0.0 0.762873 0.646537 0.003802 0.0 -0.193429 0.233836 -0.952841 0.0 0.072799 -0.493033 0.374383 1.0]
315
	ConcatTransform [1.1 0.0 0.0 0.0 0.0 1.1 0.0 0.0 0.0 0.0 1.1 0.0 -9.609 0.05 6.704 1.0]
	ConcatTransform [-0.626209 0.716549 0.307278 0.0 0.754772 0.655931 0.008585 0.0 -0.195401 0.237301 -0.951581 0.0 0.077939 -0.493901 0.370834 1.0]
316
	ConcatTransform [1.1 0.0 0.0 0.0 0.0 1.1 0.0 0.0 0.0 0.0 1.1 0.0 -9.609 0.05 6.704 1.0]
	ConcatTransform [-0.640937 0.699987 0.314989 0.0 0.741182 0.671094 0.016809 0.0 -0.199621 0.244238 -0.948947 0.0 0.087131 -0.495269 0.364855 1.0]
317
	ConcatTransform [1.1 0.0 0.0 0.0 0.0 1.1 0.0 0.0 0.0 0.0 1.1 0.0 -9.609 0.05 6.704 1.0]
	ConcatTransform [-0.652054 0.686872 0.320987 0.0 0.730334 0.682713 0.022683 0.0 -0.203562 0.249219 -0.946812 0.0 0.094229 -0.496094 0.360714 1.0]
318
	ConcatTransform [1.1 0.0 0.0 0.0 0.0 1.1 0.0 0.0 0.0 0.0 1.1 0.0 -9.609 0.05 6.704 1.0]
	ConcatTransform [-0.669866 0.665028 0.330178 0.0 0.712052 0.701403 0.031882 0.0 -0.210385 0.25646 -0.94338 0.0 0.105785 -0.497023 0.35444 1.0]
319
	ConcatTransform [1.1 0.0 0.0 0.0 0.0 1.1 0.0 0.0 0.0 0.0 1.1 0.0 -9.609 0.05 6.704 1.0]
	ConcatTransform [-0.683464 0.649769 0.332682 0.0 0.698963 0.713951 0.041517 0.0 -0.210542 0.260908 -0.942125 0.0 0.114328 -0.497288 0.350934 1.0]
320
	ConcatTransform [1.1 0.0 0.0 0.0 0.0 1.1 0.0 0.0 0.0 0.0 1.1 0.0 -9.609 0.05 6.704 1.0]
	ConcatTransform [-0.702092 0.625952 0.339486 0.0 0.679001 0.732124 0.054336 0.0 -0.214534 0.26866 -0.93904 0.0 0.127412 -0.497641 0.346107 1.0]
321
	ConcatTransform [1.1 0.0 0.0 0.0 0.0 1.1 0.0 0.0 0.0 0.0 1.1 0.0 -9.609 0.05 6.704 1.0]
	ConcatTransform [-0.716718 0.610643 0.336795 0.0 0.6647 0.74427 0.065082 0.0 -0.210925 0.270513 -0.939326 0.0 0.135954 -0.497569 0.343376 1.0]
322
	ConcatTransform [1.1 0.0 0.0 0.0 0.0 1.1 0.0 0.0 0.0 0.0 1.1 0.0 -9.609 0.05 6.704 1.0]
	ConcatTransform [-0.738444 0.5873 0.33133 0.0 0.64263 0.761782 0.081947 0.0 -0.204273 0.273436 -0.93995 0.0 0.147851 -0.496865 0.338995 1.0]
323
	ConcatTransform [1.1 0.0 0.0 0.0 0.0 1.1 0.0 0.0 0.0 0.0 1.1 0.0 -9.609 0.05 6.704 1.0]
	ConcatTransform [-0.750219 0.57406 0.328065 0.0 0.630655 0.770318 0.094251 0.0 -0.198609 0.277605 -0.939942 0.0 0.154732 -0.496271 0.336125 1.0]
324
	ConcatTransform [1.1 0.0 0.0 0.0 0.0 1.1 0.0 0.0 0.0 0.0 1.1 0.0 -9.609 0.05 6.704 1.0]
	ConcatTransform [-0.765624 0.557664 0.320671 0.0 0.615335 0.780225 0.112301 0.0 -0.187569 0.283301 -0.94051 0.0 0.163595 -0.495251 0.33268 1.0]
325
	ConcatTransform [1.1 0.0 0.0 0.0 0.0 1.1 0.0 0.0 0.0 0.0 1.1 0.0 -9.609 0.05 6.704 1.0]
	ConcatTransform [-0.775344 0.551657 0.307435 0.0 0.607995 0.783704 0.127083 0.0 -0.170832 0.285452 -0.943045 0.0 0.167703 -0.494459 0.330792 1.0]
326
	ConcatTransform [1.1 0.0 0.0 0.0 0.0 1.1 0.0 0.0 0.0 0.0 1.1 0.0 -9.609 0.05 6.704 1.0]
	ConcatTransform [-0.788587 0.544254 0.286212 0.0 0.598794 0.785557 0.156033 0.0 -0.139915 0.294427 -0.945376 0.0 0.169839 -0.493976 0.328831 1.0]
327
	ConcatTransform [1.1 0.0 0.0 0.0 0.0 1.1 0.0 0.0 0.0 0.0 1.1 0.0 -9.609 0.05 6.704 1.0]
	ConcatTransform [-0.794031 0.547498 0.264123 0.0 0.598178 0.781059 0.179248 0.0 -0.108157 0.300321 -0.947686 0.0 0.168264 -0.493948 0.327973 1.0]
328
	ConcatTransform [1.1 0.0 0.0 0.0 0.0 1.1 0.0 0.0 0.0 0.0 1.1 0.0 -9.609 0.05 6.704 1.0]
	ConcatTransform [-0.794984 0.560504 0.232026 0.0 0.603802 0.768005 0.21352 0.0 -0.058518 0.309843 -0.948985 0.0 0.161928 -0.494558 0.328426 1.0]
329
	ConcatTransform [1.1 0.0 0.0 0.0 0.0 1.1 0.0 0.0 0.0 0.0 1.1 0.0 -9.609 0.05 6.704 1.0]
	ConcatTransform [-0.791404 0.572727 0.213688 0.0 0.61052 0.758112 0.229198 0.0 -0.030732 0.311849 -0.949635 0.0 0.155791 -0.49452 0.330175 1.0]
330
	ConcatTransform [1.1 0.0 0.0 0.0 0.0 1.1 0.0 0.0 0.0 0.0 1.1 0.0 -9.609 0.05 6.704 1.0]
	ConcatTransform [-0.783895 0.591445 0.18895 0.0 0.620893 0.746428 0.239451 0.0 0.000585 0.305022 -0.952345 0.0 0.145862 -0.49516 0.33506 1.0]
331
	ConcatTransform [1.1 0.0 0.0 0.0 0.0 1.1 0.0 0.0 0.0 0.0 1.1 0.0 -9.609 0.05 6.704 1.0]
	ConcatTransform [-0.778348 0.602659 0.176001 0.0 0.627632 0.739821 0.242367 0.0 0.015856 0.29911 -0.954087 0.0 0.138902 -0.49555 0.339934 1.0]
332
	ConcatTransform [1.1 0.0 0.0 0.0 0.0 1.1 0.0 0.0 0.0 0.0 1.1 0.0 -9.609 0.05 6.704 1.0]
	ConcatTransform [-0.766115 0.62214 0.161277 0.0 0.642232 0.731445 0.229185 0.0 0.02462 0.279159 -0.959929 0.0 0.128283 -0.496844 0.349299 1.0]
333
	ConcatTransform [1.1 0.0 0.0 0.0 0.0 1.1 0.0 0.0 0.0 0.0 1.1 0.0 -9.609 0.05 6.704 1.0]
	ConcatTransform [-0.757382 0.634362 0.154779 0.0 0.652513 0.7264 0.215801 0.0 0.024465 0.26444 -0.964092 0.0 0.12114 -0.49745 0.356646 1.0]
334
	ConcatTransform [1.1 0.0 0.0 0.0 0.0 1.1 0.0 0.0 0.0 0.0 1.1 0.0 -9.609 0.05 6.704 1.0]
	ConcatTransform [-0.748333 0.647514 0.143954 0.0 0.662613 0.719682 0.207368 0.0 0.030673 0.250567 -0.967613 0.0 0.110375 -0.497163 0.367047 1.0]
335
	ConcatTransform [1.1 0.0 0.0 0.0 0.0 1.1 0.0 0.0 0.0 0.0 1.1 0.0 -9.609 0.05 6.704 1.0]
	ConcatTransform [-0.738794 0.657517 0.147834 0.0 0.673331 0.710898 0.203101 0.0 0.028448 0.249591 -0.967933 0.0 0.102893 -0.496958 0.370781 1.0]
336
	ConcatTransform [1.1 0.0 0.0 0.0 0.0 1.1 0.0 0.0 0.0 0.0 1.1 0.0 -9.609 0.05 6.704 1.0]
	ConcatTransform [-0.722779 0.674011 0.152644 0.0 0.690495 0.695247 0.199621 0.0 0.028421 0.249681 -0.967911 0.0 0.092001 -0.496686 0.372722 1.0]
337
	ConcatTransform [1.1 0.0 0.0 0.0 0.0 1.1 0.0 0.0 0.0 0.0 1.1 0.0 -9.609 0.05 6.704 1.0]
	ConcatTransform [-0.71479 0.682342 0.153246 0.0 0.698728 0.68765 0.197274 0.0 0.029229 0.248086 -0.968297 0.0 0.085377 -0.496365 0.373612 1.0]
338
	ConcatTransform [1.1 0.0 0.0 0.0 0.0 1.1 0.0 0.0 0.0 0.0 1.1 0.0 -9.609 0.05 6.704 1.0]
	ConcatTransform [-0.704085 0.694064 0.150134 0.0 0.709192 0.676495 0.198496 0.0 0.036204 0.246232 -0.968535 0.0 0.076663 -0.495864 0.374906 1.0]
339
	ConcatTransform [1.1 0.0 0.0 0.0 0.0 1.1 0.0 0.0 0.0 0.0 1.1 0.0 -9.609 0.05 6.704 1.0]
	ConcatTransform [-0.697993 0.700606 0.14818 0.0 0.714926 0.669896 0.2003 0.0 0.041066 0.245746 -0.968464 0.0 0.071912 -0.495524 0.375416 1.0]
340
	ConcatTransform [1.1 0.0 0.0 0.0 0.0 1.1 0.0 0.0 0.0 0.0 1.1 0.0 -9.609 0.05 6.704 1.0]
	ConcatTransform [-0.693846 0.705113 0.146266 0.0 0.718744 0.665515 0.201238 0.0 0.044553 0.244755 -0.968561 0.0 0.066566 -0.495091 0.375352 1.0]
341
	ConcatTransform [1.1 0.0 0.0 0.0 0.0 1.1 0.0 0.0 0.0 0.0 1.1 0.0 -9.609 0.05 6.704 1.0]
	ConcatTransform [-0.691457 0.707241 0.147297 0.0 0.720984 0.662755 0.202331 0.0 0.045475 0.246102 -0.968176 0.0 0.064259 -0.494761 0.37555 1.0]
342
	ConcatTransform [1.1 0.0 0.0 0.0 0.0 1.1 0.0 0.0 0.0 0.0 1.1 0.0 -9.609 0.05 6.704 1.0]
	ConcatTransform [-0.69065 0.708059 0.147155 0.0 0.721781 0.662194 0.201324 0.0 0.045104 0.245258 -0.968408 0.0 0.06305 -0.494623 0.376341 1.0]
343
	ConcatTransform [1.1 0.0 0.0 0.0 0.0 1.1 0.0 0.0 0.0 0.0 1.1 0.0 -9.609 0.05 6.704 1.0]
	ConcatTransform [-0.691445 0.707553 0.145853 0.0 0.721031 0.663336 0.200249 0.0 0.044938 0.243625 -0.968828 0.0 0.063528 -0.494662 0.377118 1.0]
344
	ConcatTransform [1.1 0.0 0.0 0.0 0.0 1.1 0.0 0.0 0.0 0.0 1.1 0.0 -9.609 0.05 6.704 1.0]
	ConcatTransform [-0.694111 0.704465 0.14812 0.0 0.718682 0.666331 0.198745 0.0 0.041312 0.244402 -0.968793 0.0 0.06552 -0.494919 0.377518 1.0]
345
	ConcatTransform [1.1 0.0 0.0 0.0 0.0 1.1 0.0 0.0 0.0 0.0 1.1 0.0 -9.609 0.05 6.704 1.0]
	ConcatTransform [-0.696986 0.701163 0.150271 0.0 0.716095 0.66956 0.197227 0.0 0.037673 0.245073 -0.968772 0.0 0.06771 -0.495159 0.37725 1.0]
346
	ConcatTransform [1.1 0.0 0.0 0.0 0.0 1.1 0.0 0.0 0.0 0.0 1.1 0.0 -9.609 0.05 6.704 1.0]
	ConcatTransform [-0.704296 0.693596 0.151301 0.0 0.709061 0.676894 0.197601 0.0 0.034641 0.246452 -0.968536 0.0 0.072129 -0.495648 0.376564 1.0]
347
	ConcatTransform [1.1 0.0 0.0 0.0 0.0 1.1 0.0 0.0 0.0 0.0 1.1 0.0 -9.609 0.05 6.704 1.0]
	ConcatTransform [-0.710107 0.686601 0.155972 0.0 0.703567 0.683373 0.194923 0.0 0.027248 0.248153 -0.968338 0.0 0.075708 -0.496018 0.376253 1.0]
348
	ConcatTransform [1.1 0.0 0.0 0.0 0.0 1.1 0.0 0.0 0.0 0.0 1.1 0.0 -9.609 0.05 6.704 1.0]
	ConcatTransform [-0.719574 0.677262 0.153391 0.0 0.693793 0.691823 0.200078 0.0 0.029386 0.250393 -0.967698 0.0 0.081475 -0.49645 0.37588 1.0]
349
	ConcatTransform [1.1 0.0 0.0 0.0 0.0 1.1 0.0 0.0 0.0 0.0 1.1 0.0 -9.609 0.05 6.704 1.0]
	ConcatTransform [-0.727769 0.669159 0.150262 0.0 0.685029 0.698728 0.20619 0.0 0.032982 0.252993 -0.966906 0.0 0.085807 -0.496677 0.375426 1.0]
350
	ConcatTransform [1.1 0.0 0.0 0.0 0.0 1.1 0.0 0.0 0.0 0.0 1.1 0.0 -9.609 0.05 6.704 1.0]
	ConcatTransform [-0.738199 0.657631 0.150279 0.0 0.673839 0.708392 0.210051 0.0 0.03168 0.256324 -0.966072 0.0 0.093547 -0.496991 0.37503 1.0]
351
	ConcatTransform [1.1 0.0 0.0 0.0 0.0 1.1 0.0 0.0 0.0 0.0 1.1 0.0 -9.609 0.05 6.704 1.0]
	ConcatTransform [-0.746124 0.648185 0.152167 0.0 0.665171 0.715698 0.212895 0.0 0.02909 0.260063 -0.965153 0.0 0.099119 -0.497202 0.374615 1.0]
352
	ConcatTransform [1.1 0.0 0.0 0.0 0.0 1.1 0.0 0.0 0.0 0.0 1.1 0.0 -9.609 0.05 6.704 1.0]
	ConcatTransform [-0.758024 0.633911 0.153483 0.0 0.651728 0.726968 0.21626 0.0 0.025512 0.263959 -0.964196 0.0 0.107799 -0.49734 0.374018 1.0]
353
	ConcatTransform [1.1 0.0 0.0 0.0 0.0 1.1 0.0 0.0 0.0 0.0 1.1 0.0 -9.609 0.05 6.704 1.0]
	ConcatTransform [-0.765524 0.624766 0.153753 0.0 0.642981 0.734157 0.218148 0.0 0.023413 0.265858 -0.963728 0.0 0.11366 -0.497312 0.373635 1.0]
354
	ConcatTransform [1.1 0.0 0.0 0.0 0.0 1.1 0.0 0.0 0.0 0.0 1.1 0.0 -9.609 0.05 6.704 1.0]
	ConcatTransform [-0.776479 0.61095 0.154337 0.0 0.629827 0.744699 0.220775 0.0 0.019948 0.268632 -0.963036 0.0 0.122155 -0.497168 0.372607 1.0]
355
	ConcatTransform [1.1 0.0 0.0 0.0 0.0 1.1 0.0 0.0 0.0 0.0 1.1 0.0 -9.609 0.05 6.704 1.0]
	ConcatTransform [-0.783324 0.601823 0.155601 0.0 0.621381 0.751258 0.22248 0.0 0.016997 0.270962 -0.96244 0.0 0.127488 -0.497007 0.371764 1.0]
356
	ConcatTransform [1.1 0.0 0.0 0.0 0.0 1.1 0.0 0.0 0.0 0.0 1.1 0.0 -9.609 0.05 6.704 1.0]
	ConcatTransform [-0.792416 0.589296 0.157502 0.0 0.609835 0.759718 0.225677 0.0 0.013333 0.27488 -0.961386 0.0 0.134759 -0.496667 0.370383 1.0]
357
	ConcatTransform [1.1 0.0 0.0 0.0 0.0 1.1 0.0 0.0 0.0 0.0 1.1 0.0 -9.609 0.05 6.704 1.0]
	ConcatTransform [-0.797881 0.581935 0.157281 0.0 0.602683 0.764619 0.228324 0.0 0.01261 0.276966 -0.960797 0.0 0.138969 -0.496455 0.369438 1.0]
358
	ConcatTransform [1.1 0.0 0.0 0.0 0.0 1.1 0.0 0.0 0.0 0.0 1.1 0.0 -9.609 0.05 6.704 1.0]
	ConcatTransform [-0.803966 0.573582 0.156979 0.0 0.594574 0.770455 0.229958 0.0 0.010955 0.278214 -0.960457 0.0 0.144256 -0.496155 0.368593 1.0]
359
	ConcatTransform [1.1 0.0 0.0 0.0 0.0 1.1 0.0 0.0 0.0 0.0 1.1 0.0 -9.609 0.05 6.704 1.0]
	ConcatTransform [-0.807504 0.569016 0.155432 0.0 0.589746 0.77358 0.231891 0.0 0.011711 0.278918 -0.960244 0.0 0.146964 -0.495929 0.368211 1.0]
360
	ConcatTransform [1.1 0.0 0.0 0.0 0.0 1.1 0.0 0.0 0.0 0.0 1.1 0.0 -9.609 0.05 6.704 1.0]
	ConcatTransform [-0.116517 0.614156 0.780536 0.0 0.421821 0.742088 -0.520935 0.0 -0.899161 0.268549 -0.34553 0.0 -0.658212 -0.497158 0.988802 1.0]
