228
	ConcatTransform [1.1 0.0 0.0 0.0 0.0 1.1 0.0 0.0 0.0 0.0 1.1 0.0 -9.609 0.05 6.704 1.0]
	ConcatTransform [0.950613 0.205716 -0.232411 0.0 -0.176764 0.97433 0.139415 0.0 0.255125 -0.091448 0.962574 0.0 -0.001799 -0.019399 0.007064 1.0]
229
	ConcatTransform [1.1 0.0 0.0 0.0 0.0 1.1 0.0 0.0 0.0 0.0 1.1 0.0 -9.609 0.05 6.704 1.0]
	ConcatTransform [0.800722 0.416428 -0.430618 0.0 -0.318589 0.904795 0.282573 0.0 0.507292 -0.089072 0.857159 0.0 -0.00358 -0.04601 0.013484 1.0]
230
	ConcatTransform [1.1 0.0 0.0 0.0 0.0 1.1 0.0 0.0 0.0 0.0 1.1 0.0 -9.609 0.05 6.704 1.0]
	ConcatTransform [0.684714 0.472901 -0.554555 0.0 -0.06382 0.796885 0.600751 0.0 0.726013 -0.375951 0.575818 0.0 -0.011295 -0.095966 0.020686 1.0]
231
	ConcatTransform [1.1 0.0 0.0 0.0 0.0 1.1 0.0 0.0 0.0 0.0 1.1 0.0 -9.609 0.05 6.704 1.0]
	ConcatTransform [0.563726 0.491071 -0.664125 0.0 0.383702 0.556335 0.737064 0.0 0.731427 -0.670329 0.125195 0.0 -0.015925 -0.139465 0.027751 1.0]
232
	ConcatTransform [1.1 0.0 0.0 0.0 0.0 1.1 0.0 0.0 0.0 0.0 1.1 0.0 -9.609 0.05 6.704 1.0]
	ConcatTransform [0.483423 0.59444 -0.642607 0.0 0.571576 0.341659 0.746037 0.0 0.663026 -0.72795 -0.174602 0.0 -0.028395 -0.222564 0.035331 1.0]
233
	ConcatTransform [1.1 0.0 0.0 0.0 0.0 1.1 0.0 0.0 0.0 0.0 1.1 0.0 -9.609 0.05 6.704 1.0]
	ConcatTransform [0.510259 0.565278 -0.648149 0.0 0.547005 0.368238 0.751789 0.0 0.663642 -0.738148 -0.121313 0.0 -0.03911 -0.288196 0.03965 1.0]
234
	ConcatTransform [1.1 0.0 0.0 0.0 0.0 1.1 0.0 0.0 0.0 0.0 1.1 0.0 -9.609 0.05 6.704 1.0]
	ConcatTransform [0.561158 0.358945 -0.745829 0.0 0.605715 0.43602 0.66558 0.0 0.564103 -0.825255 0.027257 0.0 -0.059475 -0.392666 0.059241 1.0]
235
	ConcatTransform [1.1 0.0 0.0 0.0 0.0 1.1 0.0 0.0 0.0 0.0 1.1 0.0 -9.609 0.05 6.704 1.0]
	ConcatTransform [0.607566 0.166833 -0.77655 0.0 0.647811 0.461614 0.606014 0.0 0.459569 -0.871252 0.172384 0.0 -0.077607 -0.460399 0.084727 1.0]
236
	ConcatTransform [1.1 0.0 0.0 0.0 0.0 1.1 0.0 0.0 0.0 0.0 1.1 0.0 -9.609 0.05 6.704 1.0]
	ConcatTransform [0.594287 -0.015457 -0.804104 0.0 0.691091 0.521199 0.500744 0.0 0.411358 -0.853295 0.320424 0.0 -0.118109 -0.503879 0.166746 1.0]
237
	ConcatTransform [1.1 0.0 0.0 0.0 0.0 1.1 0.0 0.0 0.0 0.0 1.1 0.0 -9.609 0.05 6.704 1.0]
	ConcatTransform [0.615627 -0.181958 -0.766743 0.0 0.719746 0.526025 0.45306 0.0 0.320888 -0.830776 0.454799 0.0 -0.149488 -0.51876 0.233489 1.0]
238
	ConcatTransform [1.1 0.0 0.0 0.0 0.0 1.1 0.0 0.0 0.0 0.0 1.1 0.0 -9.609 0.05 6.704 1.0]
	ConcatTransform [0.612981 -0.404641 -0.678616 0.0 0.75602 0.549918 0.354998 0.0 0.229536 -0.730655 0.643006 0.0 -0.197528 -0.521135 0.340066 1.0]
239
	ConcatTransform [1.1 0.0 0.0 0.0 0.0 1.1 0.0 0.0 0.0 0.0 1.1 0.0 -9.609 0.05 6.704 1.0]
	ConcatTransform [0.611782 -0.513151 -0.601996 0.0 0.769065 0.563937 0.300857 0.0 0.185103 -0.647033 0.739652 0.0 -0.226695 -0.509551 0.411168 1.0]
240
	ConcatTransform [1.1 0.0 0.0 0.0 0.0 1.1 0.0 0.0 0.0 0.0 1.1 0.0 -9.609 0.05 6.704 1.0]
	ConcatTransform [0.625527 -0.605764 -0.491697 0.0 0.76785 0.589681 0.250365 0.0 0.138282 -0.534159 0.833998 0.0 -0.266816 -0.487367 0.514255 1.0]
241
	ConcatTransform [1.1 0.0 0.0 0.0 0.0 1.1 0.0 0.0 0.0 0.0 1.1 0.0 -9.609 0.05 6.704 1.0]
	ConcatTransform [0.630182 -0.666236 -0.398748 0.0 0.768995 0.606523 0.20193 0.0 0.107317 -0.433888 0.894553 0.0 -0.290199 -0.465119 0.575808 1.0]
242
	ConcatTransform [1.1 0.0 0.0 0.0 0.0 1.1 0.0 0.0 0.0 0.0 1.1 0.0 -9.609 0.05 6.704 1.0]
	ConcatTransform [0.655525 -0.716612 -0.23823 0.0 0.752688 0.645578 0.129188 0.0 0.061219 -0.263999 0.962578 0.0 -0.318736 -0.422629 0.654739 1.0]
243
	ConcatTransform [1.1 0.0 0.0 0.0 0.0 1.1 0.0 0.0 0.0 0.0 1.1 0.0 -9.609 0.05 6.704 1.0]
	ConcatTransform [0.693814 -0.71026 -0.118964 0.0 0.720139 0.685326 0.108297 0.0 0.00461 -0.160809 0.986975 0.0 -0.332465 -0.394982 0.700983 1.0]
244
	ConcatTransform [1.1 0.0 0.0 0.0 0.0 1.1 0.0 0.0 0.0 0.0 1.1 0.0 -9.609 0.05 6.704 1.0]
	ConcatTransform [0.71103 -0.703023 0.013974 0.0 0.701098 0.710324 0.062467 0.0 -0.053842 -0.034619 0.997949 0.0 -0.350004 -0.358042 0.756162 1.0]
245
	ConcatTransform [1.1 0.0 0.0 0.0 0.0 1.1 0.0 0.0 0.0 0.0 1.1 0.0 -9.609 0.05 6.704 1.0]
	ConcatTransform [0.688735 -0.723801 0.041901 0.0 0.722959 0.689983 0.035409 0.0 -0.05454 0.005905 0.998494 0.0 -0.361511 -0.34195 0.786518 1.0]
246
	ConcatTransform [1.1 0.0 0.0 0.0 0.0 1.1 0.0 0.0 0.0 0.0 1.1 0.0 -9.609 0.05 6.704 1.0]
	ConcatTransform [0.657871 -0.752599 0.0283 0.0 0.752973 0.658038 -0.004246 0.0 -0.015427 0.024102 0.99959 0.0 -0.377642 -0.330303 0.822236 1.0]
247
	ConcatTransform [1.1 0.0 0.0 0.0 0.0 1.1 0.0 0.0 0.0 0.0 1.1 0.0 -9.609 0.05 6.704 1.0]
	ConcatTransform [0.653033 -0.757079 -0.019497 0.0 0.756697 0.653323 -0.024051 0.0 0.030947 0.000953 0.999521 0.0 -0.38814 -0.332834 0.843395 1.0]
248
	ConcatTransform [1.1 0.0 0.0 0.0 0.0 1.1 0.0 0.0 0.0 0.0 1.1 0.0 -9.609 0.05 6.704 1.0]
	ConcatTransform [0.60437 -0.792889 -0.077875 0.0 0.795035 0.606539 -0.005423 0.0 0.051534 -0.058636 0.996948 0.0 -0.403039 -0.35337 0.870771 1.0]
249
	ConcatTransform [1.1 0.0 0.0 0.0 0.0 1.1 0.0 0.0 0.0 0.0 1.1 0.0 -9.609 0.05 6.704 1.0]
	ConcatTransform [0.590096 -0.795795 -0.136001 0.0 0.802178 0.596955 -0.012438 0.0 0.091085 -0.101758 0.990631 0.0 -0.412042 -0.373575 0.88099 1.0]
250
	ConcatTransform [1.1 0.0 0.0 0.0 0.0 1.1 0.0 0.0 0.0 0.0 1.1 0.0 -9.609 0.05 6.704 1.0]
	ConcatTransform [0.577421 -0.773519 -0.261253 0.0 0.805107 0.59261 0.024845 0.0 0.135603 -0.224683 0.964951 0.0 -0.423738 -0.41126 0.883428 1.0]
251
	ConcatTransform [1.1 0.0 0.0 0.0 0.0 1.1 0.0 0.0 0.0 0.0 1.1 0.0 -9.609 0.05 6.704 1.0]
	ConcatTransform [0.586541 -0.752028 -0.300705 0.0 0.800626 0.594449 0.075016 0.0 0.122339 -0.284753 0.950762 0.0 -0.426425 -0.433219 0.871419 1.0]
252
	ConcatTransform [1.1 0.0 0.0 0.0 0.0 1.1 0.0 0.0 0.0 0.0 1.1 0.0 -9.609 0.05 6.704 1.0]
	ConcatTransform [0.634729 -0.68213 -0.363068 0.0 0.762465 0.629207 0.15082 0.0 0.125565 -0.372556 0.919475 0.0 -0.424233 -0.460936 0.836596 1.0]
253
	ConcatTransform [1.1 0.0 0.0 0.0 0.0 1.1 0.0 0.0 0.0 0.0 1.1 0.0 -9.609 0.05 6.704 1.0]
	ConcatTransform [0.688789 -0.626052 -0.365551 0.0 0.721048 0.643925 0.25583 0.0 0.075225 -0.439794 0.894943 0.0 -0.419157 -0.480098 0.807183 1.0]
254
	ConcatTransform [1.1 0.0 0.0 0.0 0.0 1.1 0.0 0.0 0.0 0.0 1.1 0.0 -9.609 0.05 6.704 1.0]
	ConcatTransform [0.789159 -0.512901 -0.337876 0.0 0.614074 0.648281 0.450161 0.0 -0.011849 -0.56273 0.826556 0.0 -0.407383 -0.505738 0.75455 1.0]
255
	ConcatTransform [1.1 0.0 0.0 0.0 0.0 1.1 0.0 0.0 0.0 0.0 1.1 0.0 -9.609 0.05 6.704 1.0]
	ConcatTransform [0.872999 -0.348144 -0.341566 0.0 0.487368 0.596049 0.638121 0.0 -0.018568 -0.723547 0.690025 0.0 -0.397134 -0.51571 0.715737 1.0]
256
	ConcatTransform [1.1 0.0 0.0 0.0 0.0 1.1 0.0 0.0 0.0 0.0 1.1 0.0 -9.609 0.05 6.704 1.0]
	ConcatTransform [0.932349 -0.264635 -0.24636 0.0 0.355578 0.547705 0.757353 0.0 -0.06549 -0.793718 0.60475 0.0 -0.37882 -0.51152 0.655527 1.0]
257
	ConcatTransform [1.1 0.0 0.0 0.0 0.0 1.1 0.0 0.0 0.0 0.0 1.1 0.0 -9.609 0.05 6.704 1.0]
	ConcatTransform [0.955005 -0.238244 -0.17665 0.0 0.276655 0.500899 0.820099 0.0 -0.1069 -0.83207 0.544272 0.0 -0.36646 -0.505868 0.616834 1.0]
258
	ConcatTransform [1.1 0.0 0.0 0.0 0.0 1.1 0.0 0.0 0.0 0.0 1.1 0.0 -9.609 0.05 6.704 1.0]
	ConcatTransform [0.971004 -0.229069 -0.068393 0.0 0.163133 0.425781 0.889999 0.0 -0.174751 -0.87535 0.450804 0.0 -0.348595 -0.495727 0.562507 1.0]
259
	ConcatTransform [1.1 0.0 0.0 0.0 0.0 1.1 0.0 0.0 0.0 0.0 1.1 0.0 -9.609 0.05 6.704 1.0]
	ConcatTransform [0.973524 -0.228503 0.006178 0.0 0.080523 0.368107 0.92629 0.0 -0.213934 -0.901268 0.376761 0.0 -0.337795 -0.486972 0.530172 1.0]
260
	ConcatTransform [1.1 0.0 0.0 0.0 0.0 1.1 0.0 0.0 0.0 0.0 1.1 0.0 -9.609 0.05 6.704 1.0]
	ConcatTransform [0.961592 -0.246758 0.120217 0.0 -0.047697 0.281095 0.958494 0.0 -0.270308 -0.927414 0.258529 0.0 -0.323793 -0.472724 0.488616 1.0]
261
	ConcatTransform [1.1 0.0 0.0 0.0 0.0 1.1 0.0 0.0 0.0 0.0 1.1 0.0 -9.609 0.05 6.704 1.0]
	ConcatTransform [0.941087 -0.277178 0.193722 0.0 -0.130672 0.230298 0.964307 0.0 -0.311899 -0.93281 0.180511 0.0 -0.315909 -0.464543 0.465478 1.0]
262
	ConcatTransform [1.1 0.0 0.0 0.0 0.0 1.1 0.0 0.0 0.0 0.0 1.1 0.0 -9.609 0.05 6.704 1.0]
	ConcatTransform [0.882843 -0.363371 0.297572 0.0 -0.24237 0.190224 0.951353 0.0 -0.402299 -0.912018 0.079868 0.0 -0.305896 -0.456865 0.436895 1.0]
263
	ConcatTransform [1.1 0.0 0.0 0.0 0.0 1.1 0.0 0.0 0.0 0.0 1.1 0.0 -9.609 0.05 6.704 1.0]
	ConcatTransform [0.844752 -0.403061 0.352046 0.0 -0.30574 0.176425 0.935627 0.0 -0.439224 -0.898007 0.025804 0.0 -0.301121 -0.45153 0.424134 1.0]
264
	ConcatTransform [1.1 0.0 0.0 0.0 0.0 1.1 0.0 0.0 0.0 0.0 1.1 0.0 -9.609 0.05 6.704 1.0]
	ConcatTransform [0.806806 -0.436022 0.398685 0.0 -0.368147 0.156769 0.916456 0.0 -0.462096 -0.886176 -0.034038 0.0 -0.296365 -0.446364 0.413501 1.0]
265
	ConcatTransform [1.1 0.0 0.0 0.0 0.0 1.1 0.0 0.0 0.0 0.0 1.1 0.0 -9.609 0.05 6.704 1.0]
	ConcatTransform [0.788742 -0.446237 0.422799 0.0 -0.396518 0.156255 0.904631 0.0 -0.469744 -0.881168 -0.053696 0.0 -0.2946 -0.445857 0.411484 1.0]
266
	ConcatTransform [1.1 0.0 0.0 0.0 0.0 1.1 0.0 0.0 0.0 0.0 1.1 0.0 -9.609 0.05 6.704 1.0]
	ConcatTransform [0.769489 -0.45496 0.448216 0.0 -0.417503 0.172744 0.892105 0.0 -0.483299 -0.873597 -0.057023 0.0 -0.293863 -0.450088 0.415289 1.0]
267
	ConcatTransform [1.1 0.0 0.0 0.0 0.0 1.1 0.0 0.0 0.0 0.0 1.1 0.0 -9.609 0.05 6.704 1.0]
	ConcatTransform [0.758192 -0.451017 0.47088 0.0 -0.432342 0.192843 0.880848 0.0 -0.488083 -0.871433 -0.048782 0.0 -0.295142 -0.454387 0.423007 1.0]
268
	ConcatTransform [1.1 0.0 0.0 0.0 0.0 1.1 0.0 0.0 0.0 0.0 1.1 0.0 -9.609 0.05 6.704 1.0]
	ConcatTransform [0.751389 -0.440503 0.491296 0.0 -0.43256 0.233437 0.870861 0.0 -0.498304 -0.86687 -0.015142 0.0 -0.298871 -0.463342 0.440806 1.0]
269
	ConcatTransform [1.1 0.0 0.0 0.0 0.0 1.1 0.0 0.0 0.0 0.0 1.1 0.0 -9.609 0.05 6.704 1.0]
	ConcatTransform [0.755709 -0.427998 0.495703 0.0 -0.418627 0.266391 0.86821 0.0 -0.503643 -0.863628 0.022142 0.0 -0.302539 -0.470608 0.456706 1.0]
270
	ConcatTransform [1.1 0.0 0.0 0.0 0.0 1.1 0.0 0.0 0.0 0.0 1.1 0.0 -9.609 0.05 6.704 1.0]
	ConcatTransform [0.769698 -0.396071 0.500692 0.0 -0.388812 0.33122 0.85972 0.0 -0.506349 -0.8564 0.100942 0.0 -0.309776 -0.483055 0.485244 1.0]
271
	ConcatTransform [1.1 0.0 0.0 0.0 0.0 1.1 0.0 0.0 0.0 0.0 1.1 0.0 -9.609 0.05 6.704 1.0]
	ConcatTransform [0.776037 -0.377544 0.5052 0.0 -0.371653 0.373421 0.849959 0.0 -0.509549 -0.847359 0.149473 0.0 -0.315815 -0.490382 0.507854 1.0]
272
	ConcatTransform [1.1 0.0 0.0 0.0 0.0 1.1 0.0 0.0 0.0 0.0 1.1 0.0 -9.609 0.05 6.704 1.0]
	ConcatTransform [0.791605 -0.350577 0.500457 0.0 -0.331909 0.440961 0.8339 0.0 -0.513028 -0.826226 0.232707 0.0 -0.326962 -0.499792 0.546307 1.0]
273
	ConcatTransform [1.1 0.0 0.0 0.0 0.0 1.1 0.0 0.0 0.0 0.0 1.1 0.0 -9.609 0.05 6.704 1.0]
	ConcatTransform [0.806032 -0.334188 0.488497 0.0 -0.29296 0.491882 0.819895 0.0 -0.514282 -0.803972 0.298569 0.0 -0.33542 -0.50515 0.574271 1.0]
274
	ConcatTransform [1.1 0.0 0.0 0.0 0.0 1.1 0.0 0.0 0.0 0.0 1.1 0.0 -9.609 0.05 6.704 1.0]
	ConcatTransform [0.830847 -0.311099 0.461422 0.0 -0.222021 0.575 0.787452 0.0 -0.510293 -0.756698 0.408667 0.0 -0.348918 -0.51072 0.617909 1.0]
275
	ConcatTransform [1.1 0.0 0.0 0.0 0.0 1.1 0.0 0.0 0.0 0.0 1.1 0.0 -9.609 0.05 6.704 1.0]
	ConcatTransform [0.847805 -0.29905 0.437946 0.0 -0.171426 0.626948 0.759967 0.0 -0.501837 -0.719379 0.480264 0.0 -0.358312 -0.51173 0.647736 1.0]
276
	ConcatTransform [1.1 0.0 0.0 0.0 0.0 1.1 0.0 0.0 0.0 0.0 1.1 0.0 -9.609 0.05 6.704 1.0]
	ConcatTransform [0.868509 -0.291674 0.400771 0.0 -0.098874 0.690347 0.716691 0.0 -0.485711 -0.662078 0.570734 0.0 -0.372475 -0.509615 0.692218 1.0]
277
	ConcatTransform [1.1 0.0 0.0 0.0 0.0 1.1 0.0 0.0 0.0 0.0 1.1 0.0 -9.609 0.05 6.704 1.0]
	ConcatTransform [0.878985 -0.296619 0.373366 0.0 -0.049876 0.721502 0.690614 0.0 -0.474233 -0.625661 0.619396 0.0 -0.381595 -0.507005 0.720714 1.0]
278
	ConcatTransform [1.1 0.0 0.0 0.0 0.0 1.1 0.0 0.0 0.0 0.0 1.1 0.0 -9.609 0.05 6.704 1.0]
	ConcatTransform [0.886867 -0.319708 0.333548 0.0 0.030162 0.760449 0.648697 0.0 -0.46104 -0.565247 0.68406 0.0 -0.394109 -0.500625 0.760181 1.0]
279
	ConcatTransform [1.1 0.0 0.0 0.0 0.0 1.1 0.0 0.0 0.0 0.0 1.1 0.0 -9.609 0.05 6.704 1.0]
	ConcatTransform [0.885983 -0.348534 0.305872 0.0 0.087102 0.77295 0.628459 0.0 -0.455463 -0.530162 0.715179 0.0 -0.401641 -0.496848 0.783874 1.0]
280
	ConcatTransform [1.1 0.0 0.0 0.0 0.0 1.1 0.0 0.0 0.0 0.0 1.1 0.0 -9.609 0.05 6.704 1.0]
	ConcatTransform [0.886196 -0.389343 0.251135 0.0 0.164166 0.770753 0.615621 0.0 -0.433251 -0.504333 0.746955 0.0 -0.41146 -0.492844 0.81436 1.0]
281
	ConcatTransform [1.1 0.0 0.0 0.0 0.0 1.1 0.0 0.0 0.0 0.0 1.1 0.0 -9.609 0.05 6.704 1.0]
	ConcatTransform [0.881631 -0.420747 0.213774 0.0 0.218768 0.765711 0.604836 0.0 -0.418172 -0.486476 0.76712 0.0 -0.416249 -0.490192 0.82972 1.0]
282
	ConcatTransform [1.1 0.0 0.0 0.0 0.0 1.1 0.0 0.0 0.0 0.0 1.1 0.0 -9.609 0.05 6.704 1.0]
	ConcatTransform [0.878429 -0.452407 0.153915 0.0 0.289161 0.759641 0.582522 0.0 -0.380457 -0.467198 0.798109 0.0 -0.420699 -0.487192 0.845143 1.0]
283
	ConcatTransform [1.1 0.0 0.0 0.0 0.0 1.1 0.0 0.0 0.0 0.0 1.1 0.0 -9.609 0.05 6.704 1.0]
	ConcatTransform [0.87496 -0.474607 0.095879 0.0 0.325734 0.723469 0.608679 0.0 -0.358249 -0.501339 0.787602 0.0 -0.422496 -0.490481 0.853256 1.0]
284
	ConcatTransform [1.1 0.0 0.0 0.0 0.0 1.1 0.0 0.0 0.0 0.0 1.1 0.0 -9.609 0.05 6.704 1.0]
	ConcatTransform [0.892006 -0.451706 0.016936 0.0 0.35137 0.716465 0.602675 0.0 -0.284366 -0.531639 0.797807 0.0 -0.422607 -0.496156 0.860334 1.0]
285
	ConcatTransform [1.1 0.0 0.0 0.0 0.0 1.1 0.0 0.0 0.0 0.0 1.1 0.0 -9.609 0.05 6.704 1.0]
	ConcatTransform [0.892524 -0.45035 -0.024191 0.0 0.373317 0.707632 0.599909 0.0 -0.253051 -0.544464 0.799702 0.0 -0.420027 -0.497406 0.861827 1.0]
286
	ConcatTransform [1.1 0.0 0.0 0.0 0.0 1.1 0.0 0.0 0.0 0.0 1.1 0.0 -9.609 0.05 6.704 1.0]
	ConcatTransform [0.895186 -0.43964 -0.073207 0.0 0.391137 0.696194 0.601935 0.0 -0.213668 -0.567477 0.795182 0.0 -0.413672 -0.500031 0.860673 1.0]
287
	ConcatTransform [1.1 0.0 0.0 0.0 0.0 1.1 0.0 0.0 0.0 0.0 1.1 0.0 -9.609 0.05 6.704 1.0]
	ConcatTransform [0.898569 -0.426904 -0.101621 0.0 0.396624 0.690971 0.604358 0.0 -0.187786 -0.583363 0.790205 0.0 -0.408042 -0.502272 0.857723 1.0]
288
	ConcatTransform [1.1 0.0 0.0 0.0 0.0 1.1 0.0 0.0 0.0 0.0 1.1 0.0 -9.609 0.05 6.704 1.0]
	ConcatTransform [0.907749 -0.395704 -0.139317 0.0 0.394178 0.690863 0.60608 0.0 -0.143579 -0.605084 0.783108 0.0 -0.397914 -0.50496 0.850073 1.0]
289
	ConcatTransform [1.1 0.0 0.0 0.0 0.0 1.1 0.0 0.0 0.0 0.0 1.1 0.0 -9.609 0.05 6.704 1.0]
	ConcatTransform [0.909624 -0.382871 -0.161227 0.0 0.395899 0.681304 0.615701 0.0 -0.12589 -0.623886 0.771309 0.0 -0.39017 -0.506522 0.843282 1.0]
290
	ConcatTransform [1.1 0.0 0.0 0.0 0.0 1.1 0.0 0.0 0.0 0.0 1.1 0.0 -9.609 0.05 6.704 1.0]
	ConcatTransform [0.918089 -0.346888 -0.191782 0.0 0.38677 0.678143 0.624925 0.0 -0.086723 -0.647913 0.756761 0.0 -0.377844 -0.508666 0.830655 1.0]
291
	ConcatTransform [1.1 0.0 0.0 0.0 0.0 1.1 0.0 0.0 0.0 0.0 1.1 0.0 -9.609 0.05 6.704 1.0]
	ConcatTransform [0.924485 -0.31848 -0.209518 0.0 0.376409 0.675571 0.633972 0.0 -0.060363 -0.664962 0.744434 0.0 -0.369353 -0.509614 0.820952 1.0]
292
	ConcatTransform [1.1 0.0 0.0 0.0 0.0 1.1 0.0 0.0 0.0 0.0 1.1 0.0 -9.609 0.05 6.704 1.0]
	ConcatTransform [0.929922 -0.279884 -0.23856 0.0 0.366628 0.65474 0.660984 0.0 -0.028803 -0.702126 0.71147 0.0 -0.356726 -0.510671 0.80525 1.0]
293
	ConcatTransform [1.1 0.0 0.0 0.0 0.0 1.1 0.0 0.0 0.0 0.0 1.1 0.0 -9.609 0.05 6.704 1.0]
	ConcatTransform [0.931582 -0.260964 -0.253086 0.0 0.363284 0.642642 0.674564 0.0 -0.013393 -0.720353 0.693478 0.0 -0.348732 -0.510479 0.794194 1.0]
294
	ConcatTransform [1.1 0.0 0.0 0.0 0.0 1.1 0.0 0.0 0.0 0.0 1.1 0.0 -9.609 0.05 6.704 1.0]
	ConcatTransform [0.930276 -0.248802 -0.269602 0.0 0.366848 0.624456 0.689549 0.0 -0.003206 -0.740373 0.672188 0.0 -0.33759 -0.510036 0.777516 1.0]
295
	ConcatTransform [1.1 0.0 0.0 0.0 0.0 1.1 0.0 0.0 0.0 0.0 1.1 0.0 -9.609 0.05 6.704 1.0]
	ConcatTransform [0.929249 -0.241589 -0.27952 0.0 0.369443 0.613528 0.697922 0.0 0.002884 -0.75181 0.659374 0.0 -0.330942 -0.509598 0.766684 1.0]
296
	ConcatTransform [1.1 0.0 0.0 0.0 0.0 1.1 0.0 0.0 0.0 0.0 1.1 0.0 -9.609 0.05 6.704 1.0]
	ConcatTransform [0.929235 -0.22896 -0.289999 0.0 0.369182 0.607317 0.70347 0.0 0.015055 -0.760752 0.648868 0.0 -0.322288 -0.508876 0.751198 1.0]
297
	ConcatTransform [1.1 0.0 0.0 0.0 0.0 1.1 0.0 0.0 0.0 0.0 1.1 0.0 -9.609 0.05 6.704 1.0]
	ConcatTransform [0.927568 -0.227537 -0.296386 0.0 0.373208 0.602931 0.705117 0.0 0.01826 -0.764657 0.644178 0.0 -0.317269 -0.508675 0.7416 1.0]
298
	ConcatTransform [1.1 0.0 0.0 0.0 0.0 1.1 0.0 0.0 0.0 0.0 1.1 0.0 -9.609 0.05 6.704 1.0]
	ConcatTransform [0.922075 -0.235923 -0.306786 0.0 0.386722 0.592319 0.706827 0.0 0.014958 -0.770389 0.637399 0.0 -0.310831 -0.508729 0.728527 1.0]
299
	ConcatTransform [1.1 0.0 0.0 0.0 0.0 1.1 0.0 0.0 0.0 0.0 1.1 0.0 -9.609 0.05 6.704 1.0]
	ConcatTransform [0.919583 -0.239136 -0.311737 0.0 0.39259 0.590499 0.705112 0.0 0.015463 -0.770795 0.636896 0.0 -0.307382 -0.508801 0.720699 1.0]
300
	ConcatTransform [1.1 0.0 0.0 0.0 0.0 1.1 0.0 0.0 0.0 0.0 1.1 0.0 -9.609 0.05 6.704 1.0]
	ConcatTransform [0.917799 -0.239966 -0.316326 0.0 0.396505 0.595535 0.698657 0.0 0.020729 -0.766652 0.641729 0.0 -0.303369 -0.508981 0.710318 1.0]
301
	ConcatTransform [1.1 0.0 0.0 0.0 0.0 1.1 0.0 0.0 0.0 0.0 1.1 0.0 -9.609 0.05 6.704 1.0]
	ConcatTransform [0.914759 -0.245736 -0.320671 0.0 0.403516 0.594606 0.695427 0.0 0.019781 -0.765543 0.64308 0.0 -0.301256 -0.509181 0.704376 1.0]
302
	ConcatTransform [1.1 0.0 0.0 0.0 0.0 1.1 0.0 0.0 0.0 0.0 1.1 0.0 -9.609 0.05 6.704 1.0]
	ConcatTransform [0.911267 -0.237782 -0.336233 0.0 0.410463 0.590559 0.694809 0.0 0.033352 -0.771168 0.635758 0.0 -0.299145 -0.508692 0.697029 1.0]
303
	ConcatTransform [1.1 0.0 0.0 0.0 0.0 1.1 0.0 0.0 0.0 0.0 1.1 0.0 -9.609 0.05 6.704 1.0]
	ConcatTransform [0.906196 -0.235544 -0.35118 0.0 0.42052 0.589181 0.689948 0.0 0.044395 -0.772907 0.632965 0.0 -0.29831 -0.508526 0.693039 1.0]
304
	ConcatTransform [1.1 0.0 0.0 0.0 0.0 1.1 0.0 0.0 0.0 0.0 1.1 0.0 -9.609 0.05 6.704 1.0]
	ConcatTransform [0.895447 -0.234855 -0.378177 0.0 0.44061 0.588832 0.677599 0.0 0.063546 -0.773382 0.630747 0.0 -0.29796 -0.508456 0.688454 1.0]
305
	ConcatTransform [1.1 0.0 0.0 0.0 0.0 1.1 0.0 0.0 0.0 0.0 1.1 0.0 -9.609 0.05 6.704 1.0]
	ConcatTransform [0.885714 -0.235385 -0.400132 0.0 0.457592 0.587932 0.667043 0.0 0.078238 -0.773906 0.628449 0.0 -0.298302 -0.508423 0.686438 1.0]
306
	ConcatTransform [1.1 0.0 0.0 0.0 0.0 1.1 0.0 0.0 0.0 0.0 1.1 0.0 -9.609 0.05 6.704 1.0]
	ConcatTransform [0.867476 -0.237804 -0.436961 0.0 0.486678 0.587702 0.646337 0.0 0.103101 -0.773341 0.625551 0.0 -0.299608 -0.508523 0.684946 1.0]
307
	ConcatTransform [1.1 0.0 0.0 0.0 0.0 1.1 0.0 0.0 0.0 0.0 1.1 0.0 -9.609 0.05 6.704 1.0]
	ConcatTransform [0.852786 -0.241569 -0.463033 0.0 0.507918 0.58997 0.627658 0.0 0.121553 -0.770441 0.625816 0.0 -0.300944 -0.508768 0.684871 1.0]
308
	ConcatTransform [1.1 0.0 0.0 0.0 0.0 1.1 0.0 0.0 0.0 0.0 1.1 0.0 -9.609 0.05 6.704 1.0]
	ConcatTransform [0.827259 -0.249935 -0.503165 0.0 0.540967 0.596103 0.59331 0.0 0.151649 -0.763016 0.628338 0.0 -0.303552 -0.509297 0.686092 1.0]
309
	ConcatTransform [1.1 0.0 0.0 0.0 0.0 1.1 0.0 0.0 0.0 0.0 1.1 0.0 -9.609 0.05 6.704 1.0]
	ConcatTransform [0.808102 -0.256829 -0.530104 0.0 0.563302 0.600074 0.56798 0.0 0.172228 -0.757594 0.629594 0.0 -0.305626 -0.509645 0.68776 1.0]
310
	ConcatTransform [1.1 0.0 0.0 0.0 0.0 1.1 0.0 0.0 0.0 0.0 1.1 0.0 -9.609 0.05 6.704 1.0]
	ConcatTransform [0.776649 -0.26887 -0.569671 0.0 0.596544 0.604437 0.528007 0.0 0.202365 -0.74991 0.629828 0.0 -0.309114 -0.51009 0.691378 1.0]
311
	ConcatTransform [1.1 0.0 0.0 0.0 0.0 1.1 0.0 0.0 0.0 0.0 1.1 0.0 -9.609 0.05 6.704 1.0]
	ConcatTransform [0.754242 -0.279295 -0.594233 0.0 0.618051 0.607516 0.498936 0.0 0.221656 -0.743585 0.630832 0.0 -0.311619 -0.510381 0.694368 1.0]
312
	ConcatTransform [1.1 0.0 0.0 0.0 0.0 1.1 0.0 0.0 0.0 0.0 1.1 0.0 -9.609 0.05 6.704 1.0]
	ConcatTransform [0.719347 -0.294923 -0.628936 0.0 0.64794 0.611272 0.454445 0.0 0.250424 -0.734417 0.630809 0.0 -0.315519 -0.510656 0.69952 1.0]
313
	ConcatTransform [1.1 0.0 0.0 0.0 0.0 1.1 0.0 0.0 0.0 0.0 1.1 0.0 -9.609 0.05 6.704 1.0]
	ConcatTransform [0.695213 -0.304815 -0.650974 0.0 0.666572 0.612307 0.425162 0.0 0.269 -0.729499 0.628865 0.0 -0.318116 -0.510729 0.70327 1.0]
314
	ConcatTransform [1.1 0.0 0.0 0.0 0.0 1.1 0.0 0.0 0.0 0.0 1.1 0.0 -9.609 0.05 6.704 1.0]
	ConcatTransform [0.657938 -0.317341 -0.682944 0.0 0.69221 0.612006 0.382485 0.0 0.296587 -0.724392 0.622328 0.0 -0.321882 -0.510716 0.709136 1.0]
315
	ConcatTransform [1.1 0.0 0.0 0.0 0.0 1.1 0.0 0.0 0.0 0.0 1.1 0.0 -9.609 0.05 6.704 1.0]
	ConcatTransform [0.633598 -0.32278 -0.703112 0.0 0.705617 0.613781 0.354086 0.0 0.317265 -0.720476 0.61665 0.0 -0.324276 -0.510697 0.713041 1.0]
316
	ConcatTransform [1.1 0.0 0.0 0.0 0.0 1.1 0.0 0.0 0.0 0.0 1.1 0.0 -9.609 0.05 6.704 1.0]
	ConcatTransform [0.594834 -0.332945 -0.731656 0.0 0.725986 0.613301 0.311138 0.0 0.345133 -0.716247 0.606525 0.0 -0.327537 -0.510581 0.718714 1.0]
317
	ConcatTransform [1.1 0.0 0.0 0.0 0.0 1.1 0.0 0.0 0.0 0.0 1.1 0.0 -9.609 0.05 6.704 1.0]
	ConcatTransform [0.569009 -0.336073 -0.750523 0.0 0.73692 0.61342 0.284016 0.0 0.364935 -0.714683 0.5967 0.0 -0.329501 -0.510531 0.722318 1.0]
318
	ConcatTransform [1.1 0.0 0.0 0.0 0.0 1.1 0.0 0.0 0.0 0.0 1.1 0.0 -9.609 0.05 6.704 1.0]
	ConcatTransform [0.529146 -0.336717 -0.778862 0.0 0.751562 0.612084 0.245983 0.0 0.393902 -0.715524 0.576946 0.0 -0.332056 -0.510512 0.727363 1.0]
319
	ConcatTransform [1.1 0.0 0.0 0.0 0.0 1.1 0.0 0.0 0.0 0.0 1.1 0.0 -9.609 0.05 6.704 1.0]
	ConcatTransform [0.502122 -0.337146 -0.796371 0.0 0.759605 0.612119 0.219798 0.0 0.41337 -0.715292 0.563456 0.0 -0.333514 -0.510504 0.730396 1.0]
320
	ConcatTransform [1.1 0.0 0.0 0.0 0.0 1.1 0.0 0.0 0.0 0.0 1.1 0.0 -9.609 0.05 6.704 1.0]
	ConcatTransform [0.460899 -0.338694 -0.820279 0.0 0.769195 0.613461 0.178897 0.0 0.442618 -0.713408 0.543266 0.0 -0.335351 -0.510479 0.734409 1.0]
321
	ConcatTransform [1.1 0.0 0.0 0.0 0.0 1.1 0.0 0.0 0.0 0.0 1.1 0.0 -9.609 0.05 6.704 1.0]
	ConcatTransform [0.432644 -0.337647 -0.835951 0.0 0.774681 0.613534 0.153123 0.0 0.461182 -0.713843 0.52701 0.0 -0.336343 -0.510495 0.736772 1.0]
322
	ConcatTransform [1.1 0.0 0.0 0.0 0.0 1.1 0.0 0.0 0.0 0.0 1.1 0.0 -9.609 0.05 6.704 1.0]
	ConcatTransform [0.389097 -0.333257 -0.858804 0.0 0.781694 0.612702 0.116403 0.0 0.487399 -0.716614 0.498905 0.0 -0.337511 -0.51056 0.739856 1.0]
323
	ConcatTransform [1.1 0.0 0.0 0.0 0.0 1.1 0.0 0.0 0.0 0.0 1.1 0.0 -9.609 0.05 6.704 1.0]
	ConcatTransform [0.359665 -0.33147 -0.87222 0.0 0.78486 0.613003 0.090682 0.0 0.504615 -0.717185 0.480634 0.0 -0.338112 -0.510583 0.741569 1.0]
324
	ConcatTransform [1.1 0.0 0.0 0.0 0.0 1.1 0.0 0.0 0.0 0.0 1.1 0.0 -9.609 0.05 6.704 1.0]
	ConcatTransform [0.315009 -0.33017 -0.889807 0.0 0.787334 0.614434 0.050742 0.0 0.529975 -0.71656 0.453507 0.0 -0.338787 -0.510599 0.74367 1.0]
325
	ConcatTransform [1.1 0.0 0.0 0.0 0.0 1.1 0.0 0.0 0.0 0.0 1.1 0.0 -9.609 0.05 6.704 1.0]
	ConcatTransform [0.284565 -0.327987 -0.900804 0.0 0.788246 0.614846 0.025139 0.0 0.545611 -0.717209 0.433498 0.0 -0.339089 -0.510623 0.744823 1.0]
326
	ConcatTransform [1.1 0.0 0.0 0.0 0.0 1.1 0.0 0.0 0.0 0.0 1.1 0.0 -9.609 0.05 6.704 1.0]
	ConcatTransform [0.23796 -0.323487 -0.915823 0.0 0.78851 0.614898 -0.012314 0.0 0.567121 -0.719205 0.401394 0.0 -0.339355 -0.510664 0.746213 1.0]
327
	ConcatTransform [1.1 0.0 0.0 0.0 0.0 1.1 0.0 0.0 0.0 0.0 1.1 0.0 -9.609 0.05 6.704 1.0]
	ConcatTransform [0.206628 -0.321479 -0.924098 0.0 0.78735 0.615333 -0.038013 0.0 0.580848 -0.719734 0.380261 0.0 -0.339445 -0.510754 0.746924 1.0]
328
	ConcatTransform [1.1 0.0 0.0 0.0 0.0 1.1 0.0 0.0 0.0 0.0 1.1 0.0 -9.609 0.05 6.704 1.0]
	ConcatTransform [0.159487 -0.319706 -0.933998 0.0 0.78329 0.616821 -0.077384 0.0 0.60085 -0.71925 0.348797 0.0 -0.339474 -0.51073 0.747703 1.0]
329
	ConcatTransform [1.1 0.0 0.0 0.0 0.0 1.1 0.0 0.0 0.0 0.0 1.1 0.0 -9.609 0.05 6.704 1.0]
	ConcatTransform [0.127592 -0.317938 -0.939487 0.0 0.779873 0.617401 -0.103024 0.0 0.612795 -0.719536 0.326727 0.0 -0.339421 -0.510726 0.748081 1.0]
330
	ConcatTransform [1.1 0.0 0.0 0.0 0.0 1.1 0.0 0.0 0.0 0.0 1.1 0.0 -9.609 0.05 6.704 1.0]
	ConcatTransform [0.079202 -0.315494 -0.945617 0.0 0.773565 0.61776 -0.141317 0.0 0.628749 -0.720303 0.292982 0.0 -0.339268 -0.5108 0.748475 1.0]
331
	ConcatTransform [1.1 0.0 0.0 0.0 0.0 1.1 0.0 0.0 0.0 0.0 1.1 0.0 -9.609 0.05 6.704 1.0]
	ConcatTransform [0.046918 -0.314621 -0.948057 0.0 0.768021 0.618226 -0.167156 0.0 0.638704 -0.720285 0.270641 0.0 -0.339145 -0.510803 0.748645 1.0]
332
	ConcatTransform [1.1 0.0 0.0 0.0 0.0 1.1 0.0 0.0 0.0 0.0 1.1 0.0 -9.609 0.05 6.704 1.0]
	ConcatTransform [-0.001555 -0.313413 -0.949616 0.0 0.757935 0.619093 -0.205568 0.0 0.652328 -0.720067 0.236584 0.0 -0.338931 -0.510805 0.748777 1.0]
333
	ConcatTransform [1.1 0.0 0.0 0.0 0.0 1.1 0.0 0.0 0.0 0.0 1.1 0.0 -9.609 0.05 6.704 1.0]
	ConcatTransform [-0.033976 -0.312333 -0.949365 0.0 0.750297 0.61955 -0.230678 0.0 0.660227 -0.720143 0.213293 0.0 -0.33877 -0.510777 0.748804 1.0]
334
	ConcatTransform [1.1 0.0 0.0 0.0 0.0 1.1 0.0 0.0 0.0 0.0 1.1 0.0 -9.609 0.05 6.704 1.0]
	ConcatTransform [-0.082597 -0.311029 -0.946805 0.0 0.737326 0.620091 -0.268024 0.0 0.670468 -0.720242 0.178112 0.0 -0.338521 -0.510778 0.74877 1.0]
335
	ConcatTransform [1.1 0.0 0.0 0.0 0.0 1.1 0.0 0.0 0.0 0.0 1.1 0.0 -9.609 0.05 6.704 1.0]
	ConcatTransform [-0.114895 -0.310708 -0.943536 0.0 0.727581 0.620359 -0.292883 0.0 0.676332 -0.72015 0.154789 0.0 -0.338357 -0.510809 0.748711 1.0]
336
	ConcatTransform [1.1 0.0 0.0 0.0 0.0 1.1 0.0 0.0 0.0 0.0 1.1 0.0 -9.609 0.05 6.704 1.0]
	ConcatTransform [-0.163079 -0.310394 -0.936515 0.0 0.711362 0.620743 -0.329608 0.0 0.683644 -0.719954 0.119572 0.0 -0.338124 -0.510809 0.748592 1.0]
337
	ConcatTransform [1.1 0.0 0.0 0.0 0.0 1.1 0.0 0.0 0.0 0.0 1.1 0.0 -9.609 0.05 6.704 1.0]
	ConcatTransform [-0.195017 -0.310231 -0.930444 0.0 0.699591 0.62089 -0.35365 0.0 0.687417 -0.719897 0.095951 0.0 -0.337979 -0.510809 0.748507 1.0]
338
	ConcatTransform [1.1 0.0 0.0 0.0 0.0 1.1 0.0 0.0 0.0 0.0 1.1 0.0 -9.609 0.05 6.704 1.0]
	ConcatTransform [-0.242584 -0.309712 -0.919365 0.0 0.680596 0.620998 -0.388782 0.0 0.691334 -0.720028 0.060145 0.0 -0.337778 -0.510792 0.748376 1.0]
339
	ConcatTransform [1.1 0.0 0.0 0.0 0.0 1.1 0.0 0.0 0.0 0.0 1.1 0.0 -9.609 0.05 6.704 1.0]
	ConcatTransform [-0.273901 -0.309662 -0.910542 0.0 0.666836 0.62108 -0.411812 0.0 0.693043 -0.719978 0.03638 0.0 -0.33766 -0.510809 0.748282 1.0]
340
	ConcatTransform [1.1 0.0 0.0 0.0 0.0 1.1 0.0 0.0 0.0 0.0 1.1 0.0 -9.609 0.05 6.704 1.0]
	ConcatTransform [-0.320294 -0.309693 -0.895267 0.0 0.64479 0.621086 -0.44553 0.0 0.694015 -0.71996 0.000757 0.0 -0.337499 -0.510809 0.748151 1.0]
341
	ConcatTransform [1.1 0.0 0.0 0.0 0.0 1.1 0.0 0.0 0.0 0.0 1.1 0.0 -9.609 0.05 6.704 1.0]
	ConcatTransform [-0.350796 -0.309342 -0.883883 0.0 0.629225 0.621181 -0.467129 0.0 0.693554 -0.720029 -0.023262 0.0 -0.337405 -0.510778 0.748062 1.0]
342
	ConcatTransform [1.1 0.0 0.0 0.0 0.0 1.1 0.0 0.0 0.0 0.0 1.1 0.0 -9.609 0.05 6.704 1.0]
	ConcatTransform [-0.395736 -0.308892 -0.864857 0.0 0.604439 0.621399 -0.498514 0.0 0.691409 -0.720034 -0.059204 0.0 -0.337286 -0.510752 0.747914 1.0]
343
	ConcatTransform [1.1 0.0 0.0 0.0 0.0 1.1 0.0 0.0 0.0 0.0 1.1 0.0 -9.609 0.05 6.704 1.0]
	ConcatTransform [-0.425138 -0.308642 -0.850881 0.0 0.58705 0.621503 -0.518755 0.0 0.688935 -0.720051 -0.083037 0.0 -0.337219 -0.510742 0.74781 1.0]
344
	ConcatTransform [1.1 0.0 0.0 0.0 0.0 1.1 0.0 0.0 0.0 0.0 1.1 0.0 -9.609 0.05 6.704 1.0]
	ConcatTransform [-0.468304 -0.308731 -0.827875 0.0 0.559681 0.621374 -0.548317 0.0 0.683702 -0.720125 -0.118201 0.0 -0.337134 -0.510808 0.747661 1.0]
345
	ConcatTransform [1.1 0.0 0.0 0.0 0.0 1.1 0.0 0.0 0.0 0.0 1.1 0.0 -9.609 0.05 6.704 1.0]
	ConcatTransform [-0.496374 -0.308937 -0.811278 0.0 0.540552 0.621259 -0.56731 0.0 0.679276 -0.720136 -0.14138 0.0 -0.337088 -0.510791 0.747577 1.0]
346
	ConcatTransform [1.1 0.0 0.0 0.0 0.0 1.1 0.0 0.0 0.0 0.0 1.1 0.0 -9.609 0.05 6.704 1.0]
	ConcatTransform [-0.537415 -0.308565 -0.784839 0.0 0.510782 0.621431 -0.594076 0.0 0.671034 -0.720147 -0.176357 0.0 -0.337035 -0.510759 0.747457 1.0]
347
	ConcatTransform [1.1 0.0 0.0 0.0 0.0 1.1 0.0 0.0 0.0 0.0 1.1 0.0 -9.609 0.05 6.704 1.0]
	ConcatTransform [-0.564008 -0.308429 -0.766007 0.0 0.4902 0.621446 -0.611154 0.0 0.66453 -0.720192 -0.199309 0.0 -0.33701 -0.510746 0.747375 1.0]
348
	ConcatTransform [1.1 0.0 0.0 0.0 0.0 1.1 0.0 0.0 0.0 0.0 1.1 0.0 -9.609 0.05 6.704 1.0]
	ConcatTransform [-0.602551 -0.308504 -0.736041 0.0 0.458068 0.621538 -0.635503 0.0 0.653533 -0.720081 -0.233193 0.0 -0.336988 -0.510808 0.747263 1.0]
349
	ConcatTransform [1.1 0.0 0.0 0.0 0.0 1.1 0.0 0.0 0.0 0.0 1.1 0.0 -9.609 0.05 6.704 1.0]
	ConcatTransform [-0.627345 -0.308678 -0.714952 0.0 0.435919 0.621571 -0.650864 0.0 0.645301 -0.719977 -0.255381 0.0 -0.33698 -0.510808 0.747201 1.0]
350
	ConcatTransform [1.1 0.0 0.0 0.0 0.0 1.1 0.0 0.0 0.0 0.0 1.1 0.0 -9.609 0.05 6.704 1.0]
	ConcatTransform [-0.663204 -0.308902 -0.681719 0.0 0.401854 0.621457 -0.672536 0.0 0.631407 -0.71998 -0.288019 0.0 -0.336979 -0.510791 0.747128 1.0]
351
	ConcatTransform [1.1 0.0 0.0 0.0 0.0 1.1 0.0 0.0 0.0 0.0 1.1 0.0 -9.609 0.05 6.704 1.0]
	ConcatTransform [-0.68623 -0.308724 -0.658618 0.0 0.378729 0.621393 -0.685883 0.0 0.621009 -0.720111 -0.309496 0.0 -0.336987 -0.510767 0.747087 1.0]
352
	ConcatTransform [1.1 0.0 0.0 0.0 0.0 1.1 0.0 0.0 0.0 0.0 1.1 0.0 -9.609 0.05 6.704 1.0]
	ConcatTransform [-0.719177 -0.308679 -0.622497 0.0 0.343067 0.621333 -0.70445 0.0 0.604227 -0.720183 -0.340951 0.0 -0.337015 -0.510778 0.74704 1.0]
353
	ConcatTransform [1.1 0.0 0.0 0.0 0.0 1.1 0.0 0.0 0.0 0.0 1.1 0.0 -9.609 0.05 6.704 1.0]
	ConcatTransform [-0.740127 -0.308553 -0.5975 0.0 0.318853 0.621268 -0.715793 0.0 0.592068 -0.720292 -0.361434 0.0 -0.337043 -0.510759 0.747011 1.0]
354
	ConcatTransform [1.1 0.0 0.0 0.0 0.0 1.1 0.0 0.0 0.0 0.0 1.1 0.0 -9.609 0.05 6.704 1.0]
	ConcatTransform [-0.769808 -0.308737 -0.558639 0.0 0.281617 0.621144 -0.73135 0.0 0.57279 -0.720321 -0.391216 0.0 -0.337097 -0.510791 0.746977 1.0]
355
	ConcatTransform [1.1 0.0 0.0 0.0 0.0 1.1 0.0 0.0 0.0 0.0 1.1 0.0 -9.609 0.05 6.704 1.0]
	ConcatTransform [-0.788552 -0.308558 -0.531956 0.0 0.256542 0.621101 -0.740554 0.0 0.558903 -0.720434 -0.410612 0.0 -0.337136 -0.510767 0.746961 1.0]
356
	ConcatTransform [1.1 0.0 0.0 0.0 0.0 1.1 0.0 0.0 0.0 0.0 1.1 0.0 -9.609 0.05 6.704 1.0]
	ConcatTransform [-0.814914 -0.308446 -0.490689 0.0 0.218337 0.620879 -0.752887 0.0 0.536884 -0.720674 -0.438618 0.0 -0.337198 -0.510791 0.746941 1.0]
357
	ConcatTransform [1.1 0.0 0.0 0.0 0.0 1.1 0.0 0.0 0.0 0.0 1.1 0.0 -9.609 0.05 6.704 1.0]
	ConcatTransform [-0.831239 -0.308566 -0.462417 0.0 0.192418 0.620696 -0.760073 0.0 0.521553 -0.72078 -0.456573 0.0 -0.337237 -0.510791 0.746935 1.0]
358
	ConcatTransform [1.1 0.0 0.0 0.0 0.0 1.1 0.0 0.0 0.0 0.0 1.1 0.0 -9.609 0.05 6.704 1.0]
	ConcatTransform [-0.853934 -0.308393 -0.419154 0.0 0.153228 0.620752 -0.768888 0.0 0.49731 -0.720806 -0.482827 0.0 -0.337296 -0.510759 0.746925 1.0]
359
	ConcatTransform [1.1 0.0 0.0 0.0 0.0 1.1 0.0 0.0 0.0 0.0 1.1 0.0 -9.609 0.05 6.704 1.0]
	ConcatTransform [-0.867823 -0.308268 -0.389685 0.0 0.126883 0.620781 -0.773649 0.0 0.4804 -0.720834 -0.499613 0.0 -0.337336 -0.510746 0.746915 1.0]
360
	ConcatTransform [1.1 0.0 0.0 0.0 0.0 1.1 0.0 0.0 0.0 0.0 1.1 0.0 -9.609 0.05 6.704 1.0]
	ConcatTransform [0.312555 -0.865136 -0.392236 0.0 -0.715261 0.057371 -0.696498 0.0 0.625068 0.498246 -0.600867 0.0 2.540421 -128.056564 -3.886866 1.0]
