228
	ConcatTransform [1.1 0.0 0.0 0.0 0.0 1.1 0.0 0.0 0.0 0.0 1.1 0.0 -9.609 0.05 6.704 1.0]
	ConcatTransform [-0.221119 0.974193 -0.045316 0.0 -0.937995 -0.199724 0.28333 0.0 0.266968 0.105156 0.957951 0.0 -0.148444 0.211592 0.186514 1.0]
229
	ConcatTransform [1.1 0.0 0.0 0.0 0.0 1.1 0.0 0.0 0.0 0.0 1.1 0.0 -9.609 0.05 6.704 1.0]
	ConcatTransform [-0.744325 0.607352 -0.277674 0.0 -0.604676 -0.789414 -0.105794 0.0 -0.283454 0.089158 0.954832 0.0 -0.260554 0.362749 0.293624 1.0]
230
	ConcatTransform [1.1 0.0 0.0 0.0 0.0 1.1 0.0 0.0 0.0 0.0 1.1 0.0 -9.609 0.05 6.704 1.0]
	ConcatTransform [-0.642277 0.042797 -0.765277 0.0 0.374364 -0.853729 -0.361937 0.0 -0.668829 -0.518956 0.532309 0.0 -0.439141 0.545903 0.469016 1.0]
231
	ConcatTransform [1.1 0.0 0.0 0.0 0.0 1.1 0.0 0.0 0.0 0.0 1.1 0.0 -9.609 0.05 6.704 1.0]
	ConcatTransform [-0.294707 0.029025 -0.955147 0.0 0.83127 -0.485205 -0.27123 0.0 -0.471315 -0.873918 0.118866 0.0 -0.560175 0.646407 0.585178 1.0]
232
	ConcatTransform [1.1 0.0 0.0 0.0 0.0 1.1 0.0 0.0 0.0 0.0 1.1 0.0 -9.609 0.05 6.704 1.0]
	ConcatTransform [-0.205753 0.488523 -0.847945 0.0 0.977538 0.062176 -0.201377 0.0 -0.045655 -0.870333 -0.490343 0.0 -0.728381 0.742971 0.752272 1.0]
233
	ConcatTransform [1.1 0.0 0.0 0.0 0.0 1.1 0.0 0.0 0.0 0.0 1.1 0.0 -9.609 0.05 6.704 1.0]
	ConcatTransform [-0.298914 0.708078 -0.639747 0.0 0.953765 0.243697 -0.17591 0.0 0.031346 -0.66275 -0.748184 0.0 -0.8159 0.766695 0.858024 1.0]
234
	ConcatTransform [1.1 0.0 0.0 0.0 0.0 1.1 0.0 0.0 0.0 0.0 1.1 0.0 -9.609 0.05 6.704 1.0]
	ConcatTransform [-0.34494 0.879613 -0.327562 0.0 0.933145 0.283713 -0.220788 0.0 -0.101275 -0.381822 -0.918671 0.0 -0.921687 0.759113 1.003855 1.0]
235
	ConcatTransform [1.1 0.0 0.0 0.0 0.0 1.1 0.0 0.0 0.0 0.0 1.1 0.0 -9.609 0.05 6.704 1.0]
	ConcatTransform [-0.296131 0.947163 -0.123241 0.0 0.925559 0.252692 -0.281935 0.0 -0.235897 -0.197556 -0.951485 0.0 -0.984602 0.737062 1.094873 1.0]
236
	ConcatTransform [1.1 0.0 0.0 0.0 0.0 1.1 0.0 0.0 0.0 0.0 1.1 0.0 -9.609 0.05 6.704 1.0]
	ConcatTransform [-0.129 0.982537 0.13409 0.0 0.902995 0.172273 -0.393601 0.0 -0.409828 0.070308 -0.909449 0.0 -1.075897 0.682758 1.228015 1.0]
237
	ConcatTransform [1.1 0.0 0.0 0.0 0.0 1.1 0.0 0.0 0.0 0.0 1.1 0.0 -9.609 0.05 6.704 1.0]
	ConcatTransform [0.013413 0.959252 0.282234 0.0 0.867725 0.12909 -0.479989 0.0 -0.496864 0.25134 -0.830635 0.0 -1.134012 0.6339 1.311564 1.0]
238
	ConcatTransform [1.1 0.0 0.0 0.0 0.0 1.1 0.0 0.0 0.0 0.0 1.1 0.0 -9.609 0.05 6.704 1.0]
	ConcatTransform [0.237014 0.843268 0.482414 0.0 0.782248 0.128819 -0.609503 0.0 -0.576119 0.521828 -0.629113 0.0 -1.218885 0.543287 1.431318 1.0]
239
	ConcatTransform [1.1 0.0 0.0 0.0 0.0 1.1 0.0 0.0 0.0 0.0 1.1 0.0 -9.609 0.05 6.704 1.0]
	ConcatTransform [0.390985 0.721899 0.570957 0.0 0.713747 0.153856 -0.683296 0.0 -0.581116 0.674678 -0.455098 0.0 -1.275468 0.470505 1.511155 1.0]
240
	ConcatTransform [1.1 0.0 0.0 0.0 0.0 1.1 0.0 0.0 0.0 0.0 1.1 0.0 -9.609 0.05 6.704 1.0]
	ConcatTransform [0.608093 0.490491 0.624212 0.0 0.603155 0.225789 -0.764999 0.0 -0.516166 0.841687 -0.158542 0.0 -1.360341 0.342772 1.630909 1.0]
241
	ConcatTransform [1.1 0.0 0.0 0.0 0.0 1.1 0.0 0.0 0.0 0.0 1.1 0.0 -9.609 0.05 6.704 1.0]
	ConcatTransform [0.731917 0.315767 0.603811 0.0 0.53015 0.292793 -0.795747 0.0 -0.428062 0.902532 0.046896 0.0 -1.416924 0.245242 1.710746 1.0]
242
	ConcatTransform [1.1 0.0 0.0 0.0 0.0 1.1 0.0 0.0 0.0 0.0 1.1 0.0 -9.609 0.05 6.704 1.0]
	ConcatTransform [0.869231 0.047065 0.492161 0.0 0.431782 0.412644 -0.802053 0.0 -0.240836 0.909676 0.338361 0.0 -1.501797 0.080388 1.8305 1.0]
243
	ConcatTransform [1.1 0.0 0.0 0.0 0.0 1.1 0.0 0.0 0.0 0.0 1.1 0.0 -9.609 0.05 6.704 1.0]
	ConcatTransform [0.921102 -0.122023 0.369704 0.0 0.378922 0.498993 -0.779374 0.0 -0.089378 0.857972 0.505861 0.0 -1.558379 -0.041889 1.910337 1.0]
244
	ConcatTransform [1.1 0.0 0.0 0.0 0.0 1.1 0.0 0.0 0.0 0.0 1.1 0.0 -9.609 0.05 6.704 1.0]
	ConcatTransform [0.93226 -0.337299 0.130845 0.0 0.32599 0.626297 -0.708154 0.0 0.156912 0.702838 0.693828 0.0 -1.643253 -0.243865 2.030091 1.0]
245
	ConcatTransform [1.1 0.0 0.0 0.0 0.0 1.1 0.0 0.0 0.0 0.0 1.1 0.0 -9.609 0.05 6.704 1.0]
	ConcatTransform [0.894666 -0.443662 -0.052324 0.0 0.311121 0.702837 -0.639706 0.0 0.320588 0.556044 0.766837 0.0 -1.699835 -0.39089 2.109928 1.0]
246
	ConcatTransform [1.1 0.0 0.0 0.0 0.0 1.1 0.0 0.0 0.0 0.0 1.1 0.0 -9.609 0.05 6.704 1.0]
	ConcatTransform [0.880495 -0.361538 -0.306626 0.0 0.021787 0.676993 -0.735667 0.0 0.473555 0.64107 0.603966 0.0 -1.784288 -0.516211 2.216285 1.0]
247
	ConcatTransform [1.1 0.0 0.0 0.0 0.0 1.1 0.0 0.0 0.0 0.0 1.1 0.0 -9.609 0.05 6.704 1.0]
	ConcatTransform [0.718061 -0.52859 -0.452747 0.0 -0.041421 0.616908 -0.785945 0.0 0.694746 0.58311 0.421083 0.0 -1.838969 -0.493197 2.27822 1.0]
248
	ConcatTransform [1.1 0.0 0.0 0.0 0.0 1.1 0.0 0.0 0.0 0.0 1.1 0.0 -9.609 0.05 6.704 1.0]
	ConcatTransform [0.675268 -0.375927 -0.63458 0.0 -0.066088 0.826064 -0.559688 0.0 0.734605 0.419878 0.53297 0.0 -1.926776 -0.482951 2.373817 1.0]
249
	ConcatTransform [1.1 0.0 0.0 0.0 0.0 1.1 0.0 0.0 0.0 0.0 1.1 0.0 -9.609 0.05 6.704 1.0]
	ConcatTransform [0.601117 -0.405627 -0.688568 0.0 -0.098923 0.817219 -0.567774 0.0 0.793015 0.409413 0.451118 0.0 -1.983328 -0.480976 2.432507 1.0]
250
	ConcatTransform [1.1 0.0 0.0 0.0 0.0 1.1 0.0 0.0 0.0 0.0 1.1 0.0 -9.609 0.05 6.704 1.0]
	ConcatTransform [0.44483 -0.512742 -0.734317 0.0 -0.129055 0.774649 -0.619083 0.0 0.886268 0.370154 0.278416 0.0 -2.059496 -0.476787 2.518328 1.0]
251
	ConcatTransform [1.1 0.0 0.0 0.0 0.0 1.1 0.0 0.0 0.0 0.0 1.1 0.0 -9.609 0.05 6.704 1.0]
	ConcatTransform [0.331549 -0.590496 -0.735792 0.0 -0.130631 0.743659 -0.655673 0.0 0.934351 0.313505 0.169422 0.0 -2.098578 -0.45512 2.570735 1.0]
252
	ConcatTransform [1.1 0.0 0.0 0.0 0.0 1.1 0.0 0.0 0.0 0.0 1.1 0.0 -9.609 0.05 6.704 1.0]
	ConcatTransform [0.154933 -0.689197 -0.707816 0.0 -0.15828 0.689895 -0.706394 0.0 0.975163 0.221476 -0.002199 0.0 -2.146994 -0.416596 2.640307 1.0]
253
	ConcatTransform [1.1 0.0 0.0 0.0 0.0 1.1 0.0 0.0 0.0 0.0 1.1 0.0 -9.609 0.05 6.704 1.0]
	ConcatTransform [0.039134 -0.718608 -0.694313 0.0 -0.141297 0.683884 -0.715778 0.0 0.989193 0.126116 -0.074774 0.0 -2.171405 -0.390828 2.681803 1.0]
254
	ConcatTransform [1.1 0.0 0.0 0.0 0.0 1.1 0.0 0.0 0.0 0.0 1.1 0.0 -9.609 0.05 6.704 1.0]
	ConcatTransform [-0.117589 -0.736038 -0.666649 0.0 -0.156649 0.676649 -0.719449 0.0 0.980629 0.019831 -0.194866 0.0 -2.202206 -0.357989 2.736428 1.0]
255
	ConcatTransform [1.1 0.0 0.0 0.0 0.0 1.1 0.0 0.0 0.0 0.0 1.1 0.0 -9.609 0.05 6.704 1.0]
	ConcatTransform [-0.173946 -0.723914 -0.667601 0.0 -0.170539 0.689837 -0.703591 0.0 0.969876 -0.008534 -0.24345 0.0 -2.219123 -0.343664 2.772787 1.0]
256
	ConcatTransform [1.1 0.0 0.0 0.0 0.0 1.1 0.0 0.0 0.0 0.0 1.1 0.0 -9.609 0.05 6.704 1.0]
	ConcatTransform [-0.249063 -0.720074 -0.647658 0.0 -0.233259 0.693646 -0.681502 0.0 0.939978 -0.018665 -0.340726 0.0 -2.241929 -0.337404 2.825438 1.0]
257
	ConcatTransform [1.1 0.0 0.0 0.0 0.0 1.1 0.0 0.0 0.0 0.0 1.1 0.0 -9.609 0.05 6.704 1.0]
	ConcatTransform [-0.282997 -0.717831 -0.636106 0.0 -0.28634 0.696205 -0.658261 0.0 0.915381 -0.004143 -0.402568 0.0 -2.254692 -0.343036 2.859741 1.0]
258
	ConcatTransform [1.1 0.0 0.0 0.0 0.0 1.1 0.0 0.0 0.0 0.0 1.1 0.0 -9.609 0.05 6.704 1.0]
	ConcatTransform [-0.309829 -0.714352 -0.627461 0.0 -0.379716 0.697988 -0.607148 0.0 0.871677 0.050145 -0.487508 0.0 -2.269763 -0.365651 2.909555 1.0]
259
	ConcatTransform [1.1 0.0 0.0 0.0 0.0 1.1 0.0 0.0 0.0 0.0 1.1 0.0 -9.609 0.05 6.704 1.0]
	ConcatTransform [-0.312997 -0.711066 -0.629617 0.0 -0.449942 0.69483 -0.561038 0.0 0.836412 0.107688 -0.537418 0.0 -2.276276 -0.389147 2.940995 1.0]
260
	ConcatTransform [1.1 0.0 0.0 0.0 0.0 1.1 0.0 0.0 0.0 0.0 1.1 0.0 -9.609 0.05 6.704 1.0]
	ConcatTransform [-0.321578 -0.674269 -0.664792 0.0 -0.501295 0.716856 -0.484584 0.0 0.8033 0.177425 -0.568533 0.0 -2.27056 -0.419153 2.971788 1.0]
261
	ConcatTransform [1.1 0.0 0.0 0.0 0.0 1.1 0.0 0.0 0.0 0.0 1.1 0.0 -9.609 0.05 6.704 1.0]
	ConcatTransform [-0.327429 -0.630551 -0.703702 0.0 -0.516755 0.743008 -0.425328 0.0 0.791046 0.224377 -0.569123 0.0 -2.255017 -0.433808 2.982227 1.0]
262
	ConcatTransform [1.1 0.0 0.0 0.0 0.0 1.1 0.0 0.0 0.0 0.0 1.1 0.0 -9.609 0.05 6.704 1.0]
	ConcatTransform [-0.328692 -0.608262 -0.722481 0.0 -0.607383 0.721945 -0.331483 0.0 0.72322 0.329866 -0.606746 0.0 -2.229539 -0.454624 2.985261 1.0]
263
	ConcatTransform [1.1 0.0 0.0 0.0 0.0 1.1 0.0 0.0 0.0 0.0 1.1 0.0 -9.609 0.05 6.704 1.0]
	ConcatTransform [-0.333733 -0.584184 -0.739832 0.0 -0.643805 0.714531 -0.27379 0.0 0.688577 0.384934 -0.614563 0.0 -2.211065 -0.461962 2.976599 1.0]
264
	ConcatTransform [1.1 0.0 0.0 0.0 0.0 1.1 0.0 0.0 0.0 0.0 1.1 0.0 -9.609 0.05 6.704 1.0]
	ConcatTransform [-0.34777 -0.54242 -0.764746 0.0 -0.684026 0.704624 -0.188714 0.0 0.641221 0.457477 -0.616077 0.0 -2.183986 -0.471505 2.953834 1.0]
265
	ConcatTransform [1.1 0.0 0.0 0.0 0.0 1.1 0.0 0.0 0.0 0.0 1.1 0.0 -9.609 0.05 6.704 1.0]
	ConcatTransform [-0.360304 -0.508869 -0.781814 0.0 -0.706704 0.695963 -0.127301 0.0 0.608893 0.506644 -0.610378 0.0 -2.1674 -0.477457 2.933646 1.0]
266
	ConcatTransform [1.1 0.0 0.0 0.0 0.0 1.1 0.0 0.0 0.0 0.0 1.1 0.0 -9.609 0.05 6.704 1.0]
	ConcatTransform [-0.383826 -0.450988 -0.805784 0.0 -0.733405 0.679097 -0.030733 0.0 0.561066 0.579169 -0.591412 0.0 -2.145933 -0.48433 2.897242 1.0]
267
	ConcatTransform [1.1 0.0 0.0 0.0 0.0 1.1 0.0 0.0 0.0 0.0 1.1 0.0 -9.609 0.05 6.704 1.0]
	ConcatTransform [-0.40486 -0.404251 -0.820164 0.0 -0.741698 0.669766 0.036006 0.0 0.534763 0.622892 -0.570994 0.0 -2.134005 -0.487763 2.870136 1.0]
268
	ConcatTransform [1.1 0.0 0.0 0.0 0.0 1.1 0.0 0.0 0.0 0.0 1.1 0.0 -9.609 0.05 6.704 1.0]
	ConcatTransform [-0.442606 -0.348249 -0.826331 0.0 -0.73653 0.666818 0.113482 0.0 0.511492 0.658845 -0.551633 0.0 -2.120667 -0.486657 2.828347 1.0]
269
	ConcatTransform [1.1 0.0 0.0 0.0 0.0 1.1 0.0 0.0 0.0 0.0 1.1 0.0 -9.609 0.05 6.704 1.0]
	ConcatTransform [-0.469428 -0.31688 -0.824151 0.0 -0.732126 0.661456 0.162686 0.0 0.493588 0.679752 -0.542502 0.0 -2.115216 -0.482897 2.802716 1.0]
270
	ConcatTransform [1.1 0.0 0.0 0.0 0.0 1.1 0.0 0.0 0.0 0.0 1.1 0.0 -9.609 0.05 6.704 1.0]
	ConcatTransform [-0.505797 -0.283207 -0.814839 0.0 -0.723442 0.653774 0.221837 0.0 0.469894 0.701694 -0.535561 0.0 -2.110806 -0.477915 2.767762 1.0]
271
	ConcatTransform [1.1 0.0 0.0 0.0 0.0 1.1 0.0 0.0 0.0 0.0 1.1 0.0 -9.609 0.05 6.704 1.0]
	ConcatTransform [-0.534502 -0.255635 -0.80558 0.0 -0.708691 0.65491 0.262393 0.0 0.460505 0.711156 -0.531217 0.0 -2.109867 -0.475168 2.747725 1.0]
272
	ConcatTransform [1.1 0.0 0.0 0.0 0.0 1.1 0.0 0.0 0.0 0.0 1.1 0.0 -9.609 0.05 6.704 1.0]
	ConcatTransform [-0.575387 -0.218021 -0.788287 0.0 -0.683231 0.65793 0.316738 0.0 0.449583 0.720829 -0.527524 0.0 -2.111492 -0.471443 2.723718 1.0]
273
	ConcatTransform [1.1 0.0 0.0 0.0 0.0 1.1 0.0 0.0 0.0 0.0 1.1 0.0 -9.609 0.05 6.704 1.0]
	ConcatTransform [-0.594606 -0.2044 -0.777602 0.0 -0.67182 0.65763 0.340854 0.0 0.441704 0.725082 -0.52835 0.0 -2.113974 -0.468797 2.712327 1.0]
274
	ConcatTransform [1.1 0.0 0.0 0.0 0.0 1.1 0.0 0.0 0.0 0.0 1.1 0.0 -9.609 0.05 6.704 1.0]
	ConcatTransform [-0.605689 -0.196346 -0.771096 0.0 -0.662319 0.661486 0.35181 0.0 0.440992 0.723799 -0.530698 0.0 -2.116898 -0.467553 2.70206 1.0]
275
	ConcatTransform [1.1 0.0 0.0 0.0 0.0 1.1 0.0 0.0 0.0 0.0 1.1 0.0 -9.609 0.05 6.704 1.0]
	ConcatTransform [-0.60538 -0.201922 -0.769898 0.0 -0.664629 0.660451 0.349389 0.0 0.43793 0.72321 -0.534027 0.0 -2.118604 -0.468362 2.699467 1.0]
276
	ConcatTransform [1.1 0.0 0.0 0.0 0.0 1.1 0.0 0.0 0.0 0.0 1.1 0.0 -9.609 0.05 6.704 1.0]
	ConcatTransform [-0.602172 -0.221675 -0.766974 0.0 -0.672295 0.65893 0.337388 0.0 0.430592 0.718798 -0.54582 0.0 -2.120331 -0.471549 2.702042 1.0]
277
	ConcatTransform [1.1 0.0 0.0 0.0 0.0 1.1 0.0 0.0 0.0 0.0 1.1 0.0 -9.609 0.05 6.704 1.0]
	ConcatTransform [-0.60259 -0.238696 -0.761518 0.0 -0.671608 0.667113 0.322339 0.0 0.431078 0.70568 -0.562305 0.0 -2.120966 -0.475036 2.707526 1.0]
278
	ConcatTransform [1.1 0.0 0.0 0.0 0.0 1.1 0.0 0.0 0.0 0.0 1.1 0.0 -9.609 0.05 6.704 1.0]
	ConcatTransform [-0.600459 -0.271719 -0.752075 0.0 -0.667442 0.688291 0.284213 0.0 0.440421 0.672625 -0.594647 0.0 -2.122549 -0.482344 2.720762 1.0]
279
	ConcatTransform [1.1 0.0 0.0 0.0 0.0 1.1 0.0 0.0 0.0 0.0 1.1 0.0 -9.609 0.05 6.704 1.0]
	ConcatTransform [-0.597066 -0.300537 -0.743768 0.0 -0.664555 0.704617 0.24876 0.0 0.44931 0.6428 -0.620426 0.0 -2.124107 -0.487759 2.732757 1.0]
280
	ConcatTransform [1.1 0.0 0.0 0.0 0.0 1.1 0.0 0.0 0.0 0.0 1.1 0.0 -9.609 0.05 6.704 1.0]
	ConcatTransform [-0.602439 -0.334348 -0.724761 0.0 -0.650122 0.732334 0.202556 0.0 0.463043 0.59321 -0.658554 0.0 -2.127691 -0.494102 2.75534 1.0]
281
	ConcatTransform [1.1 0.0 0.0 0.0 0.0 1.1 0.0 0.0 0.0 0.0 1.1 0.0 -9.609 0.05 6.704 1.0]
	ConcatTransform [-0.611697 -0.352439 -0.708247 0.0 -0.632982 0.755053 0.170962 0.0 0.47451 0.552885 -0.684951 0.0 -2.130016 -0.496165 2.771877 1.0]
282
	ConcatTransform [1.1 0.0 0.0 0.0 0.0 1.1 0.0 0.0 0.0 0.0 1.1 0.0 -9.609 0.05 6.704 1.0]
	ConcatTransform [-0.625614 -0.363757 -0.690136 0.0 -0.61415 0.775156 0.148162 0.0 0.481069 0.51654 -0.70835 0.0 -2.136877 -0.494474 2.795241 1.0]
283
	ConcatTransform [1.1 0.0 0.0 0.0 0.0 1.1 0.0 0.0 0.0 0.0 1.1 0.0 -9.609 0.05 6.704 1.0]
	ConcatTransform [-0.632868 -0.363468 -0.683644 0.0 -0.599864 0.788436 0.136129 0.0 0.489531 0.496246 -0.717007 0.0 -2.141622 -0.49299 2.809104 1.0]
284
	ConcatTransform [1.1 0.0 0.0 0.0 0.0 1.1 0.0 0.0 0.0 0.0 1.1 0.0 -9.609 0.05 6.704 1.0]
	ConcatTransform [-0.627664 -0.388192 -0.674792 0.0 -0.609597 0.784194 0.115894 0.0 0.484179 0.484094 -0.728851 0.0 -2.146322 -0.491656 2.826219 1.0]
285
	ConcatTransform [1.1 0.0 0.0 0.0 0.0 1.1 0.0 0.0 0.0 0.0 1.1 0.0 -9.609 0.05 6.704 1.0]
	ConcatTransform [-0.619555 -0.401885 -0.674269 0.0 -0.622525 0.774802 0.110204 0.0 0.478136 0.488027 -0.730216 0.0 -2.146838 -0.49299 2.835652 1.0]
286
	ConcatTransform [1.1 0.0 0.0 0.0 0.0 1.1 0.0 0.0 0.0 0.0 1.1 0.0 -9.609 0.05 6.704 1.0]
	ConcatTransform [-0.625957 -0.393453 -0.673329 0.0 -0.615279 0.779668 0.116401 0.0 0.479175 0.487148 -0.730122 0.0 -2.147358 -0.492067 2.845758 1.0]
287
	ConcatTransform [1.1 0.0 0.0 0.0 0.0 1.1 0.0 0.0 0.0 0.0 1.1 0.0 -9.609 0.05 6.704 1.0]
	ConcatTransform [-0.631307 -0.390862 -0.669835 0.0 -0.611409 0.782191 0.119818 0.0 0.477107 0.485185 -0.732779 0.0 -2.148521 -0.491523 2.849879 1.0]
288
	ConcatTransform [1.1 0.0 0.0 0.0 0.0 1.1 0.0 0.0 0.0 0.0 1.1 0.0 -9.609 0.05 6.704 1.0]
	ConcatTransform [-0.63855 -0.383557 -0.667186 0.0 -0.605511 0.785483 0.127959 0.0 0.474984 0.485697 -0.733818 0.0 -2.150527 -0.491443 2.85252 1.0]
289
	ConcatTransform [1.1 0.0 0.0 0.0 0.0 1.1 0.0 0.0 0.0 0.0 1.1 0.0 -9.609 0.05 6.704 1.0]
	ConcatTransform [-0.643656 -0.375954 -0.666608 0.0 -0.602451 0.786068 0.138382 0.0 0.471973 0.490669 -0.732451 0.0 -2.151951 -0.492033 2.852097 1.0]
290
	ConcatTransform [1.1 0.0 0.0 0.0 0.0 1.1 0.0 0.0 0.0 0.0 1.1 0.0 -9.609 0.05 6.704 1.0]
	ConcatTransform [-0.649702 -0.360606 -0.669217 0.0 -0.599816 0.784005 0.159866 0.0 0.46702 0.505273 -0.725666 0.0 -2.154129 -0.493685 2.84837 1.0]
291
	ConcatTransform [1.1 0.0 0.0 0.0 0.0 1.1 0.0 0.0 0.0 0.0 1.1 0.0 -9.609 0.05 6.704 1.0]
	ConcatTransform [-0.650534 -0.347704 -0.67521 0.0 -0.598074 0.782487 0.17327 0.0 0.468096 0.516543 -0.716986 0.0 -2.155429 -0.494861 2.843828 1.0]
292
	ConcatTransform [1.1 0.0 0.0 0.0 0.0 1.1 0.0 0.0 0.0 0.0 1.1 0.0 -9.609 0.05 6.704 1.0]
	ConcatTransform [-0.646525 -0.347956 -0.67892 0.0 -0.605316 0.775616 0.178919 0.0 0.464326 0.526637 -0.712078 0.0 -2.156216 -0.494993 2.836683 1.0]
293
	ConcatTransform [1.1 0.0 0.0 0.0 0.0 1.1 0.0 0.0 0.0 0.0 1.1 0.0 -9.609 0.05 6.704 1.0]
	ConcatTransform [-0.641796 -0.353047 -0.680775 0.0 -0.613257 0.769289 0.179193 0.0 0.46045 0.532495 -0.710236 0.0 -2.155219 -0.495492 2.83303 1.0]
294
	ConcatTransform [1.1 0.0 0.0 0.0 0.0 1.1 0.0 0.0 0.0 0.0 1.1 0.0 -9.609 0.05 6.704 1.0]
	ConcatTransform [-0.637162 -0.349625 -0.686867 0.0 -0.618834 0.7633 0.185522 0.0 0.459423 0.543264 -0.702705 0.0 -2.152607 -0.495281 2.828283 1.0]
295
	ConcatTransform [1.1 0.0 0.0 0.0 0.0 1.1 0.0 0.0 0.0 0.0 1.1 0.0 -9.609 0.05 6.704 1.0]
	ConcatTransform [-0.634308 -0.348305 -0.690172 0.0 -0.622763 0.759184 0.189223 0.0 0.45806 0.549839 -0.698468 0.0 -2.150735 -0.495168 2.825171 1.0]
296
	ConcatTransform [1.1 0.0 0.0 0.0 0.0 1.1 0.0 0.0 0.0 0.0 1.1 0.0 -9.609 0.05 6.704 1.0]
	ConcatTransform [-0.630655 -0.347201 -0.694065 0.0 -0.628651 0.752959 0.194554 0.0 0.455053 0.559021 -0.693125 0.0 -2.147794 -0.495021 2.820817 1.0]
297
	ConcatTransform [1.1 0.0 0.0 0.0 0.0 1.1 0.0 0.0 0.0 0.0 1.1 0.0 -9.609 0.05 6.704 1.0]
	ConcatTransform [-0.629087 -0.346804 -0.695684 0.0 -0.632095 0.749132 0.198136 0.0 0.452445 0.564383 -0.690482 0.0 -2.145695 -0.494916 2.818321 1.0]
298
	ConcatTransform [1.1 0.0 0.0 0.0 0.0 1.1 0.0 0.0 0.0 0.0 1.1 0.0 -9.609 0.05 6.704 1.0]
	ConcatTransform [-0.627965 -0.346758 -0.69672 0.0 -0.635643 0.74506 0.202099 0.0 0.449019 0.569776 -0.688286 0.0 -2.142611 -0.494799 2.815038 1.0]
299
	ConcatTransform [1.1 0.0 0.0 0.0 0.0 1.1 0.0 0.0 0.0 0.0 1.1 0.0 -9.609 0.05 6.704 1.0]
	ConcatTransform [-0.626959 -0.346866 -0.697572 0.0 -0.637789 0.742729 0.203907 0.0 0.447378 0.572745 -0.686888 0.0 -2.140743 -0.494733 2.813192 1.0]
300
	ConcatTransform [1.1 0.0 0.0 0.0 0.0 1.1 0.0 0.0 0.0 0.0 1.1 0.0 -9.609 0.05 6.704 1.0]
	ConcatTransform [-0.625864 -0.346474 -0.698749 0.0 -0.641271 0.738534 0.208181 0.0 0.44392 0.578381 -0.684405 0.0 -2.138536 -0.494584 2.810942 1.0]
301
	ConcatTransform [1.1 0.0 0.0 0.0 0.0 1.1 0.0 0.0 0.0 0.0 1.1 0.0 -9.609 0.05 6.704 1.0]
	ConcatTransform [-0.625464 -0.346334 -0.699176 0.0 -0.642962 0.736436 0.210385 0.0 0.442035 0.581132 -0.683294 0.0 -2.137412 -0.494504 2.809804 1.0]
302
	ConcatTransform [1.1 0.0 0.0 0.0 0.0 1.1 0.0 0.0 0.0 0.0 1.1 0.0 -9.609 0.05 6.704 1.0]
	ConcatTransform [-0.624196 -0.346223 -0.700363 0.0 -0.644536 0.734831 0.211178 0.0 0.441534 0.583226 -0.681832 0.0 -2.136257 -0.494438 2.808708 1.0]
303
	ConcatTransform [1.1 0.0 0.0 0.0 0.0 1.1 0.0 0.0 0.0 0.0 1.1 0.0 -9.609 0.05 6.704 1.0]
	ConcatTransform [-0.623814 -0.346128 -0.700751 0.0 -0.645082 0.734233 0.211591 0.0 0.441277 0.584035 -0.681306 0.0 -2.13596 -0.494412 2.808362 1.0]
304
	ConcatTransform [1.1 0.0 0.0 0.0 0.0 1.1 0.0 0.0 0.0 0.0 1.1 0.0 -9.609 0.05 6.704 1.0]
	ConcatTransform [-0.624267 -0.346251 -0.700286 0.0 -0.644576 0.734759 0.211308 0.0 0.441376 0.5833 -0.681871 0.0 -2.13619 -0.494439 2.808416 1.0]
305
	ConcatTransform [1.1 0.0 0.0 0.0 0.0 1.1 0.0 0.0 0.0 0.0 1.1 0.0 -9.609 0.05 6.704 1.0]
	ConcatTransform [-0.625854 -0.346368 -0.698811 0.0 -0.643279 0.735873 0.211382 0.0 0.44102 0.581825 -0.68336 0.0 -2.136911 -0.494474 2.808722 1.0]
306
	ConcatTransform [1.1 0.0 0.0 0.0 0.0 1.1 0.0 0.0 0.0 0.0 1.1 0.0 -9.609 0.05 6.704 1.0]
	ConcatTransform [-0.628793 -0.346578 -0.696062 0.0 -0.640131 0.738907 0.210356 0.0 0.441421 0.577841 -0.686475 0.0 -2.138619 -0.494585 2.809725 1.0]
307
	ConcatTransform [1.1 0.0 0.0 0.0 0.0 1.1 0.0 0.0 0.0 0.0 1.1 0.0 -9.609 0.05 6.704 1.0]
	ConcatTransform [-0.630403 -0.347004 -0.694392 0.0 -0.637592 0.74171 0.208187 0.0 0.442796 0.573981 -0.688823 0.0 -2.140126 -0.494663 2.810741 1.0]
308
	ConcatTransform [1.1 0.0 0.0 0.0 0.0 1.1 0.0 0.0 0.0 0.0 1.1 0.0 -9.609 0.05 6.704 1.0]
	ConcatTransform [-0.631864 -0.347059 -0.693035 0.0 -0.633602 0.746294 0.203947 0.0 0.446426 0.567975 -0.691454 0.0 -2.142614 -0.4948 2.813056 1.0]
309
	ConcatTransform [1.1 0.0 0.0 0.0 0.0 1.1 0.0 0.0 0.0 0.0 1.1 0.0 -9.609 0.05 6.704 1.0]
	ConcatTransform [-0.632974 -0.347201 -0.69195 0.0 -0.630606 0.74971 0.200676 0.0 0.449087 0.563371 -0.693494 0.0 -2.144501 -0.49488 2.814917 1.0]
310
	ConcatTransform [1.1 0.0 0.0 0.0 0.0 1.1 0.0 0.0 0.0 0.0 1.1 0.0 -9.609 0.05 6.704 1.0]
	ConcatTransform [-0.63485 -0.347267 -0.690196 0.0 -0.625348 0.755579 0.195039 0.0 0.453767 0.555434 -0.696842 0.0 -2.147675 -0.494973 2.817942 1.0]
311
	ConcatTransform [1.1 0.0 0.0 0.0 0.0 1.1 0.0 0.0 0.0 0.0 1.1 0.0 -9.609 0.05 6.704 1.0]
	ConcatTransform [-0.636481 -0.347473 -0.688589 0.0 -0.621616 0.759612 0.191264 0.0 0.456602 0.549774 -0.699474 0.0 -2.149913 -0.495008 2.820108 1.0]
312
	ConcatTransform [1.1 0.0 0.0 0.0 0.0 1.1 0.0 0.0 0.0 0.0 1.1 0.0 -9.609 0.05 6.704 1.0]
	ConcatTransform [-0.638752 -0.347692 -0.686372 0.0 -0.61589 0.765739 0.185264 0.0 0.461167 0.541067 -0.703258 0.0 -2.153346 -0.49502 2.823456 1.0]
313
	ConcatTransform [1.1 0.0 0.0 0.0 0.0 1.1 0.0 0.0 0.0 0.0 1.1 0.0 -9.609 0.05 6.704 1.0]
	ConcatTransform [-0.640404 -0.347936 -0.684707 0.0 -0.612083 0.769721 0.181342 0.0 0.463938 0.535229 -0.705898 0.0 -2.155589 -0.495002 2.825704 1.0]
314
	ConcatTransform [1.1 0.0 0.0 0.0 0.0 1.1 0.0 0.0 0.0 0.0 1.1 0.0 -9.609 0.05 6.704 1.0]
	ConcatTransform [-0.642928 -0.348099 -0.682254 0.0 -0.606644 0.775213 0.176148 0.0 0.467576 0.527136 -0.709578 0.0 -2.158847 -0.494918 2.828897 1.0]
315
	ConcatTransform [1.1 0.0 0.0 0.0 0.0 1.1 0.0 0.0 0.0 0.0 1.1 0.0 -9.609 0.05 6.704 1.0]
	ConcatTransform [-0.644396 -0.348228 -0.680802 0.0 -0.603365 0.778496 0.172902 0.0 0.469792 0.522189 -0.711768 0.0 -2.16089 -0.494843 2.830824 1.0]
316
	ConcatTransform [1.1 0.0 0.0 0.0 0.0 1.1 0.0 0.0 0.0 0.0 1.1 0.0 -9.609 0.05 6.704 1.0]
	ConcatTransform [-0.646903 -0.348126 -0.678472 0.0 -0.598689 0.782926 0.16911 0.0 0.472322 0.515592 -0.714897 0.0 -2.163634 -0.494734 2.833327 1.0]
317
	ConcatTransform [1.1 0.0 0.0 0.0 0.0 1.1 0.0 0.0 0.0 0.0 1.1 0.0 -9.609 0.05 6.704 1.0]
	ConcatTransform [-0.648413 -0.347978 -0.677105 0.0 -0.596356 0.785018 0.167649 0.0 0.473201 0.512502 -0.716535 0.0 -2.165203 -0.494668 2.83466 1.0]
318
	ConcatTransform [1.1 0.0 0.0 0.0 0.0 1.1 0.0 0.0 0.0 0.0 1.1 0.0 -9.609 0.05 6.704 1.0]
	ConcatTransform [-0.648247 -0.348222 -0.677139 0.0 -0.59612 0.785378 0.166801 0.0 0.473726 0.511784 -0.716701 0.0 -2.166452 -0.494641 2.835861 1.0]
319
	ConcatTransform [1.1 0.0 0.0 0.0 0.0 1.1 0.0 0.0 0.0 0.0 1.1 0.0 -9.609 0.05 6.704 1.0]
	ConcatTransform [-0.647978 -0.348212 -0.677401 0.0 -0.596287 0.785267 0.166728 0.0 0.473884 0.511962 -0.71647 0.0 -2.166419 -0.494644 2.836159 1.0]
320
	ConcatTransform [1.1 0.0 0.0 0.0 0.0 1.1 0.0 0.0 0.0 0.0 1.1 0.0 -9.609 0.05 6.704 1.0]
	ConcatTransform [-0.647791 -0.348238 -0.677567 0.0 -0.597362 0.784159 0.16809 0.0 0.472785 0.51364 -0.715995 0.0 -2.165936 -0.494699 2.835965 1.0]
321
	ConcatTransform [1.1 0.0 0.0 0.0 0.0 1.1 0.0 0.0 0.0 0.0 1.1 0.0 -9.609 0.05 6.704 1.0]
	ConcatTransform [-0.647184 -0.34819 -0.678172 0.0 -0.598485 0.783088 0.169082 0.0 0.472196 0.515303 -0.715188 0.0 -2.165392 -0.494729 2.835396 1.0]
322
	ConcatTransform [1.1 0.0 0.0 0.0 0.0 1.1 0.0 0.0 0.0 0.0 1.1 0.0 -9.609 0.05 6.704 1.0]
	ConcatTransform [-0.645769 -0.348122 -0.679554 0.0 -0.600945 0.780763 0.171098 0.0 0.471008 0.518864 -0.713394 0.0 -2.164178 -0.494791 2.834066 1.0]
323
	ConcatTransform [1.1 0.0 0.0 0.0 0.0 1.1 0.0 0.0 0.0 0.0 1.1 0.0 -9.609 0.05 6.704 1.0]
	ConcatTransform [-0.644962 -0.34795 -0.680408 0.0 -0.602825 0.778866 0.173121 0.0 0.469709 0.521823 -0.712092 0.0 -2.163082 -0.494831 2.83293 1.0]
324
	ConcatTransform [1.1 0.0 0.0 0.0 0.0 1.1 0.0 0.0 0.0 0.0 1.1 0.0 -9.609 0.05 6.704 1.0]
	ConcatTransform [-0.643775 -0.347418 -0.681803 0.0 -0.606132 0.775366 0.17723 0.0 0.467074 0.527359 -0.709743 0.0 -2.161139 -0.494937 2.83075 1.0]
325
	ConcatTransform [1.1 0.0 0.0 0.0 0.0 1.1 0.0 0.0 0.0 0.0 1.1 0.0 -9.609 0.05 6.704 1.0]
	ConcatTransform [-0.642111 -0.34747 -0.683343 0.0 -0.609196 0.772395 0.179686 0.0 0.465375 0.531668 -0.70764 0.0 -2.159609 -0.494989 2.829096 1.0]
326
	ConcatTransform [1.1 0.0 0.0 0.0 0.0 1.1 0.0 0.0 0.0 0.0 1.1 0.0 -9.609 0.05 6.704 1.0]
	ConcatTransform [-0.639283 -0.347579 -0.685934 0.0 -0.613993 0.767758 0.183194 0.0 0.462956 0.538272 -0.704226 0.0 -2.156986 -0.495021 2.826519 1.0]
327
	ConcatTransform [1.1 0.0 0.0 0.0 0.0 1.1 0.0 0.0 0.0 0.0 1.1 0.0 -9.609 0.05 6.704 1.0]
	ConcatTransform [-0.638369 -0.346915 -0.68712 0.0 -0.616695 0.764705 0.186855 0.0 0.460621 0.543026 -0.702105 0.0 -2.155208 -0.495098 2.824626 1.0]
328
	ConcatTransform [1.1 0.0 0.0 0.0 0.0 1.1 0.0 0.0 0.0 0.0 1.1 0.0 -9.609 0.05 6.704 1.0]
	ConcatTransform [-0.636121 -0.347046 -0.689137 0.0 -0.621685 0.759532 0.191361 0.0 0.45701 0.550155 -0.698907 0.0 -2.152415 -0.495069 2.821793 1.0]
329
	ConcatTransform [1.1 0.0 0.0 0.0 0.0 1.1 0.0 0.0 0.0 0.0 1.1 0.0 -9.609 0.05 6.704 1.0]
	ConcatTransform [-0.634726 -0.347221 -0.690334 0.0 -0.624928 0.756123 0.194277 0.0 0.45452 0.554721 -0.696919 0.0 -2.150535 -0.495028 2.819998 1.0]
330
	ConcatTransform [1.1 0.0 0.0 0.0 0.0 1.1 0.0 0.0 0.0 0.0 1.1 0.0 -9.609 0.05 6.704 1.0]
	ConcatTransform [-0.632752 -0.347353 -0.692078 0.0 -0.629412 0.751326 0.198368 0.0 0.451072 0.56112 -0.694031 0.0 -2.147843 -0.494957 2.817477 1.0]
331
	ConcatTransform [1.1 0.0 0.0 0.0 0.0 1.1 0.0 0.0 0.0 0.0 1.1 0.0 -9.609 0.05 6.704 1.0]
	ConcatTransform [-0.631532 -0.347166 -0.693284 0.0 -0.631968 0.748515 0.200854 0.0 0.449204 0.564979 -0.692109 0.0 -2.146214 -0.494885 2.815958 1.0]
332
	ConcatTransform [1.1 0.0 0.0 0.0 0.0 1.1 0.0 0.0 0.0 0.0 1.1 0.0 -9.609 0.05 6.704 1.0]
	ConcatTransform [-0.63006 -0.346901 -0.694755 0.0 -0.635192 0.744897 0.204107 0.0 0.446716 0.569903 -0.689678 0.0 -2.144171 -0.494784 2.813949 1.0]
333
	ConcatTransform [1.1 0.0 0.0 0.0 0.0 1.1 0.0 0.0 0.0 0.0 1.1 0.0 -9.609 0.05 6.704 1.0]
	ConcatTransform [-0.629393 -0.346763 -0.695428 0.0 -0.636695 0.743185 0.20566 0.0 0.445516 0.572216 -0.688537 0.0 -2.143072 -0.494723 2.812858 1.0]
334
	ConcatTransform [1.1 0.0 0.0 0.0 0.0 1.1 0.0 0.0 0.0 0.0 1.1 0.0 -9.609 0.05 6.704 1.0]
	ConcatTransform [-0.629027 -0.346959 -0.695662 0.0 -0.638045 0.741643 0.207037 0.0 0.444099 0.574095 -0.687888 0.0 -2.141856 -0.494673 2.811659 1.0]
335
	ConcatTransform [1.1 0.0 0.0 0.0 0.0 1.1 0.0 0.0 0.0 0.0 1.1 0.0 -9.609 0.05 6.704 1.0]
	ConcatTransform [-0.629173 -0.346707 -0.695654 0.0 -0.638386 0.74107 0.208036 0.0 0.443401 0.574986 -0.687594 0.0 -2.141341 -0.494655 2.811228 1.0]
336
	ConcatTransform [1.1 0.0 0.0 0.0 0.0 1.1 0.0 0.0 0.0 0.0 1.1 0.0 -9.609 0.05 6.704 1.0]
	ConcatTransform [-0.6291 -0.346615 -0.695766 0.0 -0.638609 0.740781 0.20838 0.0 0.443183 0.575414 -0.687377 0.0 -2.141151 -0.49464 2.81101 1.0]
337
	ConcatTransform [1.1 0.0 0.0 0.0 0.0 1.1 0.0 0.0 0.0 0.0 1.1 0.0 -9.609 0.05 6.704 1.0]
	ConcatTransform [-0.62935 -0.346403 -0.695647 0.0 -0.638126 0.741248 0.2082 0.0 0.443525 0.574941 -0.687552 0.0 -2.141405 -0.494646 2.811152 1.0]
338
	ConcatTransform [1.1 0.0 0.0 0.0 0.0 1.1 0.0 0.0 0.0 0.0 1.1 0.0 -9.609 0.05 6.704 1.0]
	ConcatTransform [-0.629757 -0.346635 -0.695162 0.0 -0.636854 0.742804 0.206544 0.0 0.444773 0.572789 -0.688542 0.0 -2.142336 -0.494712 2.811777 1.0]
339
	ConcatTransform [1.1 0.0 0.0 0.0 0.0 1.1 0.0 0.0 0.0 0.0 1.1 0.0 -9.609 0.05 6.704 1.0]
	ConcatTransform [-0.630889 -0.346664 -0.694121 0.0 -0.635082 0.744656 0.205326 0.0 0.445702 0.570361 -0.689955 0.0 -2.1432 -0.494759 2.812557 1.0]
340
	ConcatTransform [1.1 0.0 0.0 0.0 0.0 1.1 0.0 0.0 0.0 0.0 1.1 0.0 -9.609 0.05 6.704 1.0]
	ConcatTransform [-0.632271 -0.346897 -0.692745 0.0 -0.632052 0.74806 0.202279 0.0 0.448045 0.565746 -0.692233 0.0 -2.144819 -0.49484 2.814241 1.0]
341
	ConcatTransform [1.1 0.0 0.0 0.0 0.0 1.1 0.0 0.0 0.0 0.0 1.1 0.0 -9.609 0.05 6.704 1.0]
	ConcatTransform [-0.633422 -0.347035 -0.691624 0.0 -0.629626 0.750727 0.199951 0.0 0.449831 0.562118 -0.694029 0.0 -2.146143 -0.494892 2.815601 1.0]
342
	ConcatTransform [1.1 0.0 0.0 0.0 0.0 1.1 0.0 0.0 0.0 0.0 1.1 0.0 -9.609 0.05 6.704 1.0]
	ConcatTransform [-0.635291 -0.34733 -0.689759 0.0 -0.625676 0.755041 0.196065 0.0 0.452697 0.556125 -0.696987 0.0 -2.148454 -0.494962 2.817892 1.0]
343
	ConcatTransform [1.1 0.0 0.0 0.0 0.0 1.1 0.0 0.0 0.0 0.0 1.1 0.0 -9.609 0.05 6.704 1.0]
	ConcatTransform [-0.636802 -0.347386 -0.688336 0.0 -0.622734 0.758129 0.193504 0.0 0.454627 0.551873 -0.699107 0.0 -2.150178 -0.494992 2.819523 1.0]
344
	ConcatTransform [1.1 0.0 0.0 0.0 0.0 1.1 0.0 0.0 0.0 0.0 1.1 0.0 -9.609 0.05 6.704 1.0]
	ConcatTransform [-0.63913 -0.347612 -0.68606 0.0 -0.6181 0.762983 0.189231 0.0 0.457673 0.544997 -0.702505 0.0 -2.152897 -0.495024 2.822081 1.0]
345
	ConcatTransform [1.1 0.0 0.0 0.0 0.0 1.1 0.0 0.0 0.0 0.0 1.1 0.0 -9.609 0.05 6.704 1.0]
	ConcatTransform [-0.640572 -0.347699 -0.68467 0.0 -0.614946 0.766271 0.186199 0.0 0.459901 0.540309 -0.704668 0.0 -2.154753 -0.495023 2.823798 1.0]
346
	ConcatTransform [1.1 0.0 0.0 0.0 0.0 1.1 0.0 0.0 0.0 0.0 1.1 0.0 -9.609 0.05 6.704 1.0]
	ConcatTransform [-0.642514 -0.347719 -0.682838 0.0 -0.610334 0.771032 0.181662 0.0 0.463322 0.53348 -0.707624 0.0 -2.157485 -0.494984 2.826312 1.0]
347
	ConcatTransform [1.1 0.0 0.0 0.0 0.0 1.1 0.0 0.0 0.0 0.0 1.1 0.0 -9.609 0.05 6.704 1.0]
	ConcatTransform [-0.643325 -0.348257 -0.681799 0.0 -0.607873 0.773745 0.178349 0.0 0.465428 0.529184 -0.709466 0.0 -2.159225 -0.494953 2.827888 1.0]
348
	ConcatTransform [1.1 0.0 0.0 0.0 0.0 1.1 0.0 0.0 0.0 0.0 1.1 0.0 -9.609 0.05 6.704 1.0]
	ConcatTransform [-0.644334 -0.347993 -0.680981 0.0 -0.604023 0.777721 0.174088 0.0 0.469031 0.523499 -0.711308 0.0 -2.161587 -0.49487 2.830029 1.0]
349
	ConcatTransform [1.1 0.0 0.0 0.0 0.0 1.1 0.0 0.0 0.0 0.0 1.1 0.0 -9.609 0.05 6.704 1.0]
	ConcatTransform [-0.644746 -0.347664 -0.680759 0.0 -0.601726 0.78007 0.171512 0.0 0.471412 0.520212 -0.712145 0.0 -2.163032 -0.494809 2.831175 1.0]
350
	ConcatTransform [1.1 0.0 0.0 0.0 0.0 1.1 0.0 0.0 0.0 0.0 1.1 0.0 -9.609 0.05 6.704 1.0]
	ConcatTransform [-0.644941 -0.347721 -0.680544 0.0 -0.599172 0.782829 0.167844 0.0 0.474387 0.516013 -0.713224 0.0 -2.164653 -0.494732 2.832698 1.0]
351
	ConcatTransform [1.1 0.0 0.0 0.0 0.0 1.1 0.0 0.0 0.0 0.0 1.1 0.0 -9.609 0.05 6.704 1.0]
	ConcatTransform [-0.645549 -0.347912 -0.67987 0.0 -0.597906 0.784087 0.16648 0.0 0.475157 0.51397 -0.714186 0.0 -2.165374 -0.494691 2.833518 1.0]
352
	ConcatTransform [1.1 0.0 0.0 0.0 0.0 1.1 0.0 0.0 0.0 0.0 1.1 0.0 -9.609 0.05 6.704 1.0]
	ConcatTransform [-0.645659 -0.348042 -0.6797 0.0 -0.597595 0.784426 0.165999 0.0 0.4754 0.513364 -0.71446 0.0 -2.165596 -0.494671 2.833772 1.0]
353
	ConcatTransform [1.1 0.0 0.0 0.0 0.0 1.1 0.0 0.0 0.0 0.0 1.1 0.0 -9.609 0.05 6.704 1.0]
	ConcatTransform [-0.645411 -0.348179 -0.679865 0.0 -0.598216 0.783854 0.166464 0.0 0.474956 0.514144 -0.714194 0.0 -2.165212 -0.494694 2.833532 1.0]
354
	ConcatTransform [1.1 0.0 0.0 0.0 0.0 1.1 0.0 0.0 0.0 0.0 1.1 0.0 -9.609 0.05 6.704 1.0]
	ConcatTransform [-0.646334 -0.346444 -0.679874 0.0 -0.599044 0.782273 0.170868 0.0 0.472651 0.517712 -0.713145 0.0 -2.164514 -0.494884 2.831783 1.0]
355
	ConcatTransform [1.1 0.0 0.0 0.0 0.0 1.1 0.0 0.0 0.0 0.0 1.1 0.0 -9.609 0.05 6.704 1.0]
	ConcatTransform [-0.645396 -0.346505 -0.680733 0.0 -0.601253 0.780117 0.17295 0.0 0.471124 0.520914 -0.711822 0.0 -2.163238 -0.494893 2.830368 1.0]
356
	ConcatTransform [1.1 0.0 0.0 0.0 0.0 1.1 0.0 0.0 0.0 0.0 1.1 0.0 -9.609 0.05 6.704 1.0]
	ConcatTransform [-0.643326 -0.347276 -0.682299 0.0 -0.606269 0.775306 0.177024 0.0 0.467514 0.527541 -0.709317 0.0 -2.160925 -0.494961 2.828013 1.0]
357
	ConcatTransform [1.1 0.0 0.0 0.0 0.0 1.1 0.0 0.0 0.0 0.0 1.1 0.0 -9.609 0.05 6.704 1.0]
	ConcatTransform [-0.641577 -0.347339 -0.683911 0.0 -0.609467 0.772211 0.179556 0.0 0.465757 0.53202 -0.707125 0.0 -2.159092 -0.495006 2.826313 1.0]
358
	ConcatTransform [1.1 0.0 0.0 0.0 0.0 1.1 0.0 0.0 0.0 0.0 1.1 0.0 -9.609 0.05 6.704 1.0]
	ConcatTransform [-0.638662 -0.34734 -0.686634 0.0 -0.614661 0.767109 0.183669 0.0 0.462927 0.53935 -0.70342 0.0 -2.156159 -0.495026 2.823562 1.0]
359
	ConcatTransform [1.1 0.0 0.0 0.0 0.0 1.1 0.0 0.0 0.0 0.0 1.1 0.0 -9.609 0.05 6.704 1.0]
	ConcatTransform [-0.636786 -0.347342 -0.688373 0.0 -0.618211 0.763539 0.186613 0.0 0.460781 0.544392 -0.700941 0.0 -2.154132 -0.49503 2.821668 1.0]
360
	ConcatTransform [1.1 0.0 0.0 0.0 0.0 1.1 0.0 0.0 0.0 0.0 1.1 0.0 -9.609 0.05 6.704 1.0]
	ConcatTransform [0.22078 -0.212526 -0.951887 0.0 -0.748056 -0.663147 -0.025444 0.0 -0.625834 0.717683 -0.305391 0.0 -0.631242 -151.62645 7.860113 1.0]
