228
	ConcatTransform [1.1 0.0 0.0 0.0 0.0 1.1 0.0 0.0 0.0 0.0 1.1 0.0 -9.609 0.05 6.704 1.0]
	ConcatTransform [0.33466 0.874548 0.350954 0.0 -0.940558 0.28711 0.181437 0.0 0.057913 -0.390812 0.918647 0.0 -0.293338 0.205315 0.103502 1.0]
229
	ConcatTransform [1.1 0.0 0.0 0.0 0.0 1.1 0.0 0.0 0.0 0.0 1.1 0.0 -9.609 0.05 6.704 1.0]
	ConcatTransform [-0.175387 0.93515 0.30779 0.0 -0.97961 -0.196888 0.039991 0.0 0.097998 -0.2945 0.950613 0.0 -0.465661 0.359016 0.185621 1.0]
230
	ConcatTransform [1.1 0.0 0.0 0.0 0.0 1.1 0.0 0.0 0.0 0.0 1.1 0.0 -9.609 0.05 6.704 1.0]
	ConcatTransform [-0.693739 0.608929 0.384619 0.0 -0.714748 -0.647817 -0.263571 0.0 0.088667 -0.457755 0.884646 0.0 -0.737757 0.457233 0.297291 1.0]
231
	ConcatTransform [1.1 0.0 0.0 0.0 0.0 1.1 0.0 0.0 0.0 0.0 1.1 0.0 -9.609 0.05 6.704 1.0]
	ConcatTransform [-0.869725 0.323723 0.372535 0.0 -0.475862 -0.750241 -0.459014 0.0 0.130897 -0.576491 0.806551 0.0 -0.920019 0.456848 0.372012 1.0]
232
	ConcatTransform [1.1 0.0 0.0 0.0 0.0 1.1 0.0 0.0 0.0 0.0 1.1 0.0 -9.609 0.05 6.704 1.0]
	ConcatTransform [-0.954481 0.181491 0.2367 0.0 -0.297597 -0.63279 -0.714852 0.0 0.020042 -0.752754 0.657997 0.0 -1.175771 0.408039 0.479038 1.0]
233
	ConcatTransform [1.1 0.0 0.0 0.0 0.0 1.1 0.0 0.0 0.0 0.0 1.1 0.0 -9.609 0.05 6.704 1.0]
	ConcatTransform [-0.978469 0.164803 0.124254 0.0 -0.188568 -0.469048 -0.862807 0.0 -0.083912 -0.86766 0.490026 0.0 -1.337553 0.35609 0.548421 1.0]
234
	ConcatTransform [1.1 0.0 0.0 0.0 0.0 1.1 0.0 0.0 0.0 0.0 1.1 0.0 -9.609 0.05 6.704 1.0]
	ConcatTransform [-0.9923 0.117722 -0.038491 0.0 0.018904 -0.163181 -0.986415 0.0 -0.122403 -0.979548 0.159699 0.0 -1.586899 0.272134 0.661478 1.0]
235
	ConcatTransform [1.1 0.0 0.0 0.0 0.0 1.1 0.0 0.0 0.0 0.0 1.1 0.0 -9.609 0.05 6.704 1.0]
	ConcatTransform [-0.98969 0.046859 -0.135345 0.0 0.138722 0.078452 -0.987219 0.0 -0.035642 -0.995816 -0.084144 0.0 -1.76344 0.219103 0.748878 1.0]
236
	ConcatTransform [1.1 0.0 0.0 0.0 0.0 1.1 0.0 0.0 0.0 0.0 1.1 0.0 -9.609 0.05 6.704 1.0]
	ConcatTransform [-0.954112 -0.037543 -0.297086 0.0 0.249521 0.448832 -0.858073 0.0 0.165557 -0.892827 -0.418868 0.0 -2.02741 0.122012 0.879414 1.0]
237
	ConcatTransform [1.1 0.0 0.0 0.0 0.0 1.1 0.0 0.0 0.0 0.0 1.1 0.0 -9.609 0.05 6.704 1.0]
	ConcatTransform [-0.910401 -0.08068 -0.405784 0.0 0.249467 0.675394 -0.69398 0.0 0.330054 -0.73303 -0.594753 0.0 -2.202494 0.046021 0.965781 1.0]
238
	ConcatTransform [1.1 0.0 0.0 0.0 0.0 1.1 0.0 0.0 0.0 0.0 1.1 0.0 -9.609 0.05 6.704 1.0]
	ConcatTransform [-0.825632 -0.131051 -0.548778 0.0 0.097323 0.924991 -0.367314 0.0 0.555752 -0.356675 -0.750948 0.0 -2.462961 -0.08382 1.093701 1.0]
239
	ConcatTransform [1.1 0.0 0.0 0.0 0.0 1.1 0.0 0.0 0.0 0.0 1.1 0.0 -9.609 0.05 6.704 1.0]
	ConcatTransform [-0.770155 -0.164694 -0.616228 0.0 -0.107317 0.985776 -0.129336 0.0 0.628764 -0.033477 -0.776875 0.0 -2.634482 -0.180139 1.177454 1.0]
240
	ConcatTransform [1.1 0.0 0.0 0.0 0.0 1.1 0.0 0.0 0.0 0.0 1.1 0.0 -9.609 0.05 6.704 1.0]
	ConcatTransform [-0.711485 -0.251343 -0.656213 0.0 -0.485441 0.850996 0.20038 0.0 0.508071 0.461121 -0.727483 0.0 -2.887157 -0.33777 1.300258 1.0]
241
	ConcatTransform [1.1 0.0 0.0 0.0 0.0 1.1 0.0 0.0 0.0 0.0 1.1 0.0 -9.609 0.05 6.704 1.0]
	ConcatTransform [-0.70495 -0.399531 -0.58602 0.0 -0.674981 0.631662 0.381317 0.0 0.217819 0.664362 -0.714967 0.0 -3.048486 -0.447355 1.378773 1.0]
242
	ConcatTransform [1.1 0.0 0.0 0.0 0.0 1.1 0.0 0.0 0.0 0.0 1.1 0.0 -9.609 0.05 6.704 1.0]
	ConcatTransform [-0.760438 -0.649259 0.014034 0.0 -0.510669 0.611186 0.604706 0.0 -0.401189 0.452675 -0.796325 0.0 -3.216229 -0.529219 1.52188 1.0]
243
	ConcatTransform [1.1 0.0 0.0 0.0 0.0 1.1 0.0 0.0 0.0 0.0 1.1 0.0 -9.609 0.05 6.704 1.0]
	ConcatTransform [-0.689004 -0.602569 0.402721 0.0 -0.206532 0.695865 0.687835 0.0 -0.694707 0.390746 -0.603903 0.0 -3.280711 -0.529186 1.643666 1.0]
244
	ConcatTransform [1.1 0.0 0.0 0.0 0.0 1.1 0.0 0.0 0.0 0.0 1.1 0.0 -9.609 0.05 6.704 1.0]
	ConcatTransform [-0.436336 -0.512531 0.739542 0.0 0.281112 0.703119 0.653146 0.0 -0.854744 0.492885 -0.162717 0.0 -3.33136 -0.478542 1.830883 1.0]
245
	ConcatTransform [1.1 0.0 0.0 0.0 0.0 1.1 0.0 0.0 0.0 0.0 1.1 0.0 -9.609 0.05 6.704 1.0]
	ConcatTransform [-0.268027 -0.372502 0.888484 0.0 0.557013 0.692545 0.458386 0.0 -0.786065 0.617757 0.021868 0.0 -3.335234 -0.41293 1.935562 1.0]
246
	ConcatTransform [1.1 0.0 0.0 0.0 0.0 1.1 0.0 0.0 0.0 0.0 1.1 0.0 -9.609 0.05 6.704 1.0]
	ConcatTransform [-0.033804 -0.213597 0.976337 0.0 0.818254 0.555009 0.149753 0.0 -0.573863 0.803953 0.156015 0.0 -3.322676 -0.308057 2.081074 1.0]
247
	ConcatTransform [1.1 0.0 0.0 0.0 0.0 1.1 0.0 0.0 0.0 0.0 1.1 0.0 -9.609 0.05 6.704 1.0]
	ConcatTransform [0.145175 -0.155633 0.977089 0.0 0.906368 0.416939 -0.068256 0.0 -0.396763 0.895511 0.20159 0.0 -3.312172 -0.246918 2.175346 1.0]
248
	ConcatTransform [1.1 0.0 0.0 0.0 0.0 1.1 0.0 0.0 0.0 0.0 1.1 0.0 -9.609 0.05 6.704 1.0]
	ConcatTransform [0.409799 -0.133263 0.902389 0.0 0.906262 0.171944 -0.386166 0.0 -0.103699 0.976051 0.191234 0.0 -3.29581 -0.172943 2.316189 1.0]
249
	ConcatTransform [1.1 0.0 0.0 0.0 0.0 1.1 0.0 0.0 0.0 0.0 1.1 0.0 -9.609 0.05 6.704 1.0]
	ConcatTransform [0.566693 -0.158336 0.808572 0.0 0.818991 0.000975 -0.573805 0.0 0.090065 0.987385 0.130228 0.0 -3.284888 -0.13598 2.410071 1.0]
250
	ConcatTransform [1.1 0.0 0.0 0.0 0.0 1.1 0.0 0.0 0.0 0.0 1.1 0.0 -9.609 0.05 6.704 1.0]
	ConcatTransform [0.744171 -0.251014 0.619032 0.0 0.573277 -0.235682 -0.784734 0.0 0.342874 0.938854 -0.031487 0.0 -3.268505 -0.099096 2.550893 1.0]
251
	ConcatTransform [1.1 0.0 0.0 0.0 0.0 1.1 0.0 0.0 0.0 0.0 1.1 0.0 -9.609 0.05 6.704 1.0]
	ConcatTransform [0.811193 -0.342869 0.473715 0.0 0.350541 -0.363293 -0.863215 0.0 0.468067 0.866291 -0.174511 0.0 -3.257583 -0.08688 2.644774 1.0]
252
	ConcatTransform [1.1 0.0 0.0 0.0 0.0 1.1 0.0 0.0 0.0 0.0 1.1 0.0 -9.609 0.05 6.704 1.0]
	ConcatTransform [0.821706 -0.50998 0.2544 0.0 -0.029622 -0.484 -0.874567 0.0 0.569141 0.711101 -0.412812 0.0 -3.241115 -0.086973 2.785479 1.0]
253
	ConcatTransform [1.1 0.0 0.0 0.0 0.0 1.1 0.0 0.0 0.0 0.0 1.1 0.0 -9.609 0.05 6.704 1.0]
	ConcatTransform [0.762551 -0.634634 0.125521 0.0 -0.276265 -0.494897 -0.823866 0.0 0.584973 0.593562 -0.552712 0.0 -3.229531 -0.098297 2.878352 1.0]
254
	ConcatTransform [1.1 0.0 0.0 0.0 0.0 1.1 0.0 0.0 0.0 0.0 1.1 0.0 -9.609 0.05 6.704 1.0]
	ConcatTransform [0.594929 -0.803343 -0.026436 0.0 -0.611273 -0.430842 -0.663868 0.0 0.521924 0.411114 -0.747383 0.0 -3.212154 -0.133844 3.01766 1.0]
255
	ConcatTransform [1.1 0.0 0.0 0.0 0.0 1.1 0.0 0.0 0.0 0.0 1.1 0.0 -9.609 0.05 6.704 1.0]
	ConcatTransform [0.441407 -0.892746 -0.090359 0.0 -0.789685 -0.338672 -0.511565 0.0 0.426095 0.297163 -0.85448 0.0 -3.200569 -0.169916 3.110532 1.0]
256
	ConcatTransform [1.1 0.0 0.0 0.0 0.0 1.1 0.0 0.0 0.0 0.0 1.1 0.0 -9.609 0.05 6.704 1.0]
	ConcatTransform [0.173801 -0.977489 -0.11962 0.0 -0.960468 -0.14143 -0.23979 0.0 0.217474 0.156566 -0.963427 0.0 -3.183192 -0.242584 3.249841 1.0]
257
	ConcatTransform [1.1 0.0 0.0 0.0 0.0 1.1 0.0 0.0 0.0 0.0 1.1 0.0 -9.609 0.05 6.704 1.0]
	ConcatTransform [-0.012213 -0.995608 -0.092823 0.0 -0.998743 0.016659 -0.047267 0.0 0.048606 0.092129 -0.99456 0.0 -3.171608 -0.303403 3.342713 1.0]
258
	ConcatTransform [1.1 0.0 0.0 0.0 0.0 1.1 0.0 0.0 0.0 0.0 1.1 0.0 -9.609 0.05 6.704 1.0]
	ConcatTransform [-0.326941 -0.943985 0.044747 0.0 -0.93914 0.329819 0.0961 0.0 -0.105475 -0.010605 -0.994365 0.0 -3.15839 -0.402037 3.471853 1.0]
259
	ConcatTransform [1.1 0.0 0.0 0.0 0.0 1.1 0.0 0.0 0.0 0.0 1.1 0.0 -9.609 0.05 6.704 1.0]
	ConcatTransform [-0.480008 -0.857116 0.186934 0.0 -0.856604 0.503912 0.110918 0.0 -0.189268 -0.106886 -0.976091 0.0 -3.19069 -0.430908 3.533834 1.0]
260
	ConcatTransform [1.1 0.0 0.0 0.0 0.0 1.1 0.0 0.0 0.0 0.0 1.1 0.0 -9.609 0.05 6.704 1.0]
	ConcatTransform [-0.669958 -0.637407 0.380616 0.0 -0.663918 0.743826 0.077039 0.0 -0.332218 -0.201085 -0.921518 0.0 -3.264267 -0.44444 3.604131 1.0]
261
	ConcatTransform [1.1 0.0 0.0 0.0 0.0 1.1 0.0 0.0 0.0 0.0 1.1 0.0 -9.609 0.05 6.704 1.0]
	ConcatTransform [-0.754202 -0.52824 0.390054 0.0 -0.506035 0.846111 0.167405 0.0 -0.418459 -0.071124 -0.905447 0.0 -3.309872 -0.4343 3.638726 1.0]
262
	ConcatTransform [1.1 0.0 0.0 0.0 0.0 1.1 0.0 0.0 0.0 0.0 1.1 0.0 -9.609 0.05 6.704 1.0]
	ConcatTransform [-0.81419 -0.437424 0.381778 0.0 -0.28812 0.875285 0.388411 0.0 -0.504065 0.206242 -0.838679 0.0 -3.367049 -0.418213 3.675474 1.0]
263
	ConcatTransform [1.1 0.0 0.0 0.0 0.0 1.1 0.0 0.0 0.0 0.0 1.1 0.0 -9.609 0.05 6.704 1.0]
	ConcatTransform [-0.830103 -0.39131 0.397246 0.0 -0.138801 0.834992 0.532469 0.0 -0.540058 0.386866 -0.747444 0.0 -3.403615 -0.416802 3.697363 1.0]
264
	ConcatTransform [1.1 0.0 0.0 0.0 0.0 1.1 0.0 0.0 0.0 0.0 1.1 0.0 -9.609 0.05 6.704 1.0]
	ConcatTransform [-0.795473 -0.389084 0.464582 0.0 0.057758 0.71448 0.697268 0.0 -0.603231 0.581491 -0.545876 0.0 -3.455648 -0.423906 3.724676 1.0]
265
	ConcatTransform [1.1 0.0 0.0 0.0 0.0 1.1 0.0 0.0 0.0 0.0 1.1 0.0 -9.609 0.05 6.704 1.0]
	ConcatTransform [-0.719527 -0.450722 0.528328 0.0 0.160596 0.632158 0.758014 0.0 -0.67564 0.630259 -0.382471 0.0 -3.485011 -0.428665 3.739066 1.0]
266
	ConcatTransform [1.1 0.0 0.0 0.0 0.0 1.1 0.0 0.0 0.0 0.0 1.1 0.0 -9.609 0.05 6.704 1.0]
	ConcatTransform [-0.603498 -0.535397 0.590881 0.0 0.34152 0.496067 0.798299 0.0 -0.720524 0.683569 -0.116527 0.0 -3.506685 -0.431411 3.755626 1.0]
267
	ConcatTransform [1.1 0.0 0.0 0.0 0.0 1.1 0.0 0.0 0.0 0.0 1.1 0.0 -9.609 0.05 6.704 1.0]
	ConcatTransform [-0.527033 -0.58718 0.614374 0.0 0.470461 0.400464 0.786318 0.0 -0.707745 0.703454 0.065188 0.0 -3.506342 -0.429685 3.763007 1.0]
268
	ConcatTransform [1.1 0.0 0.0 0.0 0.0 1.1 0.0 0.0 0.0 0.0 1.1 0.0 -9.609 0.05 6.704 1.0]
	ConcatTransform [-0.379689 -0.677129 0.630343 0.0 0.630406 0.309301 0.711984 0.0 -0.677071 0.667705 0.309428 0.0 -3.501091 -0.433948 3.772199 1.0]
269
	ConcatTransform [1.1 0.0 0.0 0.0 0.0 1.1 0.0 0.0 0.0 0.0 1.1 0.0 -9.609 0.05 6.704 1.0]
	ConcatTransform [-0.259406 -0.729461 0.632926 0.0 0.691867 0.31688 0.648774 0.0 -0.673817 0.606196 0.42249 0.0 -3.494833 -0.43856 3.77872 1.0]
270
	ConcatTransform [1.1 0.0 0.0 0.0 0.0 1.1 0.0 0.0 0.0 0.0 1.1 0.0 -9.609 0.05 6.704 1.0]
	ConcatTransform [-0.064838 -0.786082 0.614712 0.0 0.762055 0.3587 0.539079 0.0 -0.644258 0.503397 0.57578 0.0 -3.479154 -0.451002 3.791605 1.0]
271
	ConcatTransform [1.1 0.0 0.0 0.0 0.0 1.1 0.0 0.0 0.0 0.0 1.1 0.0 -9.609 0.05 6.704 1.0]
	ConcatTransform [0.072678 -0.8031 0.591396 0.0 0.791189 0.40745 0.456075 0.0 -0.607237 0.434759 0.665017 0.0 -3.464772 -0.462023 3.801835 1.0]
272
	ConcatTransform [1.1 0.0 0.0 0.0 0.0 1.1 0.0 0.0 0.0 0.0 1.1 0.0 -9.609 0.05 6.704 1.0]
	ConcatTransform [0.280819 -0.791508 0.542822 0.0 0.806468 0.501231 0.313652 0.0 -0.520337 0.349689 0.779081 0.0 -3.436615 -0.479362 3.819747 1.0]
273
	ConcatTransform [1.1 0.0 0.0 0.0 0.0 1.1 0.0 0.0 0.0 0.0 1.1 0.0 -9.609 0.05 6.704 1.0]
	ConcatTransform [0.416571 -0.760257 0.498475 0.0 0.792319 0.572468 0.210975 0.0 -0.445757 0.307065 0.84084 0.0 -3.414092 -0.490161 3.833417 1.0]
274
	ConcatTransform [1.1 0.0 0.0 0.0 0.0 1.1 0.0 0.0 0.0 0.0 1.1 0.0 -9.609 0.05 6.704 1.0]
	ConcatTransform [0.600228 -0.685012 0.412898 0.0 0.737836 0.673494 0.044761 0.0 -0.308746 0.277784 0.909677 0.0 -3.37504 -0.501899 3.856129 1.0]
275
	ConcatTransform [1.1 0.0 0.0 0.0 0.0 1.1 0.0 0.0 0.0 0.0 1.1 0.0 -9.609 0.05 6.704 1.0]
	ConcatTransform [0.702989 -0.623999 0.341221 0.0 0.681132 0.728748 -0.070601 0.0 -0.204609 0.282048 0.937328 0.0 -3.346371 -0.506003 3.872398 1.0]
276
	ConcatTransform [1.1 0.0 0.0 0.0 0.0 1.1 0.0 0.0 0.0 0.0 1.1 0.0 -9.609 0.05 6.704 1.0]
	ConcatTransform [0.78073 -0.576004 0.242241 0.0 0.623972 0.73941 -0.252848 0.0 -0.033474 0.348558 0.936689 0.0 -3.303926 -0.492133 3.89057 1.0]
277
	ConcatTransform [1.1 0.0 0.0 0.0 0.0 1.1 0.0 0.0 0.0 0.0 1.1 0.0 -9.609 0.05 6.704 1.0]
	ConcatTransform [0.81224 -0.552777 0.186291 0.0 0.578869 0.724432 -0.374313 0.0 0.071956 0.41187 0.908397 0.0 -3.281339 -0.479391 3.89732 1.0]
278
	ConcatTransform [1.1 0.0 0.0 0.0 0.0 1.1 0.0 0.0 0.0 0.0 1.1 0.0 -9.609 0.05 6.704 1.0]
	ConcatTransform [0.836812 -0.538273 0.100043 0.0 0.499818 0.676507 -0.540852 0.0 0.223446 0.502594 0.835147 0.0 -3.253601 -0.464017 3.902861 1.0]
279
	ConcatTransform [1.1 0.0 0.0 0.0 0.0 1.1 0.0 0.0 0.0 0.0 1.1 0.0 -9.609 0.05 6.704 1.0]
	ConcatTransform [0.840007 -0.541176 0.038945 0.0 0.438019 0.634026 -0.6373 0.0 0.320199 0.552395 0.769631 0.0 -3.239817 -0.456683 3.903766 1.0]
280
	ConcatTransform [1.1 0.0 0.0 0.0 0.0 1.1 0.0 0.0 0.0 0.0 1.1 0.0 -9.609 0.05 6.704 1.0]
	ConcatTransform [0.824053 -0.564199 -0.051145 0.0 0.335307 0.558516 -0.758702 0.0 0.456624 0.608062 0.649427 0.0 -3.226521 -0.450596 3.900838 1.0]
281
	ConcatTransform [1.1 0.0 0.0 0.0 0.0 1.1 0.0 0.0 0.0 0.0 1.1 0.0 -9.609 0.05 6.704 1.0]
	ConcatTransform [0.797926 -0.592693 -0.109681 0.0 0.262296 0.505263 -0.822138 0.0 0.542693 0.627236 0.558623 0.0 -3.221878 -0.45097 3.896624 1.0]
282
	ConcatTransform [1.1 0.0 0.0 0.0 0.0 1.1 0.0 0.0 0.0 0.0 1.1 0.0 -9.609 0.05 6.704 1.0]
	ConcatTransform [0.733513 -0.652531 -0.190164 0.0 0.149063 0.42742 -0.891679 0.0 0.663128 0.625712 0.410786 0.0 -3.221124 -0.458398 3.887075 1.0]
283
	ConcatTransform [1.1 0.0 0.0 0.0 0.0 1.1 0.0 0.0 0.0 0.0 1.1 0.0 -9.609 0.05 6.704 1.0]
	ConcatTransform [0.68379 -0.680362 -0.263704 0.0 0.083986 0.432379 -0.897772 0.0 0.72483 0.59174 0.352797 0.0 -3.224086 -0.461661 3.878626 1.0]
284
	ConcatTransform [1.1 0.0 0.0 0.0 0.0 1.1 0.0 0.0 0.0 0.0 1.1 0.0 -9.609 0.05 6.704 1.0]
	ConcatTransform [0.591311 -0.717089 -0.368965 0.0 0.011469 0.464952 -0.885261 0.0 0.806362 0.519233 0.283156 0.0 -3.228944 -0.471801 3.861123 1.0]
285
	ConcatTransform [1.1 0.0 0.0 0.0 0.0 1.1 0.0 0.0 0.0 0.0 1.1 0.0 -9.609 0.05 6.704 1.0]
	ConcatTransform [0.525789 -0.726356 -0.442665 0.0 -0.039532 0.498978 -0.865713 0.0 0.849696 0.472682 0.233643 0.0 -3.233731 -0.479346 3.845534 1.0]
286
	ConcatTransform [1.1 0.0 0.0 0.0 0.0 1.1 0.0 0.0 0.0 0.0 1.1 0.0 -9.609 0.05 6.704 1.0]
	ConcatTransform [0.418942 -0.718343 -0.555402 0.0 -0.110714 0.566692 -0.816457 0.0 0.901238 0.403539 0.15788 0.0 -3.242303 -0.491105 3.817188 1.0]
287
	ConcatTransform [1.1 0.0 0.0 0.0 0.0 1.1 0.0 0.0 0.0 0.0 1.1 0.0 -9.609 0.05 6.704 1.0]
	ConcatTransform [0.343751 -0.698141 -0.628041 0.0 -0.155375 0.617294 -0.771237 0.0 0.926118 0.362696 0.103721 0.0 -3.248849 -0.497717 3.795113 1.0]
288
	ConcatTransform [1.1 0.0 0.0 0.0 0.0 1.1 0.0 0.0 0.0 0.0 1.1 0.0 -9.609 0.05 6.704 1.0]
	ConcatTransform [0.227751 -0.647926 -0.726857 0.0 -0.218966 0.693276 -0.686602 0.0 0.94878 0.315531 0.016021 0.0 -3.259493 -0.504307 3.758366 1.0]
289
	ConcatTransform [1.1 0.0 0.0 0.0 0.0 1.1 0.0 0.0 0.0 0.0 1.1 0.0 -9.609 0.05 6.704 1.0]
	ConcatTransform [0.151106 -0.614481 -0.774326 0.0 -0.262174 0.730356 -0.63075 0.0 0.953117 0.298318 -0.05074 0.0 -3.26735 -0.504221 3.731785 1.0]
290
	ConcatTransform [1.1 0.0 0.0 0.0 0.0 1.1 0.0 0.0 0.0 0.0 1.1 0.0 -9.609 0.05 6.704 1.0]
	ConcatTransform [0.058939 -0.576841 -0.814727 0.0 -0.330487 0.758847 -0.561185 0.0 0.941968 0.302333 -0.145913 0.0 -3.283554 -0.494383 3.697001 1.0]
291
	ConcatTransform [1.1 0.0 0.0 0.0 0.0 1.1 0.0 0.0 0.0 0.0 1.1 0.0 -9.609 0.05 6.704 1.0]
	ConcatTransform [0.000872 -0.557735 -0.830019 0.0 -0.370664 0.770714 -0.518274 0.0 0.928767 0.30811 -0.20606 0.0 -3.296314 -0.487024 3.67943 1.0]
292
	ConcatTransform [1.1 0.0 0.0 0.0 0.0 1.1 0.0 0.0 0.0 0.0 1.1 0.0 -9.609 0.05 6.704 1.0]
	ConcatTransform [-0.08988 -0.537059 -0.838743 0.0 -0.422509 0.783177 -0.456203 0.0 0.901891 0.313372 -0.297304 0.0 -3.316517 -0.479277 3.660574 1.0]
293
	ConcatTransform [1.1 0.0 0.0 0.0 0.0 1.1 0.0 0.0 0.0 0.0 1.1 0.0 -9.609 0.05 6.704 1.0]
	ConcatTransform [-0.147361 -0.5315 -0.834142 0.0 -0.455356 0.785114 -0.419816 0.0 0.878029 0.317967 -0.357717 0.0 -3.330636 -0.4768 3.652723 1.0]
294
	ConcatTransform [1.1 0.0 0.0 0.0 0.0 1.1 0.0 0.0 0.0 0.0 1.1 0.0 -9.609 0.05 6.704 1.0]
	ConcatTransform [-0.227835 -0.536467 -0.812585 0.0 -0.503386 0.779252 -0.37332 0.0 0.833483 0.323989 -0.447591 0.0 -3.352171 -0.477345 3.648093 1.0]
295
	ConcatTransform [1.1 0.0 0.0 0.0 0.0 1.1 0.0 0.0 0.0 0.0 1.1 0.0 -9.609 0.05 6.704 1.0]
	ConcatTransform [-0.28129 -0.546299 -0.788945 0.0 -0.532208 0.772927 -0.345455 0.0 0.798518 0.32271 -0.508161 0.0 -3.365965 -0.480089 3.650218 1.0]
296
	ConcatTransform [1.1 0.0 0.0 0.0 0.0 1.1 0.0 0.0 0.0 0.0 1.1 0.0 -9.609 0.05 6.704 1.0]
	ConcatTransform [-0.361956 -0.572747 -0.735492 0.0 -0.570004 0.760288 -0.311542 0.0 0.737621 0.306469 -0.601658 0.0 -3.384994 -0.487978 3.660257 1.0]
297
	ConcatTransform [1.1 0.0 0.0 0.0 0.0 1.1 0.0 0.0 0.0 0.0 1.1 0.0 -9.609 0.05 6.704 1.0]
	ConcatTransform [-0.407919 -0.597799 -0.6901 0.0 -0.597121 0.746463 -0.293664 0.0 0.690687 0.292282 -0.661455 0.0 -3.396751 -0.495183 3.67149 1.0]
298
	ConcatTransform [1.1 0.0 0.0 0.0 0.0 1.1 0.0 0.0 0.0 0.0 1.1 0.0 -9.609 0.05 6.704 1.0]
	ConcatTransform [-0.462679 -0.643102 -0.610204 0.0 -0.641942 0.717753 -0.269705 0.0 0.611424 0.266928 -0.744923 0.0 -3.412328 -0.507347 3.695182 1.0]
299
	ConcatTransform [1.1 0.0 0.0 0.0 0.0 1.1 0.0 0.0 0.0 0.0 1.1 0.0 -9.609 0.05 6.704 1.0]
	ConcatTransform [-0.510342 -0.648927 -0.564309 0.0 -0.637475 0.725904 -0.258242 0.0 0.577215 0.227941 -0.784134 0.0 -3.419268 -0.504238 3.711794 1.0]
300
	ConcatTransform [1.1 0.0 0.0 0.0 0.0 1.1 0.0 0.0 0.0 0.0 1.1 0.0 -9.609 0.05 6.704 1.0]
	ConcatTransform [-0.58145 -0.648592 -0.491166 0.0 -0.630028 0.740929 -0.232569 0.0 0.514762 0.174221 -0.839444 0.0 -3.429404 -0.49968 3.734494 1.0]
301
	ConcatTransform [1.1 0.0 0.0 0.0 0.0 1.1 0.0 0.0 0.0 0.0 1.1 0.0 -9.609 0.05 6.704 1.0]
	ConcatTransform [-0.624715 -0.643813 -0.441855 0.0 -0.624824 0.751536 -0.211634 0.0 0.468323 0.14387 -0.871765 0.0 -3.4359 -0.496801 3.74772 1.0]
302
	ConcatTransform [1.1 0.0 0.0 0.0 0.0 1.1 0.0 0.0 0.0 0.0 1.1 0.0 -9.609 0.05 6.704 1.0]
	ConcatTransform [-0.684306 -0.629285 -0.36841 0.0 -0.613068 0.770045 -0.176574 0.0 0.394808 0.10503 -0.912741 0.0 -3.444624 -0.492773 3.764039 1.0]
303
	ConcatTransform [1.1 0.0 0.0 0.0 0.0 1.1 0.0 0.0 0.0 0.0 1.1 0.0 -9.609 0.05 6.704 1.0]
	ConcatTransform [-0.712506 -0.618836 -0.330721 0.0 -0.60927 0.779435 -0.145845 0.0 0.34803 0.097583 -0.932391 0.0 -3.449431 -0.49123 3.773416 1.0]
304
	ConcatTransform [1.1 0.0 0.0 0.0 0.0 1.1 0.0 0.0 0.0 0.0 1.1 0.0 -9.609 0.05 6.704 1.0]
	ConcatTransform [-0.725552 -0.617046 -0.304678 0.0 -0.621133 0.777794 -0.096071 0.0 0.296257 0.119542 -0.947598 0.0 -3.448351 -0.494563 3.788169 1.0]
305
	ConcatTransform [1.1 0.0 0.0 0.0 0.0 1.1 0.0 0.0 0.0 0.0 1.1 0.0 -9.609 0.05 6.704 1.0]
	ConcatTransform [-0.732177 -0.621925 -0.277716 0.0 -0.63061 0.773058 -0.068653 0.0 0.257387 0.124865 -0.958207 0.0 -3.44372 -0.497273 3.795302 1.0]
306
	ConcatTransform [1.1 0.0 0.0 0.0 0.0 1.1 0.0 0.0 0.0 0.0 1.1 0.0 -9.609 0.05 6.704 1.0]
	ConcatTransform [-0.744293 -0.627335 -0.22908 0.0 -0.639234 0.768514 -0.027668 0.0 0.193408 0.125843 -0.973014 0.0 -3.435564 -0.495854 3.800141 1.0]
307
	ConcatTransform [1.1 0.0 0.0 0.0 0.0 1.1 0.0 0.0 0.0 0.0 1.1 0.0 -9.609 0.05 6.704 1.0]
	ConcatTransform [-0.752077 -0.628792 -0.197485 0.0 -0.642254 0.766473 0.005429 0.0 0.147953 0.130918 -0.980291 0.0 -3.429825 -0.495803 3.801009 1.0]
308
	ConcatTransform [1.1 0.0 0.0 0.0 0.0 1.1 0.0 0.0 0.0 0.0 1.1 0.0 -9.609 0.05 6.704 1.0]
	ConcatTransform [-0.763249 -0.627437 -0.15419 0.0 -0.641062 0.765169 0.059631 0.0 0.080566 0.144358 -0.98624 0.0 -3.420997 -0.496674 3.798743 1.0]
309
	ConcatTransform [1.1 0.0 0.0 0.0 0.0 1.1 0.0 0.0 0.0 0.0 1.1 0.0 -9.609 0.05 6.704 1.0]
	ConcatTransform [-0.768312 -0.627346 -0.127021 0.0 -0.639159 0.762572 0.099799 0.0 0.034254 0.157864 -0.986867 0.0 -3.415495 -0.49773 3.794956 1.0]
310
	ConcatTransform [1.1 0.0 0.0 0.0 0.0 1.1 0.0 0.0 0.0 0.0 1.1 0.0 -9.609 0.05 6.704 1.0]
	ConcatTransform [-0.772799 -0.628404 -0.088825 0.0 -0.633591 0.755826 0.165195 0.0 -0.036673 0.183941 -0.982253 0.0 -3.408058 -0.499664 3.78616 1.0]
311
	ConcatTransform [1.1 0.0 0.0 0.0 0.0 1.1 0.0 0.0 0.0 0.0 1.1 0.0 -9.609 0.05 6.704 1.0]
	ConcatTransform [-0.775592 -0.627901 -0.064793 0.0 -0.625749 0.751288 0.209771 0.0 -0.083037 0.203241 -0.975601 0.0 -3.403537 -0.500947 3.778366 1.0]
312
	ConcatTransform [1.1 0.0 0.0 0.0 0.0 1.1 0.0 0.0 0.0 0.0 1.1 0.0 -9.609 0.05 6.704 1.0]
	ConcatTransform [-0.779031 -0.626276 -0.029811 0.0 -0.608485 0.743725 0.2768 0.0 -0.151182 0.233776 -0.960465 0.0 -3.397732 -0.502631 3.764254 1.0]
313
	ConcatTransform [1.1 0.0 0.0 0.0 0.0 1.1 0.0 0.0 0.0 0.0 1.1 0.0 -9.609 0.05 6.704 1.0]
	ConcatTransform [-0.779635 -0.626191 -0.007317 0.0 -0.594588 0.73652 0.322495 0.0 -0.196555 0.255779 -0.946543 0.0 -3.394789 -0.503515 3.753673 1.0]
314
	ConcatTransform [1.1 0.0 0.0 0.0 0.0 1.1 0.0 0.0 0.0 0.0 1.1 0.0 -9.609 0.05 6.704 1.0]
	ConcatTransform [-0.773494 -0.633675 0.012785 0.0 -0.581824 0.717914 0.382204 0.0 -0.251372 0.288194 -0.923989 0.0 -3.389066 -0.504049 3.737838 1.0]
315
	ConcatTransform [1.1 0.0 0.0 0.0 0.0 1.1 0.0 0.0 0.0 0.0 1.1 0.0 -9.609 0.05 6.704 1.0]
	ConcatTransform [-0.76918 -0.638613 0.023154 0.0 -0.573106 0.705402 0.417083 0.0 -0.282688 0.307542 -0.908573 0.0 -3.385653 -0.50392 3.726972 1.0]
316
	ConcatTransform [1.1 0.0 0.0 0.0 0.0 1.1 0.0 0.0 0.0 0.0 1.1 0.0 -9.609 0.05 6.704 1.0]
	ConcatTransform [-0.765302 -0.642676 0.035784 0.0 -0.556573 0.688647 0.464749 0.0 -0.323325 0.335757 -0.884719 0.0 -3.381777 -0.503342 3.710713 1.0]
317
	ConcatTransform [1.1 0.0 0.0 0.0 0.0 1.1 0.0 0.0 0.0 0.0 1.1 0.0 -9.609 0.05 6.704 1.0]
	ConcatTransform [-0.762928 -0.645017 0.043528 0.0 -0.544886 0.677805 0.493639 0.0 -0.347909 0.352892 -0.868577 0.0 -3.380193 -0.502754 3.700258 1.0]
318
	ConcatTransform [1.1 0.0 0.0 0.0 0.0 1.1 0.0 0.0 0.0 0.0 1.1 0.0 -9.609 0.05 6.704 1.0]
	ConcatTransform [-0.75956 -0.648108 0.054998 0.0 -0.52706 0.662827 0.531853 0.0 -0.381153 0.374987 -0.845049 0.0 -3.379295 -0.501623 3.685686 1.0]
319
	ConcatTransform [1.1 0.0 0.0 0.0 0.0 1.1 0.0 0.0 0.0 0.0 1.1 0.0 -9.609 0.05 6.704 1.0]
	ConcatTransform [-0.757771 -0.649568 0.062009 0.0 -0.51524 0.65395 0.553965 0.0 -0.400388 0.387829 -0.830228 0.0 -3.379694 -0.500804 3.677036 1.0]
320
	ConcatTransform [1.1 0.0 0.0 0.0 0.0 1.1 0.0 0.0 0.0 0.0 1.1 0.0 -9.609 0.05 6.704 1.0]
	ConcatTransform [-0.756574 -0.650961 0.062012 0.0 -0.50379 0.640718 0.579375 0.0 -0.416883 0.4071 -0.812698 0.0 -3.380804 -0.499333 3.666494 1.0]
321
	ConcatTransform [1.1 0.0 0.0 0.0 0.0 1.1 0.0 0.0 0.0 0.0 1.1 0.0 -9.609 0.05 6.704 1.0]
	ConcatTransform [-0.75636 -0.651671 0.056956 0.0 -0.504115 0.636151 0.584106 0.0 -0.416877 0.413082 -0.809677 0.0 -3.380917 -0.4988 3.660808 1.0]
322
	ConcatTransform [1.1 0.0 0.0 0.0 0.0 1.1 0.0 0.0 0.0 0.0 1.1 0.0 -9.609 0.05 6.704 1.0]
	ConcatTransform [-0.755868 -0.652837 0.049669 0.0 -0.504025 0.628632 0.592267 0.0 -0.417877 0.422642 -0.804209 0.0 -3.380628 -0.497913 3.655245 1.0]
323
	ConcatTransform [1.1 0.0 0.0 0.0 0.0 1.1 0.0 0.0 0.0 0.0 1.1 0.0 -9.609 0.05 6.704 1.0]
	ConcatTransform [-0.75577 -0.653124 0.047339 0.0 -0.503784 0.626098 0.59515 0.0 -0.418345 0.425948 -0.802219 0.0 -3.380508 -0.497575 3.653274 1.0]
324
	ConcatTransform [1.1 0.0 0.0 0.0 0.0 1.1 0.0 0.0 0.0 0.0 1.1 0.0 -9.609 0.05 6.704 1.0]
	ConcatTransform [-0.755721 -0.653231 0.04664 0.0 -0.504242 0.625841 0.595032 0.0 -0.417882 0.42616 -0.802348 0.0 -3.380418 -0.49754 3.653042 1.0]
325
	ConcatTransform [1.1 0.0 0.0 0.0 0.0 1.1 0.0 0.0 0.0 0.0 1.1 0.0 -9.609 0.05 6.704 1.0]
	ConcatTransform [-0.755852 -0.65287 0.049481 0.0 -0.503788 0.628193 0.592934 0.0 -0.418193 0.423242 -0.803729 0.0 -3.380448 -0.49781 3.654714 1.0]
326
	ConcatTransform [1.1 0.0 0.0 0.0 0.0 1.1 0.0 0.0 0.0 0.0 1.1 0.0 -9.609 0.05 6.704 1.0]
	ConcatTransform [-0.755364 -0.652568 0.059826 0.0 -0.505456 0.638305 0.580587 0.0 -0.41706 0.408315 -0.811998 0.0 -3.380563 -0.499066 3.659423 1.0]
327
	ConcatTransform [1.1 0.0 0.0 0.0 0.0 1.1 0.0 0.0 0.0 0.0 1.1 0.0 -9.609 0.05 6.704 1.0]
	ConcatTransform [-0.755934 -0.650982 0.069177 0.0 -0.505102 0.647208 0.570959 0.0 -0.416456 0.396666 -0.818059 0.0 -3.380969 -0.500055 3.664229 1.0]
328
	ConcatTransform [1.1 0.0 0.0 0.0 0.0 1.1 0.0 0.0 0.0 0.0 1.1 0.0 -9.609 0.05 6.704 1.0]
	ConcatTransform [-0.756751 -0.648177 0.084819 0.0 -0.504271 0.661394 0.55522 0.0 -0.415979 0.377392 -0.827367 0.0 -3.381798 -0.501415 3.673775 1.0]
329
	ConcatTransform [1.1 0.0 0.0 0.0 0.0 1.1 0.0 0.0 0.0 0.0 1.1 0.0 -9.609 0.05 6.704 1.0]
	ConcatTransform [-0.757032 -0.64614 0.096979 0.0 -0.504332 0.672233 0.541988 0.0 -0.415393 0.361393 -0.834772 0.0 -3.382462 -0.502307 3.681301 1.0]
330
	ConcatTransform [1.1 0.0 0.0 0.0 0.0 1.1 0.0 0.0 0.0 0.0 1.1 0.0 -9.609 0.05 6.704 1.0]
	ConcatTransform [-0.75733 -0.642503 0.11679 0.0 -0.503984 0.688783 0.521132 0.0 -0.415272 0.335809 -0.845448 0.0 -3.383104 -0.503328 3.694058 1.0]
331
	ConcatTransform [1.1 0.0 0.0 0.0 0.0 1.1 0.0 0.0 0.0 0.0 1.1 0.0 -9.609 0.05 6.704 1.0]
	ConcatTransform [-0.757893 -0.639237 0.130284 0.0 -0.503467 0.700115 0.506319 0.0 -0.414872 0.318142 -0.852447 0.0 -3.383394 -0.503747 3.703239 1.0]
332
	ConcatTransform [1.1 0.0 0.0 0.0 0.0 1.1 0.0 0.0 0.0 0.0 1.1 0.0 -9.609 0.05 6.704 1.0]
	ConcatTransform [-0.758507 -0.634257 0.149616 0.0 -0.503353 0.716047 0.483645 0.0 -0.413887 0.291539 -0.862382 0.0 -3.38377 -0.50395 3.717582 1.0]
333
	ConcatTransform [1.1 0.0 0.0 0.0 0.0 1.1 0.0 0.0 0.0 0.0 1.1 0.0 -9.609 0.05 6.704 1.0]
	ConcatTransform [-0.758873 -0.630617 0.162585 0.0 -0.503146 0.726244 0.468417 0.0 -0.413468 0.273665 -0.868419 0.0 -3.383997 -0.503812 3.727156 1.0]
334
	ConcatTransform [1.1 0.0 0.0 0.0 0.0 1.1 0.0 0.0 0.0 0.0 1.1 0.0 -9.609 0.05 6.704 1.0]
	ConcatTransform [-0.759378 -0.624771 0.181674 0.0 -0.502446 0.740488 0.446346 0.0 -0.413392 0.247665 -0.876225 0.0 -3.384384 -0.503221 3.741027 1.0]
335
	ConcatTransform [1.1 0.0 0.0 0.0 0.0 1.1 0.0 0.0 0.0 0.0 1.1 0.0 -9.609 0.05 6.704 1.0]
	ConcatTransform [-0.759556 -0.621316 0.192461 0.0 -0.502062 0.748152 0.433823 0.0 -0.413532 0.232886 -0.880202 0.0 -3.384496 -0.50269 3.74981 1.0]
336
	ConcatTransform [1.1 0.0 0.0 0.0 0.0 1.1 0.0 0.0 0.0 0.0 1.1 0.0 -9.609 0.05 6.704 1.0]
	ConcatTransform [-0.759785 -0.616671 0.206018 0.0 -0.501468 0.757495 0.418008 0.0 -0.413831 0.214285 -0.884774 0.0 -3.384749 -0.501802 3.761813 1.0]
337
	ConcatTransform [1.1 0.0 0.0 0.0 0.0 1.1 0.0 0.0 0.0 0.0 1.1 0.0 -9.609 0.05 6.704 1.0]
	ConcatTransform [-0.760224 -0.613216 0.214535 0.0 -0.501435 0.763818 0.40638 0.0 -0.413065 0.201364 -0.888161 0.0 -3.384889 -0.501053 3.768565 1.0]
338
	ConcatTransform [1.1 0.0 0.0 0.0 0.0 1.1 0.0 0.0 0.0 0.0 1.1 0.0 -9.609 0.05 6.704 1.0]
	ConcatTransform [-0.759664 -0.611653 0.220886 0.0 -0.503027 0.767946 0.396514 0.0 -0.412157 0.190106 -0.891059 0.0 -3.385015 -0.500638 3.777297 1.0]
339
	ConcatTransform [1.1 0.0 0.0 0.0 0.0 1.1 0.0 0.0 0.0 0.0 1.1 0.0 -9.609 0.05 6.704 1.0]
	ConcatTransform [-0.760892 -0.609146 0.223573 0.0 -0.502502 0.771156 0.390909 0.0 -0.41053 0.185094 -0.892864 0.0 -3.385413 -0.500219 3.781505 1.0]
340
	ConcatTransform [1.1 0.0 0.0 0.0 0.0 1.1 0.0 0.0 0.0 0.0 1.1 0.0 -9.609 0.05 6.704 1.0]
	ConcatTransform [-0.760997 -0.607458 0.227769 0.0 -0.502468 0.773964 0.385363 0.0 -0.410377 0.178813 -0.894213 0.0 -3.385564 -0.499604 3.785401 1.0]
341
	ConcatTransform [1.1 0.0 0.0 0.0 0.0 1.1 0.0 0.0 0.0 0.0 1.1 0.0 -9.609 0.05 6.704 1.0]
	ConcatTransform [-0.761024 -0.607251 0.22823 0.0 -0.502187 0.774172 0.385313 0.0 -0.41067 0.178618 -0.894117 0.0 -3.385708 -0.499529 3.786564 1.0]
342
	ConcatTransform [1.1 0.0 0.0 0.0 0.0 1.1 0.0 0.0 0.0 0.0 1.1 0.0 -9.609 0.05 6.704 1.0]
	ConcatTransform [-0.760544 -0.60869 0.225985 0.0 -0.502069 0.772024 0.389752 0.0 -0.411704 0.182964 -0.892762 0.0 -3.386279 -0.49979 3.786056 1.0]
343
	ConcatTransform [1.1 0.0 0.0 0.0 0.0 1.1 0.0 0.0 0.0 0.0 1.1 0.0 -9.609 0.05 6.704 1.0]
	ConcatTransform [-0.760393 -0.610121 0.222607 0.0 -0.501756 0.769498 0.395112 0.0 -0.412362 0.188746 -0.891253 0.0 -3.386638 -0.500181 3.784218 1.0]
344
	ConcatTransform [1.1 0.0 0.0 0.0 0.0 1.1 0.0 0.0 0.0 0.0 1.1 0.0 -9.609 0.05 6.704 1.0]
	ConcatTransform [-0.760416 -0.61261 0.215585 0.0 -0.5019 0.76501 0.403554 0.0 -0.412146 0.198667 -0.889195 0.0 -3.386581 -0.500828 3.779159 1.0]
345
	ConcatTransform [1.1 0.0 0.0 0.0 0.0 1.1 0.0 0.0 0.0 0.0 1.1 0.0 -9.609 0.05 6.704 1.0]
	ConcatTransform [-0.76027 -0.615042 0.209074 0.0 -0.502286 0.760671 0.411203 0.0 -0.411944 0.20761 -0.887243 0.0 -3.386368 -0.501367 3.77449 1.0]
346
	ConcatTransform [1.1 0.0 0.0 0.0 0.0 1.1 0.0 0.0 0.0 0.0 1.1 0.0 -9.609 0.05 6.704 1.0]
	ConcatTransform [-0.7598 -0.619186 0.198273 0.0 -0.501699 0.752345 0.426937 0.0 -0.413523 0.224914 -0.882277 0.0 -3.386178 -0.502232 3.765766 1.0]
347
	ConcatTransform [1.1 0.0 0.0 0.0 0.0 1.1 0.0 0.0 0.0 0.0 1.1 0.0 -9.609 0.05 6.704 1.0]
	ConcatTransform [-0.759127 -0.622439 0.190513 0.0 -0.500948 0.745512 0.439617 0.0 -0.415664 0.238288 -0.877748 0.0 -3.386101 -0.502806 3.758961 1.0]
348
	ConcatTransform [1.1 0.0 0.0 0.0 0.0 1.1 0.0 0.0 0.0 0.0 1.1 0.0 -9.609 0.05 6.704 1.0]
	ConcatTransform [-0.757756 -0.627794 0.177991 0.0 -0.499179 0.733365 0.461515 0.0 -0.420268 0.260867 -0.869093 0.0 -3.385778 -0.503543 3.747635 1.0]
349
	ConcatTransform [1.1 0.0 0.0 0.0 0.0 1.1 0.0 0.0 0.0 0.0 1.1 0.0 -9.609 0.05 6.704 1.0]
	ConcatTransform [-0.757297 -0.631204 0.167581 0.0 -0.499083 0.724857 0.474866 0.0 -0.42121 0.275978 -0.863955 0.0 -3.385566 -0.503857 3.739499 1.0]
350
	ConcatTransform [1.1 0.0 0.0 0.0 0.0 1.1 0.0 0.0 0.0 0.0 1.1 0.0 -9.609 0.05 6.704 1.0]
	ConcatTransform [-0.7569 -0.635943 0.150595 0.0 -0.499134 0.711273 0.494931 0.0 -0.421862 0.299446 -0.855783 0.0 -3.385383 -0.503952 3.726932 1.0]
351
	ConcatTransform [1.1 0.0 0.0 0.0 0.0 1.1 0.0 0.0 0.0 0.0 1.1 0.0 -9.609 0.05 6.704 1.0]
	ConcatTransform [-0.756853 -0.638654 0.138902 0.0 -0.499254 0.702088 0.507758 0.0 -0.421803 0.314951 -0.850228 0.0 -3.385306 -0.503793 3.718575 1.0]
352
	ConcatTransform [1.1 0.0 0.0 0.0 0.0 1.1 0.0 0.0 0.0 0.0 1.1 0.0 -9.609 0.05 6.704 1.0]
	ConcatTransform [-0.75674 -0.642124 0.122565 0.0 -0.499455 0.68888 0.525347 0.0 -0.42177 0.336335 -0.842014 0.0 -3.385179 -0.503329 3.706449 1.0]
353
	ConcatTransform [1.1 0.0 0.0 0.0 0.0 1.1 0.0 0.0 0.0 0.0 1.1 0.0 -9.609 0.05 6.704 1.0]
	ConcatTransform [-0.756604 -0.64428 0.111601 0.0 -0.500086 0.680124 0.536046 0.0 -0.421266 0.349764 -0.83678 0.0 -3.384971 -0.502863 3.698944 1.0]
354
	ConcatTransform [1.1 0.0 0.0 0.0 0.0 1.1 0.0 0.0 0.0 0.0 1.1 0.0 -9.609 0.05 6.704 1.0]
	ConcatTransform [-0.754393 -0.648999 0.09844 0.0 -0.502611 0.667554 0.549322 0.0 -0.422224 0.364927 -0.829792 0.0 -3.384434 -0.502178 3.688749 1.0]
355
	ConcatTransform [1.1 0.0 0.0 0.0 0.0 1.1 0.0 0.0 0.0 0.0 1.1 0.0 -9.609 0.05 6.704 1.0]
	ConcatTransform [-0.755352 -0.648948 0.091164 0.0 -0.50225 0.662646 0.555558 0.0 -0.420938 0.373854 -0.826465 0.0 -3.383917 -0.501725 3.682814 1.0]
356
	ConcatTransform [1.1 0.0 0.0 0.0 0.0 1.1 0.0 0.0 0.0 0.0 1.1 0.0 -9.609 0.05 6.704 1.0]
	ConcatTransform [-0.75602 -0.649249 0.083124 0.0 -0.503002 0.657538 0.560922 0.0 -0.418835 0.382257 -0.823685 0.0 -3.38406 -0.501122 3.675486 1.0]
357
	ConcatTransform [1.1 0.0 0.0 0.0 0.0 1.1 0.0 0.0 0.0 0.0 1.1 0.0 -9.609 0.05 6.704 1.0]
	ConcatTransform [-0.756393 -0.64945 0.078009 0.0 -0.50286 0.653605 0.565626 0.0 -0.418333 0.388608 -0.820964 0.0 -3.384248 -0.500689 3.672046 1.0]
358
	ConcatTransform [1.1 0.0 0.0 0.0 0.0 1.1 0.0 0.0 0.0 0.0 1.1 0.0 -9.609 0.05 6.704 1.0]
	ConcatTransform [-0.756254 -0.650172 0.073186 0.0 -0.503412 0.649671 0.569653 0.0 -0.417919 0.39396 -0.81862 0.0 -3.38422 -0.500297 3.668867 1.0]
359
	ConcatTransform [1.1 0.0 0.0 0.0 0.0 1.1 0.0 0.0 0.0 0.0 1.1 0.0 -9.609 0.05 6.704 1.0]
	ConcatTransform [-0.756261 -0.650365 0.071382 0.0 -0.504336 0.648976 0.569627 0.0 -0.416791 0.394786 -0.818798 0.0 -3.383945 -0.500222 3.668109 1.0]
360
	ConcatTransform [1.1 0.0 0.0 0.0 0.0 1.1 0.0 0.0 0.0 0.0 1.1 0.0 -9.609 0.05 6.704 1.0]
	ConcatTransform [0.308916 -0.019203 -0.950896 0.0 -0.454216 0.875434 -0.165239 0.0 0.835619 0.482957 0.261713 0.0 -53.8316 -137.735016 4.96032 1.0]
