228
	ConcatTransform [1.1 0.0 0.0 0.0 0.0 1.1 0.0 0.0 0.0 0.0 1.1 0.0 -9.609 0.05 6.704 1.0]
	ConcatTransform [0.990555 -0.025579 -0.134711 0.0 0.044847 0.988849 0.142008 0.0 0.129576 -0.146708 0.980656 0.0 0.006095 -0.028027 -0.023491 1.0]
229
	ConcatTransform [1.1 0.0 0.0 0.0 0.0 1.1 0.0 0.0 0.0 0.0 1.1 0.0 -9.609 0.05 6.704 1.0]
	ConcatTransform [0.961973 -0.011028 -0.27292 0.0 0.088958 0.957358 0.274869 0.0 0.258251 -0.288695 0.921934 0.0 0.013195 -0.060763 -0.045168 1.0]
230
	ConcatTransform [1.1 0.0 0.0 0.0 0.0 1.1 0.0 0.0 0.0 0.0 1.1 0.0 -9.609 0.05 6.704 1.0]
	ConcatTransform [0.902459 0.09508 -0.420152 0.0 0.123504 0.877286 0.463807 0.0 0.412692 -0.470457 0.779972 0.0 0.024042 -0.126185 -0.077792 1.0]
231
	ConcatTransform [1.1 0.0 0.0 0.0 0.0 1.1 0.0 0.0 0.0 0.0 1.1 0.0 -9.609 0.05 6.704 1.0]
	ConcatTransform [0.852059 0.191985 -0.486968 0.0 0.149429 0.802386 0.577795 0.0 0.501664 -0.565083 0.654992 0.0 0.03181 -0.180194 -0.10016 1.0]
232
	ConcatTransform [1.1 0.0 0.0 0.0 0.0 1.1 0.0 0.0 0.0 0.0 1.1 0.0 -9.609 0.05 6.704 1.0]
	ConcatTransform [0.752933 0.362394 -0.54933 0.0 0.198028 0.671274 0.714266 0.0 0.627597 -0.646577 0.43366 0.0 0.044197 -0.275485 -0.135038 1.0]
233
	ConcatTransform [1.1 0.0 0.0 0.0 0.0 1.1 0.0 0.0 0.0 0.0 1.1 0.0 -9.609 0.05 6.704 1.0]
	ConcatTransform [0.677319 0.479352 -0.558087 0.0 0.24033 0.572805 0.783668 0.0 0.695328 -0.664918 0.272769 0.0 0.054921 -0.337077 -0.159153 1.0]
234
	ConcatTransform [1.1 0.0 0.0 0.0 0.0 1.1 0.0 0.0 0.0 0.0 1.1 0.0 -9.609 0.05 6.704 1.0]
	ConcatTransform [0.479241 0.634287 -0.606636 0.0 0.367181 0.482895 0.794978 0.0 0.797186 -0.603732 -0.001475 0.0 0.077886 -0.388795 -0.194221 1.0]
235
	ConcatTransform [1.1 0.0 0.0 0.0 0.0 1.1 0.0 0.0 0.0 0.0 1.1 0.0 -9.609 0.05 6.704 1.0]
	ConcatTransform [0.392294 0.696448 -0.600888 0.0 0.428316 0.439806 0.789377 0.0 0.814034 -0.567037 -0.125766 0.0 0.098626 -0.405834 -0.213764 1.0]
236
	ConcatTransform [1.1 0.0 0.0 0.0 0.0 1.1 0.0 0.0 0.0 0.0 1.1 0.0 -9.609 0.05 6.704 1.0]
	ConcatTransform [0.344498 0.752891 -0.560781 0.0 0.457951 0.38668 0.800475 0.0 0.819513 -0.532572 -0.211577 0.0 0.13477 -0.420904 -0.239026 1.0]
237
	ConcatTransform [1.1 0.0 0.0 0.0 0.0 1.1 0.0 0.0 0.0 0.0 1.1 0.0 -9.609 0.05 6.704 1.0]
	ConcatTransform [0.285822 0.760482 -0.583072 0.0 0.517919 0.389343 0.76169 0.0 0.806267 -0.519692 -0.282585 0.0 0.161907 -0.430631 -0.255313 1.0]
238
	ConcatTransform [1.1 0.0 0.0 0.0 0.0 1.1 0.0 0.0 0.0 0.0 1.1 0.0 -9.609 0.05 6.704 1.0]
	ConcatTransform [0.441939 0.770908 -0.458683 0.0 0.250779 0.384763 0.888295 0.0 0.861278 -0.5076 -0.023285 0.0 0.210823 -0.435179 -0.273598 1.0]
239
	ConcatTransform [1.1 0.0 0.0 0.0 0.0 1.1 0.0 0.0 0.0 0.0 1.1 0.0 -9.609 0.05 6.704 1.0]
	ConcatTransform [0.603354 0.736231 -0.306477 0.0 -0.032165 0.406464 0.913101 0.0 0.796824 -0.541065 0.268922 0.0 0.244525 -0.423422 -0.269605 1.0]
240
	ConcatTransform [1.1 0.0 0.0 0.0 0.0 1.1 0.0 0.0 0.0 0.0 1.1 0.0 -9.609 0.05 6.704 1.0]
	ConcatTransform [0.748085 0.663407 -0.016112 0.0 -0.418054 0.489993 0.764943 0.0 0.515363 -0.565506 0.643897 0.0 0.286099 -0.40557 -0.249567 1.0]
241
	ConcatTransform [1.1 0.0 0.0 0.0 0.0 1.1 0.0 0.0 0.0 0.0 1.1 0.0 -9.609 0.05 6.704 1.0]
	ConcatTransform [0.734313 0.646799 0.206 0.0 -0.638008 0.553997 0.53482 0.0 0.231798 -0.524155 0.81947 0.0 0.310094 -0.395155 -0.233928 1.0]
242
	ConcatTransform [1.1 0.0 0.0 0.0 0.0 1.1 0.0 0.0 0.0 0.0 1.1 0.0 -9.609 0.05 6.704 1.0]
	ConcatTransform [0.608473 0.649599 0.455831 0.0 -0.747885 0.661492 0.055641 0.0 -0.265384 -0.374765 0.888326 0.0 0.346469 -0.398917 -0.212009 1.0]
243
	ConcatTransform [1.1 0.0 0.0 0.0 0.0 1.1 0.0 0.0 0.0 0.0 1.1 0.0 -9.609 0.05 6.704 1.0]
	ConcatTransform [0.400608 0.690872 0.601838 0.0 -0.74716 0.62652 -0.221867 0.0 -0.530345 -0.360788 0.767181 0.0 0.370415 -0.405741 -0.198365 1.0]
244
	ConcatTransform [1.1 0.0 0.0 0.0 0.0 1.1 0.0 0.0 0.0 0.0 1.1 0.0 -9.609 0.05 6.704 1.0]
	ConcatTransform [-0.029282 0.723221 0.689995 0.0 -0.678263 0.492678 -0.545187 0.0 -0.734236 -0.483962 0.476108 0.0 0.406922 -0.413963 -0.181852 1.0]
245
	ConcatTransform [1.1 0.0 0.0 0.0 0.0 1.1 0.0 0.0 0.0 0.0 1.1 0.0 -9.609 0.05 6.704 1.0]
	ConcatTransform [-0.227293 0.707774 0.668875 0.0 -0.567513 0.461894 -0.681604 0.0 -0.791371 -0.534519 0.296685 0.0 0.430393 -0.40678 -0.175121 1.0]
246
	ConcatTransform [1.1 0.0 0.0 0.0 0.0 1.1 0.0 0.0 0.0 0.0 1.1 0.0 -9.609 0.05 6.704 1.0]
	ConcatTransform [-0.423205 0.661608 0.619009 0.0 -0.442589 0.445185 -0.778412 0.0 -0.790577 -0.603395 0.104415 0.0 0.461531 -0.389338 -0.168185 1.0]
247
	ConcatTransform [1.1 0.0 0.0 0.0 0.0 1.1 0.0 0.0 0.0 0.0 1.1 0.0 -9.609 0.05 6.704 1.0]
	ConcatTransform [-0.504413 0.627993 0.592614 0.0 -0.367823 0.464661 -0.805479 0.0 -0.7812 -0.624272 -0.003391 0.0 0.481031 -0.381703 -0.164239 1.0]
248
	ConcatTransform [1.1 0.0 0.0 0.0 0.0 1.1 0.0 0.0 0.0 0.0 1.1 0.0 -9.609 0.05 6.704 1.0]
	ConcatTransform [-0.608745 0.590734 0.529587 0.0 -0.245432 0.494555 -0.833774 0.0 -0.754449 -0.637533 -0.156073 0.0 0.507805 -0.381322 -0.158853 1.0]
249
	ConcatTransform [1.1 0.0 0.0 0.0 0.0 1.1 0.0 0.0 0.0 0.0 1.1 0.0 -9.609 0.05 6.704 1.0]
	ConcatTransform [-0.672575 0.567061 0.475483 0.0 -0.171008 0.506035 -0.84539 0.0 -0.719999 -0.6499 -0.243374 0.0 0.524135 -0.386274 -0.157279 1.0]
250
	ConcatTransform [1.1 0.0 0.0 0.0 0.0 1.1 0.0 0.0 0.0 0.0 1.1 0.0 -9.609 0.05 6.704 1.0]
	ConcatTransform [-0.747994 0.53716 0.389825 0.0 -0.05449 0.535663 -0.842672 0.0 -0.661465 -0.651555 -0.371403 0.0 0.545438 -0.394525 -0.159128 1.0]
251
	ConcatTransform [1.1 0.0 0.0 0.0 0.0 1.1 0.0 0.0 0.0 0.0 1.1 0.0 -9.609 0.05 6.704 1.0]
	ConcatTransform [-0.798807 0.494643 0.342398 0.0 -0.031605 0.533865 -0.844979 0.0 -0.600757 -0.685796 -0.410822 0.0 0.555112 -0.398232 -0.163781 1.0]
252
	ConcatTransform [1.1 0.0 0.0 0.0 0.0 1.1 0.0 0.0 0.0 0.0 1.1 0.0 -9.609 0.05 6.704 1.0]
	ConcatTransform [-0.831627 0.478004 0.282682 0.0 0.011946 0.52431 -0.851444 0.0 -0.555207 -0.704706 -0.44174 0.0 0.563537 -0.402887 -0.173967 1.0]
253
	ConcatTransform [1.1 0.0 0.0 0.0 0.0 1.1 0.0 0.0 0.0 0.0 1.1 0.0 -9.609 0.05 6.704 1.0]
	ConcatTransform [-0.800953 0.542943 0.252362 0.0 0.097537 0.534191 -0.839718 0.0 -0.590729 -0.64796 -0.480819 0.0 0.565623 -0.402848 -0.182786 1.0]
254
	ConcatTransform [1.1 0.0 0.0 0.0 0.0 1.1 0.0 0.0 0.0 0.0 1.1 0.0 -9.609 0.05 6.704 1.0]
	ConcatTransform [-0.781855 0.575813 0.239046 0.0 0.171285 0.567048 -0.805678 0.0 -0.59947 -0.588978 -0.541977 0.0 0.566534 -0.416053 -0.19679 1.0]
255
	ConcatTransform [1.1 0.0 0.0 0.0 0.0 1.1 0.0 0.0 0.0 0.0 1.1 0.0 -9.609 0.05 6.704 1.0]
	ConcatTransform [-0.764214 0.594144 0.250936 0.0 0.23346 0.617517 -0.751112 0.0 -0.601226 -0.515427 -0.610624 0.0 0.566625 -0.420656 -0.208758 1.0]
256
	ConcatTransform [1.1 0.0 0.0 0.0 0.0 1.1 0.0 0.0 0.0 0.0 1.1 0.0 -9.609 0.05 6.704 1.0]
	ConcatTransform [-0.737811 0.634017 0.231643 0.0 0.328769 0.637249 -0.697011 0.0 -0.589531 -0.438105 -0.678614 0.0 0.567484 -0.426206 -0.230664 1.0]
257
	ConcatTransform [1.1 0.0 0.0 0.0 0.0 1.1 0.0 0.0 0.0 0.0 1.1 0.0 -9.609 0.05 6.704 1.0]
	ConcatTransform [-0.753045 0.61634 0.23032 0.0 0.338862 0.663345 -0.667193 0.0 -0.563999 -0.42438 -0.708383 0.0 0.569024 -0.422195 -0.245765 1.0]
258
	ConcatTransform [1.1 0.0 0.0 0.0 0.0 1.1 0.0 0.0 0.0 0.0 1.1 0.0 -9.609 0.05 6.704 1.0]
	ConcatTransform [-0.793624 0.556661 0.24554 0.0 0.301599 0.710452 -0.635843 0.0 -0.528393 -0.430566 -0.73172 0.0 0.571389 -0.425219 -0.269334 1.0]
259
	ConcatTransform [1.1 0.0 0.0 0.0 0.0 1.1 0.0 0.0 0.0 0.0 1.1 0.0 -9.609 0.05 6.704 1.0]
	ConcatTransform [-0.820233 0.51115 0.256795 0.0 0.274778 0.745806 -0.606853 0.0 -0.501712 -0.4272 -0.752187 0.0 0.572965 -0.436399 -0.284905 1.0]
260
	ConcatTransform [1.1 0.0 0.0 0.0 0.0 1.1 0.0 0.0 0.0 0.0 1.1 0.0 -9.609 0.05 6.704 1.0]
	ConcatTransform [-0.851373 0.444816 0.278034 0.0 0.234498 0.796858 -0.556801 0.0 -0.469228 -0.408847 -0.782732 0.0 0.575567 -0.464408 -0.307599 1.0]
261
	ConcatTransform [1.1 0.0 0.0 0.0 0.0 1.1 0.0 0.0 0.0 0.0 1.1 0.0 -9.609 0.05 6.704 1.0]
	ConcatTransform [-0.86226 0.430782 0.266337 0.0 0.245274 0.815269 -0.524573 0.0 -0.443113 -0.386992 -0.808634 0.0 0.573708 -0.481075 -0.320647 1.0]
262
	ConcatTransform [1.1 0.0 0.0 0.0 0.0 1.1 0.0 0.0 0.0 0.0 1.1 0.0 -9.609 0.05 6.704 1.0]
	ConcatTransform [-0.846362 0.469575 0.251338 0.0 0.305325 0.814429 -0.493438 0.0 -0.436403 -0.340888 -0.832675 0.0 0.561208 -0.484046 -0.332932 1.0]
263
	ConcatTransform [1.1 0.0 0.0 0.0 0.0 1.1 0.0 0.0 0.0 0.0 1.1 0.0 -9.609 0.05 6.704 1.0]
	ConcatTransform [-0.837349 0.486947 0.248455 0.0 0.324513 0.808511 -0.49092 0.0 -0.439931 -0.330444 -0.835026 0.0 0.551653 -0.483772 -0.335619 1.0]
264
	ConcatTransform [1.1 0.0 0.0 0.0 0.0 1.1 0.0 0.0 0.0 0.0 1.1 0.0 -9.609 0.05 6.704 1.0]
	ConcatTransform [-0.819413 0.515754 0.250121 0.0 0.348197 0.794491 -0.497537 0.0 -0.455326 -0.320597 -0.8306 0.0 0.537102 -0.486059 -0.332409 1.0]
265
	ConcatTransform [1.1 0.0 0.0 0.0 0.0 1.1 0.0 0.0 0.0 0.0 1.1 0.0 -9.609 0.05 6.704 1.0]
	ConcatTransform [-0.80722 0.536202 0.246745 0.0 0.358155 0.777239 -0.517324 0.0 -0.46917 -0.329222 -0.819446 0.0 0.527532 -0.489785 -0.3268 1.0]
266
	ConcatTransform [1.1 0.0 0.0 0.0 0.0 1.1 0.0 0.0 0.0 0.0 1.1 0.0 -9.609 0.05 6.704 1.0]
	ConcatTransform [-0.790651 0.562708 0.24131 0.0 0.367086 0.751099 -0.548724 0.0 -0.49002 -0.345267 -0.800419 0.0 0.51384 -0.494271 -0.311303 1.0]
267
	ConcatTransform [1.1 0.0 0.0 0.0 0.0 1.1 0.0 0.0 0.0 0.0 1.1 0.0 -9.609 0.05 6.704 1.0]
	ConcatTransform [-0.781088 0.582474 0.225002 0.0 0.379042 0.728643 -0.570444 0.0 -0.496215 -0.360281 -0.789917 0.0 0.505813 -0.498128 -0.297593 1.0]
268
	ConcatTransform [1.1 0.0 0.0 0.0 0.0 1.1 0.0 0.0 0.0 0.0 1.1 0.0 -9.609 0.05 6.704 1.0]
	ConcatTransform [-0.770766 0.604891 0.200065 0.0 0.378728 0.687512 -0.61959 0.0 -0.512332 -0.401789 -0.759 0.0 0.49634 -0.50117 -0.274212 1.0]
269
	ConcatTransform [1.1 0.0 0.0 0.0 0.0 1.1 0.0 0.0 0.0 0.0 1.1 0.0 -9.609 0.05 6.704 1.0]
	ConcatTransform [-0.768678 0.610401 0.191167 0.0 0.366721 0.665432 -0.650167 0.0 -0.524071 -0.429664 -0.735349 0.0 0.491427 -0.502622 -0.257023 1.0]
270
	ConcatTransform [1.1 0.0 0.0 0.0 0.0 1.1 0.0 0.0 0.0 0.0 1.1 0.0 -9.609 0.05 6.704 1.0]
	ConcatTransform [-0.752229 0.628734 0.197092 0.0 0.337991 0.624967 -0.703689 0.0 -0.565609 -0.46272 -0.682624 0.0 0.487783 -0.500664 -0.232079 1.0]
271
	ConcatTransform [1.1 0.0 0.0 0.0 0.0 1.1 0.0 0.0 0.0 0.0 1.1 0.0 -9.609 0.05 6.704 1.0]
	ConcatTransform [-0.743533 0.636553 0.204839 0.0 0.314001 0.602809 -0.733501 0.0 -0.590391 -0.481063 -0.648087 0.0 0.48741 -0.499021 -0.216802 1.0]
272
	ConcatTransform [1.1 0.0 0.0 0.0 0.0 1.1 0.0 0.0 0.0 0.0 1.1 0.0 -9.609 0.05 6.704 1.0]
	ConcatTransform [-0.72769 0.647244 0.227032 0.0 0.265461 0.570958 -0.776876 0.0 -0.632454 -0.505057 -0.587299 0.0 0.489647 -0.496159 -0.196606 1.0]
273
	ConcatTransform [1.1 0.0 0.0 0.0 0.0 1.1 0.0 0.0 0.0 0.0 1.1 0.0 -9.609 0.05 6.704 1.0]
	ConcatTransform [-0.728862 0.646242 0.226125 0.0 0.24487 0.554478 -0.795357 0.0 -0.639374 -0.524334 -0.562382 0.0 0.493587 -0.494291 -0.185512 1.0]
274
	ConcatTransform [1.1 0.0 0.0 0.0 0.0 1.1 0.0 0.0 0.0 0.0 1.1 0.0 -9.609 0.05 6.704 1.0]
	ConcatTransform [-0.750341 0.629374 0.20218 0.0 0.236006 0.540738 -0.807405 0.0 -0.617486 -0.558114 -0.554274 0.0 0.502245 -0.492443 -0.172694 1.0]
275
	ConcatTransform [1.1 0.0 0.0 0.0 0.0 1.1 0.0 0.0 0.0 0.0 1.1 0.0 -9.609 0.05 6.704 1.0]
	ConcatTransform [-0.758907 0.624031 0.186136 0.0 0.243731 0.537253 -0.807437 0.0 -0.603867 -0.567402 -0.55982 0.0 0.509176 -0.491663 -0.166633 1.0]
276
	ConcatTransform [1.1 0.0 0.0 0.0 0.0 1.1 0.0 0.0 0.0 0.0 1.1 0.0 -9.609 0.05 6.704 1.0]
	ConcatTransform [-0.777787 0.602948 0.177485 0.0 0.23643 0.54231 -0.806226 0.0 -0.582364 -0.585109 -0.564357 0.0 0.520162 -0.491566 -0.161798 1.0]
277
	ConcatTransform [1.1 0.0 0.0 0.0 0.0 1.1 0.0 0.0 0.0 0.0 1.1 0.0 -9.609 0.05 6.704 1.0]
	ConcatTransform [-0.789708 0.590214 0.167356 0.0 0.241646 0.550006 -0.799438 0.0 -0.563886 -0.590881 -0.576967 0.0 0.527882 -0.491969 -0.161216 1.0]
278
	ConcatTransform [1.1 0.0 0.0 0.0 0.0 1.1 0.0 0.0 0.0 0.0 1.1 0.0 -9.609 0.05 6.704 1.0]
	ConcatTransform [-0.807036 0.566822 0.165549 0.0 0.248216 0.580013 -0.77587 0.0 -0.535801 -0.585063 -0.608785 0.0 0.539111 -0.494353 -0.163605 1.0]
279
	ConcatTransform [1.1 0.0 0.0 0.0 0.0 1.1 0.0 0.0 0.0 0.0 1.1 0.0 -9.609 0.05 6.704 1.0]
	ConcatTransform [-0.816646 0.554234 0.160976 0.0 0.257772 0.599825 -0.757472 0.0 -0.516375 -0.577092 -0.63271 0.0 0.546325 -0.496122 -0.167584 1.0]
280
	ConcatTransform [1.1 0.0 0.0 0.0 0.0 1.1 0.0 0.0 0.0 0.0 1.1 0.0 -9.609 0.05 6.704 1.0]
	ConcatTransform [-0.816435 0.554484 0.161191 0.0 0.275217 0.619061 -0.73554 0.0 -0.507632 -0.556158 -0.658026 0.0 0.554038 -0.497951 -0.176194 1.0]
281
	ConcatTransform [1.1 0.0 0.0 0.0 0.0 1.1 0.0 0.0 0.0 0.0 1.1 0.0 -9.609 0.05 6.704 1.0]
	ConcatTransform [-0.814801 0.555427 0.166134 0.0 0.280263 0.628233 -0.725793 0.0 -0.507496 -0.544816 -0.667551 0.0 0.556585 -0.499117 -0.183477 1.0]
282
	ConcatTransform [1.1 0.0 0.0 0.0 0.0 1.1 0.0 0.0 0.0 0.0 1.1 0.0 -9.609 0.05 6.704 1.0]
	ConcatTransform [-0.814444 0.554008 0.172497 0.0 0.286202 0.642165 -0.711135 0.0 -0.504746 -0.529811 -0.681566 0.0 0.558253 -0.500326 -0.196189 1.0]
283
	ConcatTransform [1.1 0.0 0.0 0.0 0.0 1.1 0.0 0.0 0.0 0.0 1.1 0.0 -9.609 0.05 6.704 1.0]
	ConcatTransform [-0.813562 0.553235 0.179022 0.0 0.294107 0.657095 -0.694066 0.0 -0.501616 -0.512014 -0.697297 0.0 0.557313 -0.501064 -0.205164 1.0]
284
	ConcatTransform [1.1 0.0 0.0 0.0 0.0 1.1 0.0 0.0 0.0 0.0 1.1 0.0 -9.609 0.05 6.704 1.0]
	ConcatTransform [-0.808061 0.557995 0.188886 0.0 0.308937 0.674401 -0.670628 0.0 -0.501592 -0.483555 -0.717343 0.0 0.55282 -0.502503 -0.219279 1.0]
285
	ConcatTransform [1.1 0.0 0.0 0.0 0.0 1.1 0.0 0.0 0.0 0.0 1.1 0.0 -9.609 0.05 6.704 1.0]
	ConcatTransform [-0.80431 0.559351 0.200526 0.0 0.312654 0.685352 -0.657678 0.0 -0.505304 -0.466282 -0.726119 0.0 0.549011 -0.502735 -0.229336 1.0]
286
	ConcatTransform [1.1 0.0 0.0 0.0 0.0 1.1 0.0 0.0 0.0 0.0 1.1 0.0 -9.609 0.05 6.704 1.0]
	ConcatTransform [-0.797045 0.560145 0.225736 0.0 0.313106 0.702904 -0.638663 0.0 -0.516415 -0.438363 -0.735631 0.0 0.543402 -0.502711 -0.244787 1.0]
287
	ConcatTransform [1.1 0.0 0.0 0.0 0.0 1.1 0.0 0.0 0.0 0.0 1.1 0.0 -9.609 0.05 6.704 1.0]
	ConcatTransform [-0.792437 0.559071 0.243891 0.0 0.312624 0.715612 -0.624633 0.0 -0.523746 -0.418736 -0.741856 0.0 0.539717 -0.502421 -0.255074 1.0]
288
	ConcatTransform [1.1 0.0 0.0 0.0 0.0 1.1 0.0 0.0 0.0 0.0 1.1 0.0 -9.609 0.05 6.704 1.0]
	ConcatTransform [-0.786841 0.556283 0.267266 0.0 0.307592 0.728922 -0.611604 0.0 -0.535041 -0.399026 -0.744654 0.0 0.534951 -0.500796 -0.269048 1.0]
289
	ConcatTransform [1.1 0.0 0.0 0.0 0.0 1.1 0.0 0.0 0.0 0.0 1.1 0.0 -9.609 0.05 6.704 1.0]
	ConcatTransform [-0.782181 0.553185 0.286669 0.0 0.301808 0.738924 -0.602414 0.0 -0.545073 -0.384678 -0.744928 0.0 0.532723 -0.499215 -0.276581 1.0]
290
	ConcatTransform [1.1 0.0 0.0 0.0 0.0 1.1 0.0 0.0 0.0 0.0 1.1 0.0 -9.609 0.05 6.704 1.0]
	ConcatTransform [-0.780997 0.545599 0.303917 0.0 0.282838 0.742857 -0.606767 0.0 -0.556819 -0.387924 -0.734485 0.0 0.530429 -0.499096 -0.285686 1.0]
291
	ConcatTransform [1.1 0.0 0.0 0.0 0.0 1.1 0.0 0.0 0.0 0.0 1.1 0.0 -9.609 0.05 6.704 1.0]
	ConcatTransform [-0.783727 0.5372 0.311749 0.0 0.26751 0.744938 -0.611151 0.0 -0.560544 -0.39558 -0.727535 0.0 0.52971 -0.499488 -0.289689 1.0]
292
	ConcatTransform [1.1 0.0 0.0 0.0 0.0 1.1 0.0 0.0 0.0 0.0 1.1 0.0 -9.609 0.05 6.704 1.0]
	ConcatTransform [-0.784954 0.530777 0.319568 0.0 0.253785 0.746006 -0.615685 0.0 -0.565191 -0.402182 -0.720283 0.0 0.528849 -0.499645 -0.292446 1.0]
293
	ConcatTransform [1.1 0.0 0.0 0.0 0.0 1.1 0.0 0.0 0.0 0.0 1.1 0.0 -9.609 0.05 6.704 1.0]
	ConcatTransform [-0.783209 0.534733 0.317244 0.0 0.257975 0.743724 -0.616703 0.0 -0.565714 -0.401166 -0.720439 0.0 0.52797 -0.499676 -0.292259 1.0]
294
	ConcatTransform [1.1 0.0 0.0 0.0 0.0 1.1 0.0 0.0 0.0 0.0 1.1 0.0 -9.609 0.05 6.704 1.0]
	ConcatTransform [-0.783119 0.543097 0.302938 0.0 0.263619 0.731123 -0.629256 0.0 -0.563232 -0.412922 -0.715727 0.0 0.525702 -0.500975 -0.289635 1.0]
295
	ConcatTransform [1.1 0.0 0.0 0.0 0.0 1.1 0.0 0.0 0.0 0.0 1.1 0.0 -9.609 0.05 6.704 1.0]
	ConcatTransform [-0.781941 0.551115 0.291275 0.0 0.268304 0.719333 -0.64076 0.0 -0.562656 -0.422886 -0.710342 0.0 0.524639 -0.502066 -0.286254 1.0]
296
	ConcatTransform [1.1 0.0 0.0 0.0 0.0 1.1 0.0 0.0 0.0 0.0 1.1 0.0 -9.609 0.05 6.704 1.0]
	ConcatTransform [-0.782948 0.559353 0.272244 0.0 0.274679 0.703503 -0.655466 0.0 -0.558161 -0.438416 -0.704448 0.0 0.523542 -0.502698 -0.279763 1.0]
297
	ConcatTransform [1.1 0.0 0.0 0.0 0.0 1.1 0.0 0.0 0.0 0.0 1.1 0.0 -9.609 0.05 6.704 1.0]
	ConcatTransform [-0.782134 0.566296 0.259951 0.0 0.281478 0.693292 -0.663413 0.0 -0.55591 -0.445708 -0.701647 0.0 0.523091 -0.50261 -0.275111 1.0]
298
	ConcatTransform [1.1 0.0 0.0 0.0 0.0 1.1 0.0 0.0 0.0 0.0 1.1 0.0 -9.609 0.05 6.704 1.0]
	ConcatTransform [-0.781868 0.572464 0.246916 0.0 0.289 0.68373 -0.670069 0.0 -0.552415 -0.452547 -0.700028 0.0 0.522641 -0.502421 -0.268126 1.0]
299
	ConcatTransform [1.1 0.0 0.0 0.0 0.0 1.1 0.0 0.0 0.0 0.0 1.1 0.0 -9.609 0.05 6.704 1.0]
	ConcatTransform [-0.783546 0.573041 0.240166 0.0 0.290262 0.679352 -0.673965 0.0 -0.549367 -0.458372 -0.698635 0.0 0.52247 -0.50232 -0.263691 1.0]
300
	ConcatTransform [1.1 0.0 0.0 0.0 0.0 1.1 0.0 0.0 0.0 0.0 1.1 0.0 -9.609 0.05 6.704 1.0]
	ConcatTransform [-0.78716 0.571216 0.232578 0.0 0.289544 0.675226 -0.678405 0.0 -0.544558 -0.466672 -0.696903 0.0 0.522477 -0.502367 -0.25749 1.0]
301
	ConcatTransform [1.1 0.0 0.0 0.0 0.0 1.1 0.0 0.0 0.0 0.0 1.1 0.0 -9.609 0.05 6.704 1.0]
	ConcatTransform [-0.789007 0.57021 0.228755 0.0 0.289417 0.673386 -0.680286 0.0 -0.541946 -0.470545 -0.696335 0.0 0.522681 -0.50224 -0.253764 1.0]
302
	ConcatTransform [1.1 0.0 0.0 0.0 0.0 1.1 0.0 0.0 0.0 0.0 1.1 0.0 -9.609 0.05 6.704 1.0]
	ConcatTransform [-0.790385 0.570206 0.223956 0.0 0.29094 0.671105 -0.681888 0.0 -0.539115 -0.473797 -0.696327 0.0 0.523244 -0.502106 -0.248906 1.0]
303
	ConcatTransform [1.1 0.0 0.0 0.0 0.0 1.1 0.0 0.0 0.0 0.0 1.1 0.0 -9.609 0.05 6.704 1.0]
	ConcatTransform [-0.791686 0.569268 0.221736 0.0 0.291358 0.670833 -0.681978 0.0 -0.536976 -0.475308 -0.69695 0.0 0.52371 -0.50225 -0.246149 1.0]
304
	ConcatTransform [1.1 0.0 0.0 0.0 0.0 1.1 0.0 0.0 0.0 0.0 1.1 0.0 -9.609 0.05 6.704 1.0]
	ConcatTransform [-0.795567 0.564296 0.22055 0.0 0.289031 0.673421 -0.680416 0.0 -0.532479 -0.477571 -0.698851 0.0 0.524444 -0.502179 -0.242825 1.0]
305
	ConcatTransform [1.1 0.0 0.0 0.0 0.0 1.1 0.0 0.0 0.0 0.0 1.1 0.0 -9.609 0.05 6.704 1.0]
	ConcatTransform [-0.797067 0.562419 0.219931 0.0 0.288984 0.675014 -0.678855 0.0 -0.530258 -0.477537 -0.700561 0.0 0.525016 -0.502168 -0.241148 1.0]
306
	ConcatTransform [1.1 0.0 0.0 0.0 0.0 1.1 0.0 0.0 0.0 0.0 1.1 0.0 -9.609 0.05 6.704 1.0]
	ConcatTransform [-0.797887 0.56148 0.219353 0.0 0.290953 0.677404 -0.675625 0.0 -0.527941 -0.475251 -0.703857 0.0 0.525936 -0.502194 -0.239397 1.0]
307
	ConcatTransform [1.1 0.0 0.0 0.0 0.0 1.1 0.0 0.0 0.0 0.0 1.1 0.0 -9.609 0.05 6.704 1.0]
	ConcatTransform [-0.799164 0.559576 0.219572 0.0 0.29118 0.679926 -0.67299 0.0 -0.525882 -0.473894 -0.706309 0.0 0.5265 -0.502232 -0.238709 1.0]
308
	ConcatTransform [1.1 0.0 0.0 0.0 0.0 1.1 0.0 0.0 0.0 0.0 1.1 0.0 -9.609 0.05 6.704 1.0]
	ConcatTransform [-0.801736 0.555593 0.22031 0.0 0.290517 0.684397 -0.668731 0.0 -0.522322 -0.472142 -0.710114 0.0 0.52725 -0.502292 -0.23833 1.0]
309
	ConcatTransform [1.1 0.0 0.0 0.0 0.0 1.1 0.0 0.0 0.0 0.0 1.1 0.0 -9.609 0.05 6.704 1.0]
	ConcatTransform [-0.801429 0.556215 0.219855 0.0 0.292716 0.685333 -0.66681 0.0 -0.521564 -0.470046 -0.712059 0.0 0.527706 -0.502315 -0.238478 1.0]
310
	ConcatTransform [1.1 0.0 0.0 0.0 0.0 1.1 0.0 0.0 0.0 0.0 1.1 0.0 -9.609 0.05 6.704 1.0]
	ConcatTransform [-0.800706 0.556698 0.221263 0.0 0.295267 0.688121 -0.662802 0.0 -0.521237 -0.465377 -0.715357 0.0 0.528115 -0.502365 -0.239141 1.0]
311
	ConcatTransform [1.1 0.0 0.0 0.0 0.0 1.1 0.0 0.0 0.0 0.0 1.1 0.0 -9.609 0.05 6.704 1.0]
	ConcatTransform [-0.799463 0.557468 0.223805 0.0 0.296627 0.690321 -0.659901 0.0 -0.522371 -0.46118 -0.717246 0.0 0.528276 -0.50241 -0.239862 1.0]
312
	ConcatTransform [1.1 0.0 0.0 0.0 0.0 1.1 0.0 0.0 0.0 0.0 1.1 0.0 -9.609 0.05 6.704 1.0]
	ConcatTransform [-0.800105 0.555225 0.227062 0.0 0.296687 0.695266 -0.654662 0.0 -0.521353 -0.456432 -0.721014 0.0 0.528228 -0.502454 -0.241331 1.0]
313
	ConcatTransform [1.1 0.0 0.0 0.0 0.0 1.1 0.0 0.0 0.0 0.0 1.1 0.0 -9.609 0.05 6.704 1.0]
	ConcatTransform [-0.798642 0.558208 0.224888 0.0 0.30115 0.69423 -0.653722 0.0 -0.521037 -0.454365 -0.722546 0.0 0.528115 -0.502625 -0.242481 1.0]
314
	ConcatTransform [1.1 0.0 0.0 0.0 0.0 1.1 0.0 0.0 0.0 0.0 1.1 0.0 -9.609 0.05 6.704 1.0]
	ConcatTransform [-0.800963 0.556716 0.220284 0.0 0.303259 0.694484 -0.652477 0.0 -0.516228 -0.455807 -0.725085 0.0 0.527632 -0.502565 -0.2443 1.0]
315
	ConcatTransform [1.1 0.0 0.0 0.0 0.0 1.1 0.0 0.0 0.0 0.0 1.1 0.0 -9.609 0.05 6.704 1.0]
	ConcatTransform [-0.801318 0.556068 0.220629 0.0 0.303632 0.695801 -0.650899 0.0 -0.515458 -0.454587 -0.726398 0.0 0.527338 -0.502533 -0.245561 1.0]
316
	ConcatTransform [1.1 0.0 0.0 0.0 0.0 1.1 0.0 0.0 0.0 0.0 1.1 0.0 -9.609 0.05 6.704 1.0]
	ConcatTransform [-0.800078 0.556694 0.223533 0.0 0.304183 0.697636 -0.648673 0.0 -0.517057 -0.450994 -0.7275 0.0 0.526959 -0.502509 -0.247559 1.0]
317
	ConcatTransform [1.1 0.0 0.0 0.0 0.0 1.1 0.0 0.0 0.0 0.0 1.1 0.0 -9.609 0.05 6.704 1.0]
	ConcatTransform [-0.798808 0.557664 0.225647 0.0 0.303707 0.697609 -0.648925 0.0 -0.519295 -0.449836 -0.726622 0.0 0.526678 -0.50264 -0.248986 1.0]
318
	ConcatTransform [1.1 0.0 0.0 0.0 0.0 1.1 0.0 0.0 0.0 0.0 1.1 0.0 -9.609 0.05 6.704 1.0]
	ConcatTransform [-0.799076 0.555515 0.229957 0.0 0.299655 0.699568 -0.6487 0.0 -0.521233 -0.449453 -0.725471 0.0 0.525973 -0.502536 -0.251071 1.0]
319
	ConcatTransform [1.1 0.0 0.0 0.0 0.0 1.1 0.0 0.0 0.0 0.0 1.1 0.0 -9.609 0.05 6.704 1.0]
	ConcatTransform [-0.797886 0.556796 0.230988 0.0 0.300477 0.699548 -0.648341 0.0 -0.522581 -0.447895 -0.725465 0.0 0.525525 -0.502527 -0.252438 1.0]
320
	ConcatTransform [1.1 0.0 0.0 0.0 0.0 1.1 0.0 0.0 0.0 0.0 1.1 0.0 -9.609 0.05 6.704 1.0]
	ConcatTransform [-0.797563 0.55721 0.231107 0.0 0.302317 0.700738 -0.646197 0.0 -0.522013 -0.445516 -0.727337 0.0 0.524873 -0.502641 -0.254491 1.0]
321
	ConcatTransform [1.1 0.0 0.0 0.0 0.0 1.1 0.0 0.0 0.0 0.0 1.1 0.0 -9.609 0.05 6.704 1.0]
	ConcatTransform [-0.797577 0.557227 0.231015 0.0 0.303917 0.702018 -0.644054 0.0 -0.521061 -0.443473 -0.729265 0.0 0.524462 -0.502578 -0.255855 1.0]
322
	ConcatTransform [1.1 0.0 0.0 0.0 0.0 1.1 0.0 0.0 0.0 0.0 1.1 0.0 -9.609 0.05 6.704 1.0]
	ConcatTransform [-0.797565 0.557932 0.229352 0.0 0.307271 0.702932 -0.64146 0.0 -0.51911 -0.441132 -0.73207 0.0 0.523972 -0.502516 -0.257885 1.0]
323
	ConcatTransform [1.1 0.0 0.0 0.0 0.0 1.1 0.0 0.0 0.0 0.0 1.1 0.0 -9.609 0.05 6.704 1.0]
	ConcatTransform [-0.797758 0.558276 0.227839 0.0 0.309114 0.703075 -0.640417 0.0 -0.517717 -0.440469 -0.733455 0.0 0.523716 -0.502492 -0.259214 1.0]
324
	ConcatTransform [1.1 0.0 0.0 0.0 0.0 1.1 0.0 0.0 0.0 0.0 1.1 0.0 -9.609 0.05 6.704 1.0]
	ConcatTransform [-0.79914 0.557054 0.225977 0.0 0.309911 0.703874 -0.639153 0.0 -0.515102 -0.44074 -0.735131 0.0 0.523413 -0.502577 -0.261121 1.0]
325
	ConcatTransform [1.1 0.0 0.0 0.0 0.0 1.1 0.0 0.0 0.0 0.0 1.1 0.0 -9.609 0.05 6.704 1.0]
	ConcatTransform [-0.800082 0.55607 0.225067 0.0 0.310412 0.704806 -0.637881 0.0 -0.513335 -0.440494 -0.736514 0.0 0.523289 -0.502544 -0.26234 1.0]
326
	ConcatTransform [1.1 0.0 0.0 0.0 0.0 1.1 0.0 0.0 0.0 0.0 1.1 0.0 -9.609 0.05 6.704 1.0]
	ConcatTransform [-0.800775 0.555979 0.222813 0.0 0.311715 0.704486 -0.6376 0.0 -0.511461 -0.44112 -0.737442 0.0 0.523238 -0.50261 -0.264017 1.0]
327
	ConcatTransform [1.1 0.0 0.0 0.0 0.0 1.1 0.0 0.0 0.0 0.0 1.1 0.0 -9.609 0.05 6.704 1.0]
	ConcatTransform [-0.801379 0.555337 0.222245 0.0 0.312136 0.705197 -0.636607 0.0 -0.510258 -0.440793 -0.73847 0.0 0.523267 -0.502563 -0.264987 1.0]
328
	ConcatTransform [1.1 0.0 0.0 0.0 0.0 1.1 0.0 0.0 0.0 0.0 1.1 0.0 -9.609 0.05 6.704 1.0]
	ConcatTransform [-0.801999 0.554475 0.22216 0.0 0.312066 0.70607 -0.635673 0.0 -0.509325 -0.44048 -0.7393 0.0 0.523315 -0.502593 -0.266316 1.0]
329
	ConcatTransform [1.1 0.0 0.0 0.0 0.0 1.1 0.0 0.0 0.0 0.0 1.1 0.0 -9.609 0.05 6.704 1.0]
	ConcatTransform [-0.801771 0.554546 0.222804 0.0 0.312296 0.706627 -0.634941 0.0 -0.509543 -0.439497 -0.739735 0.0 0.523267 -0.502597 -0.267017 1.0]
330
	ConcatTransform [1.1 0.0 0.0 0.0 0.0 1.1 0.0 0.0 0.0 0.0 1.1 0.0 -9.609 0.05 6.704 1.0]
	ConcatTransform [-0.801395 0.554132 0.225176 0.0 0.310982 0.707587 -0.634516 0.0 -0.510937 -0.438473 -0.739381 0.0 0.523145 -0.502552 -0.267737 1.0]
331
	ConcatTransform [1.1 0.0 0.0 0.0 0.0 1.1 0.0 0.0 0.0 0.0 1.1 0.0 -9.609 0.05 6.704 1.0]
	ConcatTransform [-0.800818 0.554346 0.226696 0.0 0.310058 0.707583 -0.634973 0.0 -0.512401 -0.438209 -0.738524 0.0 0.523034 -0.502537 -0.268018 1.0]
332
	ConcatTransform [1.1 0.0 0.0 0.0 0.0 1.1 0.0 0.0 0.0 0.0 1.1 0.0 -9.609 0.05 6.704 1.0]
	ConcatTransform [-0.80026 0.554619 0.227995 0.0 0.308582 0.706892 -0.63646 0.0 -0.51416 -0.438978 -0.736843 0.0 0.522917 -0.502592 -0.268182 1.0]
333
	ConcatTransform [1.1 0.0 0.0 0.0 0.0 1.1 0.0 0.0 0.0 0.0 1.1 0.0 -9.609 0.05 6.704 1.0]
	ConcatTransform [-0.799941 0.555087 0.227975 0.0 0.307466 0.70539 -0.638662 0.0 -0.515324 -0.440797 -0.734941 0.0 0.52286 -0.502606 -0.268132 1.0]
334
	ConcatTransform [1.1 0.0 0.0 0.0 0.0 1.1 0.0 0.0 0.0 0.0 1.1 0.0 -9.609 0.05 6.704 1.0]
	ConcatTransform [-0.799578 0.555149 0.229094 0.0 0.305473 0.704382 -0.640728 0.0 -0.51707 -0.44233 -0.732791 0.0 0.52286 -0.502541 -0.26781 1.0]
335
	ConcatTransform [1.1 0.0 0.0 0.0 0.0 1.1 0.0 0.0 0.0 0.0 1.1 0.0 -9.609 0.05 6.704 1.0]
	ConcatTransform [-0.799549 0.555101 0.229315 0.0 0.30376 0.703121 -0.642923 0.0 -0.518123 -0.444391 -0.730797 0.0 0.522906 -0.502633 -0.267484 1.0]
336
	ConcatTransform [1.1 0.0 0.0 0.0 0.0 1.1 0.0 0.0 0.0 0.0 1.1 0.0 -9.609 0.05 6.704 1.0]
	ConcatTransform [-0.799339 0.55504 0.230192 0.0 0.301382 0.701754 -0.645531 0.0 -0.519833 -0.446622 -0.728218 0.0 0.523049 -0.502608 -0.266836 1.0]
337
	ConcatTransform [1.1 0.0 0.0 0.0 0.0 1.1 0.0 0.0 0.0 0.0 1.1 0.0 -9.609 0.05 6.704 1.0]
	ConcatTransform [-0.799206 0.554884 0.231027 0.0 0.299758 0.701117 -0.646978 0.0 -0.520975 -0.447816 -0.726668 0.0 0.523177 -0.502562 -0.266357 1.0]
338
	ConcatTransform [1.1 0.0 0.0 0.0 0.0 1.1 0.0 0.0 0.0 0.0 1.1 0.0 -9.609 0.05 6.704 1.0]
	ConcatTransform [-0.799053 0.554519 0.23243 0.0 0.297266 0.700363 -0.648941 0.0 -0.522636 -0.449444 -0.724466 0.0 0.523395 -0.502521 -0.265626 1.0]
339
	ConcatTransform [1.1 0.0 0.0 0.0 0.0 1.1 0.0 0.0 0.0 0.0 1.1 0.0 -9.609 0.05 6.704 1.0]
	ConcatTransform [-0.79886 0.554476 0.233193 0.0 0.295858 0.699734 -0.650262 0.0 -0.523728 -0.450476 -0.723036 0.0 0.523537 -0.502495 -0.265151 1.0]
340
	ConcatTransform [1.1 0.0 0.0 0.0 0.0 1.1 0.0 0.0 0.0 0.0 1.1 0.0 -9.609 0.05 6.704 1.0]
	ConcatTransform [-0.798513 0.554547 0.23421 0.0 0.294043 0.698806 -0.65208 0.0 -0.525277 -0.451827 -0.721067 0.0 0.523714 -0.502479 -0.264478 1.0]
341
	ConcatTransform [1.1 0.0 0.0 0.0 0.0 1.1 0.0 0.0 0.0 0.0 1.1 0.0 -9.609 0.05 6.704 1.0]
	ConcatTransform [-0.798277 0.554617 0.234847 0.0 0.292945 0.698232 -0.653189 0.0 -0.526247 -0.452629 -0.719855 0.0 0.523798 -0.502469 -0.264069 1.0]
342
	ConcatTransform [1.1 0.0 0.0 0.0 0.0 1.1 0.0 0.0 0.0 0.0 1.1 0.0 -9.609 0.05 6.704 1.0]
	ConcatTransform [-0.797891 0.554928 0.235425 0.0 0.291869 0.697366 -0.654595 0.0 -0.52743 -0.453582 -0.718388 0.0 0.523824 -0.502469 -0.263533 1.0]
343
	ConcatTransform [1.1 0.0 0.0 0.0 0.0 1.1 0.0 0.0 0.0 0.0 1.1 0.0 -9.609 0.05 6.704 1.0]
	ConcatTransform [-0.797562 0.555061 0.236224 0.0 0.291331 0.697318 -0.654885 0.0 -0.528225 -0.453492 -0.71786 0.0 0.523819 -0.50247 -0.263229 1.0]
344
	ConcatTransform [1.1 0.0 0.0 0.0 0.0 1.1 0.0 0.0 0.0 0.0 1.1 0.0 -9.609 0.05 6.704 1.0]
	ConcatTransform [-0.79708 0.555263 0.237374 0.0 0.290791 0.69744 -0.654995 0.0 -0.529249 -0.453057 -0.717381 0.0 0.523805 -0.50247 -0.262891 1.0]
345
	ConcatTransform [1.1 0.0 0.0 0.0 0.0 1.1 0.0 0.0 0.0 0.0 1.1 0.0 -9.609 0.05 6.704 1.0]
	ConcatTransform [-0.79692 0.555229 0.23799 0.0 0.290468 0.697634 -0.654931 0.0 -0.529667 -0.452799 -0.717235 0.0 0.523785 -0.502471 -0.262746 1.0]
346
	ConcatTransform [1.1 0.0 0.0 0.0 0.0 1.1 0.0 0.0 0.0 0.0 1.1 0.0 -9.609 0.05 6.704 1.0]
	ConcatTransform [-0.796903 0.55497 0.23865 0.0 0.290058 0.698035 -0.654686 0.0 -0.529917 -0.452499 -0.717239 0.0 0.523738 -0.502472 -0.26264 1.0]
347
	ConcatTransform [1.1 0.0 0.0 0.0 0.0 1.1 0.0 0.0 0.0 0.0 1.1 0.0 -9.609 0.05 6.704 1.0]
	ConcatTransform [-0.796826 0.554926 0.23901 0.0 0.290083 0.698358 -0.65433 0.0 -0.530019 -0.452054 -0.717445 0.0 0.523706 -0.502473 -0.262635 1.0]
348
	ConcatTransform [1.1 0.0 0.0 0.0 0.0 1.1 0.0 0.0 0.0 0.0 1.1 0.0 -9.609 0.05 6.704 1.0]
	ConcatTransform [-0.795779 0.556428 0.239006 0.0 0.29155 0.697935 -0.65413 0.0 -0.530787 -0.45086 -0.717628 0.0 0.523641 -0.502621 -0.262687 1.0]
349
	ConcatTransform [1.1 0.0 0.0 0.0 0.0 1.1 0.0 0.0 0.0 0.0 1.1 0.0 -9.609 0.05 6.704 1.0]
	ConcatTransform [-0.795905 0.556128 0.239284 0.0 0.291259 0.698215 -0.65396 0.0 -0.530757 -0.450796 -0.71769 0.0 0.52355 -0.502651 -0.26275 1.0]
350
	ConcatTransform [1.1 0.0 0.0 0.0 0.0 1.1 0.0 0.0 0.0 0.0 1.1 0.0 -9.609 0.05 6.704 1.0]
	ConcatTransform [-0.79601 0.55594 0.239373 0.0 0.291019 0.698282 -0.653995 0.0 -0.530732 -0.450925 -0.717628 0.0 0.523429 -0.50262 -0.262828 1.0]
351
	ConcatTransform [1.1 0.0 0.0 0.0 0.0 1.1 0.0 0.0 0.0 0.0 1.1 0.0 -9.609 0.05 6.704 1.0]
	ConcatTransform [-0.796047 0.555709 0.239784 0.0 0.29091 0.698732 -0.653563 0.0 -0.530736 -0.450511 -0.717885 0.0 0.523375 -0.502569 -0.262911 1.0]
352
	ConcatTransform [1.1 0.0 0.0 0.0 0.0 1.1 0.0 0.0 0.0 0.0 1.1 0.0 -9.609 0.05 6.704 1.0]
	ConcatTransform [-0.795617 0.556114 0.240273 0.0 0.291433 0.699066 -0.652973 0.0 -0.531094 -0.449493 -0.718259 0.0 0.523325 -0.50262 -0.263068 1.0]
353
	ConcatTransform [1.1 0.0 0.0 0.0 0.0 1.1 0.0 0.0 0.0 0.0 1.1 0.0 -9.609 0.05 6.704 1.0]
	ConcatTransform [-0.79571 0.555803 0.240683 0.0 0.291198 0.699498 -0.652615 0.0 -0.531083 -0.449206 -0.718446 0.0 0.523297 -0.502568 -0.263201 1.0]
354
	ConcatTransform [1.1 0.0 0.0 0.0 0.0 1.1 0.0 0.0 0.0 0.0 1.1 0.0 -9.609 0.05 6.704 1.0]
	ConcatTransform [-0.795752 0.555732 0.24071 0.0 0.291047 0.699467 -0.652716 0.0 -0.531103 -0.449342 -0.718346 0.0 0.523264 -0.502617 -0.263378 1.0]
355
	ConcatTransform [1.1 0.0 0.0 0.0 0.0 1.1 0.0 0.0 0.0 0.0 1.1 0.0 -9.609 0.05 6.704 1.0]
	ConcatTransform [-0.795867 0.555418 0.241052 0.0 0.290837 0.699875 -0.652371 0.0 -0.531045 -0.449094 -0.718544 0.0 0.523262 -0.502567 -0.263501 1.0]
356
	ConcatTransform [1.1 0.0 0.0 0.0 0.0 1.1 0.0 0.0 0.0 0.0 1.1 0.0 -9.609 0.05 6.704 1.0]
	ConcatTransform [-0.795975 0.555043 0.241559 0.0 0.290564 0.700411 -0.651918 0.0 -0.531033 -0.448722 -0.718785 0.0 0.523293 -0.502523 -0.263719 1.0]
357
	ConcatTransform [1.1 0.0 0.0 0.0 0.0 1.1 0.0 0.0 0.0 0.0 1.1 0.0 -9.609 0.05 6.704 1.0]
	ConcatTransform [-0.796176 0.554754 0.24156 0.0 0.290123 0.700359 -0.65217 0.0 -0.530972 -0.44916 -0.718557 0.0 0.523304 -0.5025 -0.263894 1.0]
358
	ConcatTransform [1.1 0.0 0.0 0.0 0.0 1.1 0.0 0.0 0.0 0.0 1.1 0.0 -9.609 0.05 6.704 1.0]
	ConcatTransform [-0.796462 0.554543 0.241102 0.0 0.290635 0.70071 -0.651565 0.0 -0.530263 -0.448874 -0.719259 0.0 0.523242 -0.502481 -0.264166 1.0]
359
	ConcatTransform [1.1 0.0 0.0 0.0 0.0 1.1 0.0 0.0 0.0 0.0 1.1 0.0 -9.609 0.05 6.704 1.0]
	ConcatTransform [-0.796529 0.554573 0.24081 0.0 0.291225 0.700973 -0.651019 0.0 -0.529839 -0.448426 -0.719851 0.0 0.523136 -0.502484 -0.264356 1.0]
360
	ConcatTransform [1.1 0.0 0.0 0.0 0.0 1.1 0.0 0.0 0.0 0.0 1.1 0.0 -9.609 0.05 6.704 1.0]
	ConcatTransform [-0.780523 0.555486 -0.286741 0.0 0.625049 0.70077 -0.343854 0.0 0.009933 -0.447613 -0.894172 0.0 0.371707 -0.502503 0.071816 1.0]
