228
	ConcatTransform [1.1 0.0 0.0 0.0 0.0 1.1 0.0 0.0 0.0 0.0 1.1 0.0 -9.609 0.05 6.704 1.0]
	ConcatTransform [0.989999 0.133125 -0.046693 0.0 -0.135104 0.989934 -0.04215 0.0 0.040612 0.048037 0.99802 0.0 -0.008783 -0.015732 0.025648 1.0]
229
	ConcatTransform [1.1 0.0 0.0 0.0 0.0 1.1 0.0 0.0 0.0 0.0 1.1 0.0 -9.609 0.05 6.704 1.0]
	ConcatTransform [0.961943 0.251416 -0.10703 0.0 -0.258131 0.964592 -0.054132 0.0 0.08963 0.0797 0.992781 0.0 -0.016578 -0.037917 0.045818 1.0]
230
	ConcatTransform [1.1 0.0 0.0 0.0 0.0 1.1 0.0 0.0 0.0 0.0 1.1 0.0 -9.609 0.05 6.704 1.0]
	ConcatTransform [0.887666 0.417435 -0.194413 0.0 -0.434419 0.899158 -0.052871 0.0 0.152738 0.131388 0.979494 0.0 -0.028069 -0.090342 0.076989 1.0]
231
	ConcatTransform [1.1 0.0 0.0 0.0 0.0 1.1 0.0 0.0 0.0 0.0 1.1 0.0 -9.609 0.05 6.704 1.0]
	ConcatTransform [0.817311 0.51768 -0.253004 0.0 -0.544338 0.837689 -0.044424 0.0 0.188941 0.174028 0.966445 0.0 -0.035739 -0.138268 0.098095 1.0]
232
	ConcatTransform [1.1 0.0 0.0 0.0 0.0 1.1 0.0 0.0 0.0 0.0 1.1 0.0 -9.609 0.05 6.704 1.0]
	ConcatTransform [0.774278 0.578383 -0.256839 0.0 -0.600019 0.799952 -0.007408 0.0 0.201175 0.159844 0.966426 0.0 -0.043809 -0.226178 0.130634 1.0]
233
	ConcatTransform [1.1 0.0 0.0 0.0 0.0 1.1 0.0 0.0 0.0 0.0 1.1 0.0 -9.609 0.05 6.704 1.0]
	ConcatTransform [0.762102 0.603904 -0.233453 0.0 -0.61417 0.788417 0.03456 0.0 0.204929 0.117042 0.971754 0.0 -0.051321 -0.285389 0.139932 1.0]
234
	ConcatTransform [1.1 0.0 0.0 0.0 0.0 1.1 0.0 0.0 0.0 0.0 1.1 0.0 -9.609 0.05 6.704 1.0]
	ConcatTransform [0.83501 0.533993 -0.132698 0.0 -0.505059 0.83953 0.20026 0.0 0.218342 -0.100199 0.970715 0.0 -0.068569 -0.38221 0.080912 1.0]
235
	ConcatTransform [1.1 0.0 0.0 0.0 0.0 1.1 0.0 0.0 0.0 0.0 1.1 0.0 -9.609 0.05 6.704 1.0]
	ConcatTransform [0.861439 0.502694 -0.072263 0.0 -0.444865 0.815545 0.37011 0.0 0.244986 -0.28668 0.926173 0.0 -0.082295 -0.441646 0.019686 1.0]
236
	ConcatTransform [1.1 0.0 0.0 0.0 0.0 1.1 0.0 0.0 0.0 0.0 1.1 0.0 -9.609 0.05 6.704 1.0]
	ConcatTransform [0.9131 0.407717 -0.003844 0.0 -0.322985 0.729029 0.603487 0.0 0.248854 -0.549803 0.797363 0.0 -0.11108 -0.516254 -0.109818 1.0]
237
	ConcatTransform [1.1 0.0 0.0 0.0 0.0 1.1 0.0 0.0 0.0 0.0 1.1 0.0 -9.609 0.05 6.704 1.0]
	ConcatTransform [0.921802 0.385339 0.042359 0.0 -0.313362 0.676342 0.666607 0.0 0.22822 -0.627754 0.744205 0.0 -0.128453 -0.512562 -0.187078 1.0]
238
	ConcatTransform [1.1 0.0 0.0 0.0 0.0 1.1 0.0 0.0 0.0 0.0 1.1 0.0 -9.609 0.05 6.704 1.0]
	ConcatTransform [0.906146 0.398929 0.140551 0.0 -0.378125 0.615152 0.691816 0.0 0.189525 -0.680033 0.708263 0.0 -0.148203 -0.501845 -0.268447 1.0]
239
	ConcatTransform [1.1 0.0 0.0 0.0 0.0 1.1 0.0 0.0 0.0 0.0 1.1 0.0 -9.609 0.05 6.704 1.0]
	ConcatTransform [0.904621 0.403007 0.138732 0.0 -0.372053 0.587861 0.718329 0.0 0.207936 -0.701431 0.681731 0.0 -0.149907 -0.494044 -0.301426 1.0]
240
	ConcatTransform [1.1 0.0 0.0 0.0 0.0 1.1 0.0 0.0 0.0 0.0 1.1 0.0 -9.609 0.05 6.704 1.0]
	ConcatTransform [0.896018 0.439792 0.061117 0.0 -0.324684 0.555078 0.765813 0.0 0.302874 -0.706025 0.640153 0.0 -0.144654 -0.487423 -0.33559 1.0]
241
	ConcatTransform [1.1 0.0 0.0 0.0 0.0 1.1 0.0 0.0 0.0 0.0 1.1 0.0 -9.609 0.05 6.704 1.0]
	ConcatTransform [0.880816 0.473419 0.006178 0.0 -0.294414 0.537459 0.790227 0.0 0.370788 -0.697863 0.612784 0.0 -0.14232 -0.481225 -0.351455 1.0]
242
	ConcatTransform [1.1 0.0 0.0 0.0 0.0 1.1 0.0 0.0 0.0 0.0 1.1 0.0 -9.609 0.05 6.704 1.0]
	ConcatTransform [0.87121 0.481786 -0.094209 0.0 -0.21196 0.542267 0.813031 0.0 0.442794 -0.688352 0.574548 0.0 -0.142909 -0.481313 -0.366465 1.0]
243
	ConcatTransform [1.1 0.0 0.0 0.0 0.0 1.1 0.0 0.0 0.0 0.0 1.1 0.0 -9.609 0.05 6.704 1.0]
	ConcatTransform [0.854366 0.48221 -0.193732 0.0 -0.138871 0.571092 0.809054 0.0 0.500773 -0.664324 0.554887 0.0 -0.146655 -0.482899 -0.370374 1.0]
244
	ConcatTransform [1.1 0.0 0.0 0.0 0.0 1.1 0.0 0.0 0.0 0.0 1.1 0.0 -9.609 0.05 6.704 1.0]
	ConcatTransform [0.816845 0.461679 -0.345857 0.0 -0.029811 0.632537 0.773956 0.0 0.576087 -0.621892 0.530448 0.0 -0.156787 -0.489253 -0.365556 1.0]
245
	ConcatTransform [1.1 0.0 0.0 0.0 0.0 1.1 0.0 0.0 0.0 0.0 1.1 0.0 -9.609 0.05 6.704 1.0]
	ConcatTransform [0.778031 0.424018 -0.463547 0.0 0.07182 0.672996 0.736151 0.0 0.624107 -0.606041 0.493159 0.0 -0.168649 -0.494437 -0.355949 1.0]
246
	ConcatTransform [1.1 0.0 0.0 0.0 0.0 1.1 0.0 0.0 0.0 0.0 1.1 0.0 -9.609 0.05 6.704 1.0]
	ConcatTransform [0.687289 0.367634 -0.626482 0.0 0.208387 0.726422 0.654894 0.0 0.695851 -0.580652 0.422651 0.0 -0.189654 -0.496233 -0.332737 1.0]
247
	ConcatTransform [1.1 0.0 0.0 0.0 0.0 1.1 0.0 0.0 0.0 0.0 1.1 0.0 -9.609 0.05 6.704 1.0]
	ConcatTransform [0.652282 0.328079 -0.683295 0.0 0.255787 0.753317 0.605877 0.0 0.713514 -0.56998 0.407456 0.0 -0.196157 -0.492845 -0.314207 1.0]
248
	ConcatTransform [1.1 0.0 0.0 0.0 0.0 1.1 0.0 0.0 0.0 0.0 1.1 0.0 -9.609 0.05 6.704 1.0]
	ConcatTransform [0.648789 0.269757 -0.711551 0.0 0.23856 0.815822 0.526805 0.0 0.722608 -0.511532 0.464943 0.0 -0.196911 -0.486689 -0.287557 1.0]
249
	ConcatTransform [1.1 0.0 0.0 0.0 0.0 1.1 0.0 0.0 0.0 0.0 1.1 0.0 -9.609 0.05 6.704 1.0]
	ConcatTransform [0.662548 0.257661 -0.703307 0.0 0.223337 0.828301 0.513846 0.0 0.714948 -0.497522 0.491244 0.0 -0.196889 -0.481535 -0.273936 1.0]
250
	ConcatTransform [1.1 0.0 0.0 0.0 0.0 1.1 0.0 0.0 0.0 0.0 1.1 0.0 -9.609 0.05 6.704 1.0]
	ConcatTransform [0.684635 0.254788 -0.682904 0.0 0.2029 0.833263 0.5143 0.0 0.700076 -0.490669 0.518785 0.0 -0.198527 -0.477729 -0.260197 1.0]
251
	ConcatTransform [1.1 0.0 0.0 0.0 0.0 1.1 0.0 0.0 0.0 0.0 1.1 0.0 -9.609 0.05 6.704 1.0]
	ConcatTransform [0.690818 0.249071 -0.678774 0.0 0.203276 0.834021 0.512921 0.0 0.693865 -0.492314 0.525527 0.0 -0.201162 -0.475975 -0.256895 1.0]
252
	ConcatTransform [1.1 0.0 0.0 0.0 0.0 1.1 0.0 0.0 0.0 0.0 1.1 0.0 -9.609 0.05 6.704 1.0]
	ConcatTransform [0.706684 0.248656 -0.662395 0.0 0.203877 0.824933 0.52718 0.0 0.677519 -0.507597 0.532272 0.0 -0.206402 -0.479352 -0.256951 1.0]
253
	ConcatTransform [1.1 0.0 0.0 0.0 0.0 1.1 0.0 0.0 0.0 0.0 1.1 0.0 -9.609 0.05 6.704 1.0]
	ConcatTransform [0.721014 0.257298 -0.643379 0.0 0.193345 0.816921 0.543376 0.0 0.6654 -0.516176 0.539264 0.0 -0.210255 -0.48228 -0.261797 1.0]
254
	ConcatTransform [1.1 0.0 0.0 0.0 0.0 1.1 0.0 0.0 0.0 0.0 1.1 0.0 -9.609 0.05 6.704 1.0]
	ConcatTransform [0.741942 0.277973 -0.610125 0.0 0.168711 0.803318 0.571153 0.0 0.64889 -0.526698 0.549119 0.0 -0.213074 -0.485811 -0.274617 1.0]
255
	ConcatTransform [1.1 0.0 0.0 0.0 0.0 1.1 0.0 0.0 0.0 0.0 1.1 0.0 -9.609 0.05 6.704 1.0]
	ConcatTransform [0.757809 0.298315 -0.580287 0.0 0.143871 0.791074 0.594561 0.0 0.636417 -0.53405 0.556564 0.0 -0.212974 -0.4887 -0.285587 1.0]
256
	ConcatTransform [1.1 0.0 0.0 0.0 0.0 1.1 0.0 0.0 0.0 0.0 1.1 0.0 -9.609 0.05 6.704 1.0]
	ConcatTransform [0.784352 0.339307 -0.519291 0.0 0.09075 0.765366 0.637165 0.0 0.613642 -0.546887 0.569524 0.0 -0.209899 -0.493276 -0.304442 1.0]
257
	ConcatTransform [1.1 0.0 0.0 0.0 0.0 1.1 0.0 0.0 0.0 0.0 1.1 0.0 -9.609 0.05 6.704 1.0]
	ConcatTransform [0.799032 0.372308 -0.47216 0.0 0.042673 0.748155 0.662151 0.0 0.599772 -0.549228 0.581912 0.0 -0.20611 -0.495755 -0.318382 1.0]
258
	ConcatTransform [1.1 0.0 0.0 0.0 0.0 1.1 0.0 0.0 0.0 0.0 1.1 0.0 -9.609 0.05 6.704 1.0]
	ConcatTransform [0.811201 0.408551 -0.418377 0.0 0.00035 0.71512 0.699002 0.0 0.584767 -0.567177 0.579963 0.0 -0.20281 -0.494626 -0.340468 1.0]
259
	ConcatTransform [1.1 0.0 0.0 0.0 0.0 1.1 0.0 0.0 0.0 0.0 1.1 0.0 -9.609 0.05 6.704 1.0]
	ConcatTransform [0.821714 0.421197 -0.383899 0.0 -0.020378 0.694912 0.718806 0.0 0.569535 -0.58283 0.579602 0.0 -0.201772 -0.493288 -0.354355 1.0]
260
	ConcatTransform [1.1 0.0 0.0 0.0 0.0 1.1 0.0 0.0 0.0 0.0 1.1 0.0 -9.609 0.05 6.704 1.0]
	ConcatTransform [0.831677 0.440505 -0.338037 0.0 -0.039131 0.653775 0.755676 0.0 0.55388 -0.615251 0.560967 0.0 -0.20161 -0.489639 -0.372951 1.0]
261
	ConcatTransform [1.1 0.0 0.0 0.0 0.0 1.1 0.0 0.0 0.0 0.0 1.1 0.0 -9.609 0.05 6.704 1.0]
	ConcatTransform [0.835553 0.446485 -0.320161 0.0 -0.060318 0.653761 0.754293 0.0 0.546089 -0.61094 0.573183 0.0 -0.202793 -0.48863 -0.385403 1.0]
262
	ConcatTransform [1.1 0.0 0.0 0.0 0.0 1.1 0.0 0.0 0.0 0.0 1.1 0.0 -9.609 0.05 6.704 1.0]
	ConcatTransform [0.837849 0.46 -0.293955 0.0 -0.068716 0.623062 0.779148 0.0 0.54156 -0.632609 0.553641 0.0 -0.206746 -0.485369 -0.400223 1.0]
263
	ConcatTransform [1.1 0.0 0.0 0.0 0.0 1.1 0.0 0.0 0.0 0.0 1.1 0.0 -9.609 0.05 6.704 1.0]
	ConcatTransform [0.843327 0.46017 -0.277566 0.0 -0.074189 0.611244 0.787957 0.0 0.532254 -0.643914 0.549618 0.0 -0.2108 -0.484354 -0.408427 1.0]
264
	ConcatTransform [1.1 0.0 0.0 0.0 0.0 1.1 0.0 0.0 0.0 0.0 1.1 0.0 -9.609 0.05 6.704 1.0]
	ConcatTransform [0.851868 0.44541 -0.275556 0.0 -0.055439 0.59984 0.798197 0.0 0.520815 -0.664682 0.535677 0.0 -0.218888 -0.484131 -0.41805 1.0]
265
	ConcatTransform [1.1 0.0 0.0 0.0 0.0 1.1 0.0 0.0 0.0 0.0 1.1 0.0 -9.609 0.05 6.704 1.0]
	ConcatTransform [0.854347 0.435569 -0.283499 0.0 -0.033244 0.590186 0.806582 0.0 0.518639 -0.679676 0.518704 0.0 -0.225831 -0.483494 -0.422789 1.0]
266
	ConcatTransform [1.1 0.0 0.0 0.0 0.0 1.1 0.0 0.0 0.0 0.0 1.1 0.0 -9.609 0.05 6.704 1.0]
	ConcatTransform [0.850386 0.421008 -0.315589 0.0 0.011307 0.585035 0.810929 0.0 0.526038 -0.693171 0.492746 0.0 -0.237832 -0.483035 -0.427853 1.0]
267
	ConcatTransform [1.1 0.0 0.0 0.0 0.0 1.1 0.0 0.0 0.0 0.0 1.1 0.0 -9.609 0.05 6.704 1.0]
	ConcatTransform [0.846512 0.414116 -0.334553 0.0 0.034971 0.583809 0.811137 0.0 0.53122 -0.698337 0.479719 0.0 -0.244625 -0.482195 -0.429175 1.0]
268
	ConcatTransform [1.1 0.0 0.0 0.0 0.0 1.1 0.0 0.0 0.0 0.0 1.1 0.0 -9.609 0.05 6.704 1.0]
	ConcatTransform [0.843011 0.406509 -0.352253 0.0 0.057229 0.583372 0.810187 0.0 0.534843 -0.703156 0.468525 0.0 -0.250929 -0.481323 -0.427902 1.0]
269
	ConcatTransform [1.1 0.0 0.0 0.0 0.0 1.1 0.0 0.0 0.0 0.0 1.1 0.0 -9.609 0.05 6.704 1.0]
	ConcatTransform [0.839747 0.404167 -0.362593 0.0 0.066173 0.586631 0.807146 0.0 0.53893 -0.701793 0.465877 0.0 -0.252038 -0.481314 -0.425289 1.0]
270
	ConcatTransform [1.1 0.0 0.0 0.0 0.0 1.1 0.0 0.0 0.0 0.0 1.1 0.0 -9.609 0.05 6.704 1.0]
	ConcatTransform [0.833607 0.407267 -0.373141 0.0 0.066732 0.596337 0.799956 0.0 0.548313 -0.691749 0.469932 0.0 -0.250826 -0.483229 -0.419074 1.0]
271
	ConcatTransform [1.1 0.0 0.0 0.0 0.0 1.1 0.0 0.0 0.0 0.0 1.1 0.0 -9.609 0.05 6.704 1.0]
	ConcatTransform [0.827558 0.409084 -0.384445 0.0 0.070177 0.604063 0.793841 0.0 0.556976 -0.683929 0.471189 0.0 -0.248075 -0.484586 -0.414277 1.0]
272
	ConcatTransform [1.1 0.0 0.0 0.0 0.0 1.1 0.0 0.0 0.0 0.0 1.1 0.0 -9.609 0.05 6.704 1.0]
	ConcatTransform [0.814422 0.419999 -0.400396 0.0 0.065635 0.61891 0.782715 0.0 0.576549 -0.663741 0.476487 0.0 -0.243361 -0.487498 -0.406916 1.0]
273
	ConcatTransform [1.1 0.0 0.0 0.0 0.0 1.1 0.0 0.0 0.0 0.0 1.1 0.0 -9.609 0.05 6.704 1.0]
	ConcatTransform [0.809078 0.420496 -0.41058 0.0 0.06809 0.626847 0.776161 0.0 0.583744 -0.655931 0.478537 0.0 -0.24056 -0.488269 -0.401356 1.0]
274
	ConcatTransform [1.1 0.0 0.0 0.0 0.0 1.1 0.0 0.0 0.0 0.0 1.1 0.0 -9.609 0.05 6.704 1.0]
	ConcatTransform [0.809033 0.41693 -0.414289 0.0 0.063702 0.638506 0.766976 0.0 0.584302 -0.6469 0.490013 0.0 -0.23864 -0.489607 -0.392157 1.0]
275
	ConcatTransform [1.1 0.0 0.0 0.0 0.0 1.1 0.0 0.0 0.0 0.0 1.1 0.0 -9.609 0.05 6.704 1.0]
	ConcatTransform [0.809059 0.410767 -0.420351 0.0 0.065385 0.647867 0.758942 0.0 0.584079 -0.641513 0.497304 0.0 -0.239051 -0.49073 -0.38523 1.0]
276
	ConcatTransform [1.1 0.0 0.0 0.0 0.0 1.1 0.0 0.0 0.0 0.0 1.1 0.0 -9.609 0.05 6.704 1.0]
	ConcatTransform [0.802876 0.404628 -0.437798 0.0 0.070132 0.665171 0.74339 0.0 0.592007 -0.627553 0.505672 0.0 -0.238483 -0.49211 -0.373298 1.0]
277
	ConcatTransform [1.1 0.0 0.0 0.0 0.0 1.1 0.0 0.0 0.0 0.0 1.1 0.0 -9.609 0.05 6.704 1.0]
	ConcatTransform [0.793829 0.401933 -0.456384 0.0 0.075829 0.67918 0.730044 0.0 0.603396 -0.614137 0.508674 0.0 -0.237597 -0.493095 -0.364793 1.0]
278
	ConcatTransform [1.1 0.0 0.0 0.0 0.0 1.1 0.0 0.0 0.0 0.0 1.1 0.0 -9.609 0.05 6.704 1.0]
	ConcatTransform [0.783356 0.394892 -0.480014 0.0 0.081994 0.699858 0.709561 0.0 0.616142 -0.595197 0.515859 0.0 -0.235755 -0.494331 -0.351994 1.0]
279
	ConcatTransform [1.1 0.0 0.0 0.0 0.0 1.1 0.0 0.0 0.0 0.0 1.1 0.0 -9.609 0.05 6.704 1.0]
	ConcatTransform [0.778749 0.389834 -0.491507 0.0 0.082317 0.71321 0.6961 0.0 0.621911 -0.582546 0.523322 0.0 -0.234364 -0.49492 -0.3434 1.0]
280
	ConcatTransform [1.1 0.0 0.0 0.0 0.0 1.1 0.0 0.0 0.0 0.0 1.1 0.0 -9.609 0.05 6.704 1.0]
	ConcatTransform [0.776457 0.379031 -0.503438 0.0 0.086194 0.727506 0.680666 0.0 0.624248 -0.571901 0.532207 0.0 -0.232067 -0.495174 -0.332137 1.0]
281
	ConcatTransform [1.1 0.0 0.0 0.0 0.0 1.1 0.0 0.0 0.0 0.0 1.1 0.0 -9.609 0.05 6.704 1.0]
	ConcatTransform [0.771 0.372451 -0.516565 0.0 0.091503 0.737938 0.668637 0.0 0.630227 -0.562786 0.534869 0.0 -0.23021 -0.495367 -0.325621 1.0]
282
	ConcatTransform [1.1 0.0 0.0 0.0 0.0 1.1 0.0 0.0 0.0 0.0 1.1 0.0 -9.609 0.05 6.704 1.0]
	ConcatTransform [0.7653 0.373 -0.524582 0.0 0.086192 0.748257 0.657786 0.0 0.637877 -0.548618 0.540492 0.0 -0.226194 -0.495612 -0.317492 1.0]
283
	ConcatTransform [1.1 0.0 0.0 0.0 0.0 1.1 0.0 0.0 0.0 0.0 1.1 0.0 -9.609 0.05 6.704 1.0]
	ConcatTransform [0.764296 0.369643 -0.52841 0.0 0.088268 0.751731 0.653536 0.0 0.638797 -0.546137 0.541917 0.0 -0.224354 -0.495006 -0.313986 1.0]
284
	ConcatTransform [1.1 0.0 0.0 0.0 0.0 1.1 0.0 0.0 0.0 0.0 1.1 0.0 -9.609 0.05 6.704 1.0]
	ConcatTransform [0.757992 0.363716 -0.541442 0.0 0.100562 0.755006 0.647961 0.0 0.644465 -0.545597 0.535712 0.0 -0.224298 -0.494449 -0.312044 1.0]
285
	ConcatTransform [1.1 0.0 0.0 0.0 0.0 1.1 0.0 0.0 0.0 0.0 1.1 0.0 -9.609 0.05 6.704 1.0]
	ConcatTransform [0.755364 0.361495 -0.546577 0.0 0.107201 0.754677 0.647279 0.0 0.646477 -0.547525 0.531304 0.0 -0.225481 -0.494477 -0.312491 1.0]
286
	ConcatTransform [1.1 0.0 0.0 0.0 0.0 1.1 0.0 0.0 0.0 0.0 1.1 0.0 -9.609 0.05 6.704 1.0]
	ConcatTransform [0.754956 0.362024 -0.546791 0.0 0.111768 0.750574 0.651265 0.0 0.646181 -0.55279 0.526188 0.0 -0.227414 -0.4946 -0.315068 1.0]
287
	ConcatTransform [1.1 0.0 0.0 0.0 0.0 1.1 0.0 0.0 0.0 0.0 1.1 0.0 -9.609 0.05 6.704 1.0]
	ConcatTransform [0.754328 0.369621 -0.542559 0.0 0.106116 0.746928 0.656383 0.0 0.647865 -0.552702 0.524205 0.0 -0.227268 -0.494965 -0.317541 1.0]
288
	ConcatTransform [1.1 0.0 0.0 0.0 0.0 1.1 0.0 0.0 0.0 0.0 1.1 0.0 -9.609 0.05 6.704 1.0]
	ConcatTransform [0.756744 0.376188 -0.534622 0.0 0.102208 0.739681 0.66515 0.0 0.645672 -0.557991 0.5213 0.0 -0.225932 -0.495462 -0.322669 1.0]
289
	ConcatTransform [1.1 0.0 0.0 0.0 0.0 1.1 0.0 0.0 0.0 0.0 1.1 0.0 -9.609 0.05 6.704 1.0]
	ConcatTransform [0.758732 0.38236 -0.527377 0.0 0.096592 0.734612 0.671576 0.0 0.644202 -0.560487 0.520441 0.0 -0.224089 -0.495405 -0.326209 1.0]
290
	ConcatTransform [1.1 0.0 0.0 0.0 0.0 1.1 0.0 0.0 0.0 0.0 1.1 0.0 -9.609 0.05 6.704 1.0]
	ConcatTransform [0.766172 0.379665 -0.518494 0.0 0.096618 0.729598 0.677016 0.0 0.635331 -0.568807 0.522315 0.0 -0.222274 -0.495557 -0.330714 1.0]
291
	ConcatTransform [1.1 0.0 0.0 0.0 0.0 1.1 0.0 0.0 0.0 0.0 1.1 0.0 -9.609 0.05 6.704 1.0]
	ConcatTransform [0.769739 0.380256 -0.512744 0.0 0.093855 0.727081 0.680106 0.0 0.631421 -0.571628 0.523974 0.0 -0.22152 -0.495489 -0.333227 1.0]
292
	ConcatTransform [1.1 0.0 0.0 0.0 0.0 1.1 0.0 0.0 0.0 0.0 1.1 0.0 -9.609 0.05 6.704 1.0]
	ConcatTransform [0.774311 0.3806 -0.505556 0.0 0.089135 0.725348 0.682587 0.0 0.626497 -0.573597 0.52772 0.0 -0.220617 -0.495432 -0.336345 1.0]
293
	ConcatTransform [1.1 0.0 0.0 0.0 0.0 1.1 0.0 0.0 0.0 0.0 1.1 0.0 -9.609 0.05 6.704 1.0]
	ConcatTransform [0.776309 0.381564 -0.50175 0.0 0.086793 0.723699 0.684636 0.0 0.624348 -0.575038 0.528697 0.0 -0.220187 -0.495314 -0.337853 1.0]
294
	ConcatTransform [1.1 0.0 0.0 0.0 0.0 1.1 0.0 0.0 0.0 0.0 1.1 0.0 -9.609 0.05 6.704 1.0]
	ConcatTransform [0.777644 0.383368 -0.498296 0.0 0.08416 0.721967 0.686791 0.0 0.623046 -0.576015 0.529169 0.0 -0.219076 -0.495256 -0.3395 1.0]
295
	ConcatTransform [1.1 0.0 0.0 0.0 0.0 1.1 0.0 0.0 0.0 0.0 1.1 0.0 -9.609 0.05 6.704 1.0]
	ConcatTransform [0.777026 0.382966 -0.499567 0.0 0.086765 0.720897 0.687589 0.0 0.62346 -0.57762 0.526928 0.0 -0.218107 -0.495261 -0.340073 1.0]
296
	ConcatTransform [1.1 0.0 0.0 0.0 0.0 1.1 0.0 0.0 0.0 0.0 1.1 0.0 -9.609 0.05 6.704 1.0]
	ConcatTransform [0.769489 0.393748 -0.502841 0.0 0.079417 0.722235 0.687073 0.0 0.633703 -0.568629 0.524482 0.0 -0.215509 -0.495838 -0.340696 1.0]
297
	ConcatTransform [1.1 0.0 0.0 0.0 0.0 1.1 0.0 0.0 0.0 0.0 1.1 0.0 -9.609 0.05 6.704 1.0]
	ConcatTransform [0.767409 0.397001 -0.503462 0.0 0.075339 0.723964 0.685711 0.0 0.636717 -0.564151 0.525667 0.0 -0.213368 -0.495587 -0.340672 1.0]
298
	ConcatTransform [1.1 0.0 0.0 0.0 0.0 1.1 0.0 0.0 0.0 0.0 1.1 0.0 -9.609 0.05 6.704 1.0]
	ConcatTransform [0.767806 0.397733 -0.502277 0.0 0.06823 0.728753 0.681369 0.0 0.637039 -0.55743 0.532403 0.0 -0.211079 -0.495067 -0.339774 1.0]
299
	ConcatTransform [1.1 0.0 0.0 0.0 0.0 1.1 0.0 0.0 0.0 0.0 1.1 0.0 -9.609 0.05 6.704 1.0]
	ConcatTransform [0.769815 0.393525 -0.502516 0.0 0.066182 0.733856 0.676074 0.0 0.634826 -0.553709 0.538889 0.0 -0.210985 -0.49506 -0.338481 1.0]
300
	ConcatTransform [1.1 0.0 0.0 0.0 0.0 1.1 0.0 0.0 0.0 0.0 1.1 0.0 -9.609 0.05 6.704 1.0]
	ConcatTransform [0.767739 0.384576 -0.512522 0.0 0.075154 0.740296 0.668067 0.0 0.636341 -0.551419 0.539452 0.0 -0.213081 -0.495387 -0.33579 1.0]
301
	ConcatTransform [1.1 0.0 0.0 0.0 0.0 1.1 0.0 0.0 0.0 0.0 1.1 0.0 -9.609 0.05 6.704 1.0]
	ConcatTransform [0.770258 0.379078 -0.512837 0.0 0.07751 0.742549 0.665292 0.0 0.633004 -0.552196 0.542572 0.0 -0.21486 -0.495456 -0.33368 1.0]
302
	ConcatTransform [1.1 0.0 0.0 0.0 0.0 1.1 0.0 0.0 0.0 0.0 1.1 0.0 -9.609 0.05 6.704 1.0]
	ConcatTransform [0.771082 0.37445 -0.514994 0.0 0.07992 0.745492 0.661705 0.0 0.6317 -0.551388 0.54491 0.0 -0.216246 -0.495176 -0.331767 1.0]
303
	ConcatTransform [1.1 0.0 0.0 0.0 0.0 1.1 0.0 0.0 0.0 0.0 1.1 0.0 -9.609 0.05 6.704 1.0]
	ConcatTransform [0.771282 0.373621 -0.515297 0.0 0.080405 0.745908 0.661177 0.0 0.631394 -0.551387 0.545265 0.0 -0.216764 -0.495127 -0.331574 1.0]
304
	ConcatTransform [1.1 0.0 0.0 0.0 0.0 1.1 0.0 0.0 0.0 0.0 1.1 0.0 -9.609 0.05 6.704 1.0]
	ConcatTransform [0.77189 0.376076 -0.512595 0.0 0.078412 0.743803 0.663784 0.0 0.630902 -0.552561 0.544645 0.0 -0.216621 -0.495248 -0.332383 1.0]
305
	ConcatTransform [1.1 0.0 0.0 0.0 0.0 1.1 0.0 0.0 0.0 0.0 1.1 0.0 -9.609 0.05 6.704 1.0]
	ConcatTransform [0.772228 0.378162 -0.510546 0.0 0.076651 0.74225 0.665724 0.0 0.630704 -0.553225 0.5442 0.0 -0.216085 -0.495369 -0.333875 1.0]
306
	ConcatTransform [1.1 0.0 0.0 0.0 0.0 1.1 0.0 0.0 0.0 0.0 1.1 0.0 -9.609 0.05 6.704 1.0]
	ConcatTransform [0.771288 0.38097 -0.509879 0.0 0.077675 0.738757 0.669481 0.0 0.631729 -0.555968 0.540202 0.0 -0.215907 -0.495461 -0.33641 1.0]
307
	ConcatTransform [1.1 0.0 0.0 0.0 0.0 1.1 0.0 0.0 0.0 0.0 1.1 0.0 -9.609 0.05 6.704 1.0]
	ConcatTransform [0.768683 0.380731 -0.513975 0.0 0.083497 0.736947 0.670774 0.0 0.634156 -0.558528 0.534689 0.0 -0.21664 -0.495489 -0.337589 1.0]
308
	ConcatTransform [1.1 0.0 0.0 0.0 0.0 1.1 0.0 0.0 0.0 0.0 1.1 0.0 -9.609 0.05 6.704 1.0]
	ConcatTransform [0.773319 0.379959 -0.507552 0.0 0.080963 0.734799 0.673436 0.0 0.628827 -0.561874 0.537471 0.0 -0.218875 -0.495618 -0.338603 1.0]
309
	ConcatTransform [1.1 0.0 0.0 0.0 0.0 1.1 0.0 0.0 0.0 0.0 1.1 0.0 -9.609 0.05 6.704 1.0]
	ConcatTransform [0.776473 0.37853 -0.50379 0.0 0.079759 0.73401 0.674439 0.0 0.625082 -0.563866 0.539748 0.0 -0.219637 -0.495616 -0.339159 1.0]
310
	ConcatTransform [1.1 0.0 0.0 0.0 0.0 1.1 0.0 0.0 0.0 0.0 1.1 0.0 -9.609 0.05 6.704 1.0]
	ConcatTransform [0.776637 0.379742 -0.502625 0.0 0.078025 0.733751 0.674923 0.0 0.625098 -0.563387 0.540229 0.0 -0.219929 -0.495562 -0.339777 1.0]
311
	ConcatTransform [1.1 0.0 0.0 0.0 0.0 1.1 0.0 0.0 0.0 0.0 1.1 0.0 -9.609 0.05 6.704 1.0]
	ConcatTransform [0.776911 0.380879 -0.501339 0.0 0.075473 0.734188 0.674738 0.0 0.625071 -0.562049 0.541653 0.0 -0.219358 -0.495549 -0.340305 1.0]
312
	ConcatTransform [1.1 0.0 0.0 0.0 0.0 1.1 0.0 0.0 0.0 0.0 1.1 0.0 -9.609 0.05 6.704 1.0]
	ConcatTransform [0.779459 0.384812 -0.494331 0.0 0.067128 0.733246 0.676642 0.0 0.622846 -0.560598 0.545704 0.0 -0.218064 -0.495542 -0.341182 1.0]
313
	ConcatTransform [1.1 0.0 0.0 0.0 0.0 1.1 0.0 0.0 0.0 0.0 1.1 0.0 -9.609 0.05 6.704 1.0]
	ConcatTransform [0.779689 0.383208 -0.495213 0.0 0.068538 0.733884 0.675808 0.0 0.622405 -0.560861 0.545937 0.0 -0.218461 -0.495472 -0.34119 1.0]
314
	ConcatTransform [1.1 0.0 0.0 0.0 0.0 1.1 0.0 0.0 0.0 0.0 1.1 0.0 -9.609 0.05 6.704 1.0]
	ConcatTransform [0.779454 0.379179 -0.498673 0.0 0.073934 0.734776 0.674269 0.0 0.622082 -0.56243 0.54469 0.0 -0.219377 -0.495365 -0.340727 1.0]
315
	ConcatTransform [1.1 0.0 0.0 0.0 0.0 1.1 0.0 0.0 0.0 0.0 1.1 0.0 -9.609 0.05 6.704 1.0]
	ConcatTransform [0.77866 0.378617 -0.500338 0.0 0.074364 0.736112 0.672762 0.0 0.623024 -0.56106 0.545025 0.0 -0.219565 -0.495315 -0.340307 1.0]
316
	ConcatTransform [1.1 0.0 0.0 0.0 0.0 1.1 0.0 0.0 0.0 0.0 1.1 0.0 -9.609 0.05 6.704 1.0]
	ConcatTransform [0.780948 0.379612 -0.495998 0.0 0.069243 0.736597 0.672778 0.0 0.620746 -0.559749 0.548959 0.0 -0.219381 -0.495358 -0.339974 1.0]
317
	ConcatTransform [1.1 0.0 0.0 0.0 0.0 1.1 0.0 0.0 0.0 0.0 1.1 0.0 -9.609 0.05 6.704 1.0]
	ConcatTransform [0.782281 0.379947 -0.493637 0.0 0.066295 0.737168 0.672449 0.0 0.619388 -0.55877 0.551484 0.0 -0.219004 -0.495372 -0.339795 1.0]
318
	ConcatTransform [1.1 0.0 0.0 0.0 0.0 1.1 0.0 0.0 0.0 0.0 1.1 0.0 -9.609 0.05 6.704 1.0]
	ConcatTransform [0.781864 0.381206 -0.493327 0.0 0.063676 0.738321 0.671437 0.0 0.620189 -0.556385 0.552992 0.0 -0.218536 -0.49541 -0.339324 1.0]
319
	ConcatTransform [1.1 0.0 0.0 0.0 0.0 1.1 0.0 0.0 0.0 0.0 1.1 0.0 -9.609 0.05 6.704 1.0]
	ConcatTransform [0.782194 0.380148 -0.49362 0.0 0.064215 0.738873 0.670778 0.0 0.619717 -0.556377 0.55353 0.0 -0.218839 -0.495427 -0.33881 1.0]
320
	ConcatTransform [1.1 0.0 0.0 0.0 0.0 1.1 0.0 0.0 0.0 0.0 1.1 0.0 -9.609 0.05 6.704 1.0]
	ConcatTransform [0.78284 0.379763 -0.492891 0.0 0.062504 0.740143 0.669538 0.0 0.619075 -0.554949 0.555677 0.0 -0.218855 -0.49541 -0.338111 1.0]
321
	ConcatTransform [1.1 0.0 0.0 0.0 0.0 1.1 0.0 0.0 0.0 0.0 1.1 0.0 -9.609 0.05 6.704 1.0]
	ConcatTransform [0.783701 0.379852 -0.491453 0.0 0.060639 0.740644 0.669155 0.0 0.618172 -0.554219 0.557409 0.0 -0.218809 -0.49544 -0.337716 1.0]
322
	ConcatTransform [1.1 0.0 0.0 0.0 0.0 1.1 0.0 0.0 0.0 0.0 1.1 0.0 -9.609 0.05 6.704 1.0]
	ConcatTransform [0.784283 0.37937 -0.490895 0.0 0.059873 0.741276 0.668525 0.0 0.617507 -0.553704 0.558656 0.0 -0.218995 -0.495401 -0.337263 1.0]
323
	ConcatTransform [1.1 0.0 0.0 0.0 0.0 1.1 0.0 0.0 0.0 0.0 1.1 0.0 -9.609 0.05 6.704 1.0]
	ConcatTransform [0.784651 0.378722 -0.490808 0.0 0.06058 0.741075 0.668684 0.0 0.616971 -0.554416 0.558542 0.0 -0.219038 -0.495427 -0.33711 1.0]
324
	ConcatTransform [1.1 0.0 0.0 0.0 0.0 1.1 0.0 0.0 0.0 0.0 1.1 0.0 -9.609 0.05 6.704 1.0]
	ConcatTransform [0.785518 0.379314 -0.488961 0.0 0.0599 0.739812 0.670142 0.0 0.615934 -0.555697 0.558415 0.0 -0.218987 -0.495486 -0.337219 1.0]
325
	ConcatTransform [1.1 0.0 0.0 0.0 0.0 1.1 0.0 0.0 0.0 0.0 1.1 0.0 -9.609 0.05 6.704 1.0]
	ConcatTransform [0.785781 0.377425 -0.489999 0.0 0.062808 0.739444 0.670282 0.0 0.615308 -0.557471 0.557335 0.0 -0.219811 -0.495545 -0.337217 1.0]
326
	ConcatTransform [1.1 0.0 0.0 0.0 0.0 1.1 0.0 0.0 0.0 0.0 1.1 0.0 -9.609 0.05 6.704 1.0]
	ConcatTransform [0.786497 0.378566 -0.487965 0.0 0.061763 0.737933 0.672042 0.0 0.614498 -0.558697 0.557001 0.0 -0.220439 -0.495568 -0.337634 1.0]
327
	ConcatTransform [1.1 0.0 0.0 0.0 0.0 1.1 0.0 0.0 0.0 0.0 1.1 0.0 -9.609 0.05 6.704 1.0]
	ConcatTransform [0.787846 0.379066 -0.485394 0.0 0.059912 0.73723 0.672981 0.0 0.612951 -0.559286 0.558113 0.0 -0.22078 -0.495488 -0.337747 1.0]
328
	ConcatTransform [1.1 0.0 0.0 0.0 0.0 1.1 0.0 0.0 0.0 0.0 1.1 0.0 -9.609 0.05 6.704 1.0]
	ConcatTransform [0.789302 0.377747 -0.484056 0.0 0.060288 0.736869 0.673342 0.0 0.611039 -0.560652 0.558838 0.0 -0.220484 -0.495656 -0.337754 1.0]
329
	ConcatTransform [1.1 0.0 0.0 0.0 0.0 1.1 0.0 0.0 0.0 0.0 1.1 0.0 -9.609 0.05 6.704 1.0]
	ConcatTransform [0.788847 0.377765 -0.484782 0.0 0.0604 0.73732 0.672838 0.0 0.611614 -0.560047 0.558816 0.0 -0.220206 -0.495662 -0.337651 1.0]
330
	ConcatTransform [1.1 0.0 0.0 0.0 0.0 1.1 0.0 0.0 0.0 0.0 1.1 0.0 -9.609 0.05 6.704 1.0]
	ConcatTransform [0.788545 0.378121 -0.484996 0.0 0.060231 0.737364 0.672805 0.0 0.61202 -0.559749 0.558671 0.0 -0.220087 -0.49568 -0.33712 1.0]
331
	ConcatTransform [1.1 0.0 0.0 0.0 0.0 1.1 0.0 0.0 0.0 0.0 1.1 0.0 -9.609 0.05 6.704 1.0]
	ConcatTransform [0.78853 0.377266 -0.485685 0.0 0.060937 0.737922 0.67213 0.0 0.611969 -0.559591 0.558884 0.0 -0.220243 -0.495668 -0.336693 1.0]
332
	ConcatTransform [1.1 0.0 0.0 0.0 0.0 1.1 0.0 0.0 0.0 0.0 1.1 0.0 -9.609 0.05 6.704 1.0]
	ConcatTransform [0.788289 0.376911 -0.486352 0.0 0.060259 0.739335 0.670636 0.0 0.612347 -0.557962 0.560098 0.0 -0.220431 -0.495676 -0.335943 1.0]
333
	ConcatTransform [1.1 0.0 0.0 0.0 0.0 1.1 0.0 0.0 0.0 0.0 1.1 0.0 -9.609 0.05 6.704 1.0]
	ConcatTransform [0.788952 0.377028 -0.485185 0.0 0.058241 0.740178 0.669884 0.0 0.611688 -0.556764 0.562007 0.0 -0.21999 -0.495686 -0.33539 1.0]
334
	ConcatTransform [1.1 0.0 0.0 0.0 0.0 1.1 0.0 0.0 0.0 0.0 1.1 0.0 -9.609 0.05 6.704 1.0]
	ConcatTransform [0.790691 0.376715 -0.48259 0.0 0.055001 0.741371 0.668838 0.0 0.60974 -0.555387 0.565475 0.0 -0.219811 -0.495694 -0.334602 1.0]
335
	ConcatTransform [1.1 0.0 0.0 0.0 0.0 1.1 0.0 0.0 0.0 0.0 1.1 0.0 -9.609 0.05 6.704 1.0]
	ConcatTransform [0.791152 0.37575 -0.482588 0.0 0.055004 0.742124 0.668002 0.0 0.609142 -0.555035 0.566465 0.0 -0.220176 -0.495659 -0.334097 1.0]
336
	ConcatTransform [1.1 0.0 0.0 0.0 0.0 1.1 0.0 0.0 0.0 0.0 1.1 0.0 -9.609 0.05 6.704 1.0]
	ConcatTransform [0.792901 0.376142 -0.479402 0.0 0.052257 0.741869 0.668505 0.0 0.607106 -0.55511 0.568573 0.0 -0.22019 -0.495672 -0.333904 1.0]
337
	ConcatTransform [1.1 0.0 0.0 0.0 0.0 1.1 0.0 0.0 0.0 0.0 1.1 0.0 -9.609 0.05 6.704 1.0]
	ConcatTransform [0.793212 0.376228 -0.478819 0.0 0.051812 0.741758 0.668663 0.0 0.606738 -0.5552 0.568878 0.0 -0.220183 -0.495687 -0.334007 1.0]
338
	ConcatTransform [1.1 0.0 0.0 0.0 0.0 1.1 0.0 0.0 0.0 0.0 1.1 0.0 -9.609 0.05 6.704 1.0]
	ConcatTransform [0.794074 0.377169 -0.476644 0.0 0.049967 0.741023 0.669618 0.0 0.605764 -0.555543 0.569581 0.0 -0.220346 -0.49563 -0.334308 1.0]
339
	ConcatTransform [1.1 0.0 0.0 0.0 0.0 1.1 0.0 0.0 0.0 0.0 1.1 0.0 -9.609 0.05 6.704 1.0]
	ConcatTransform [0.793819 0.376908 -0.477276 0.0 0.050745 0.741007 0.669577 0.0 0.606034 -0.555742 0.569099 0.0 -0.220337 -0.495685 -0.334495 1.0]
340
	ConcatTransform [1.1 0.0 0.0 0.0 0.0 1.1 0.0 0.0 0.0 0.0 1.1 0.0 -9.609 0.05 6.704 1.0]
	ConcatTransform [0.794712 0.376417 -0.476175 0.0 0.050569 0.740705 0.669925 0.0 0.604876 -0.556477 0.569612 0.0 -0.22065 -0.495681 -0.334691 1.0]
341
	ConcatTransform [1.1 0.0 0.0 0.0 0.0 1.1 0.0 0.0 0.0 0.0 1.1 0.0 -9.609 0.05 6.704 1.0]
	ConcatTransform [0.795233 0.37631 -0.475389 0.0 0.05026 0.740463 0.670215 0.0 0.604217 -0.556871 0.569927 0.0 -0.220854 -0.495671 -0.334784 1.0]
342
	ConcatTransform [1.1 0.0 0.0 0.0 0.0 1.1 0.0 0.0 0.0 0.0 1.1 0.0 -9.609 0.05 6.704 1.0]
	ConcatTransform [0.796112 0.3778 -0.472728 0.0 0.047133 0.740093 0.670851 0.0 0.603311 -0.556354 0.57139 0.0 -0.220722 -0.495594 -0.334931 1.0]
343
	ConcatTransform [1.1 0.0 0.0 0.0 0.0 1.1 0.0 0.0 0.0 0.0 1.1 0.0 -9.609 0.05 6.704 1.0]
	ConcatTransform [0.796503 0.378706 -0.471343 0.0 0.045263 0.740017 0.671063 0.0 0.602938 -0.555838 0.572285 0.0 -0.220237 -0.495528 -0.33504 1.0]
344
	ConcatTransform [1.1 0.0 0.0 0.0 0.0 1.1 0.0 0.0 0.0 0.0 1.1 0.0 -9.609 0.05 6.704 1.0]
	ConcatTransform [0.796899 0.379643 -0.469918 0.0 0.043106 0.740149 0.67106 0.0 0.602572 -0.555023 0.573459 0.0 -0.219723 -0.495479 -0.335042 1.0]
345
	ConcatTransform [1.1 0.0 0.0 0.0 0.0 1.1 0.0 0.0 0.0 0.0 1.1 0.0 -9.609 0.05 6.704 1.0]
	ConcatTransform [0.797246 0.379562 -0.469394 0.0 0.042528 0.740339 0.670887 0.0 0.602154 -0.554824 0.574091 0.0 -0.21958 -0.495451 -0.334928 1.0]
346
	ConcatTransform [1.1 0.0 0.0 0.0 0.0 1.1 0.0 0.0 0.0 0.0 1.1 0.0 -9.609 0.05 6.704 1.0]
	ConcatTransform [0.797597 0.379543 -0.468815 0.0 0.041599 0.740762 0.670478 0.0 0.601755 -0.554274 0.575041 0.0 -0.219224 -0.49543 -0.334695 1.0]
347
	ConcatTransform [1.1 0.0 0.0 0.0 0.0 1.1 0.0 0.0 0.0 0.0 1.1 0.0 -9.609 0.05 6.704 1.0]
	ConcatTransform [0.797832 0.379521 -0.468431 0.0 0.041037 0.741 0.670249 0.0 0.601482 -0.553969 0.575619 0.0 -0.219005 -0.49543 -0.334438 1.0]
348
	ConcatTransform [1.1 0.0 0.0 0.0 0.0 1.1 0.0 0.0 0.0 0.0 1.1 0.0 -9.609 0.05 6.704 1.0]
	ConcatTransform [0.798068 0.379444 -0.468091 0.0 0.040782 0.741034 0.670228 0.0 0.601185 -0.553977 0.575921 0.0 -0.218829 -0.495424 -0.334079 1.0]
349
	ConcatTransform [1.1 0.0 0.0 0.0 0.0 1.1 0.0 0.0 0.0 0.0 1.1 0.0 -9.609 0.05 6.704 1.0]
	ConcatTransform [0.79813 0.379759 -0.46773 0.0 0.040203 0.741035 0.670262 0.0 0.601142 -0.55376 0.576175 0.0 -0.218763 -0.495424 -0.33404 1.0]
350
	ConcatTransform [1.1 0.0 0.0 0.0 0.0 1.1 0.0 0.0 0.0 0.0 1.1 0.0 -9.609 0.05 6.704 1.0]
	ConcatTransform [0.798782 0.379781 -0.466598 0.0 0.040102 0.740233 0.671154 0.0 0.600282 -0.554817 0.576055 0.0 -0.218523 -0.495421 -0.333858 1.0]
351
	ConcatTransform [1.1 0.0 0.0 0.0 0.0 1.1 0.0 0.0 0.0 0.0 1.1 0.0 -9.609 0.05 6.704 1.0]
	ConcatTransform [0.799601 0.37988 -0.465112 0.0 0.038663 0.74033 0.671131 0.0 0.599285 -0.55462 0.577281 0.0 -0.21823 -0.49543 -0.333708 1.0]
352
	ConcatTransform [1.1 0.0 0.0 0.0 0.0 1.1 0.0 0.0 0.0 0.0 1.1 0.0 -9.609 0.05 6.704 1.0]
	ConcatTransform [0.800277 0.379782 -0.46403 0.0 0.037214 0.74091 0.670573 0.0 0.598475 -0.553912 0.578799 0.0 -0.2177 -0.495432 -0.33336 1.0]
353
	ConcatTransform [1.1 0.0 0.0 0.0 0.0 1.1 0.0 0.0 0.0 0.0 1.1 0.0 -9.609 0.05 6.704 1.0]
	ConcatTransform [0.800498 0.379883 -0.463565 0.0 0.036673 0.740968 0.670538 0.0 0.598213 -0.553764 0.579212 0.0 -0.217526 -0.495425 -0.333193 1.0]
354
	ConcatTransform [1.1 0.0 0.0 0.0 0.0 1.1 0.0 0.0 0.0 0.0 1.1 0.0 -9.609 0.05 6.704 1.0]
	ConcatTransform [0.800535 0.379848 -0.46353 0.0 0.036727 0.740919 0.670589 0.0 0.59816 -0.553854 0.579181 0.0 -0.217464 -0.495421 -0.33304 1.0]
355
	ConcatTransform [1.1 0.0 0.0 0.0 0.0 1.1 0.0 0.0 0.0 0.0 1.1 0.0 -9.609 0.05 6.704 1.0]
	ConcatTransform [0.800653 0.379928 -0.46326 0.0 0.036523 0.740833 0.670695 0.0 0.598014 -0.553914 0.579274 0.0 -0.217447 -0.495427 -0.332953 1.0]
356
	ConcatTransform [1.1 0.0 0.0 0.0 0.0 1.1 0.0 0.0 0.0 0.0 1.1 0.0 -9.609 0.05 6.704 1.0]
	ConcatTransform [0.800858 0.379694 -0.463097 0.0 0.036309 0.741096 0.670417 0.0 0.597753 -0.553723 0.579726 0.0 -0.217578 -0.49542 -0.332795 1.0]
357
	ConcatTransform [1.1 0.0 0.0 0.0 0.0 1.1 0.0 0.0 0.0 0.0 1.1 0.0 -9.609 0.05 6.704 1.0]
	ConcatTransform [0.801079 0.379377 -0.462973 0.0 0.036344 0.741225 0.670272 0.0 0.597454 -0.553768 0.579992 0.0 -0.217669 -0.495415 -0.332727 1.0]
358
	ConcatTransform [1.1 0.0 0.0 0.0 0.0 1.1 0.0 0.0 0.0 0.0 1.1 0.0 -9.609 0.05 6.704 1.0]
	ConcatTransform [0.801317 0.379843 -0.46218 0.0 0.035808 0.740728 0.67085 0.0 0.597168 -0.554113 0.579957 0.0 -0.217692 -0.49543 -0.332904 1.0]
359
	ConcatTransform [1.1 0.0 0.0 0.0 0.0 1.1 0.0 0.0 0.0 0.0 1.1 0.0 -9.609 0.05 6.704 1.0]
	ConcatTransform [0.80136 0.380001 -0.461976 0.0 0.035694 0.740546 0.671057 0.0 0.597117 -0.554248 0.57988 0.0 -0.217648 -0.495429 -0.333111 1.0]
360
	ConcatTransform [1.1 0.0 0.0 0.0 0.0 1.1 0.0 0.0 0.0 0.0 1.1 0.0 -9.609 0.05 6.704 1.0]
	ConcatTransform [0.183886 0.736781 0.650645 0.0 0.515316 -0.635937 0.574486 0.0 0.83704 0.229648 -0.496615 0.0 -7.208563 -107.542122 4.947609 1.0]
