228
	ConcatTransform [1.1 0.0 0.0 0.0 0.0 1.1 0.0 0.0 0.0 0.0 1.1 0.0 -9.609 0.05 6.704 1.0]
	ConcatTransform [-0.145935 0.005484 0.989279 0.0 -0.747488 -0.655661 -0.106632 0.0 0.648047 -0.755036 0.099783 0.0 -0.180932 0.110595 0.08413 1.0]
229
	ConcatTransform [1.1 0.0 0.0 0.0 0.0 1.1 0.0 0.0 0.0 0.0 1.1 0.0 -9.609 0.05 6.704 1.0]
	ConcatTransform [-0.294146 -0.540635 0.788158 0.0 -0.264806 -0.746256 -0.61072 0.0 0.918344 -0.38835 0.076345 0.0 -0.308057 0.192272 0.180678 1.0]
230
	ConcatTransform [1.1 0.0 0.0 0.0 0.0 1.1 0.0 0.0 0.0 0.0 1.1 0.0 -9.609 0.05 6.704 1.0]
	ConcatTransform [-0.152113 -0.826514 0.541975 0.0 0.374937 -0.555623 -0.742096 0.0 0.914486 0.090324 0.394408 0.0 -0.496396 0.237527 0.334123 1.0]
231
	ConcatTransform [1.1 0.0 0.0 0.0 0.0 1.1 0.0 0.0 0.0 0.0 1.1 0.0 -9.609 0.05 6.704 1.0]
	ConcatTransform [-0.233929 -0.914625 0.329754 0.0 0.66163 -0.398274 -0.635314 0.0 0.712407 0.069557 0.698311 0.0 -0.617458 0.246988 0.427848 1.0]
232
	ConcatTransform [1.1 0.0 0.0 0.0 0.0 1.1 0.0 0.0 0.0 0.0 1.1 0.0 -9.609 0.05 6.704 1.0]
	ConcatTransform [-0.351074 -0.922583 0.15996 0.0 0.856709 -0.385436 -0.342767 0.0 0.377885 0.016703 0.925702 0.0 -0.796688 0.235918 0.544685 1.0]
233
	ConcatTransform [1.1 0.0 0.0 0.0 0.0 1.1 0.0 0.0 0.0 0.0 1.1 0.0 -9.609 0.05 6.704 1.0]
	ConcatTransform [-0.454738 -0.880416 0.134466 0.0 0.876998 -0.468957 -0.104659 0.0 0.155202 0.070334 0.985376 0.0 -0.90218 0.231746 0.588431 1.0]
234
	ConcatTransform [1.1 0.0 0.0 0.0 0.0 1.1 0.0 0.0 0.0 0.0 1.1 0.0 -9.609 0.05 6.704 1.0]
	ConcatTransform [-0.601357 -0.693902 0.396068 0.0 0.789653 -0.591698 0.1623 0.0 0.121732 0.410356 0.903764 0.0 -1.057105 0.209761 0.620746 1.0]
235
	ConcatTransform [1.1 0.0 0.0 0.0 0.0 1.1 0.0 0.0 0.0 0.0 1.1 0.0 -9.609 0.05 6.704 1.0]
	ConcatTransform [-0.627482 -0.64287 0.439301 0.0 0.776176 -0.56121 0.287392 0.0 0.061785 0.521308 0.851129 0.0 -1.155362 0.189592 0.637618 1.0]
236
	ConcatTransform [1.1 0.0 0.0 0.0 0.0 1.1 0.0 0.0 0.0 0.0 1.1 0.0 -9.609 0.05 6.704 1.0]
	ConcatTransform [-0.553355 -0.743618 0.375274 0.0 0.823322 -0.420015 0.381743 0.0 -0.12625 0.520211 0.844655 0.0 -1.295209 0.151072 0.655918 1.0]
237
	ConcatTransform [1.1 0.0 0.0 0.0 0.0 1.1 0.0 0.0 0.0 0.0 1.1 0.0 -9.609 0.05 6.704 1.0]
	ConcatTransform [-0.490896 -0.802908 0.338171 0.0 0.834776 -0.322394 0.44633 0.0 -0.249338 0.501399 0.828511 0.0 -1.38844 0.113017 0.668118 1.0]
238
	ConcatTransform [1.1 0.0 0.0 0.0 0.0 1.1 0.0 0.0 0.0 0.0 1.1 0.0 -9.609 0.05 6.704 1.0]
	ConcatTransform [-0.378331 -0.878505 0.291709 0.0 0.822139 -0.174078 0.54202 0.0 -0.425387 0.444888 0.788112 0.0 -1.528177 0.037511 0.686338 1.0]
239
	ConcatTransform [1.1 0.0 0.0 0.0 0.0 1.1 0.0 0.0 0.0 0.0 1.1 0.0 -9.609 0.05 6.704 1.0]
	ConcatTransform [-0.28213 -0.922246 0.264319 0.0 0.795911 -0.071172 0.601215 0.0 -0.535656 0.379995 0.754106 0.0 -1.620775 -0.02452 0.6981 1.0]
240
	ConcatTransform [1.1 0.0 0.0 0.0 0.0 1.1 0.0 0.0 0.0 0.0 1.1 0.0 -9.609 0.05 6.704 1.0]
	ConcatTransform [-0.097495 -0.968273 0.230091 0.0 0.72713 0.088555 0.680764 0.0 -0.679541 0.233678 0.695427 0.0 -1.75818 -0.134413 0.714899 1.0]
241
	ConcatTransform [1.1 0.0 0.0 0.0 0.0 1.1 0.0 0.0 0.0 0.0 1.1 0.0 -9.609 0.05 6.704 1.0]
	ConcatTransform [0.057473 -0.975231 0.21359 0.0 0.65859 0.197824 0.726033 0.0 -0.750304 0.098941 0.653648 0.0 -1.848051 -0.218145 0.725314 1.0]
242
	ConcatTransform [1.1 0.0 0.0 0.0 0.0 1.1 0.0 0.0 0.0 0.0 1.1 0.0 -9.609 0.05 6.704 1.0]
	ConcatTransform [0.344599 -0.916572 0.202848 0.0 0.514435 0.365128 0.775911 0.0 -0.785244 -0.163027 0.597339 0.0 -1.976175 -0.355303 0.738874 1.0]
243
	ConcatTransform [1.1 0.0 0.0 0.0 0.0 1.1 0.0 0.0 0.0 0.0 1.1 0.0 -9.609 0.05 6.704 1.0]
	ConcatTransform [0.549494 -0.808506 0.210652 0.0 0.398438 0.475192 0.784499 0.0 -0.734373 -0.347146 0.583255 0.0 -2.042025 -0.439267 0.744734 1.0]
244
	ConcatTransform [1.1 0.0 0.0 0.0 0.0 1.1 0.0 0.0 0.0 0.0 1.1 0.0 -9.609 0.05 6.704 1.0]
	ConcatTransform [0.613552 -0.745678 0.259844 0.0 0.348151 0.550796 0.758561 0.0 -0.708763 -0.374952 0.59755 0.0 -2.029218 -0.462561 0.745483 1.0]
245
	ConcatTransform [1.1 0.0 0.0 0.0 0.0 1.1 0.0 0.0 0.0 0.0 1.1 0.0 -9.609 0.05 6.704 1.0]
	ConcatTransform [0.658059 -0.697541 0.283541 0.0 0.295527 0.585615 0.754797 0.0 -0.692548 -0.412907 0.591511 0.0 -2.010798 -0.473847 0.746485 1.0]
246
	ConcatTransform [1.1 0.0 0.0 0.0 0.0 1.1 0.0 0.0 0.0 0.0 1.1 0.0 -9.609 0.05 6.704 1.0]
	ConcatTransform [0.722245 -0.616194 0.314113 0.0 0.203631 0.623477 0.754859 0.0 -0.660981 -0.48123 0.575779 0.0 -1.974947 -0.491376 0.747255 1.0]
247
	ConcatTransform [1.1 0.0 0.0 0.0 0.0 1.1 0.0 0.0 0.0 0.0 1.1 0.0 -9.609 0.05 6.704 1.0]
	ConcatTransform [0.758513 -0.557918 0.336727 0.0 0.137555 0.64216 0.754128 0.0 -0.636974 -0.525698 0.563831 0.0 -1.945443 -0.497123 0.747351 1.0]
248
	ConcatTransform [1.1 0.0 0.0 0.0 0.0 1.1 0.0 0.0 0.0 0.0 1.1 0.0 -9.609 0.05 6.704 1.0]
	ConcatTransform [0.794587 -0.466979 0.388023 0.0 0.044179 0.681864 0.730143 0.0 -0.605541 -0.56302 0.562431 0.0 -1.900251 -0.493748 0.751429 1.0]
249
	ConcatTransform [1.1 0.0 0.0 0.0 0.0 1.1 0.0 0.0 0.0 0.0 1.1 0.0 -9.609 0.05 6.704 1.0]
	ConcatTransform [0.809896 -0.413274 0.41626 0.0 -0.01307 0.696757 0.717188 0.0 -0.586427 -0.586289 0.558899 0.0 -1.871335 -0.489275 0.757488 1.0]
250
	ConcatTransform [1.1 0.0 0.0 0.0 0.0 1.1 0.0 0.0 0.0 0.0 1.1 0.0 -9.609 0.05 6.704 1.0]
	ConcatTransform [0.823706 -0.342677 0.451753 0.0 -0.084904 0.713195 0.695805 0.0 -0.560625 -0.611494 0.558368 0.0 -1.831165 -0.481681 0.769854 1.0]
251
	ConcatTransform [1.1 0.0 0.0 0.0 0.0 1.1 0.0 0.0 0.0 0.0 1.1 0.0 -9.609 0.05 6.704 1.0]
	ConcatTransform [0.830766 -0.301998 0.467574 0.0 -0.128606 0.71315 0.689114 0.0 -0.541561 -0.632625 0.553622 0.0 -1.808559 -0.475086 0.779321 1.0]
252
	ConcatTransform [1.1 0.0 0.0 0.0 0.0 1.1 0.0 0.0 0.0 0.0 1.1 0.0 -9.609 0.05 6.704 1.0]
	ConcatTransform [0.833169 -0.260365 0.487893 0.0 -0.18194 0.704071 0.686427 0.0 -0.522233 -0.660677 0.539239 0.0 -1.785558 -0.461431 0.782336 1.0]
253
	ConcatTransform [1.1 0.0 0.0 0.0 0.0 1.1 0.0 0.0 0.0 0.0 1.1 0.0 -9.609 0.05 6.704 1.0]
	ConcatTransform [0.831574 -0.242512 0.499672 0.0 -0.215873 0.687784 0.693074 0.0 -0.511746 -0.684208 0.519592 0.0 -1.774762 -0.456561 0.780492 1.0]
254
	ConcatTransform [1.1 0.0 0.0 0.0 0.0 1.1 0.0 0.0 0.0 0.0 1.1 0.0 -9.609 0.05 6.704 1.0]
	ConcatTransform [0.822135 -0.241676 0.515448 0.0 -0.242972 0.669856 0.701611 0.0 -0.514838 -0.702059 0.491991 0.0 -1.762979 -0.455295 0.775984 1.0]
255
	ConcatTransform [1.1 0.0 0.0 0.0 0.0 1.1 0.0 0.0 0.0 0.0 1.1 0.0 -9.609 0.05 6.704 1.0]
	ConcatTransform [0.812118 -0.250288 0.527086 0.0 -0.24957 0.667533 0.701509 0.0 -0.527427 -0.701253 0.479651 0.0 -1.759075 -0.456234 0.773929 1.0]
256
	ConcatTransform [1.1 0.0 0.0 0.0 0.0 1.1 0.0 0.0 0.0 0.0 1.1 0.0 -9.609 0.05 6.704 1.0]
	ConcatTransform [0.793599 -0.277357 0.541548 0.0 -0.246057 0.66773 0.702561 0.0 -0.556468 -0.690804 0.461664 0.0 -1.759216 -0.46087 0.773044 1.0]
257
	ConcatTransform [1.1 0.0 0.0 0.0 0.0 1.1 0.0 0.0 0.0 0.0 1.1 0.0 -9.609 0.05 6.704 1.0]
	ConcatTransform [0.777496 -0.298079 0.553759 0.0 -0.23902 0.674399 0.698609 0.0 -0.581696 -0.675525 0.453096 0.0 -1.763557 -0.46563 0.773406 1.0]
258
	ConcatTransform [1.1 0.0 0.0 0.0 0.0 1.1 0.0 0.0 0.0 0.0 1.1 0.0 -9.609 0.05 6.704 1.0]
	ConcatTransform [0.747463 -0.331433 0.575718 0.0 -0.221197 0.69302 0.686146 0.0 -0.626395 -0.640215 0.444694 0.0 -1.776188 -0.474392 0.775328 1.0]
259
	ConcatTransform [1.1 0.0 0.0 0.0 0.0 1.1 0.0 0.0 0.0 0.0 1.1 0.0 -9.609 0.05 6.704 1.0]
	ConcatTransform [0.724012 -0.359596 0.588639 0.0 -0.201836 0.705574 0.679284 0.0 -0.659597 -0.610619 0.438265 0.0 -1.788288 -0.480637 0.777981 1.0]
260
	ConcatTransform [1.1 0.0 0.0 0.0 0.0 1.1 0.0 0.0 0.0 0.0 1.1 0.0 -9.609 0.05 6.704 1.0]
	ConcatTransform [0.683361 -0.406206 0.606642 0.0 -0.165078 0.723436 0.670365 0.0 -0.711173 -0.558245 0.427312 0.0 -1.811491 -0.489216 0.783749 1.0]
261
	ConcatTransform [1.1 0.0 0.0 0.0 0.0 1.1 0.0 0.0 0.0 0.0 1.1 0.0 -9.609 0.05 6.704 1.0]
	ConcatTransform [0.652748 -0.433745 0.621116 0.0 -0.138314 0.737861 0.660629 0.0 -0.744842 -0.517134 0.421644 0.0 -1.829881 -0.49389 0.788194 1.0]
262
	ConcatTransform [1.1 0.0 0.0 0.0 0.0 1.1 0.0 0.0 0.0 0.0 1.1 0.0 -9.609 0.05 6.704 1.0]
	ConcatTransform [0.616398 -0.465637 0.635009 0.0 -0.111079 0.746945 0.655541 0.0 -0.779561 -0.47461 0.408693 0.0 -1.860212 -0.496464 0.795636 1.0]
263
	ConcatTransform [1.1 0.0 0.0 0.0 0.0 1.1 0.0 0.0 0.0 0.0 1.1 0.0 -9.609 0.05 6.704 1.0]
	ConcatTransform [0.600657 -0.477482 0.641266 0.0 -0.096095 0.753146 0.650797 0.0 -0.793711 -0.452528 0.406499 0.0 -1.876158 -0.49119 0.797547 1.0]
264
	ConcatTransform [1.1 0.0 0.0 0.0 0.0 1.1 0.0 0.0 0.0 0.0 1.1 0.0 -9.609 0.05 6.704 1.0]
	ConcatTransform [0.57757 -0.488689 0.653908 0.0 -0.084755 0.760797 0.643432 0.0 -0.811929 -0.427049 0.397995 0.0 -1.895116 -0.485133 0.797539 1.0]
265
	ConcatTransform [1.1 0.0 0.0 0.0 0.0 1.1 0.0 0.0 0.0 0.0 1.1 0.0 -9.609 0.05 6.704 1.0]
	ConcatTransform [0.565137 -0.494023 0.660729 0.0 -0.085134 0.761688 0.642326 0.0 -0.820593 -0.419253 0.3884 0.0 -1.904559 -0.48309 0.796075 1.0]
266
	ConcatTransform [1.1 0.0 0.0 0.0 0.0 1.1 0.0 0.0 0.0 0.0 1.1 0.0 -9.609 0.05 6.704 1.0]
	ConcatTransform [0.551888 -0.499969 0.667421 0.0 -0.097192 0.756325 0.646936 0.0 -0.828235 -0.421904 0.368813 0.0 -1.913719 -0.48314 0.791851 1.0]
267
	ConcatTransform [1.1 0.0 0.0 0.0 0.0 1.1 0.0 0.0 0.0 0.0 1.1 0.0 -9.609 0.05 6.704 1.0]
	ConcatTransform [0.547474 -0.500157 0.670907 0.0 -0.110435 0.751536 0.650383 0.0 -0.829504 -0.430159 0.356211 0.0 -1.916132 -0.484581 0.78734 1.0]
268
	ConcatTransform [1.1 0.0 0.0 0.0 0.0 1.1 0.0 0.0 0.0 0.0 1.1 0.0 -9.609 0.05 6.704 1.0]
	ConcatTransform [0.547124 -0.494845 0.675118 0.0 -0.137551 0.742427 0.655654 0.0 -0.825673 -0.451587 0.338133 0.0 -1.914208 -0.4885 0.778229 1.0]
269
	ConcatTransform [1.1 0.0 0.0 0.0 0.0 1.1 0.0 0.0 0.0 0.0 1.1 0.0 -9.609 0.05 6.704 1.0]
	ConcatTransform [0.549845 -0.490549 0.676042 0.0 -0.162574 0.731041 0.662683 0.0 -0.819292 -0.47428 0.322209 0.0 -1.909562 -0.4925 0.77116 1.0]
270
	ConcatTransform [1.1 0.0 0.0 0.0 0.0 1.1 0.0 0.0 0.0 0.0 1.1 0.0 -9.609 0.05 6.704 1.0]
	ConcatTransform [0.556316 -0.484434 0.675156 0.0 -0.204465 0.707711 0.676268 0.0 -0.805423 -0.514265 0.294662 0.0 -1.897711 -0.496914 0.759402 1.0]
271
	ConcatTransform [1.1 0.0 0.0 0.0 0.0 1.1 0.0 0.0 0.0 0.0 1.1 0.0 -9.609 0.05 6.704 1.0]
	ConcatTransform [0.555378 -0.486731 0.674275 0.0 -0.220486 0.695616 0.683743 0.0 -0.801836 -0.528404 0.279013 0.0 -1.88945 -0.494213 0.752333 1.0]
272
	ConcatTransform [1.1 0.0 0.0 0.0 0.0 1.1 0.0 0.0 0.0 0.0 1.1 0.0 -9.609 0.05 6.704 1.0]
	ConcatTransform [0.553596 -0.488785 0.674256 0.0 -0.240425 0.68136 0.691335 0.0 -0.797325 -0.544828 0.259682 0.0 -1.879599 -0.491343 0.743291 1.0]
273
	ConcatTransform [1.1 0.0 0.0 0.0 0.0 1.1 0.0 0.0 0.0 0.0 1.1 0.0 -9.609 0.05 6.704 1.0]
	ConcatTransform [0.550325 -0.49173 0.674792 0.0 -0.248365 0.67519 0.694574 0.0 -0.797155 -0.549837 0.249445 0.0 -1.874621 -0.490134 0.738505 1.0]
274
	ConcatTransform [1.1 0.0 0.0 0.0 0.0 1.1 0.0 0.0 0.0 0.0 1.1 0.0 -9.609 0.05 6.704 1.0]
	ConcatTransform [0.542066 -0.498843 0.676254 0.0 -0.253256 0.67035 0.69749 0.0 -0.801265 -0.549352 0.237039 0.0 -1.869763 -0.489483 0.733435 1.0]
275
	ConcatTransform [1.1 0.0 0.0 0.0 0.0 1.1 0.0 0.0 0.0 0.0 1.1 0.0 -9.609 0.05 6.704 1.0]
	ConcatTransform [0.5354 -0.501833 0.679345 0.0 -0.254885 0.670838 0.696426 0.0 -0.805221 -0.546022 0.231258 0.0 -1.868538 -0.489618 0.731359 1.0]
276
	ConcatTransform [1.1 0.0 0.0 0.0 0.0 1.1 0.0 0.0 0.0 0.0 1.1 0.0 -9.609 0.05 6.704 1.0]
	ConcatTransform [0.523513 -0.503454 0.687363 0.0 -0.255333 0.676966 0.690306 0.0 -0.812859 -0.536891 0.225852 0.0 -1.869667 -0.490538 0.730209 1.0]
277
	ConcatTransform [1.1 0.0 0.0 0.0 0.0 1.1 0.0 0.0 0.0 0.0 1.1 0.0 -9.609 0.05 6.704 1.0]
	ConcatTransform [0.513132 -0.506141 0.693193 0.0 -0.25131 0.683634 0.685192 0.0 -0.820694 -0.5258 0.223596 0.0 -1.872058 -0.491655 0.730894 1.0]
278
	ConcatTransform [1.1 0.0 0.0 0.0 0.0 1.1 0.0 0.0 0.0 0.0 1.1 0.0 -9.609 0.05 6.704 1.0]
	ConcatTransform [0.494589 -0.511921 0.702367 0.0 -0.239553 0.696532 0.676356 0.0 -0.835461 -0.502772 0.221865 0.0 -1.877841 -0.493812 0.733975 1.0]
279
	ConcatTransform [1.1 0.0 0.0 0.0 0.0 1.1 0.0 0.0 0.0 0.0 1.1 0.0 -9.609 0.05 6.704 1.0]
	ConcatTransform [0.484984 -0.50923 0.710968 0.0 -0.237169 0.705923 0.667401 0.0 -0.841749 -0.492298 0.221588 0.0 -1.883283 -0.494715 0.736977 1.0]
280
	ConcatTransform [1.1 0.0 0.0 0.0 0.0 1.1 0.0 0.0 0.0 0.0 1.1 0.0 -9.609 0.05 6.704 1.0]
	ConcatTransform [0.480141 -0.502689 0.718866 0.0 -0.23876 0.713675 0.65853 0.0 -0.844072 -0.487824 0.222642 0.0 -1.889107 -0.494697 0.742072 1.0]
281
	ConcatTransform [1.1 0.0 0.0 0.0 0.0 1.1 0.0 0.0 0.0 0.0 1.1 0.0 -9.609 0.05 6.704 1.0]
	ConcatTransform [0.480755 -0.49551 0.723426 0.0 -0.243757 0.716982 0.653085 0.0 -0.842293 -0.490314 0.223909 0.0 -1.890245 -0.495084 0.74514 1.0]
282
	ConcatTransform [1.1 0.0 0.0 0.0 0.0 1.1 0.0 0.0 0.0 0.0 1.1 0.0 -9.609 0.05 6.704 1.0]
	ConcatTransform [0.481645 -0.485083 0.729872 0.0 -0.248279 0.723189 0.644481 0.0 -0.840462 -0.491623 0.227884 0.0 -1.889974 -0.495321 0.749915 1.0]
283
	ConcatTransform [1.1 0.0 0.0 0.0 0.0 1.1 0.0 0.0 0.0 0.0 1.1 0.0 -9.609 0.05 6.704 1.0]
	ConcatTransform [0.482611 -0.478472 0.733588 0.0 -0.250261 0.72733 0.639031 0.0 -0.839319 -0.491992 0.231274 0.0 -1.889225 -0.495399 0.753351 1.0]
284
	ConcatTransform [1.1 0.0 0.0 0.0 0.0 1.1 0.0 0.0 0.0 0.0 1.1 0.0 -9.609 0.05 6.704 1.0]
	ConcatTransform [0.484535 -0.468031 0.739035 0.0 -0.252824 0.733852 0.630508 0.0 -0.83744 -0.492349 0.237247 0.0 -1.887731 -0.495469 0.758736 1.0]
285
	ConcatTransform [1.1 0.0 0.0 0.0 0.0 1.1 0.0 0.0 0.0 0.0 1.1 0.0 -9.609 0.05 6.704 1.0]
	ConcatTransform [0.485989 -0.460751 0.742646 0.0 -0.254502 0.738307 0.624606 0.0 -0.836088 -0.492556 0.241546 0.0 -1.886651 -0.495468 0.7624 1.0]
286
	ConcatTransform [1.1 0.0 0.0 0.0 0.0 1.1 0.0 0.0 0.0 0.0 1.1 0.0 -9.609 0.05 6.704 1.0]
	ConcatTransform [0.487652 -0.450135 0.748047 0.0 -0.256814 0.74496 0.615695 0.0 -0.834411 -0.492355 0.247681 0.0 -1.885161 -0.495381 0.76786 1.0]
287
	ConcatTransform [1.1 0.0 0.0 0.0 0.0 1.1 0.0 0.0 0.0 0.0 1.1 0.0 -9.609 0.05 6.704 1.0]
	ConcatTransform [0.488698 -0.443305 0.751435 0.0 -0.258403 0.7491 0.609981 0.0 -0.833308 -0.492269 0.251533 0.0 -1.884172 -0.495294 0.771326 1.0]
288
	ConcatTransform [1.1 0.0 0.0 0.0 0.0 1.1 0.0 0.0 0.0 0.0 1.1 0.0 -9.609 0.05 6.704 1.0]
	ConcatTransform [0.489864 -0.43376 0.756231 0.0 -0.260953 0.754711 0.601926 0.0 -0.831827 -0.492203 0.256515 0.0 -1.882763 -0.495132 0.776101 1.0]
289
	ConcatTransform [1.1 0.0 0.0 0.0 0.0 1.1 0.0 0.0 0.0 0.0 1.1 0.0 -9.609 0.05 6.704 1.0]
	ConcatTransform [0.49199 -0.430489 0.75672 0.0 -0.260403 0.756635 0.599745 0.0 -0.830744 -0.492121 0.260156 0.0 -1.881791 -0.494977 0.778235 1.0]
290
	ConcatTransform [1.1 0.0 0.0 0.0 0.0 1.1 0.0 0.0 0.0 0.0 1.1 0.0 -9.609 0.05 6.704 1.0]
	ConcatTransform [0.495349 -0.43152 0.753936 0.0 -0.258157 0.755561 0.602065 0.0 -0.829448 -0.492866 0.262866 0.0 -1.881169 -0.495135 0.777294 1.0]
291
	ConcatTransform [1.1 0.0 0.0 0.0 0.0 1.1 0.0 0.0 0.0 0.0 1.1 0.0 -9.609 0.05 6.704 1.0]
	ConcatTransform [0.494956 -0.434608 0.752419 0.0 -0.257072 0.75392 0.604582 0.0 -0.83002 -0.492667 0.261431 0.0 -1.881307 -0.495185 0.776386 1.0]
292
	ConcatTransform [1.1 0.0 0.0 0.0 0.0 1.1 0.0 0.0 0.0 0.0 1.1 0.0 -9.609 0.05 6.704 1.0]
	ConcatTransform [0.493982 -0.439653 0.750125 0.0 -0.255676 0.751141 0.608619 0.0 -0.831031 -0.492436 0.258641 0.0 -1.881951 -0.49524 0.774479 1.0]
293
	ConcatTransform [1.1 0.0 0.0 0.0 0.0 1.1 0.0 0.0 0.0 0.0 1.1 0.0 -9.609 0.05 6.704 1.0]
	ConcatTransform [0.493209 -0.443229 0.748527 0.0 -0.254682 0.74919 0.611433 0.0 -0.831794 -0.492201 0.256625 0.0 -1.882781 -0.495279 0.772935 1.0]
294
	ConcatTransform [1.1 0.0 0.0 0.0 0.0 1.1 0.0 0.0 0.0 0.0 1.1 0.0 -9.609 0.05 6.704 1.0]
	ConcatTransform [0.491942 -0.450364 0.745094 0.0 -0.253156 0.744839 0.617355 0.0 -0.83301 -0.492327 0.252406 0.0 -1.883772 -0.495359 0.770206 1.0]
295
	ConcatTransform [1.1 0.0 0.0 0.0 0.0 1.1 0.0 0.0 0.0 0.0 1.1 0.0 -9.609 0.05 6.704 1.0]
	ConcatTransform [0.491274 -0.454973 0.742731 0.0 -0.252086 0.741963 0.621243 0.0 -0.833728 -0.492433 0.249814 0.0 -1.884405 -0.495397 0.768118 1.0]
296
	ConcatTransform [1.1 0.0 0.0 0.0 0.0 1.1 0.0 0.0 0.0 0.0 1.1 0.0 -9.609 0.05 6.704 1.0]
	ConcatTransform [0.490236 -0.461666 0.739279 0.0 -0.250371 0.737855 0.626805 0.0 -0.834855 -0.492376 0.246135 0.0 -1.885447 -0.495418 0.764777 1.0]
297
	ConcatTransform [1.1 0.0 0.0 0.0 0.0 1.1 0.0 0.0 0.0 0.0 1.1 0.0 -9.609 0.05 6.704 1.0]
	ConcatTransform [0.489603 -0.466187 0.736857 0.0 -0.249119 0.73506 0.630576 0.0 -0.8356 -0.492298 0.243752 0.0 -1.886154 -0.495416 0.762501 1.0]
298
	ConcatTransform [1.1 0.0 0.0 0.0 0.0 1.1 0.0 0.0 0.0 0.0 1.1 0.0 -9.609 0.05 6.704 1.0]
	ConcatTransform [0.488612 -0.47278 0.733306 0.0 -0.247473 0.730851 0.636092 0.0 -0.836669 -0.492276 0.240102 0.0 -1.887179 -0.495394 0.759119 1.0]
299
	ConcatTransform [1.1 0.0 0.0 0.0 0.0 1.1 0.0 0.0 0.0 0.0 1.1 0.0 -9.609 0.05 6.704 1.0]
	ConcatTransform [0.488034 -0.476821 0.731071 0.0 -0.246443 0.728233 0.639486 0.0 -0.83731 -0.492258 0.237894 0.0 -1.887811 -0.495366 0.756936 1.0]
300
	ConcatTransform [1.1 0.0 0.0 0.0 0.0 1.1 0.0 0.0 0.0 0.0 1.1 0.0 -9.609 0.05 6.704 1.0]
	ConcatTransform [0.487107 -0.482658 0.727852 0.0 -0.244984 0.724433 0.644344 0.0 -0.838278 -0.492176 0.234633 0.0 -1.8887 -0.495304 0.753928 1.0]
301
	ConcatTransform [1.1 0.0 0.0 0.0 0.0 1.1 0.0 0.0 0.0 0.0 1.1 0.0 -9.609 0.05 6.704 1.0]
	ConcatTransform [0.4874 -0.485032 0.726075 0.0 -0.24565 0.721779 0.647063 0.0 -0.837912 -0.493739 0.232647 0.0 -1.889207 -0.495308 0.752081 1.0]
302
	ConcatTransform [1.1 0.0 0.0 0.0 0.0 1.1 0.0 0.0 0.0 0.0 1.1 0.0 -9.609 0.05 6.704 1.0]
	ConcatTransform [0.48614 -0.48824 0.724769 0.0 -0.245603 0.719604 0.6495 0.0 -0.838658 -0.493753 0.229915 0.0 -1.88939 -0.49522 0.749597 1.0]
303
	ConcatTransform [1.1 0.0 0.0 0.0 0.0 1.1 0.0 0.0 0.0 0.0 1.1 0.0 -9.609 0.05 6.704 1.0]
	ConcatTransform [0.484918 -0.490219 0.724251 0.0 -0.244811 0.718938 0.650535 0.0 -0.839597 -0.49276 0.228615 0.0 -1.889747 -0.495205 0.748379 1.0]
304
	ConcatTransform [1.1 0.0 0.0 0.0 0.0 1.1 0.0 0.0 0.0 0.0 1.1 0.0 -9.609 0.05 6.704 1.0]
	ConcatTransform [0.484553 -0.492433 0.722992 0.0 -0.244046 0.717586 0.652312 0.0 -0.84003 -0.492523 0.227533 0.0 -1.890301 -0.495135 0.747195 1.0]
305
	ConcatTransform [1.1 0.0 0.0 0.0 0.0 1.1 0.0 0.0 0.0 0.0 1.1 0.0 -9.609 0.05 6.704 1.0]
	ConcatTransform [0.484549 -0.492946 0.722645 0.0 -0.243322 0.71755 0.652623 0.0 -0.840242 -0.492064 0.227743 0.0 -1.890536 -0.495141 0.746742 1.0]
306
	ConcatTransform [1.1 0.0 0.0 0.0 0.0 1.1 0.0 0.0 0.0 0.0 1.1 0.0 -9.609 0.05 6.704 1.0]
	ConcatTransform [0.484873 -0.492083 0.723016 0.0 -0.24303 0.718329 0.651875 0.0 -0.84014 -0.491791 0.228707 0.0 -1.890846 -0.495137 0.746629 1.0]
307
	ConcatTransform [1.1 0.0 0.0 0.0 0.0 1.1 0.0 0.0 0.0 0.0 1.1 0.0 -9.609 0.05 6.704 1.0]
	ConcatTransform [0.485444 -0.491366 0.723121 0.0 -0.242934 0.718729 0.651469 0.0 -0.839838 -0.491922 0.229533 0.0 -1.89083 -0.495156 0.746951 1.0]
308
	ConcatTransform [1.1 0.0 0.0 0.0 0.0 1.1 0.0 0.0 0.0 0.0 1.1 0.0 -9.609 0.05 6.704 1.0]
	ConcatTransform [0.485544 -0.4894 0.724385 0.0 -0.243721 0.719982 0.649789 0.0 -0.839551 -0.492049 0.230306 0.0 -1.890491 -0.495188 0.74793 1.0]
309
	ConcatTransform [1.1 0.0 0.0 0.0 0.0 1.1 0.0 0.0 0.0 0.0 1.1 0.0 -9.609 0.05 6.704 1.0]
	ConcatTransform [0.485541 -0.487377 0.725751 0.0 -0.244494 0.721342 0.647987 0.0 -0.839329 -0.492066 0.23108 0.0 -1.890214 -0.495226 0.748929 1.0]
310
	ConcatTransform [1.1 0.0 0.0 0.0 0.0 1.1 0.0 0.0 0.0 0.0 1.1 0.0 -9.609 0.05 6.704 1.0]
	ConcatTransform [0.486362 -0.482847 0.728225 0.0 -0.24558 0.724304 0.644263 0.0 -0.838536 -0.492182 0.233696 0.0 -1.889667 -0.49529 0.750842 1.0]
311
	ConcatTransform [1.1 0.0 0.0 0.0 0.0 1.1 0.0 0.0 0.0 0.0 1.1 0.0 -9.609 0.05 6.704 1.0]
	ConcatTransform [0.486956 -0.479299 0.730169 0.0 -0.246405 0.726639 0.641311 0.0 -0.837949 -0.492208 0.235739 0.0 -1.889312 -0.495335 0.752403 1.0]
312
	ConcatTransform [1.1 0.0 0.0 0.0 0.0 1.1 0.0 0.0 0.0 0.0 1.1 0.0 -9.609 0.05 6.704 1.0]
	ConcatTransform [0.487886 -0.473408 0.733384 0.0 -0.247964 0.730388 0.636433 0.0 -0.836947 -0.49236 0.238958 0.0 -1.888597 -0.495383 0.755024 1.0]
313
	ConcatTransform [1.1 0.0 0.0 0.0 0.0 1.1 0.0 0.0 0.0 0.0 1.1 0.0 -9.609 0.05 6.704 1.0]
	ConcatTransform [0.488473 -0.469464 0.735525 0.0 -0.249119 0.732818 0.63318 0.0 -0.836262 -0.492525 0.24101 0.0 -1.888034 -0.495397 0.756917 1.0]
314
	ConcatTransform [1.1 0.0 0.0 0.0 0.0 1.1 0.0 0.0 0.0 0.0 1.1 0.0 -9.609 0.05 6.704 1.0]
	ConcatTransform [0.489455 -0.463488 0.738656 0.0 -0.250381 0.736693 0.628166 0.0 -0.83531 -0.492404 0.24453 0.0 -1.88713 -0.495418 0.759852 1.0]
315
	ConcatTransform [1.1 0.0 0.0 0.0 0.0 1.1 0.0 0.0 0.0 0.0 1.1 0.0 -9.609 0.05 6.704 1.0]
	ConcatTransform [0.490126 -0.459398 0.740764 0.0 -0.251484 0.739172 0.624805 0.0 -0.834585 -0.492523 0.246756 0.0 -1.886452 -0.495407 0.761789 1.0]
316
	ConcatTransform [1.1 0.0 0.0 0.0 0.0 1.1 0.0 0.0 0.0 0.0 1.1 0.0 -9.609 0.05 6.704 1.0]
	ConcatTransform [0.490978 -0.453958 0.743548 0.0 -0.252862 0.742499 0.620287 0.0 -0.833667 -0.492562 0.249762 0.0 -1.885453 -0.495376 0.764636 1.0]
317
	ConcatTransform [1.1 0.0 0.0 0.0 0.0 1.1 0.0 0.0 0.0 0.0 1.1 0.0 -9.609 0.05 6.704 1.0]
	ConcatTransform [0.491581 -0.45069 0.745135 0.0 -0.25352 0.744531 0.617577 0.0 -0.833112 -0.492495 0.251738 0.0 -1.884819 -0.495353 0.766421 1.0]
318
	ConcatTransform [1.1 0.0 0.0 0.0 0.0 1.1 0.0 0.0 0.0 0.0 1.1 0.0 -9.609 0.05 6.704 1.0]
	ConcatTransform [0.492489 -0.446127 0.747279 0.0 -0.254426 0.747317 0.613828 0.0 -0.832299 -0.49243 0.25454 0.0 -1.884006 -0.495304 0.768833 1.0]
319
	ConcatTransform [1.1 0.0 0.0 0.0 0.0 1.1 0.0 0.0 0.0 0.0 1.1 0.0 -9.609 0.05 6.704 1.0]
	ConcatTransform [0.492862 -0.443753 0.748445 0.0 -0.25491 0.748795 0.611823 0.0 -0.83193 -0.492331 0.255935 0.0 -1.883627 -0.495277 0.770262 1.0]
320
	ConcatTransform [1.1 0.0 0.0 0.0 0.0 1.1 0.0 0.0 0.0 0.0 1.1 0.0 -9.609 0.05 6.704 1.0]
	ConcatTransform [0.49354 -0.440731 0.749783 0.0 -0.255594 0.750526 0.609412 0.0 -0.831318 -0.492409 0.257767 0.0 -1.883019 -0.495227 0.771947 1.0]
321
	ConcatTransform [1.1 0.0 0.0 0.0 0.0 1.1 0.0 0.0 0.0 0.0 1.1 0.0 -9.609 0.05 6.704 1.0]
	ConcatTransform [0.494127 -0.439087 0.75036 0.0 -0.25585 0.751426 0.608194 0.0 -0.83089 -0.492505 0.25896 0.0 -1.882697 -0.495197 0.772758 1.0]
322
	ConcatTransform [1.1 0.0 0.0 0.0 0.0 1.1 0.0 0.0 0.0 0.0 1.1 0.0 -9.609 0.05 6.704 1.0]
	ConcatTransform [0.494149 -0.438268 0.750825 0.0 -0.256016 0.751981 0.607437 0.0 -0.830826 -0.492388 0.259387 0.0 -1.882479 -0.49519 0.773572 1.0]
323
	ConcatTransform [1.1 0.0 0.0 0.0 0.0 1.1 0.0 0.0 0.0 0.0 1.1 0.0 -9.609 0.05 6.704 1.0]
	ConcatTransform [0.494077 -0.438599 0.750679 0.0 -0.255876 0.751831 0.607683 0.0 -0.830912 -0.492323 0.259235 0.0 -1.882514 -0.4952 0.773827 1.0]
324
	ConcatTransform [1.1 0.0 0.0 0.0 0.0 1.1 0.0 0.0 0.0 0.0 1.1 0.0 -9.609 0.05 6.704 1.0]
	ConcatTransform [0.4938 -0.440325 0.74985 0.0 -0.255526 0.750771 0.609138 0.0 -0.831184 -0.492399 0.258216 0.0 -1.882776 -0.495224 0.773763 1.0]
325
	ConcatTransform [1.1 0.0 0.0 0.0 0.0 1.1 0.0 0.0 0.0 0.0 1.1 0.0 -9.609 0.05 6.704 1.0]
	ConcatTransform [0.493572 -0.441972 0.749031 0.0 -0.255182 0.749745 0.610544 0.0 -0.831426 -0.492487 0.25727 0.0 -1.883018 -0.495244 0.77339 1.0]
326
	ConcatTransform [1.1 0.0 0.0 0.0 0.0 1.1 0.0 0.0 0.0 0.0 1.1 0.0 -9.609 0.05 6.704 1.0]
	ConcatTransform [0.492958 -0.445076 0.747596 0.0 -0.254435 0.747947 0.613057 0.0 -0.832019 -0.492426 0.255463 0.0 -1.88336 -0.495293 0.772335 1.0]
327
	ConcatTransform [1.1 0.0 0.0 0.0 0.0 1.1 0.0 0.0 0.0 0.0 1.1 0.0 -9.609 0.05 6.704 1.0]
	ConcatTransform [0.492515 -0.44763 0.746362 0.0 -0.253786 0.746447 0.615151 0.0 -0.83248 -0.492387 0.254034 0.0 -1.883695 -0.495326 0.771389 1.0]
328
	ConcatTransform [1.1 0.0 0.0 0.0 0.0 1.1 0.0 0.0 0.0 0.0 1.1 0.0 -9.609 0.05 6.704 1.0]
	ConcatTransform [0.491703 -0.452027 0.744245 0.0 -0.252678 0.743859 0.61873 0.0 -0.833296 -0.492286 0.25154 0.0 -1.884327 -0.495373 0.769664 1.0]
329
	ConcatTransform [1.1 0.0 0.0 0.0 0.0 1.1 0.0 0.0 0.0 0.0 1.1 0.0 -9.609 0.05 6.704 1.0]
	ConcatTransform [0.491044 -0.455142 0.74278 0.0 -0.251943 0.74202 0.621233 0.0 -0.833907 -0.492191 0.249695 0.0 -1.884845 -0.495381 0.768349 1.0]
330
	ConcatTransform [1.1 0.0 0.0 0.0 0.0 1.1 0.0 0.0 0.0 0.0 1.1 0.0 -9.609 0.05 6.704 1.0]
	ConcatTransform [0.490407 -0.459815 0.740318 0.0 -0.25084 0.73906 0.625196 0.0 -0.834614 -0.492302 0.2471 0.0 -1.885559 -0.495408 0.766147 1.0]
331
	ConcatTransform [1.1 0.0 0.0 0.0 0.0 1.1 0.0 0.0 0.0 0.0 1.1 0.0 -9.609 0.05 6.704 1.0]
	ConcatTransform [0.489923 -0.463016 0.738642 0.0 -0.250076 0.73704 0.62788 0.0 -0.835127 -0.492329 0.245304 0.0 -1.886022 -0.495415 0.764594 1.0]
332
	ConcatTransform [1.1 0.0 0.0 0.0 0.0 1.1 0.0 0.0 0.0 0.0 1.1 0.0 -9.609 0.05 6.704 1.0]
	ConcatTransform [0.489183 -0.467649 0.736209 0.0 -0.248956 0.734115 0.63174 0.0 -0.835895 -0.492321 0.242693 0.0 -1.886729 -0.495411 0.76222 1.0]
333
	ConcatTransform [1.1 0.0 0.0 0.0 0.0 1.1 0.0 0.0 0.0 0.0 1.1 0.0 -9.609 0.05 6.704 1.0]
	ConcatTransform [0.488741 -0.47056 0.734647 0.0 -0.248236 0.732258 0.634174 0.0 -0.836368 -0.492313 0.241074 0.0 -1.887194 -0.495403 0.760655 1.0]
334
	ConcatTransform [1.1 0.0 0.0 0.0 0.0 1.1 0.0 0.0 0.0 0.0 1.1 0.0 -9.609 0.05 6.704 1.0]
	ConcatTransform [0.488128 -0.474674 0.732404 0.0 -0.247229 0.729596 0.637626 0.0 -0.837024 -0.492315 0.238783 0.0 -1.887853 -0.495384 0.758416 1.0]
335
	ConcatTransform [1.1 0.0 0.0 0.0 0.0 1.1 0.0 0.0 0.0 0.0 1.1 0.0 -9.609 0.05 6.704 1.0]
	ConcatTransform [0.487814 -0.477051 0.731068 0.0 -0.246569 0.728071 0.639622 0.0 -0.837402 -0.492275 0.237537 0.0 -1.88826 -0.495362 0.757039 1.0]
336
	ConcatTransform [1.1 0.0 0.0 0.0 0.0 1.1 0.0 0.0 0.0 0.0 1.1 0.0 -9.609 0.05 6.704 1.0]
	ConcatTransform [0.487403 -0.480189 0.729285 0.0 -0.245565 0.726119 0.642222 0.0 -0.837936 -0.492108 0.235995 0.0 -1.888792 -0.495317 0.755239 1.0]
337
	ConcatTransform [1.1 0.0 0.0 0.0 0.0 1.1 0.0 0.0 0.0 0.0 1.1 0.0 -9.609 0.05 6.704 1.0]
	ConcatTransform [0.487174 -0.481949 0.728276 0.0 -0.245133 0.724938 0.64372 0.0 -0.838195 -0.492128 0.23503 0.0 -1.889056 -0.495301 0.754243 1.0]
338
	ConcatTransform [1.1 0.0 0.0 0.0 0.0 1.1 0.0 0.0 0.0 0.0 1.1 0.0 -9.609 0.05 6.704 1.0]
	ConcatTransform [0.487119 -0.484205 0.726816 0.0 -0.244263 0.723479 0.645689 0.0 -0.838481 -0.492062 0.234147 0.0 -1.8894 -0.495268 0.75314 1.0]
339
	ConcatTransform [1.1 0.0 0.0 0.0 0.0 1.1 0.0 0.0 0.0 0.0 1.1 0.0 -9.609 0.05 6.704 1.0]
	ConcatTransform [0.487048 -0.485178 0.726214 0.0 -0.243917 0.722853 0.64652 0.0 -0.838623 -0.492022 0.233721 0.0 -1.889557 -0.495254 0.752655 1.0]
340
	ConcatTransform [1.1 0.0 0.0 0.0 0.0 1.1 0.0 0.0 0.0 0.0 1.1 0.0 -9.609 0.05 6.704 1.0]
	ConcatTransform [0.486942 -0.485806 0.725865 0.0 -0.243763 0.722439 0.64704 0.0 -0.838729 -0.49201 0.233365 0.0 -1.889651 -0.495246 0.752322 1.0]
341
	ConcatTransform [1.1 0.0 0.0 0.0 0.0 1.1 0.0 0.0 0.0 0.0 1.1 0.0 -9.609 0.05 6.704 1.0]
	ConcatTransform [0.487075 -0.485209 0.726175 0.0 -0.24391 0.722815 0.646565 0.0 -0.838609 -0.492047 0.233718 0.0 -1.889542 -0.495258 0.752309 1.0]
342
	ConcatTransform [1.1 0.0 0.0 0.0 0.0 1.1 0.0 0.0 0.0 0.0 1.1 0.0 -9.609 0.05 6.704 1.0]
	ConcatTransform [0.487511 -0.48317 0.727241 0.0 -0.244204 0.724228 0.644871 0.0 -0.83827 -0.491977 0.235077 0.0 -1.889248 -0.495274 0.75265 1.0]
343
	ConcatTransform [1.1 0.0 0.0 0.0 0.0 1.1 0.0 0.0 0.0 0.0 1.1 0.0 -9.609 0.05 6.704 1.0]
	ConcatTransform [0.487828 -0.481586 0.728078 0.0 -0.244611 0.725226 0.643594 0.0 -0.837967 -0.492059 0.235985 0.0 -1.889001 -0.495301 0.753159 1.0]
344
	ConcatTransform [1.1 0.0 0.0 0.0 0.0 1.1 0.0 0.0 0.0 0.0 1.1 0.0 -9.609 0.05 6.704 1.0]
	ConcatTransform [0.488354 -0.478758 0.72959 0.0 -0.245291 0.727047 0.641276 0.0 -0.837462 -0.492131 0.237621 0.0 -1.888561 -0.495335 0.75428 1.0]
345
	ConcatTransform [1.1 0.0 0.0 0.0 0.0 1.1 0.0 0.0 0.0 0.0 1.1 0.0 -9.609 0.05 6.704 1.0]
	ConcatTransform [0.488673 -0.476702 0.730722 0.0 -0.245885 0.728337 0.639583 0.0 -0.837102 -0.49222 0.238705 0.0 -1.888198 -0.495358 0.755236 1.0]
346
	ConcatTransform [1.1 0.0 0.0 0.0 0.0 1.1 0.0 0.0 0.0 0.0 1.1 0.0 -9.609 0.05 6.704 1.0]
	ConcatTransform [0.489166 -0.473089 0.732737 0.0 -0.246766 0.730716 0.636522 0.0 -0.836554 -0.49218 0.240699 0.0 -1.887685 -0.495374 0.756933 1.0]
347
	ConcatTransform [1.1 0.0 0.0 0.0 0.0 1.1 0.0 0.0 0.0 0.0 1.1 0.0 -9.609 0.05 6.704 1.0]
	ConcatTransform [0.489699 -0.470462 0.734071 0.0 -0.247378 0.73236 0.634392 0.0 -0.836062 -0.492254 0.242254 0.0 -1.88729 -0.495394 0.758192 1.0]
348
	ConcatTransform [1.1 0.0 0.0 0.0 0.0 1.1 0.0 0.0 0.0 0.0 1.1 0.0 -9.609 0.05 6.704 1.0]
	ConcatTransform [0.490314 -0.466332 0.736293 0.0 -0.248468 0.734961 0.630948 0.0 -0.835378 -0.492307 0.244493 0.0 -1.886655 -0.495407 0.760203 1.0]
349
	ConcatTransform [1.1 0.0 0.0 0.0 0.0 1.1 0.0 0.0 0.0 0.0 1.1 0.0 -9.609 0.05 6.704 1.0]
	ConcatTransform [0.490796 -0.463543 0.737731 0.0 -0.249145 0.736702 0.628647 0.0 -0.834892 -0.49234 0.246081 0.0 -1.886224 -0.495411 0.761593 1.0]
350
	ConcatTransform [1.1 0.0 0.0 0.0 0.0 1.1 0.0 0.0 0.0 0.0 1.1 0.0 -9.609 0.05 6.704 1.0]
	ConcatTransform [0.491469 -0.459438 0.739848 0.0 -0.250178 0.739239 0.625249 0.0 -0.834188 -0.492384 0.248371 0.0 -1.885589 -0.495407 0.763681 1.0]
351
	ConcatTransform [1.1 0.0 0.0 0.0 0.0 1.1 0.0 0.0 0.0 0.0 1.1 0.0 -9.609 0.05 6.704 1.0]
	ConcatTransform [0.49186 -0.456851 0.741189 0.0 -0.250856 0.740825 0.623097 0.0 -0.833754 -0.492408 0.249778 0.0 -1.885191 -0.495398 0.76504 1.0]
352
	ConcatTransform [1.1 0.0 0.0 0.0 0.0 1.1 0.0 0.0 0.0 0.0 1.1 0.0 -9.609 0.05 6.704 1.0]
	ConcatTransform [0.492337 -0.453447 0.74296 0.0 -0.25183 0.742865 0.620269 0.0 -0.833179 -0.492481 0.251548 0.0 -1.884648 -0.495386 0.766976 1.0]
353
	ConcatTransform [1.1 0.0 0.0 0.0 0.0 1.1 0.0 0.0 0.0 0.0 1.1 0.0 -9.609 0.05 6.704 1.0]
	ConcatTransform [0.492575 -0.451198 0.744171 0.0 -0.252364 0.744305 0.618322 0.0 -0.832876 -0.492372 0.25276 0.0 -1.884347 -0.495359 0.768122 1.0]
354
	ConcatTransform [1.1 0.0 0.0 0.0 0.0 1.1 0.0 0.0 0.0 0.0 1.1 0.0 -9.609 0.05 6.704 1.0]
	ConcatTransform [0.492669 -0.448321 0.745846 0.0 -0.253333 0.746069 0.615795 0.0 -0.832526 -0.49233 0.25399 0.0 -1.884005 -0.495328 0.769597 1.0]
355
	ConcatTransform [1.1 0.0 0.0 0.0 0.0 1.1 0.0 0.0 0.0 0.0 1.1 0.0 -9.609 0.05 6.704 1.0]
	ConcatTransform [0.492667 -0.446898 0.7467 0.0 -0.253884 0.746917 0.614539 0.0 -0.832359 -0.492339 0.254521 0.0 -1.883814 -0.495312 0.770384 1.0]
356
	ConcatTransform [1.1 0.0 0.0 0.0 0.0 1.1 0.0 0.0 0.0 0.0 1.1 0.0 -9.609 0.05 6.704 1.0]
	ConcatTransform [0.492553 -0.445968 0.747332 0.0 -0.254456 0.747399 0.613715 0.0 -0.832252 -0.49245 0.254655 0.0 -1.883667 -0.495309 0.771295 1.0]
357
	ConcatTransform [1.1 0.0 0.0 0.0 0.0 1.1 0.0 0.0 0.0 0.0 1.1 0.0 -9.609 0.05 6.704 1.0]
	ConcatTransform [0.492481 -0.445815 0.74747 0.0 -0.254607 0.74747 0.613566 0.0 -0.832249 -0.492481 0.254607 0.0 -1.883636 -0.495311 0.77167 1.0]
358
	ConcatTransform [1.1 0.0 0.0 0.0 0.0 1.1 0.0 0.0 0.0 0.0 1.1 0.0 -9.609 0.05 6.704 1.0]
	ConcatTransform [0.492269 -0.446093 0.747444 0.0 -0.254637 0.747327 0.613728 0.0 -0.832365 -0.492446 0.254295 0.0 -1.883695 -0.495315 0.771861 1.0]
359
	ConcatTransform [1.1 0.0 0.0 0.0 0.0 1.1 0.0 0.0 0.0 0.0 1.1 0.0 -9.609 0.05 6.704 1.0]
	ConcatTransform [0.492004 -0.44634 0.747471 0.0 -0.254634 0.747255 0.613817 0.0 -0.832522 -0.492332 0.253999 0.0 -1.883835 -0.495306 0.771725 1.0]
360
	ConcatTransform [1.1 0.0 0.0 0.0 0.0 1.1 0.0 0.0 0.0 0.0 1.1 0.0 -9.609 0.05 6.704 1.0]
	ConcatTransform [-0.873599 -0.473754 0.111274 0.0 -0.460273 0.730113 -0.505058 0.0 0.158031 -0.492435 -0.855882 0.0 -1.598368 -0.495369 -0.710127 1.0]
