228
	ConcatTransform [1.1 0.0 0.0 0.0 0.0 1.1 0.0 0.0 0.0 0.0 1.1 0.0 -9.609 0.05 6.704 1.0]
	ConcatTransform [0.967439 0.026745 -0.251686 0.0 0.003135 0.993059 0.117579 0.0 0.253083 -0.11454 0.96064 0.0 0.002517 0.019587 -0.012423 1.0]
229
	ConcatTransform [1.1 0.0 0.0 0.0 0.0 1.1 0.0 0.0 0.0 0.0 1.1 0.0 -9.609 0.05 6.704 1.0]
	ConcatTransform [0.865886 0.018367 -0.499904 0.0 0.09072 0.97699 0.193031 0.0 0.491947 -0.212494 0.844295 0.0 0.002822 0.024268 -0.024572 1.0]
230
	ConcatTransform [1.1 0.0 0.0 0.0 0.0 1.1 0.0 0.0 0.0 0.0 1.1 0.0 -9.609 0.05 6.704 1.0]
	ConcatTransform [0.600233 0.053168 -0.798056 0.0 0.23176 0.94342 0.237163 0.0 0.765511 -0.327311 0.55395 0.0 0.002994 0.013352 -0.043668 1.0]
231
	ConcatTransform [1.1 0.0 0.0 0.0 0.0 1.1 0.0 0.0 0.0 0.0 1.1 0.0 -9.609 0.05 6.704 1.0]
	ConcatTransform [0.369517 0.094815 -0.924374 0.0 0.325675 0.918467 0.224397 0.0 0.870283 -0.383964 0.30851 0.0 0.003134 -0.006247 -0.056691 1.0]
232
	ConcatTransform [1.1 0.0 0.0 0.0 0.0 1.1 0.0 0.0 0.0 0.0 1.1 0.0 -9.609 0.05 6.704 1.0]
	ConcatTransform [0.022122 0.1334 -0.990815 0.0 0.46815 0.874305 0.128166 0.0 0.883372 -0.466686 -0.04311 0.0 0.003951 -0.053747 -0.0776 1.0]
233
	ConcatTransform [1.1 0.0 0.0 0.0 0.0 1.1 0.0 0.0 0.0 0.0 1.1 0.0 -9.609 0.05 6.704 1.0]
	ConcatTransform [-0.188849 0.141802 -0.971714 0.0 0.498174 0.86657 0.02964 0.0 0.846262 -0.478485 -0.234293 0.0 0.00386 -0.098341 -0.092343 1.0]
234
	ConcatTransform [1.1 0.0 0.0 0.0 0.0 1.1 0.0 0.0 0.0 0.0 1.1 0.0 -9.609 0.05 6.704 1.0]
	ConcatTransform [-0.416609 0.110734 -0.902317 0.0 0.546982 0.82332 -0.151508 0.0 0.726118 -0.556671 -0.403572 0.0 0.004362 -0.182632 -0.116173 1.0]
235
	ConcatTransform [1.1 0.0 0.0 0.0 0.0 1.1 0.0 0.0 0.0 0.0 1.1 0.0 -9.609 0.05 6.704 1.0]
	ConcatTransform [-0.543744 0.104569 -0.832711 0.0 0.581003 0.762901 -0.283581 0.0 0.605622 -0.638003 -0.475577 0.0 0.004952 -0.24985 -0.132401 1.0]
236
	ConcatTransform [1.1 0.0 0.0 0.0 0.0 1.1 0.0 0.0 0.0 0.0 1.1 0.0 -9.609 0.05 6.704 1.0]
	ConcatTransform [-0.679939 0.246312 -0.690661 0.0 0.635083 0.668643 -0.386764 0.0 0.366541 -0.701603 -0.611065 0.0 0.004357 -0.304064 -0.163393 1.0]
237
	ConcatTransform [1.1 0.0 0.0 0.0 0.0 1.1 0.0 0.0 0.0 0.0 1.1 0.0 -9.609 0.05 6.704 1.0]
	ConcatTransform [-0.740248 0.313612 -0.59471 0.0 0.61668 0.669089 -0.41476 0.0 0.26784 -0.673771 -0.68869 0.0 0.006426 -0.302494 -0.189391 1.0]
238
	ConcatTransform [1.1 0.0 0.0 0.0 0.0 1.1 0.0 0.0 0.0 0.0 1.1 0.0 -9.609 0.05 6.704 1.0]
	ConcatTransform [-0.84581 0.307747 -0.435772 0.0 0.502828 0.732788 -0.45846 0.0 0.178238 -0.606889 -0.774543 0.0 0.01251 -0.275878 -0.230249 1.0]
239
	ConcatTransform [1.1 0.0 0.0 0.0 0.0 1.1 0.0 0.0 0.0 0.0 1.1 0.0 -9.609 0.05 6.704 1.0]
	ConcatTransform [-0.902965 0.286924 -0.319889 0.0 0.413731 0.781637 -0.466766 0.0 0.116111 -0.553821 -0.8245 0.0 0.016462 -0.268491 -0.25749 1.0]
240
	ConcatTransform [1.1 0.0 0.0 0.0 0.0 1.1 0.0 0.0 0.0 0.0 1.1 0.0 -9.609 0.05 6.704 1.0]
	ConcatTransform [-0.964667 0.230023 -0.128484 0.0 0.263005 0.86977 -0.417527 0.0 0.015711 -0.436567 -0.899535 0.0 0.021904 -0.273654 -0.29737 1.0]
241
	ConcatTransform [1.1 0.0 0.0 0.0 0.0 1.1 0.0 0.0 0.0 0.0 1.1 0.0 -9.609 0.05 6.704 1.0]
	ConcatTransform [-0.98458 0.174792 -0.007 0.0 0.164754 0.913098 -0.372971 0.0 -0.058801 -0.368373 -0.927817 0.0 0.025432 -0.287568 -0.323518 1.0]
242
	ConcatTransform [1.1 0.0 0.0 0.0 0.0 1.1 0.0 0.0 0.0 0.0 1.1 0.0 -9.609 0.05 6.704 1.0]
	ConcatTransform [-0.980777 0.10695 0.163215 0.0 0.053741 0.952122 -0.300958 0.0 -0.187588 -0.286401 -0.939566 0.0 0.030674 -0.314567 -0.357934 1.0]
243
	ConcatTransform [1.1 0.0 0.0 0.0 0.0 1.1 0.0 0.0 0.0 0.0 1.1 0.0 -9.609 0.05 6.704 1.0]
	ConcatTransform [-0.971488 0.058322 0.229803 0.0 -0.004057 0.96504 -0.26207 0.0 -0.237054 -0.25553 -0.937288 0.0 0.032939 -0.335571 -0.376545 1.0]
244
	ConcatTransform [1.1 0.0 0.0 0.0 0.0 1.1 0.0 0.0 0.0 0.0 1.1 0.0 -9.609 0.05 6.704 1.0]
	ConcatTransform [-0.95972 -0.015829 0.280513 0.0 -0.109347 0.940737 -0.321025 0.0 -0.258807 -0.338768 -0.904575 0.0 0.034029 -0.367005 -0.39532 1.0]
245
	ConcatTransform [1.1 0.0 0.0 0.0 0.0 1.1 0.0 0.0 0.0 0.0 1.1 0.0 -9.609 0.05 6.704 1.0]
	ConcatTransform [-0.942563 -0.035322 0.332156 0.0 -0.164796 0.914123 -0.370434 0.0 -0.290547 -0.403895 -0.867439 0.0 0.035217 -0.387531 -0.400871 1.0]
246
	ConcatTransform [1.1 0.0 0.0 0.0 0.0 1.1 0.0 0.0 0.0 0.0 1.1 0.0 -9.609 0.05 6.704 1.0]
	ConcatTransform [-0.926287 -0.053998 0.37293 0.0 -0.220097 0.88084 -0.419139 0.0 -0.305859 -0.470324 -0.827796 0.0 0.03767 -0.411217 -0.395583 1.0]
247
	ConcatTransform [1.1 0.0 0.0 0.0 0.0 1.1 0.0 0.0 0.0 0.0 1.1 0.0 -9.609 0.05 6.704 1.0]
	ConcatTransform [-0.928605 -0.047558 0.368009 0.0 -0.226458 0.858281 -0.46051 0.0 -0.293954 -0.510971 -0.807775 0.0 0.039036 -0.426698 -0.386113 1.0]
248
	ConcatTransform [1.1 0.0 0.0 0.0 0.0 1.1 0.0 0.0 0.0 0.0 1.1 0.0 -9.609 0.05 6.704 1.0]
	ConcatTransform [-0.943105 -0.019784 0.331905 0.0 -0.193508 0.844415 -0.499518 0.0 -0.270383 -0.535324 -0.800201 0.0 0.041449 -0.463495 -0.368431 1.0]
249
	ConcatTransform [1.1 0.0 0.0 0.0 0.0 1.1 0.0 0.0 0.0 0.0 1.1 0.0 -9.609 0.05 6.704 1.0]
	ConcatTransform [-0.944861 0.023903 0.326599 0.0 -0.175547 0.804952 -0.566776 0.0 -0.276444 -0.592858 -0.756372 0.0 0.042335 -0.486174 -0.351505 1.0]
250
	ConcatTransform [1.1 0.0 0.0 0.0 0.0 1.1 0.0 0.0 0.0 0.0 1.1 0.0 -9.609 0.05 6.704 1.0]
	ConcatTransform [-0.935728 0.093515 0.3401 0.0 -0.160609 0.745494 -0.646872 0.0 -0.314035 -0.659919 -0.68256 0.0 0.04148 -0.502317 -0.31523 1.0]
251
	ConcatTransform [1.1 0.0 0.0 0.0 0.0 1.1 0.0 0.0 0.0 0.0 1.1 0.0 -9.609 0.05 6.704 1.0]
	ConcatTransform [-0.936151 0.132244 0.325779 0.0 -0.14085 0.707917 -0.692109 0.0 -0.322152 -0.693805 -0.644091 0.0 0.038849 -0.501246 -0.289417 1.0]
252
	ConcatTransform [1.1 0.0 0.0 0.0 0.0 1.1 0.0 0.0 0.0 0.0 1.1 0.0 -9.609 0.05 6.704 1.0]
	ConcatTransform [-0.937155 0.171588 0.303806 0.0 -0.115269 0.669577 -0.733743 0.0 -0.329323 -0.722651 -0.607719 0.0 0.031162 -0.498215 -0.251383 1.0]
253
	ConcatTransform [1.1 0.0 0.0 0.0 0.0 1.1 0.0 0.0 0.0 0.0 1.1 0.0 -9.609 0.05 6.704 1.0]
	ConcatTransform [-0.935377 0.197327 0.293481 0.0 -0.107644 0.631626 -0.767764 0.0 -0.336871 -0.749741 -0.569567 0.0 0.023512 -0.494487 -0.228148 1.0]
254
	ConcatTransform [1.1 0.0 0.0 0.0 0.0 1.1 0.0 0.0 0.0 0.0 1.1 0.0 -9.609 0.05 6.704 1.0]
	ConcatTransform [-0.931261 0.234691 0.2787 0.0 -0.093069 0.586317 -0.804718 0.0 -0.352267 -0.77534 -0.524171 0.0 0.010407 -0.489266 -0.196441 1.0]
255
	ConcatTransform [1.1 0.0 0.0 0.0 0.0 1.1 0.0 0.0 0.0 0.0 1.1 0.0 -9.609 0.05 6.704 1.0]
	ConcatTransform [-0.928368 0.255756 0.269668 0.0 -0.083679 0.56311 -0.822135 0.0 -0.362119 -0.785809 -0.501372 0.0 0.000698 -0.486054 -0.177983 1.0]
256
	ConcatTransform [1.1 0.0 0.0 0.0 0.0 1.1 0.0 0.0 0.0 0.0 1.1 0.0 -9.609 0.05 6.704 1.0]
	ConcatTransform [-0.924256 0.281011 0.258426 0.0 -0.070184 0.540306 -0.838537 0.0 -0.375267 -0.79316 -0.479659 0.0 -0.012905 -0.481684 -0.154569 1.0]
257
	ConcatTransform [1.1 0.0 0.0 0.0 0.0 1.1 0.0 0.0 0.0 0.0 1.1 0.0 -9.609 0.05 6.704 1.0]
	ConcatTransform [-0.921757 0.293497 0.253424 0.0 -0.065887 0.525499 -0.848239 0.0 -0.38213 -0.798567 -0.465045 0.0 -0.020782 -0.47883 -0.142399 1.0]
258
	ConcatTransform [1.1 0.0 0.0 0.0 0.0 1.1 0.0 0.0 0.0 0.0 1.1 0.0 -9.609 0.05 6.704 1.0]
	ConcatTransform [-0.921503 0.300294 0.246285 0.0 -0.064504 0.507 -0.859529 0.0 -0.382978 -0.807945 -0.447832 0.0 -0.030239 -0.475757 -0.129286 1.0]
259
	ConcatTransform [1.1 0.0 0.0 0.0 0.0 1.1 0.0 0.0 0.0 0.0 1.1 0.0 -9.609 0.05 6.704 1.0]
	ConcatTransform [-0.924937 0.290277 0.245418 0.0 -0.072695 0.498638 -0.863756 0.0 -0.373104 -0.816761 -0.440108 0.0 -0.034925 -0.476326 -0.123378 1.0]
260
	ConcatTransform [1.1 0.0 0.0 0.0 0.0 1.1 0.0 0.0 0.0 0.0 1.1 0.0 -9.609 0.05 6.704 1.0]
	ConcatTransform [-0.922549 0.293047 0.251049 0.0 -0.04463 0.565193 -0.823751 0.0 -0.383289 -0.771155 -0.50834 0.0 -0.038244 -0.478994 -0.117865 1.0]
261
	ConcatTransform [1.1 0.0 0.0 0.0 0.0 1.1 0.0 0.0 0.0 0.0 1.1 0.0 -9.609 0.05 6.704 1.0]
	ConcatTransform [-0.924873 0.27374 0.263962 0.0 -0.037052 0.625961 -0.778974 0.0 -0.378466 -0.730232 -0.568792 0.0 -0.039964 -0.487666 -0.115008 1.0]
262
	ConcatTransform [1.1 0.0 0.0 0.0 0.0 1.1 0.0 0.0 0.0 0.0 1.1 0.0 -9.609 0.05 6.704 1.0]
	ConcatTransform [-0.926336 0.252952 0.279138 0.0 -0.055759 0.640773 -0.765703 0.0 -0.37255 -0.724862 -0.579467 0.0 -0.03445 -0.490878 -0.116215 1.0]
263
	ConcatTransform [1.1 0.0 0.0 0.0 0.0 1.1 0.0 0.0 0.0 0.0 1.1 0.0 -9.609 0.05 6.704 1.0]
	ConcatTransform [-0.931107 0.238488 0.275976 0.0 -0.061975 0.642182 -0.764043 0.0 -0.359442 -0.728509 -0.58316 0.0 -0.028438 -0.492588 -0.117591 1.0]
264
	ConcatTransform [1.1 0.0 0.0 0.0 0.0 1.1 0.0 0.0 0.0 0.0 1.1 0.0 -9.609 0.05 6.704 1.0]
	ConcatTransform [-0.943692 0.211496 0.254391 0.0 -0.065792 0.633618 -0.770843 0.0 -0.324217 -0.744176 -0.584026 0.0 -0.016964 -0.495814 -0.120042 1.0]
265
	ConcatTransform [1.1 0.0 0.0 0.0 0.0 1.1 0.0 0.0 0.0 0.0 1.1 0.0 -9.609 0.05 6.704 1.0]
	ConcatTransform [-0.946319 0.195428 0.257465 0.0 -0.073303 0.646026 -0.759788 0.0 -0.314813 -0.737875 -0.597021 0.0 -0.008354 -0.496563 -0.122639 1.0]
266
	ConcatTransform [1.1 0.0 0.0 0.0 0.0 1.1 0.0 0.0 0.0 0.0 1.1 0.0 -9.609 0.05 6.704 1.0]
	ConcatTransform [-0.941073 0.173985 0.290019 0.0 -0.104478 0.66603 -0.738572 0.0 -0.321662 -0.72535 -0.608605 0.0 0.003247 -0.497224 -0.128484 1.0]
267
	ConcatTransform [1.1 0.0 0.0 0.0 0.0 1.1 0.0 0.0 0.0 0.0 1.1 0.0 -9.609 0.05 6.704 1.0]
	ConcatTransform [-0.931859 0.159607 0.325827 0.0 -0.139192 0.67206 -0.727297 0.0 -0.335058 -0.723091 -0.60405 0.0 0.009933 -0.496923 -0.133444 1.0]
268
	ConcatTransform [1.1 0.0 0.0 0.0 0.0 1.1 0.0 0.0 0.0 0.0 1.1 0.0 -9.609 0.05 6.704 1.0]
	ConcatTransform [-0.912881 0.145057 0.381583 0.0 -0.189624 0.677097 -0.711044 0.0 -0.361511 -0.721456 -0.590602 0.0 0.017432 -0.495965 -0.143041 1.0]
269
	ConcatTransform [1.1 0.0 0.0 0.0 0.0 1.1 0.0 0.0 0.0 0.0 1.1 0.0 -9.609 0.05 6.704 1.0]
	ConcatTransform [-0.897798 0.139468 0.41774 0.0 -0.217598 0.684191 -0.696084 0.0 -0.382896 -0.715843 -0.583918 0.0 0.020885 -0.496113 -0.150562 1.0]
270
	ConcatTransform [1.1 0.0 0.0 0.0 0.0 1.1 0.0 0.0 0.0 0.0 1.1 0.0 -9.609 0.05 6.704 1.0]
	ConcatTransform [-0.877394 0.145885 0.457053 0.0 -0.238475 0.694019 -0.679314 0.0 -0.416305 -0.705022 -0.574138 0.0 0.023347 -0.497128 -0.163292 1.0]
271
	ConcatTransform [1.1 0.0 0.0 0.0 0.0 1.1 0.0 0.0 0.0 0.0 1.1 0.0 -9.609 0.05 6.704 1.0]
	ConcatTransform [-0.866587 0.140013 0.478981 0.0 -0.252194 0.705363 -0.662466 0.0 -0.43061 -0.694881 -0.575948 0.0 0.022976 -0.49762 -0.172094 1.0]
272
	ConcatTransform [1.1 0.0 0.0 0.0 0.0 1.1 0.0 0.0 0.0 0.0 1.1 0.0 -9.609 0.05 6.704 1.0]
	ConcatTransform [-0.857688 0.138206 0.495248 0.0 -0.254603 0.722664 -0.6426 0.0 -0.446709 -0.677241 -0.584633 0.0 0.019979 -0.498586 -0.185165 1.0]
273
	ConcatTransform [1.1 0.0 0.0 0.0 0.0 1.1 0.0 0.0 0.0 0.0 1.1 0.0 -9.609 0.05 6.704 1.0]
	ConcatTransform [-0.850226 0.138769 0.507798 0.0 -0.256375 0.733345 -0.629664 0.0 -0.459769 -0.665543 -0.587932 0.0 0.016208 -0.499187 -0.193735 1.0]
274
	ConcatTransform [1.1 0.0 0.0 0.0 0.0 1.1 0.0 0.0 0.0 0.0 1.1 0.0 -9.609 0.05 6.704 1.0]
	ConcatTransform [-0.842206 0.139404 0.520821 0.0 -0.25366 0.749954 -0.610921 0.0 -0.475757 -0.646633 -0.596255 0.0 0.008622 -0.499829 -0.206058 1.0]
275
	ConcatTransform [1.1 0.0 0.0 0.0 0.0 1.1 0.0 0.0 0.0 0.0 1.1 0.0 -9.609 0.05 6.704 1.0]
	ConcatTransform [-0.835217 0.131869 0.533876 0.0 -0.260065 0.760685 -0.594747 0.0 -0.48454 -0.635585 -0.601043 0.0 0.004936 -0.49968 -0.213472 1.0]
276
	ConcatTransform [1.1 0.0 0.0 0.0 0.0 1.1 0.0 0.0 0.0 0.0 1.1 0.0 -9.609 0.05 6.704 1.0]
	ConcatTransform [-0.823868 0.120349 0.553857 0.0 -0.271304 0.774231 -0.571804 0.0 -0.497629 -0.621355 -0.605213 0.0 0.00283 -0.499192 -0.223596 1.0]
277
	ConcatTransform [1.1 0.0 0.0 0.0 0.0 1.1 0.0 0.0 0.0 0.0 1.1 0.0 -9.609 0.05 6.704 1.0]
	ConcatTransform [-0.818517 0.111715 0.563515 0.0 -0.278976 0.78019 -0.559889 0.0 -0.502197 -0.615486 -0.607433 0.0 0.001866 -0.498728 -0.229524 1.0]
278
	ConcatTransform [1.1 0.0 0.0 0.0 0.0 1.1 0.0 0.0 0.0 0.0 1.1 0.0 -9.609 0.05 6.704 1.0]
	ConcatTransform [-0.818091 0.10994 0.564482 0.0 -0.278915 0.782537 -0.556634 0.0 -0.502924 -0.61282 -0.609523 0.0 0.001546 -0.498445 -0.236282 1.0]
279
	ConcatTransform [1.1 0.0 0.0 0.0 0.0 1.1 0.0 0.0 0.0 0.0 1.1 0.0 -9.609 0.05 6.704 1.0]
	ConcatTransform [-0.816893 0.108507 0.566491 0.0 -0.28071 0.783194 -0.554806 0.0 -0.503873 -0.612236 -0.609327 0.0 0.001931 -0.498355 -0.23902 1.0]
280
	ConcatTransform [1.1 0.0 0.0 0.0 0.0 1.1 0.0 0.0 0.0 0.0 1.1 0.0 -9.609 0.05 6.704 1.0]
	ConcatTransform [-0.817927 0.109589 0.564789 0.0 -0.278673 0.783375 -0.555576 0.0 -0.503326 -0.611812 -0.610204 0.0 0.002466 -0.498428 -0.240655 1.0]
281
	ConcatTransform [1.1 0.0 0.0 0.0 0.0 1.1 0.0 0.0 0.0 0.0 1.1 0.0 -9.609 0.05 6.704 1.0]
	ConcatTransform [-0.815884 0.109712 0.567712 0.0 -0.280752 0.783162 -0.55483 0.0 -0.505482 -0.612063 -0.608167 0.0 0.002245 -0.498462 -0.240261 1.0]
282
	ConcatTransform [1.1 0.0 0.0 0.0 0.0 1.1 0.0 0.0 0.0 0.0 1.1 0.0 -9.609 0.05 6.704 1.0]
	ConcatTransform [-0.812835 0.112345 0.571558 0.0 -0.283799 0.780507 -0.557017 0.0 -0.508682 -0.61497 -0.60254 0.0 0.002165 -0.498646 -0.238244 1.0]
283
	ConcatTransform [1.1 0.0 0.0 0.0 0.0 1.1 0.0 0.0 0.0 0.0 1.1 0.0 -9.609 0.05 6.704 1.0]
	ConcatTransform [-0.811471 0.114685 0.573029 0.0 -0.28567 0.777569 -0.56016 0.0 -0.509812 -0.618251 -0.598212 0.0 0.002355 -0.498814 -0.236013 1.0]
284
	ConcatTransform [1.1 0.0 0.0 0.0 0.0 1.1 0.0 0.0 0.0 0.0 1.1 0.0 -9.609 0.05 6.704 1.0]
	ConcatTransform [-0.810749 0.11995 0.572972 0.0 -0.286967 0.771672 -0.567602 0.0 -0.510231 -0.624607 -0.591211 0.0 0.002622 -0.499137 -0.231425 1.0]
285
	ConcatTransform [1.1 0.0 0.0 0.0 0.0 1.1 0.0 0.0 0.0 0.0 1.1 0.0 -9.609 0.05 6.704 1.0]
	ConcatTransform [-0.809927 0.12458 0.573147 0.0 -0.287988 0.766814 -0.573638 0.0 -0.510961 -0.629664 -0.585186 0.0 0.002509 -0.499383 -0.227598 1.0]
286
	ConcatTransform [1.1 0.0 0.0 0.0 0.0 1.1 0.0 0.0 0.0 0.0 1.1 0.0 -9.609 0.05 6.704 1.0]
	ConcatTransform [-0.808301 0.132691 0.573622 0.0 -0.290027 0.758133 -0.584054 0.0 -0.51238 -0.638457 -0.574316 0.0 0.002743 -0.49965 -0.22101 1.0]
287
	ConcatTransform [1.1 0.0 0.0 0.0 0.0 1.1 0.0 0.0 0.0 0.0 1.1 0.0 -9.609 0.05 6.704 1.0]
	ConcatTransform [-0.80756 0.138093 0.573391 0.0 -0.291635 0.751533 -0.591732 0.0 -0.512637 -0.64508 -0.566635 0.0 0.003078 -0.499805 -0.216173 1.0]
288
	ConcatTransform [1.1 0.0 0.0 0.0 0.0 1.1 0.0 0.0 0.0 0.0 1.1 0.0 -9.609 0.05 6.704 1.0]
	ConcatTransform [-0.806896 0.146547 0.572226 0.0 -0.293605 0.74109 -0.603806 0.0 -0.512557 -0.655217 -0.554955 0.0 0.003724 -0.499935 -0.20849 1.0]
289
	ConcatTransform [1.1 0.0 0.0 0.0 0.0 1.1 0.0 0.0 0.0 0.0 1.1 0.0 -9.609 0.05 6.704 1.0]
	ConcatTransform [-0.806898 0.152162 0.570756 0.0 -0.294641 0.733782 -0.612168 0.0 -0.511959 -0.662126 -0.547254 0.0 0.004218 -0.499946 -0.203245 1.0]
290
	ConcatTransform [1.1 0.0 0.0 0.0 0.0 1.1 0.0 0.0 0.0 0.0 1.1 0.0 -9.609 0.05 6.704 1.0]
	ConcatTransform [-0.807245 0.160028 0.568107 0.0 -0.295624 0.723472 -0.623855 0.0 -0.510844 -0.67155 -0.536711 0.0 0.004857 -0.49983 -0.195476 1.0]
291
	ConcatTransform [1.1 0.0 0.0 0.0 0.0 1.1 0.0 0.0 0.0 0.0 1.1 0.0 -9.609 0.05 6.704 1.0]
	ConcatTransform [-0.807534 0.164821 0.566323 0.0 -0.295887 0.717401 -0.630703 0.0 -0.510234 -0.676882 -0.530558 0.0 0.005066 -0.49969 -0.190518 1.0]
292
	ConcatTransform [1.1 0.0 0.0 0.0 0.0 1.1 0.0 0.0 0.0 0.0 1.1 0.0 -9.609 0.05 6.704 1.0]
	ConcatTransform [-0.808083 0.170949 0.563719 0.0 -0.295925 0.709641 -0.639404 0.0 -0.509344 -0.68351 -0.522861 0.0 0.005176 -0.499452 -0.183664 1.0]
293
	ConcatTransform [1.1 0.0 0.0 0.0 0.0 1.1 0.0 0.0 0.0 0.0 1.1 0.0 -9.609 0.05 6.704 1.0]
	ConcatTransform [-0.808281 0.172956 0.562822 0.0 -0.296198 0.706686 -0.642543 0.0 -0.50887 -0.686062 -0.519972 0.0 0.005137 -0.499336 -0.179561 1.0]
294
	ConcatTransform [1.1 0.0 0.0 0.0 0.0 1.1 0.0 0.0 0.0 0.0 1.1 0.0 -9.609 0.05 6.704 1.0]
	ConcatTransform [-0.807414 0.178503 0.562333 0.0 -0.297141 0.700389 -0.64897 0.0 -0.509696 -0.69108 -0.512464 0.0 0.004779 -0.499061 -0.17445 1.0]
295
	ConcatTransform [1.1 0.0 0.0 0.0 0.0 1.1 0.0 0.0 0.0 0.0 1.1 0.0 -9.609 0.05 6.704 1.0]
	ConcatTransform [-0.806997 0.180017 0.562449 0.0 -0.297794 0.698407 -0.650804 0.0 -0.509974 -0.692691 -0.510005 0.0 0.004317 -0.498974 -0.171685 1.0]
296
	ConcatTransform [1.1 0.0 0.0 0.0 0.0 1.1 0.0 0.0 0.0 0.0 1.1 0.0 -9.609 0.05 6.704 1.0]
	ConcatTransform [-0.807757 0.177811 0.56206 0.0 -0.297534 0.700117 -0.649083 0.0 -0.508923 -0.691534 -0.51262 0.0 0.003765 -0.499069 -0.168559 1.0]
297
	ConcatTransform [1.1 0.0 0.0 0.0 0.0 1.1 0.0 0.0 0.0 0.0 1.1 0.0 -9.609 0.05 6.704 1.0]
	ConcatTransform [-0.808264 0.179401 0.560824 0.0 -0.296799 0.698477 -0.651184 0.0 -0.508546 -0.692781 -0.511308 0.0 0.003573 -0.49898 -0.167401 1.0]
298
	ConcatTransform [1.1 0.0 0.0 0.0 0.0 1.1 0.0 0.0 0.0 0.0 1.1 0.0 -9.609 0.05 6.704 1.0]
	ConcatTransform [-0.807193 0.180246 0.562095 0.0 -0.297877 0.697722 -0.651501 0.0 -0.509617 -0.693322 -0.509505 0.0 0.003358 -0.498934 -0.166821 1.0]
299
	ConcatTransform [1.1 0.0 0.0 0.0 0.0 1.1 0.0 0.0 0.0 0.0 1.1 0.0 -9.609 0.05 6.704 1.0]
	ConcatTransform [-0.806501 0.179914 0.563193 0.0 -0.29851 0.698333 -0.650556 0.0 -0.510341 -0.692793 -0.5095 0.0 0.003126 -0.49896 -0.167212 1.0]
300
	ConcatTransform [1.1 0.0 0.0 0.0 0.0 1.1 0.0 0.0 0.0 0.0 1.1 0.0 -9.609 0.05 6.704 1.0]
	ConcatTransform [-0.806041 0.17832 0.564358 0.0 -0.298304 0.701165 -0.647598 0.0 -0.511187 -0.690341 -0.511974 0.0 0.002731 -0.49908 -0.168942 1.0]
301
	ConcatTransform [1.1 0.0 0.0 0.0 0.0 1.1 0.0 0.0 0.0 0.0 1.1 0.0 -9.609 0.05 6.704 1.0]
	ConcatTransform [-0.806394 0.176025 0.564575 0.0 -0.297851 0.703858 -0.644879 0.0 -0.510895 -0.688185 -0.515157 0.0 0.002622 -0.499197 -0.170841 1.0]
302
	ConcatTransform [1.1 0.0 0.0 0.0 0.0 1.1 0.0 0.0 0.0 0.0 1.1 0.0 -9.609 0.05 6.704 1.0]
	ConcatTransform [-0.807232 0.171727 0.5647 0.0 -0.296369 0.709456 -0.639404 0.0 -0.510433 -0.683507 -0.521801 0.0 0.002266 -0.499403 -0.174673 1.0]
303
	ConcatTransform [1.1 0.0 0.0 0.0 0.0 1.1 0.0 0.0 0.0 0.0 1.1 0.0 -9.609 0.05 6.704 1.0]
	ConcatTransform [-0.807558 0.167647 0.56546 0.0 -0.295615 0.71457 -0.634036 0.0 -0.510355 -0.679179 -0.527498 0.0 0.00206 -0.499571 -0.17779 1.0]
304
	ConcatTransform [1.1 0.0 0.0 0.0 0.0 1.1 0.0 0.0 0.0 0.0 1.1 0.0 -9.609 0.05 6.704 1.0]
	ConcatTransform [-0.808754 0.161573 0.565519 0.0 -0.293677 0.722141 -0.626311 0.0 -0.50958 -0.672611 -0.536584 0.0 0.001694 -0.499746 -0.183165 1.0]
305
	ConcatTransform [1.1 0.0 0.0 0.0 0.0 1.1 0.0 0.0 0.0 0.0 1.1 0.0 -9.609 0.05 6.704 1.0]
	ConcatTransform [-0.808956 0.157027 0.56651 0.0 -0.293063 0.727662 -0.620179 0.0 -0.509612 -0.667721 -0.542627 0.0 0.001491 -0.499834 -0.187087 1.0]
306
	ConcatTransform [1.1 0.0 0.0 0.0 0.0 1.1 0.0 0.0 0.0 0.0 1.1 0.0 -9.609 0.05 6.704 1.0]
	ConcatTransform [-0.808928 0.149477 0.568588 0.0 -0.292384 0.736765 -0.609663 0.0 -0.510047 -0.659419 -0.552285 0.0 0.001131 -0.499901 -0.193248 1.0]
307
	ConcatTransform [1.1 0.0 0.0 0.0 0.0 1.1 0.0 0.0 0.0 0.0 1.1 0.0 -9.609 0.05 6.704 1.0]
	ConcatTransform [-0.808672 0.144788 0.570162 0.0 -0.292104 0.742468 -0.60284 0.0 -0.510612 -0.654047 -0.55812 0.0 0.000837 -0.499887 -0.197391 1.0]
308
	ConcatTransform [1.1 0.0 0.0 0.0 0.0 1.1 0.0 0.0 0.0 0.0 1.1 0.0 -9.609 0.05 6.704 1.0]
	ConcatTransform [-0.808771 0.139063 0.571446 0.0 -0.291057 0.749673 -0.59437 0.0 -0.511053 -0.647033 -0.565839 0.0 0.000243 -0.499802 -0.203429 1.0]
309
	ConcatTransform [1.1 0.0 0.0 0.0 0.0 1.1 0.0 0.0 0.0 0.0 1.1 0.0 -9.609 0.05 6.704 1.0]
	ConcatTransform [-0.808809 0.135196 0.57232 0.0 -0.290494 0.754334 -0.588721 0.0 -0.511314 -0.642419 -0.570839 0.0 -7.2e-05 -0.499709 -0.207191 1.0]
310
	ConcatTransform [1.1 0.0 0.0 0.0 0.0 1.1 0.0 0.0 0.0 0.0 1.1 0.0 -9.609 0.05 6.704 1.0]
	ConcatTransform [-0.808627 0.130477 0.57367 0.0 -0.290142 0.759826 -0.581792 0.0 -0.5118 -0.636899 -0.576559 0.0 -0.000168 -0.499568 -0.212311 1.0]
311
	ConcatTransform [1.1 0.0 0.0 0.0 0.0 1.1 0.0 0.0 0.0 0.0 1.1 0.0 -9.609 0.05 6.704 1.0]
	ConcatTransform [-0.809824 0.127429 0.572666 0.0 -0.288552 0.76338 -0.577917 0.0 -0.510805 -0.633255 -0.581434 0.0 -0.000235 -0.499446 -0.2152 1.0]
312
	ConcatTransform [1.1 0.0 0.0 0.0 0.0 1.1 0.0 0.0 0.0 0.0 1.1 0.0 -9.609 0.05 6.704 1.0]
	ConcatTransform [-0.811958 0.124093 0.570373 0.0 -0.285864 0.767408 -0.573904 0.0 -0.508926 -0.629036 -0.587629 0.0 -0.000613 -0.499282 -0.218551 1.0]
313
	ConcatTransform [1.1 0.0 0.0 0.0 0.0 1.1 0.0 0.0 0.0 0.0 1.1 0.0 -9.609 0.05 6.704 1.0]
	ConcatTransform [-0.813398 0.122768 0.568605 0.0 -0.284309 0.768872 -0.572717 0.0 -0.507495 -0.627507 -0.590495 0.0 -0.00101 -0.499236 -0.220102 1.0]
314
	ConcatTransform [1.1 0.0 0.0 0.0 0.0 1.1 0.0 0.0 0.0 0.0 1.1 0.0 -9.609 0.05 6.704 1.0]
	ConcatTransform [-0.814789 0.121966 0.566783 0.0 -0.282079 0.770703 -0.571356 0.0 -0.506507 -0.625413 -0.593557 0.0 -0.001368 -0.499185 -0.221423 1.0]
315
	ConcatTransform [1.1 0.0 0.0 0.0 0.0 1.1 0.0 0.0 0.0 0.0 1.1 0.0 -9.609 0.05 6.704 1.0]
	ConcatTransform [-0.815749 0.121905 0.565413 0.0 -0.280988 0.770916 -0.571607 0.0 -0.505568 -0.625162 -0.59462 0.0 -0.001426 -0.499184 -0.221627 1.0]
316
	ConcatTransform [1.1 0.0 0.0 0.0 0.0 1.1 0.0 0.0 0.0 0.0 1.1 0.0 -9.609 0.05 6.704 1.0]
	ConcatTransform [-0.816851 0.122686 0.563652 0.0 -0.280111 0.769826 -0.573503 0.0 -0.504275 -0.626351 -0.594467 0.0 -0.001334 -0.499228 -0.22091 1.0]
317
	ConcatTransform [1.1 0.0 0.0 0.0 0.0 1.1 0.0 0.0 0.0 0.0 1.1 0.0 -9.609 0.05 6.704 1.0]
	ConcatTransform [-0.817323 0.123907 0.562699 0.0 -0.279879 0.768269 -0.5757 0.0 -0.503638 -0.62802 -0.593245 0.0 -0.001208 -0.499291 -0.219769 1.0]
318
	ConcatTransform [1.1 0.0 0.0 0.0 0.0 1.1 0.0 0.0 0.0 0.0 1.1 0.0 -9.609 0.05 6.704 1.0]
	ConcatTransform [-0.818283 0.127121 0.560583 0.0 -0.279059 0.76475 -0.580762 0.0 -0.502533 -0.631663 -0.590307 0.0 -0.00107 -0.499436 -0.217086 1.0]
319
	ConcatTransform [1.1 0.0 0.0 0.0 0.0 1.1 0.0 0.0 0.0 0.0 1.1 0.0 -9.609 0.05 6.704 1.0]
	ConcatTransform [-0.819219 0.12981 0.558596 0.0 -0.278395 0.761556 -0.585259 0.0 -0.501375 -0.634966 -0.587743 0.0 -0.000908 -0.499536 -0.214728 1.0]
320
	ConcatTransform [1.1 0.0 0.0 0.0 0.0 1.1 0.0 0.0 0.0 0.0 1.1 0.0 -9.609 0.05 6.704 1.0]
	ConcatTransform [-0.820378 0.135006 0.555656 0.0 -0.277337 0.755848 -0.593109 0.0 -0.500065 -0.640677 -0.582639 0.0 -0.000838 -0.499726 -0.210438 1.0]
321
	ConcatTransform [1.1 0.0 0.0 0.0 0.0 1.1 0.0 0.0 0.0 0.0 1.1 0.0 -9.609 0.05 6.704 1.0]
	ConcatTransform [-0.821305 0.13887 0.55333 0.0 -0.27655 0.751424 -0.599067 0.0 -0.498978 -0.64504 -0.578744 0.0 -0.000733 -0.499819 -0.207168 1.0]
322
	ConcatTransform [1.1 0.0 0.0 0.0 0.0 1.1 0.0 0.0 0.0 0.0 1.1 0.0 -9.609 0.05 6.704 1.0]
	ConcatTransform [-0.822304 0.1446 0.550369 0.0 -0.276282 0.74408 -0.608287 0.0 -0.497477 -0.652254 -0.57191 0.0 -0.00029 -0.4999 -0.201869 1.0]
323
	ConcatTransform [1.1 0.0 0.0 0.0 0.0 1.1 0.0 0.0 0.0 0.0 1.1 0.0 -9.609 0.05 6.704 1.0]
	ConcatTransform [-0.822819 0.148421 0.54858 0.0 -0.276446 0.738859 -0.614545 0.0 -0.496535 -0.657312 -0.566916 0.0 7.3e-05 -0.49992 -0.198179 1.0]
324
	ConcatTransform [1.1 0.0 0.0 0.0 0.0 1.1 0.0 0.0 0.0 0.0 1.1 0.0 -9.609 0.05 6.704 1.0]
	ConcatTransform [-0.824307 0.154727 0.544589 0.0 -0.275321 0.730962 -0.624414 0.0 -0.494688 -0.664646 -0.559938 0.0 0.000291 -0.499966 -0.192602 1.0]
325
	ConcatTransform [1.1 0.0 0.0 0.0 0.0 1.1 0.0 0.0 0.0 0.0 1.1 0.0 -9.609 0.05 6.704 1.0]
	ConcatTransform [-0.825494 0.158786 0.541616 0.0 -0.274272 0.725838 -0.630821 0.0 -0.49329 -0.669288 -0.555624 0.0 0.000434 -0.499898 -0.188999 1.0]
326
	ConcatTransform [1.1 0.0 0.0 0.0 0.0 1.1 0.0 0.0 0.0 0.0 1.1 0.0 -9.609 0.05 6.704 1.0]
	ConcatTransform [-0.825945 0.164266 0.539288 0.0 -0.274216 0.718753 -0.638905 0.0 -0.492565 -0.675582 -0.548606 0.0 0.000692 -0.499727 -0.184003 1.0]
327
	ConcatTransform [1.1 0.0 0.0 0.0 0.0 1.1 0.0 0.0 0.0 0.0 1.1 0.0 -9.609 0.05 6.704 1.0]
	ConcatTransform [-0.826195 0.167578 0.537884 0.0 -0.274125 0.714525 -0.643669 0.0 -0.492196 -0.679244 -0.5444 0.0 0.000767 -0.499595 -0.181054 1.0]
328
	ConcatTransform [1.1 0.0 0.0 0.0 0.0 1.1 0.0 0.0 0.0 0.0 1.1 0.0 -9.609 0.05 6.704 1.0]
	ConcatTransform [-0.826429 0.171533 0.536275 0.0 -0.274234 0.709221 -0.649462 0.0 -0.491742 -0.683799 -0.539081 0.0 0.000953 -0.499413 -0.17736 1.0]
329
	ConcatTransform [1.1 0.0 0.0 0.0 0.0 1.1 0.0 0.0 0.0 0.0 1.1 0.0 -9.609 0.05 6.704 1.0]
	ConcatTransform [-0.827453 0.173547 0.534044 0.0 -0.273196 0.706481 -0.652877 0.0 -0.490596 -0.686124 -0.537168 0.0 0.001097 -0.499309 -0.175459 1.0]
330
	ConcatTransform [1.1 0.0 0.0 0.0 0.0 1.1 0.0 0.0 0.0 0.0 1.1 0.0 -9.609 0.05 6.704 1.0]
	ConcatTransform [-0.827329 0.17596 0.533446 0.0 -0.273167 0.703777 -0.655803 0.0 -0.490822 -0.688285 -0.534188 0.0 0.001025 -0.499188 -0.173534 1.0]
331
	ConcatTransform [1.1 0.0 0.0 0.0 0.0 1.1 0.0 0.0 0.0 0.0 1.1 0.0 -9.609 0.05 6.704 1.0]
	ConcatTransform [-0.82743 0.176248 0.533194 0.0 -0.272561 0.704098 -0.655711 0.0 -0.490989 -0.687883 -0.534553 0.0 0.001026 -0.499177 -0.172874 1.0]
332
	ConcatTransform [1.1 0.0 0.0 0.0 0.0 1.1 0.0 0.0 0.0 0.0 1.1 0.0 -9.609 0.05 6.704 1.0]
	ConcatTransform [-0.827007 0.175284 0.534168 0.0 -0.273743 0.704355 -0.654942 0.0 -0.491044 -0.687866 -0.534523 0.0 0.001302 -0.49921 -0.172938 1.0]
333
	ConcatTransform [1.1 0.0 0.0 0.0 0.0 1.1 0.0 0.0 0.0 0.0 1.1 0.0 -9.609 0.05 6.704 1.0]
	ConcatTransform [-0.827752 0.174063 0.533413 0.0 -0.272655 0.706095 -0.65352 0.0 -0.490394 -0.68639 -0.537012 0.0 0.001562 -0.499276 -0.173623 1.0]
334
	ConcatTransform [1.1 0.0 0.0 0.0 0.0 1.1 0.0 0.0 0.0 0.0 1.1 0.0 -9.609 0.05 6.704 1.0]
	ConcatTransform [-0.827711 0.171163 0.534413 0.0 -0.272576 0.709815 -0.649512 0.0 -0.490506 -0.683276 -0.540867 0.0 0.001872 -0.499408 -0.175577 1.0]
335
	ConcatTransform [1.1 0.0 0.0 0.0 0.0 1.1 0.0 0.0 0.0 0.0 1.1 0.0 -9.609 0.05 6.704 1.0]
	ConcatTransform [-0.827835 0.16874 0.534992 0.0 -0.272584 0.712532 -0.646527 0.0 -0.490294 -0.681047 -0.543863 0.0 0.002213 -0.499461 -0.177471 1.0]
336
	ConcatTransform [1.1 0.0 0.0 0.0 0.0 1.1 0.0 0.0 0.0 0.0 1.1 0.0 -9.609 0.05 6.704 1.0]
	ConcatTransform [-0.828951 0.164964 0.534442 0.0 -0.270826 0.717652 -0.641583 0.0 -0.489381 -0.676581 -0.550221 0.0 0.002517 -0.499628 -0.18106 1.0]
337
	ConcatTransform [1.1 0.0 0.0 0.0 0.0 1.1 0.0 0.0 0.0 0.0 1.1 0.0 -9.609 0.05 6.704 1.0]
	ConcatTransform [-0.829625 0.161761 0.534374 0.0 -0.269832 0.721743 -0.637399 0.0 -0.488787 -0.672993 -0.555128 0.0 0.002535 -0.499718 -0.183871 1.0]
338
	ConcatTransform [1.1 0.0 0.0 0.0 0.0 1.1 0.0 0.0 0.0 0.0 1.1 0.0 -9.609 0.05 6.704 1.0]
	ConcatTransform [-0.829849 0.155267 0.53595 0.0 -0.269261 0.729842 -0.628354 0.0 -0.488721 -0.66575 -0.563852 0.0 0.002418 -0.499846 -0.188526 1.0]
339
	ConcatTransform [1.1 0.0 0.0 0.0 0.0 1.1 0.0 0.0 0.0 0.0 1.1 0.0 -9.609 0.05 6.704 1.0]
	ConcatTransform [-0.829581 0.151571 0.537422 0.0 -0.269258 0.73458 -0.62281 0.0 -0.489179 -0.661377 -0.568582 0.0 0.002297 -0.499877 -0.191877 1.0]
340
	ConcatTransform [1.1 0.0 0.0 0.0 0.0 1.1 0.0 0.0 0.0 0.0 1.1 0.0 -9.609 0.05 6.704 1.0]
	ConcatTransform [-0.82935 0.145738 0.539388 0.0 -0.269213 0.741697 -0.614336 0.0 -0.489595 -0.65471 -0.575892 0.0 0.002144 -0.499886 -0.197021 1.0]
341
	ConcatTransform [1.1 0.0 0.0 0.0 0.0 1.1 0.0 0.0 0.0 0.0 1.1 0.0 -9.609 0.05 6.704 1.0]
	ConcatTransform [-0.829475 0.140502 0.540584 0.0 -0.270465 0.745768 -0.608834 0.0 -0.488693 -0.651221 -0.580595 0.0 0.002258 -0.499897 -0.200408 1.0]
342
	ConcatTransform [1.1 0.0 0.0 0.0 0.0 1.1 0.0 0.0 0.0 0.0 1.1 0.0 -9.609 0.05 6.704 1.0]
	ConcatTransform [-0.82927 0.137294 0.541721 0.0 -0.270179 0.750045 -0.603684 0.0 -0.489198 -0.646979 -0.584896 0.0 0.002532 -0.499825 -0.205306 1.0]
343
	ConcatTransform [1.1 0.0 0.0 0.0 0.0 1.1 0.0 0.0 0.0 0.0 1.1 0.0 -9.609 0.05 6.704 1.0]
	ConcatTransform [-0.829102 0.135415 0.54245 0.0 -0.270119 0.752458 -0.600702 0.0 -0.489515 -0.644569 -0.587287 0.0 0.002551 -0.49977 -0.208291 1.0]
344
	ConcatTransform [1.1 0.0 0.0 0.0 0.0 1.1 0.0 0.0 0.0 0.0 1.1 0.0 -9.609 0.05 6.704 1.0]
	ConcatTransform [-0.828923 0.133496 0.543199 0.0 -0.269063 0.756219 -0.596438 0.0 -0.4904 -0.640556 -0.590928 0.0 0.002128 -0.499659 -0.21226 1.0]
345
	ConcatTransform [1.1 0.0 0.0 0.0 0.0 1.1 0.0 0.0 0.0 0.0 1.1 0.0 -9.609 0.05 6.704 1.0]
	ConcatTransform [-0.829258 0.131123 0.543266 0.0 -0.268476 0.759104 -0.593027 0.0 -0.490155 -0.637626 -0.59429 0.0 0.002003 -0.499588 -0.214511 1.0]
346
	ConcatTransform [1.1 0.0 0.0 0.0 0.0 1.1 0.0 0.0 0.0 0.0 1.1 0.0 -9.609 0.05 6.704 1.0]
	ConcatTransform [-0.830032 0.128249 0.54277 0.0 -0.267256 0.762722 -0.588923 0.0 -0.489511 -0.633883 -0.598808 0.0 0.001866 -0.499475 -0.21723 1.0]
347
	ConcatTransform [1.1 0.0 0.0 0.0 0.0 1.1 0.0 0.0 0.0 0.0 1.1 0.0 -9.609 0.05 6.704 1.0]
	ConcatTransform [-0.830404 0.126826 0.542536 0.0 -0.266705 0.764456 -0.586921 0.0 -0.489181 -0.632078 -0.600981 0.0 0.001781 -0.499416 -0.218544 1.0]
348
	ConcatTransform [1.1 0.0 0.0 0.0 0.0 1.1 0.0 0.0 0.0 0.0 1.1 0.0 -9.609 0.05 6.704 1.0]
	ConcatTransform [-0.830926 0.12552 0.542039 0.0 -0.266086 0.765937 -0.585268 0.0 -0.488631 -0.630544 -0.603038 0.0 0.001721 -0.499366 -0.219701 1.0]
349
	ConcatTransform [1.1 0.0 0.0 0.0 0.0 1.1 0.0 0.0 0.0 0.0 1.1 0.0 -9.609 0.05 6.704 1.0]
	ConcatTransform [-0.831285 0.125282 0.541544 0.0 -0.265711 0.766179 -0.585122 0.0 -0.488225 -0.630297 -0.603624 0.0 0.001724 -0.499357 -0.219904 1.0]
350
	ConcatTransform [1.1 0.0 0.0 0.0 0.0 1.1 0.0 0.0 0.0 0.0 1.1 0.0 -9.609 0.05 6.704 1.0]
	ConcatTransform [-0.831764 0.125926 0.540658 0.0 -0.265228 0.765435 -0.586314 0.0 -0.487671 -0.631072 -0.603262 0.0 0.001745 -0.499382 -0.219346 1.0]
351
	ConcatTransform [1.1 0.0 0.0 0.0 0.0 1.1 0.0 0.0 0.0 0.0 1.1 0.0 -9.609 0.05 6.704 1.0]
	ConcatTransform [-0.831928 0.127329 0.540076 0.0 -0.265263 0.763633 -0.588643 0.0 -0.487371 -0.632971 -0.601512 0.0 0.001748 -0.499446 -0.218432 1.0]
352
	ConcatTransform [1.1 0.0 0.0 0.0 0.0 1.1 0.0 0.0 0.0 0.0 1.1 0.0 -9.609 0.05 6.704 1.0]
	ConcatTransform [-0.829947 0.129631 0.542572 0.0 -0.267608 0.760883 -0.591137 0.0 -0.489463 -0.635808 -0.596803 0.0 0.00187 -0.499533 -0.216241 1.0]
353
	ConcatTransform [1.1 0.0 0.0 0.0 0.0 1.1 0.0 0.0 0.0 0.0 1.1 0.0 -9.609 0.05 6.704 1.0]
	ConcatTransform [-0.829326 0.131753 0.54301 0.0 -0.26854 0.758235 -0.594109 0.0 -0.490004 -0.63853 -0.593443 0.0 0.002045 -0.499606 -0.214312 1.0]
354
	ConcatTransform [1.1 0.0 0.0 0.0 0.0 1.1 0.0 0.0 0.0 0.0 1.1 0.0 -9.609 0.05 6.704 1.0]
	ConcatTransform [-0.829656 0.136364 0.541364 0.0 -0.268333 0.752949 -0.600887 0.0 -0.489559 -0.643796 -0.588098 0.0 0.002207 -0.499731 -0.210815 1.0]
355
	ConcatTransform [1.1 0.0 0.0 0.0 0.0 1.1 0.0 0.0 0.0 0.0 1.1 0.0 -9.609 0.05 6.704 1.0]
	ConcatTransform [-0.829001 0.139375 0.541602 0.0 -0.269184 0.749437 -0.604884 0.0 -0.490202 -0.64724 -0.583766 0.0 0.002248 -0.499791 -0.208126 1.0]
356
	ConcatTransform [1.1 0.0 0.0 0.0 0.0 1.1 0.0 0.0 0.0 0.0 1.1 0.0 -9.609 0.05 6.704 1.0]
	ConcatTransform [-0.828226 0.144417 0.541466 0.0 -0.270272 0.743485 -0.611706 0.0 -0.490912 -0.652973 -0.576741 0.0 0.002347 -0.499862 -0.203738 1.0]
357
	ConcatTransform [1.1 0.0 0.0 0.0 0.0 1.1 0.0 0.0 0.0 0.0 1.1 0.0 -9.609 0.05 6.704 1.0]
	ConcatTransform [-0.828199 0.147846 0.540582 0.0 -0.270538 0.739278 -0.616666 0.0 -0.490812 -0.65697 -0.572271 0.0 0.002465 -0.499884 -0.200668 1.0]
358
	ConcatTransform [1.1 0.0 0.0 0.0 0.0 1.1 0.0 0.0 0.0 0.0 1.1 0.0 -9.609 0.05 6.704 1.0]
	ConcatTransform [-0.828159 0.152964 0.539217 0.0 -0.271042 0.732781 -0.624154 0.0 -0.490601 -0.663049 -0.5654 0.0 0.002695 -0.499872 -0.196016 1.0]
359
	ConcatTransform [1.1 0.0 0.0 0.0 0.0 1.1 0.0 0.0 0.0 0.0 1.1 0.0 -9.609 0.05 6.704 1.0]
	ConcatTransform [-0.828239 0.155983 0.538228 0.0 -0.271229 0.72889 -0.628613 0.0 -0.490362 -0.666625 -0.561388 0.0 0.002818 -0.499844 -0.192959 1.0]
360
	ConcatTransform [1.1 0.0 0.0 0.0 0.0 1.1 0.0 0.0 0.0 0.0 1.1 0.0 -9.609 0.05 6.704 1.0]
	ConcatTransform [0.663513 0.716491 -0.215386 0.0 -0.598214 0.335173 -0.727873 0.0 -0.449323 0.6118 0.651007 0.0 -20.621006 -109.736557 5.633377 1.0]
