228
	ConcatTransform [1.1 0.0 0.0 0.0 0.0 1.1 0.0 0.0 0.0 0.0 1.1 0.0 -9.609 0.05 6.704 1.0]
	ConcatTransform [0.989241 0.055869 -0.135207 0.0 -0.050122 0.997704 0.045549 0.0 0.137442 -0.038282 0.98977 0.0 -0.030483 -0.010498 -0.033326 1.0]
229
	ConcatTransform [1.1 0.0 0.0 0.0 0.0 1.1 0.0 0.0 0.0 0.0 1.1 0.0 -9.609 0.05 6.704 1.0]
	ConcatTransform [0.96123 0.107672 -0.253858 0.0 -0.076783 0.988717 0.128621 0.0 0.264842 -0.104142 0.958652 0.0 -0.055977 -0.027777 -0.058923 1.0]
230
	ConcatTransform [1.1 0.0 0.0 0.0 0.0 1.1 0.0 0.0 0.0 0.0 1.1 0.0 -9.609 0.05 6.704 1.0]
	ConcatTransform [0.901585 0.187423 -0.389893 0.0 -0.077188 0.956508 0.281308 0.0 0.42566 -0.223528 0.87684 0.0 -0.096528 -0.070328 -0.100029 1.0]
231
	ConcatTransform [1.1 0.0 0.0 0.0 0.0 1.1 0.0 0.0 0.0 0.0 1.1 0.0 -9.609 0.05 6.704 1.0]
	ConcatTransform [0.85094 0.247922 -0.463073 0.0 -0.043803 0.912024 0.407792 0.0 0.523434 -0.326722 0.786937 0.0 -0.124508 -0.110322 -0.126997 1.0]
232
	ConcatTransform [1.1 0.0 0.0 0.0 0.0 1.1 0.0 0.0 0.0 0.0 1.1 0.0 -9.609 0.05 6.704 1.0]
	ConcatTransform [0.798389 0.325227 -0.506756 0.0 0.049757 0.803078 0.593793 0.0 0.600082 -0.499293 0.624987 0.0 -0.166542 -0.187496 -0.168572 1.0]
233
	ConcatTransform [1.1 0.0 0.0 0.0 0.0 1.1 0.0 0.0 0.0 0.0 1.1 0.0 -9.609 0.05 6.704 1.0]
	ConcatTransform [0.787227 0.356411 -0.503235 0.0 0.130303 0.701493 0.700663 0.0 0.60274 -0.617153 0.505793 0.0 -0.19408 -0.250342 -0.197056 1.0]
234
	ConcatTransform [1.1 0.0 0.0 0.0 0.0 1.1 0.0 0.0 0.0 0.0 1.1 0.0 -9.609 0.05 6.704 1.0]
	ConcatTransform [0.832223 0.320791 -0.452215 0.0 0.242491 0.522884 0.817184 0.0 0.498602 -0.789737 0.357367 0.0 -0.235629 -0.359096 -0.24269 1.0]
235
	ConcatTransform [1.1 0.0 0.0 0.0 0.0 1.1 0.0 0.0 0.0 0.0 1.1 0.0 -9.609 0.05 6.704 1.0]
	ConcatTransform [0.88957 0.182315 -0.41884 0.0 0.327146 0.385661 0.862694 0.0 0.318812 -0.904448 0.283428 0.0 -0.277008 -0.42188 -0.272742 1.0]
236
	ConcatTransform [1.1 0.0 0.0 0.0 0.0 1.1 0.0 0.0 0.0 0.0 1.1 0.0 -9.609 0.05 6.704 1.0]
	ConcatTransform [0.912647 -0.075315 -0.401749 0.0 0.408618 0.143344 0.901379 0.0 -0.010299 -0.986803 0.161597 0.0 -0.356499 -0.501732 -0.310893 1.0]
237
	ConcatTransform [1.1 0.0 0.0 0.0 0.0 1.1 0.0 0.0 0.0 0.0 1.1 0.0 -9.609 0.05 6.704 1.0]
	ConcatTransform [0.89224 -0.259159 -0.369789 0.0 0.397267 0.061183 0.915661 0.0 -0.214677 -0.963895 0.157545 0.0 -0.42111 -0.527925 -0.328292 1.0]
238
	ConcatTransform [1.1 0.0 0.0 0.0 0.0 1.1 0.0 0.0 0.0 0.0 1.1 0.0 -9.609 0.05 6.704 1.0]
	ConcatTransform [0.848451 -0.444983 -0.286569 0.0 0.335149 0.032638 0.9416 0.0 -0.409643 -0.894944 0.176827 0.0 -0.525438 -0.543088 -0.344671 1.0]
239
	ConcatTransform [1.1 0.0 0.0 0.0 0.0 1.1 0.0 0.0 0.0 0.0 1.1 0.0 -9.609 0.05 6.704 1.0]
	ConcatTransform [0.822331 -0.513496 -0.245142 0.0 0.307822 0.039123 0.950639 0.0 -0.478558 -0.8572 0.190238 0.0 -0.593572 -0.535669 -0.349439 1.0]
240
	ConcatTransform [1.1 0.0 0.0 0.0 0.0 1.1 0.0 0.0 0.0 0.0 1.1 0.0 -9.609 0.05 6.704 1.0]
	ConcatTransform [0.765718 -0.606783 -0.213286 0.0 0.292821 0.033632 0.955576 0.0 -0.572654 -0.794156 0.203432 0.0 -0.688408 -0.517915 -0.352174 1.0]
241
	ConcatTransform [1.1 0.0 0.0 0.0 0.0 1.1 0.0 0.0 0.0 0.0 1.1 0.0 -9.609 0.05 6.704 1.0]
	ConcatTransform [0.718612 -0.654849 -0.234029 0.0 0.307143 -0.003053 0.951659 0.0 -0.623907 -0.755754 0.198938 0.0 -0.746208 -0.504194 -0.350496 1.0]
242
	ConcatTransform [1.1 0.0 0.0 0.0 0.0 1.1 0.0 0.0 0.0 0.0 1.1 0.0 -9.609 0.05 6.704 1.0]
	ConcatTransform [0.63339 -0.722038 -0.278348 0.0 0.375628 -0.027605 0.926359 0.0 -0.676551 -0.691302 0.253734 0.0 -0.825747 -0.488796 -0.348307 1.0]
243
	ConcatTransform [1.1 0.0 0.0 0.0 0.0 1.1 0.0 0.0 0.0 0.0 1.1 0.0 -9.609 0.05 6.704 1.0]
	ConcatTransform [0.56828 -0.746273 -0.346603 0.0 0.410139 -0.108272 0.905573 0.0 -0.713333 -0.656775 0.244547 0.0 -0.873575 -0.481642 -0.344365 1.0]
244
	ConcatTransform [1.1 0.0 0.0 0.0 0.0 1.1 0.0 0.0 0.0 0.0 1.1 0.0 -9.609 0.05 6.704 1.0]
	ConcatTransform [0.519585 -0.715497 -0.467007 0.0 0.484289 -0.20368 0.850869 0.0 -0.703915 -0.668265 0.240679 0.0 -0.932939 -0.459295 -0.339218 1.0]
245
	ConcatTransform [1.1 0.0 0.0 0.0 0.0 1.1 0.0 0.0 0.0 0.0 1.1 0.0 -9.609 0.05 6.704 1.0]
	ConcatTransform [0.459472 -0.708928 -0.535077 0.0 0.554613 -0.241549 0.796278 0.0 -0.693751 -0.662628 0.282195 0.0 -0.968394 -0.45262 -0.335933 1.0]
246
	ConcatTransform [1.1 0.0 0.0 0.0 0.0 1.1 0.0 0.0 0.0 0.0 1.1 0.0 -9.609 0.05 6.704 1.0]
	ConcatTransform [0.396978 -0.682117 -0.614105 0.0 0.637845 -0.276081 0.718981 0.0 -0.659972 -0.677123 0.325487 0.0 -1.011224 -0.447141 -0.325799 1.0]
247
	ConcatTransform [1.1 0.0 0.0 0.0 0.0 1.1 0.0 0.0 0.0 0.0 1.1 0.0 -9.609 0.05 6.704 1.0]
	ConcatTransform [0.353182 -0.663831 -0.659235 0.0 0.694433 -0.28617 0.660205 0.0 -0.626917 -0.690967 0.359916 0.0 -1.034584 -0.449688 -0.317702 1.0]
248
	ConcatTransform [1.1 0.0 0.0 0.0 0.0 1.1 0.0 0.0 0.0 0.0 1.1 0.0 -9.609 0.05 6.704 1.0]
	ConcatTransform [0.29453 -0.635695 -0.713543 0.0 0.779153 -0.272588 0.564461 0.0 -0.553329 -0.72221 0.415018 0.0 -1.061396 -0.461416 -0.303661 1.0]
249
	ConcatTransform [1.1 0.0 0.0 0.0 0.0 1.1 0.0 0.0 0.0 0.0 1.1 0.0 -9.609 0.05 6.704 1.0]
	ConcatTransform [0.25704 -0.614821 -0.745604 0.0 0.827727 -0.258153 0.498222 0.0 -0.498797 -0.745219 0.442549 0.0 -1.071002 -0.471767 -0.292476 1.0]
250
	ConcatTransform [1.1 0.0 0.0 0.0 0.0 1.1 0.0 0.0 0.0 0.0 1.1 0.0 -9.609 0.05 6.704 1.0]
	ConcatTransform [0.219954 -0.56815 -0.792985 0.0 0.887554 -0.220771 0.404361 0.0 -0.404806 -0.792758 0.455705 0.0 -1.07486 -0.491711 -0.273146 1.0]
251
	ConcatTransform [1.1 0.0 0.0 0.0 0.0 1.1 0.0 0.0 0.0 0.0 1.1 0.0 -9.609 0.05 6.704 1.0]
	ConcatTransform [0.196334 -0.538366 -0.819521 0.0 0.923892 -0.178388 0.338527 0.0 -0.328444 -0.823614 0.462369 0.0 -1.071096 -0.507937 -0.259889 1.0]
252
	ConcatTransform [1.1 0.0 0.0 0.0 0.0 1.1 0.0 0.0 0.0 0.0 1.1 0.0 -9.609 0.05 6.704 1.0]
	ConcatTransform [0.162214 -0.506652 -0.846753 0.0 0.964362 -0.100379 0.244806 0.0 -0.209028 -0.856287 0.472313 0.0 -1.054339 -0.532581 -0.239782 1.0]
253
	ConcatTransform [1.1 0.0 0.0 0.0 0.0 1.1 0.0 0.0 0.0 0.0 1.1 0.0 -9.609 0.05 6.704 1.0]
	ConcatTransform [0.148946 -0.496322 -0.855266 0.0 0.979508 -0.044523 0.19642 0.0 -0.135567 -0.866996 0.47952 0.0 -1.0355 -0.546014 -0.22601 1.0]
254
	ConcatTransform [1.1 0.0 0.0 0.0 0.0 1.1 0.0 0.0 0.0 0.0 1.1 0.0 -9.609 0.05 6.704 1.0]
	ConcatTransform [0.145929 -0.516013 -0.844059 0.0 0.988597 0.044015 0.144009 0.0 -0.03716 -0.855449 0.516552 0.0 -0.997515 -0.561735 -0.206457 1.0]
255
	ConcatTransform [1.1 0.0 0.0 0.0 0.0 1.1 0.0 0.0 0.0 0.0 1.1 0.0 -9.609 0.05 6.704 1.0]
	ConcatTransform [0.15433 -0.529754 -0.833992 0.0 0.987538 0.109065 0.113466 0.0 0.030851 -0.84111 0.539984 0.0 -0.968334 -0.570107 -0.193782 1.0]
256
	ConcatTransform [1.1 0.0 0.0 0.0 0.0 1.1 0.0 0.0 0.0 0.0 1.1 0.0 -9.609 0.05 6.704 1.0]
	ConcatTransform [0.181312 -0.545092 -0.818535 0.0 0.973513 0.217366 0.070889 0.0 0.139281 -0.809708 0.570065 0.0 -0.921162 -0.57871 -0.176049 1.0]
257
	ConcatTransform [1.1 0.0 0.0 0.0 0.0 1.1 0.0 0.0 0.0 0.0 1.1 0.0 -9.609 0.05 6.704 1.0]
	ConcatTransform [0.189917 -0.557101 -0.808437 0.0 0.961658 0.271489 0.038826 0.0 0.197851 -0.784814 0.587301 0.0 -0.888415 -0.579005 -0.165915 1.0]
258
	ConcatTransform [1.1 0.0 0.0 0.0 0.0 1.1 0.0 0.0 0.0 0.0 1.1 0.0 -9.609 0.05 6.704 1.0]
	ConcatTransform [0.211549 -0.564636 -0.797768 0.0 0.936574 0.350471 0.000304 0.0 0.279423 -0.747232 0.602965 0.0 -0.840929 -0.576315 -0.152563 1.0]
259
	ConcatTransform [1.1 0.0 0.0 0.0 0.0 1.1 0.0 0.0 0.0 0.0 1.1 0.0 -9.609 0.05 6.704 1.0]
	ConcatTransform [0.227296 -0.569304 -0.790082 0.0 0.919481 0.392702 -0.018444 0.0 0.320767 -0.722273 0.612724 0.0 -0.810823 -0.572838 -0.145495 1.0]
260
	ConcatTransform [1.1 0.0 0.0 0.0 0.0 1.1 0.0 0.0 0.0 0.0 1.1 0.0 -9.609 0.05 6.704 1.0]
	ConcatTransform [0.248985 -0.576178 -0.778476 0.0 0.895044 0.443965 -0.042327 0.0 0.370004 -0.686232 0.626245 0.0 -0.770025 -0.566101 -0.137819 1.0]
261
	ConcatTransform [1.1 0.0 0.0 0.0 0.0 1.1 0.0 0.0 0.0 0.0 1.1 0.0 -9.609 0.05 6.704 1.0]
	ConcatTransform [0.252078 -0.576811 -0.777011 0.0 0.884196 0.46359 -0.057293 0.0 0.393262 -0.672587 0.626874 0.0 -0.746813 -0.562704 -0.133586 1.0]
262
	ConcatTransform [1.1 0.0 0.0 0.0 0.0 1.1 0.0 0.0 0.0 0.0 1.1 0.0 -9.609 0.05 6.704 1.0]
	ConcatTransform [0.254531 -0.572136 -0.779663 0.0 0.870084 0.487378 -0.073599 0.0 0.422099 -0.659639 0.621859 0.0 -0.719941 -0.55926 -0.128583 1.0]
263
	ConcatTransform [1.1 0.0 0.0 0.0 0.0 1.1 0.0 0.0 0.0 0.0 1.1 0.0 -9.609 0.05 6.704 1.0]
	ConcatTransform [0.252818 -0.571152 -0.780941 0.0 0.861041 0.500931 -0.087613 0.0 0.441238 -0.650272 0.61843 0.0 -0.706425 -0.557121 -0.127675 1.0]
264
	ConcatTransform [1.1 0.0 0.0 0.0 0.0 1.1 0.0 0.0 0.0 0.0 1.1 0.0 -9.609 0.05 6.704 1.0]
	ConcatTransform [0.24625 -0.563072 -0.788867 0.0 0.851442 0.514537 -0.10148 0.0 0.463041 -0.646685 0.606128 0.0 -0.691809 -0.556022 -0.129101 1.0]
265
	ConcatTransform [1.1 0.0 0.0 0.0 0.0 1.1 0.0 0.0 0.0 0.0 1.1 0.0 -9.609 0.05 6.704 1.0]
	ConcatTransform [0.23932 -0.554979 -0.796696 0.0 0.849432 0.517131 -0.105072 0.0 0.470309 -0.651593 0.595177 0.0 -0.684406 -0.55707 -0.132686 1.0]
266
	ConcatTransform [1.1 0.0 0.0 0.0 0.0 1.1 0.0 0.0 0.0 0.0 1.1 0.0 -9.609 0.05 6.704 1.0]
	ConcatTransform [0.225252 -0.5435 -0.808622 0.0 0.852559 0.511681 -0.106425 0.0 0.471598 -0.665425 0.578623 0.0 -0.677105 -0.560385 -0.142423 1.0]
267
	ConcatTransform [1.1 0.0 0.0 0.0 0.0 1.1 0.0 0.0 0.0 0.0 1.1 0.0 -9.609 0.05 6.704 1.0]
	ConcatTransform [0.214404 -0.527674 -0.821944 0.0 0.854192 0.509407 -0.104215 0.0 0.473695 -0.679754 0.559954 0.0 -0.675148 -0.56359 -0.151186 1.0]
268
	ConcatTransform [1.1 0.0 0.0 0.0 0.0 1.1 0.0 0.0 0.0 0.0 1.1 0.0 -9.609 0.05 6.704 1.0]
	ConcatTransform [0.195302 -0.497804 -0.845014 0.0 0.860079 0.500981 -0.096348 0.0 0.471298 -0.707961 0.525993 0.0 -0.676092 -0.569634 -0.167616 1.0]
269
	ConcatTransform [1.1 0.0 0.0 0.0 0.0 1.1 0.0 0.0 0.0 0.0 1.1 0.0 -9.609 0.05 6.704 1.0]
	ConcatTransform [0.181612 -0.47765 -0.859574 0.0 0.866162 0.491565 -0.09015 0.0 0.465597 -0.728158 0.502996 0.0 -0.679376 -0.573516 -0.180778 1.0]
270
	ConcatTransform [1.1 0.0 0.0 0.0 0.0 1.1 0.0 0.0 0.0 0.0 1.1 0.0 -9.609 0.05 6.704 1.0]
	ConcatTransform [0.158921 -0.446405 -0.880606 0.0 0.877564 0.472538 -0.081171 0.0 0.452355 -0.759889 0.466845 0.0 -0.688216 -0.578806 -0.202996 1.0]
271
	ConcatTransform [1.1 0.0 0.0 0.0 0.0 1.1 0.0 0.0 0.0 0.0 1.1 0.0 -9.609 0.05 6.704 1.0]
	ConcatTransform [0.142192 -0.42224 -0.895262 0.0 0.886071 0.45744 -0.075015 0.0 0.441203 -0.782599 0.439179 0.0 -0.696409 -0.581947 -0.218838 1.0]
272
	ConcatTransform [1.1 0.0 0.0 0.0 0.0 1.1 0.0 0.0 0.0 0.0 1.1 0.0 -9.609 0.05 6.704 1.0]
	ConcatTransform [0.115671 -0.384348 -0.915913 0.0 0.899187 0.432274 -0.067838 0.0 0.421999 -0.81573 0.395602 0.0 -0.711752 -0.585321 -0.243556 1.0]
273
	ConcatTransform [1.1 0.0 0.0 0.0 0.0 1.1 0.0 0.0 0.0 0.0 1.1 0.0 -9.609 0.05 6.704 1.0]
	ConcatTransform [0.097506 -0.358945 -0.928252 0.0 0.907722 0.414516 -0.064939 0.0 0.408085 -0.836263 0.36624 0.0 -0.723573 -0.586483 -0.260244 1.0]
274
	ConcatTransform [1.1 0.0 0.0 0.0 0.0 1.1 0.0 0.0 0.0 0.0 1.1 0.0 -9.609 0.05 6.704 1.0]
	ConcatTransform [0.069723 -0.319246 -0.945103 0.0 0.919784 0.387337 -0.062983 0.0 0.386181 -0.8649 0.320644 0.0 -0.74301 -0.586696 -0.284648 1.0]
275
	ConcatTransform [1.1 0.0 0.0 0.0 0.0 1.1 0.0 0.0 0.0 0.0 1.1 0.0 -9.609 0.05 6.704 1.0]
	ConcatTransform [0.051545 -0.295138 -0.954063 0.0 0.926399 0.370942 -0.0647 0.0 0.372998 -0.880508 0.292536 0.0 -0.756762 -0.585912 -0.300206 1.0]
276
	ConcatTransform [1.1 0.0 0.0 0.0 0.0 1.1 0.0 0.0 0.0 0.0 1.1 0.0 -9.609 0.05 6.704 1.0]
	ConcatTransform [0.022953 -0.261317 -0.96498 0.0 0.935955 0.344861 -0.071125 0.0 0.35137 -0.901546 0.252497 0.0 -0.777745 -0.583777 -0.321717 1.0]
277
	ConcatTransform [1.1 0.0 0.0 0.0 0.0 1.1 0.0 0.0 0.0 0.0 1.1 0.0 -9.609 0.05 6.704 1.0]
	ConcatTransform [0.00867 -0.242087 -0.970216 0.0 0.937673 0.339057 -0.076222 0.0 0.347411 -0.909084 0.229938 0.0 -0.792388 -0.582314 -0.334529 1.0]
278
	ConcatTransform [1.1 0.0 0.0 0.0 0.0 1.1 0.0 0.0 0.0 0.0 1.1 0.0 -9.609 0.05 6.704 1.0]
	ConcatTransform [-0.019862 -0.21663 -0.976052 0.0 0.946408 0.310693 -0.088215 0.0 0.322362 -0.925495 0.19885 0.0 -0.813217 -0.579268 -0.350741 1.0]
279
	ConcatTransform [1.1 0.0 0.0 0.0 0.0 1.1 0.0 0.0 0.0 0.0 1.1 0.0 -9.609 0.05 6.704 1.0]
	ConcatTransform [-0.036459 -0.204014 -0.978289 0.0 0.950573 0.294979 -0.096942 0.0 0.308352 -0.93347 0.183176 0.0 -0.826773 -0.577395 -0.359615 1.0]
280
	ConcatTransform [1.1 0.0 0.0 0.0 0.0 1.1 0.0 0.0 0.0 0.0 1.1 0.0 -9.609 0.05 6.704 1.0]
	ConcatTransform [-0.057672 -0.190617 -0.979969 0.0 0.954641 0.276694 -0.110003 0.0 0.292119 -0.941863 0.166014 0.0 -0.846182 -0.574984 -0.369557 1.0]
281
	ConcatTransform [1.1 0.0 0.0 0.0 0.0 1.1 0.0 0.0 0.0 0.0 1.1 0.0 -9.609 0.05 6.704 1.0]
	ConcatTransform [-0.071936 -0.186323 -0.979851 0.0 0.957586 0.261922 -0.120107 0.0 0.279023 -0.946932 0.159579 0.0 -0.857999 -0.573684 -0.37386 1.0]
282
	ConcatTransform [1.1 0.0 0.0 0.0 0.0 1.1 0.0 0.0 0.0 0.0 1.1 0.0 -9.609 0.05 6.704 1.0]
	ConcatTransform [-0.092097 -0.187217 -0.977992 0.0 0.960593 0.241976 -0.136779 0.0 0.262257 -0.952049 0.157554 0.0 -0.873856 -0.572503 -0.376832 1.0]
283
	ConcatTransform [1.1 0.0 0.0 0.0 0.0 1.1 0.0 0.0 0.0 0.0 1.1 0.0 -9.609 0.05 6.704 1.0]
	ConcatTransform [-0.104029 -0.192909 -0.975686 0.0 0.961131 0.232755 -0.148497 0.0 0.255742 -0.953211 0.161197 0.0 -0.883128 -0.572581 -0.376602 1.0]
284
	ConcatTransform [1.1 0.0 0.0 0.0 0.0 1.1 0.0 0.0 0.0 0.0 1.1 0.0 -9.609 0.05 6.704 1.0]
	ConcatTransform [-0.119411 -0.210878 -0.970192 0.0 0.958719 0.229506 -0.167883 0.0 0.258067 -0.950188 0.174767 0.0 -0.895063 -0.574457 -0.373248 1.0]
285
	ConcatTransform [1.1 0.0 0.0 0.0 0.0 1.1 0.0 0.0 0.0 0.0 1.1 0.0 -9.609 0.05 6.704 1.0]
	ConcatTransform [-0.131024 -0.227376 -0.964952 0.0 0.956973 0.225193 -0.183004 0.0 0.258911 -0.947411 0.188087 0.0 -0.901105 -0.575954 -0.36899 1.0]
286
	ConcatTransform [1.1 0.0 0.0 0.0 0.0 1.1 0.0 0.0 0.0 0.0 1.1 0.0 -9.609 0.05 6.704 1.0]
	ConcatTransform [-0.14945 -0.257014 -0.954782 0.0 0.953852 0.216872 -0.207683 0.0 0.260443 -0.941759 0.212742 0.0 -0.907224 -0.578215 -0.359921 1.0]
287
	ConcatTransform [1.1 0.0 0.0 0.0 0.0 1.1 0.0 0.0 0.0 0.0 1.1 0.0 -9.609 0.05 6.704 1.0]
	ConcatTransform [-0.159214 -0.276933 -0.947607 0.0 0.950337 0.217004 -0.223091 0.0 0.267416 -0.936065 0.22863 0.0 -0.909638 -0.579868 -0.352238 1.0]
288
	ConcatTransform [1.1 0.0 0.0 0.0 0.0 1.1 0.0 0.0 0.0 0.0 1.1 0.0 -9.609 0.05 6.704 1.0]
	ConcatTransform [-0.170709 -0.307359 -0.936156 0.0 0.943148 0.224019 -0.245534 0.0 0.285184 -0.924849 0.251643 0.0 -0.910764 -0.582434 -0.338827 1.0]
289
	ConcatTransform [1.1 0.0 0.0 0.0 0.0 1.1 0.0 0.0 0.0 0.0 1.1 0.0 -9.609 0.05 6.704 1.0]
	ConcatTransform [-0.178383 -0.328546 -0.92749 0.0 0.938103 0.227624 -0.261055 0.0 0.296888 -0.916649 0.267606 0.0 -0.909662 -0.583783 -0.329011 1.0]
290
	ConcatTransform [1.1 0.0 0.0 0.0 0.0 1.1 0.0 0.0 0.0 0.0 1.1 0.0 -9.609 0.05 6.704 1.0]
	ConcatTransform [-0.189012 -0.359356 -0.913859 0.0 0.930129 0.232878 -0.283952 0.0 0.314857 -0.903676 0.290231 0.0 -0.905515 -0.585208 -0.313469 1.0]
291
	ConcatTransform [1.1 0.0 0.0 0.0 0.0 1.1 0.0 0.0 0.0 0.0 1.1 0.0 -9.609 0.05 6.704 1.0]
	ConcatTransform [-0.19407 -0.378919 -0.904852 0.0 0.923689 0.240038 -0.29863 0.0 0.330355 -0.893757 0.303419 0.0 -0.901451 -0.586004 -0.302857 1.0]
292
	ConcatTransform [1.1 0.0 0.0 0.0 0.0 1.1 0.0 0.0 0.0 0.0 1.1 0.0 -9.609 0.05 6.704 1.0]
	ConcatTransform [-0.199344 -0.405611 -0.892043 0.0 0.912742 0.254413 -0.319651 0.0 0.356601 -0.877926 0.319503 0.0 -0.893645 -0.586822 -0.287027 1.0]
293
	ConcatTransform [1.1 0.0 0.0 0.0 0.0 1.1 0.0 0.0 0.0 0.0 1.1 0.0 -9.609 0.05 6.704 1.0]
	ConcatTransform [-0.202714 -0.423742 -0.882808 0.0 0.905232 0.26272 -0.333967 0.0 0.373447 -0.866845 0.330328 0.0 -0.887398 -0.586939 -0.276959 1.0]
294
	ConcatTransform [1.1 0.0 0.0 0.0 0.0 1.1 0.0 0.0 0.0 0.0 1.1 0.0 -9.609 0.05 6.704 1.0]
	ConcatTransform [-0.20722 -0.445017 -0.871217 0.0 0.894222 0.275022 -0.353172 0.0 0.396772 -0.852246 0.340954 0.0 -0.876859 -0.586735 -0.262682 1.0]
295
	ConcatTransform [1.1 0.0 0.0 0.0 0.0 1.1 0.0 0.0 0.0 0.0 1.1 0.0 -9.609 0.05 6.704 1.0]
	ConcatTransform [-0.209423 -0.457929 -0.86397 0.0 0.886297 0.284346 -0.365547 0.0 0.41306 -0.842288 0.346312 0.0 -0.869401 -0.586422 -0.254052 1.0]
296
	ConcatTransform [1.1 0.0 0.0 0.0 0.0 1.1 0.0 0.0 0.0 0.0 1.1 0.0 -9.609 0.05 6.704 1.0]
	ConcatTransform [-0.212311 -0.476047 -0.853407 0.0 0.874079 0.297969 -0.383666 0.0 0.436932 -0.827402 0.352841 0.0 -0.85791 -0.585635 -0.242809 1.0]
297
	ConcatTransform [1.1 0.0 0.0 0.0 0.0 1.1 0.0 0.0 0.0 0.0 1.1 0.0 -9.609 0.05 6.704 1.0]
	ConcatTransform [-0.214571 -0.484709 -0.847948 0.0 0.866402 0.306331 -0.394347 0.0 0.450896 -0.819279 0.354223 0.0 -0.850199 -0.585097 -0.236444 1.0]
298
	ConcatTransform [1.1 0.0 0.0 0.0 0.0 1.1 0.0 0.0 0.0 0.0 1.1 0.0 -9.609 0.05 6.704 1.0]
	ConcatTransform [-0.218745 -0.492099 -0.842609 0.0 0.855677 0.318311 -0.408037 0.0 0.469006 -0.810257 0.351449 0.0 -0.83891 -0.584503 -0.228711 1.0]
299
	ConcatTransform [1.1 0.0 0.0 0.0 0.0 1.1 0.0 0.0 0.0 0.0 1.1 0.0 -9.609 0.05 6.704 1.0]
	ConcatTransform [-0.221659 -0.496016 -0.839545 0.0 0.848548 0.326087 -0.416693 0.0 0.480451 -0.804758 0.348613 0.0 -0.83183 -0.584105 -0.22499 1.0]
300
	ConcatTransform [1.1 0.0 0.0 0.0 0.0 1.1 0.0 0.0 0.0 0.0 1.1 0.0 -9.609 0.05 6.704 1.0]
	ConcatTransform [-0.226288 -0.500561 -0.835603 0.0 0.837965 0.337314 -0.428993 0.0 0.496597 -0.797281 0.343123 0.0 -0.822176 -0.583521 -0.221612 1.0]
301
	ConcatTransform [1.1 0.0 0.0 0.0 0.0 1.1 0.0 0.0 0.0 0.0 1.1 0.0 -9.609 0.05 6.704 1.0]
	ConcatTransform [-0.230391 -0.499929 -0.83486 0.0 0.832081 0.343622 -0.435391 0.0 0.50454 -0.794981 0.336814 0.0 -0.8164 -0.583416 -0.22064 1.0]
302
	ConcatTransform [1.1 0.0 0.0 0.0 0.0 1.1 0.0 0.0 0.0 0.0 1.1 0.0 -9.609 0.05 6.704 1.0]
	ConcatTransform [-0.234155 -0.506216 -0.83001 0.0 0.824289 0.349299 -0.445576 0.0 0.515479 -0.788502 0.335478 0.0 -0.809656 -0.582675 -0.221192 1.0]
303
	ConcatTransform [1.1 0.0 0.0 0.0 0.0 1.1 0.0 0.0 0.0 0.0 1.1 0.0 -9.609 0.05 6.704 1.0]
	ConcatTransform [-0.237743 -0.506587 -0.828763 0.0 0.820904 0.351303 -0.450225 0.0 0.519225 -0.787373 0.332339 0.0 -0.806256 -0.582569 -0.222455 1.0]
304
	ConcatTransform [1.1 0.0 0.0 0.0 0.0 1.1 0.0 0.0 0.0 0.0 1.1 0.0 -9.609 0.05 6.704 1.0]
	ConcatTransform [-0.241995 -0.503598 -0.829354 0.0 0.819035 0.352254 -0.452879 0.0 0.520212 -0.788864 0.32722 0.0 -0.803382 -0.582748 -0.225158 1.0]
305
	ConcatTransform [1.1 0.0 0.0 0.0 0.0 1.1 0.0 0.0 0.0 0.0 1.1 0.0 -9.609 0.05 6.704 1.0]
	ConcatTransform [-0.243963 -0.500294 -0.830775 0.0 0.819069 0.352372 -0.452724 0.0 0.519237 -0.790911 0.32381 0.0 -0.803004 -0.583046 -0.227576 1.0]
306
	ConcatTransform [1.1 0.0 0.0 0.0 0.0 1.1 0.0 0.0 0.0 0.0 1.1 0.0 -9.609 0.05 6.704 1.0]
	ConcatTransform [-0.246914 -0.492094 -0.834792 0.0 0.818945 0.354563 -0.451235 0.0 0.518036 -0.795065 0.315451 0.0 -0.80468 -0.583722 -0.232027 1.0]
307
	ConcatTransform [1.1 0.0 0.0 0.0 0.0 1.1 0.0 0.0 0.0 0.0 1.1 0.0 -9.609 0.05 6.704 1.0]
	ConcatTransform [-0.248406 -0.485728 -0.838071 0.0 0.821118 0.353389 -0.448198 0.0 0.513868 -0.79949 0.311056 0.0 -0.806937 -0.584314 -0.23576 1.0]
308
	ConcatTransform [1.1 0.0 0.0 0.0 0.0 1.1 0.0 0.0 0.0 0.0 1.1 0.0 -9.609 0.05 6.704 1.0]
	ConcatTransform [-0.25533 -0.470924 -0.844415 0.0 0.828347 0.343881 -0.442252 0.0 0.498645 -0.812389 0.302286 0.0 -0.811591 -0.585693 -0.242362 1.0]
309
	ConcatTransform [1.1 0.0 0.0 0.0 0.0 1.1 0.0 0.0 0.0 0.0 1.1 0.0 -9.609 0.05 6.704 1.0]
	ConcatTransform [-0.259383 -0.459824 -0.849283 0.0 0.832227 0.339764 -0.438131 0.0 0.490019 -0.82044 0.294549 0.0 -0.815759 -0.586441 -0.247482 1.0]
310
	ConcatTransform [1.1 0.0 0.0 0.0 0.0 1.1 0.0 0.0 0.0 0.0 1.1 0.0 -9.609 0.05 6.704 1.0]
	ConcatTransform [-0.264754 -0.440997 -0.857571 0.0 0.838551 0.333844 -0.430558 0.0 0.476169 -0.833109 0.281412 0.0 -0.823025 -0.587424 -0.256191 1.0]
311
	ConcatTransform [1.1 0.0 0.0 0.0 0.0 1.1 0.0 0.0 0.0 0.0 1.1 0.0 -9.609 0.05 6.704 1.0]
	ConcatTransform [-0.268354 -0.426669 -0.863678 0.0 0.843621 0.328751 -0.42453 0.0 0.465069 -0.842542 0.271725 0.0 -0.828343 -0.587951 -0.26245 1.0]
312
	ConcatTransform [1.1 0.0 0.0 0.0 0.0 1.1 0.0 0.0 0.0 0.0 1.1 0.0 -9.609 0.05 6.704 1.0]
	ConcatTransform [-0.273079 -0.404098 -0.873002 0.0 0.851382 0.320965 -0.414886 0.0 0.447857 -0.856555 0.256393 0.0 -0.836975 -0.588394 -0.272019 1.0]
313
	ConcatTransform [1.1 0.0 0.0 0.0 0.0 1.1 0.0 0.0 0.0 0.0 1.1 0.0 -9.609 0.05 6.704 1.0]
	ConcatTransform [-0.27552 -0.390574 -0.878374 0.0 0.856144 0.315833 -0.408984 0.0 0.437157 -0.864697 0.247369 0.0 -0.843001 -0.588433 -0.278477 1.0]
314
	ConcatTransform [1.1 0.0 0.0 0.0 0.0 1.1 0.0 0.0 0.0 0.0 1.1 0.0 -9.609 0.05 6.704 1.0]
	ConcatTransform [-0.278364 -0.371221 -0.885838 0.0 0.863856 0.306385 -0.399851 0.0 0.419841 -0.87654 0.235395 0.0 -0.852045 -0.588197 -0.287825 1.0]
315
	ConcatTransform [1.1 0.0 0.0 0.0 0.0 1.1 0.0 0.0 0.0 0.0 1.1 0.0 -9.609 0.05 6.704 1.0]
	ConcatTransform [-0.279667 -0.359641 -0.890193 0.0 0.868207 0.301099 -0.394405 0.0 0.409881 -0.883175 0.228036 0.0 -0.858007 -0.587897 -0.293678 1.0]
316
	ConcatTransform [1.1 0.0 0.0 0.0 0.0 1.1 0.0 0.0 0.0 0.0 1.1 0.0 -9.609 0.05 6.704 1.0]
	ConcatTransform [-0.283817 -0.340551 -0.896366 0.0 0.87285 0.295243 -0.388541 0.0 0.396964 -0.892668 0.213455 0.0 -0.866466 -0.587189 -0.301309 1.0]
317
	ConcatTransform [1.1 0.0 0.0 0.0 0.0 1.1 0.0 0.0 0.0 0.0 1.1 0.0 -9.609 0.05 6.704 1.0]
	ConcatTransform [-0.286941 -0.331006 -0.898944 0.0 0.87434 0.292921 -0.386946 0.0 0.391401 -0.897013 0.205361 0.0 -0.871817 -0.586775 -0.305603 1.0]
318
	ConcatTransform [1.1 0.0 0.0 0.0 0.0 1.1 0.0 0.0 0.0 0.0 1.1 0.0 -9.609 0.05 6.704 1.0]
	ConcatTransform [-0.293799 -0.317365 -0.901644 0.0 0.876997 0.2857 -0.38633 0.0 0.380208 -0.904243 0.19439 0.0 -0.878754 -0.585978 -0.310858 1.0]
319
	ConcatTransform [1.1 0.0 0.0 0.0 0.0 1.1 0.0 0.0 0.0 0.0 1.1 0.0 -9.609 0.05 6.704 1.0]
	ConcatTransform [-0.298521 -0.310862 -0.902358 0.0 0.877748 0.281826 -0.387468 0.0 0.374757 -0.907711 0.188728 0.0 -0.88258 -0.585526 -0.31374 1.0]
320
	ConcatTransform [1.1 0.0 0.0 0.0 0.0 1.1 0.0 0.0 0.0 0.0 1.1 0.0 -9.609 0.05 6.704 1.0]
	ConcatTransform [-0.30563 -0.304556 -0.902129 0.0 0.87673 0.279551 -0.391401 0.0 0.371395 -0.910548 0.181574 0.0 -0.887015 -0.585088 -0.317003 1.0]
321
	ConcatTransform [1.1 0.0 0.0 0.0 0.0 1.1 0.0 0.0 0.0 0.0 1.1 0.0 -9.609 0.05 6.704 1.0]
	ConcatTransform [-0.309988 -0.304469 -0.90067 0.0 0.874693 0.27992 -0.395673 0.0 0.372585 -0.910463 0.179545 0.0 -0.889024 -0.585086 -0.318552 1.0]
322
	ConcatTransform [1.1 0.0 0.0 0.0 0.0 1.1 0.0 0.0 0.0 0.0 1.1 0.0 -9.609 0.05 6.704 1.0]
	ConcatTransform [-0.320512 -0.301652 -0.89793 0.0 0.870856 0.279104 -0.404611 0.0 0.372667 -0.911651 0.173239 0.0 -0.890211 -0.584907 -0.319714 1.0]
323
	ConcatTransform [1.1 0.0 0.0 0.0 0.0 1.1 0.0 0.0 0.0 0.0 1.1 0.0 -9.609 0.05 6.704 1.0]
	ConcatTransform [-0.330007 -0.299958 -0.895053 0.0 0.866678 0.279505 -0.413215 0.0 0.374119 -0.912087 0.167728 0.0 -0.889868 -0.584828 -0.319824 1.0]
324
	ConcatTransform [1.1 0.0 0.0 0.0 0.0 1.1 0.0 0.0 0.0 0.0 1.1 0.0 -9.609 0.05 6.704 1.0]
	ConcatTransform [-0.345185 -0.3033 -0.888176 0.0 0.855643 0.287153 -0.430601 0.0 0.385644 -0.908599 0.160396 0.0 -0.88815 -0.585292 -0.319144 1.0]
325
	ConcatTransform [1.1 0.0 0.0 0.0 0.0 1.1 0.0 0.0 0.0 0.0 1.1 0.0 -9.609 0.05 6.704 1.0]
	ConcatTransform [-0.355078 -0.309083 -0.882263 0.0 0.846562 0.294023 -0.443715 0.0 0.39655 -0.904444 0.157257 0.0 -0.886114 -0.585833 -0.318038 1.0]
326
	ConcatTransform [1.1 0.0 0.0 0.0 0.0 1.1 0.0 0.0 0.0 0.0 1.1 0.0 -9.609 0.05 6.704 1.0]
	ConcatTransform [-0.369506 -0.321423 -0.871867 0.0 0.830941 0.305688 -0.464857 0.0 0.415935 -0.896238 0.15413 0.0 -0.881818 -0.586746 -0.315407 1.0]
327
	ConcatTransform [1.1 0.0 0.0 0.0 0.0 1.1 0.0 0.0 0.0 0.0 1.1 0.0 -9.609 0.05 6.704 1.0]
	ConcatTransform [-0.379645 -0.3299 -0.864312 0.0 0.820074 0.312409 -0.479457 0.0 0.428192 -0.890824 0.151937 0.0 -0.878123 -0.587229 -0.313017 1.0]
328
	ConcatTransform [1.1 0.0 0.0 0.0 0.0 1.1 0.0 0.0 0.0 0.0 1.1 0.0 -9.609 0.05 6.704 1.0]
	ConcatTransform [-0.395468 -0.344454 -0.851444 0.0 0.802987 0.320371 -0.502568 0.0 0.44589 -0.882448 0.149895 0.0 -0.871633 -0.587833 -0.308717 1.0]
329
	ConcatTransform [1.1 0.0 0.0 0.0 0.0 1.1 0.0 0.0 0.0 0.0 1.1 0.0 -9.609 0.05 6.704 1.0]
	ConcatTransform [-0.405845 -0.35416 -0.842532 0.0 0.790781 0.326106 -0.517997 0.0 0.458209 -0.876484 0.147715 0.0 -0.866881 -0.588127 -0.305389 1.0]
330
	ConcatTransform [1.1 0.0 0.0 0.0 0.0 1.1 0.0 0.0 0.0 0.0 1.1 0.0 -9.609 0.05 6.704 1.0]
	ConcatTransform [-0.423377 -0.367341 -0.828138 0.0 0.771841 0.332368 -0.542026 0.0 0.474355 -0.868673 0.142812 0.0 -0.859213 -0.588366 -0.299987 1.0]
331
	ConcatTransform [1.1 0.0 0.0 0.0 0.0 1.1 0.0 0.0 0.0 0.0 1.1 0.0 -9.609 0.05 6.704 1.0]
	ConcatTransform [-0.436096 -0.37665 -0.817285 0.0 0.757288 0.337024 -0.559402 0.0 0.486143 -0.862873 0.138257 0.0 -0.853896 -0.588474 -0.296371 1.0]
332
	ConcatTransform [1.1 0.0 0.0 0.0 0.0 1.1 0.0 0.0 0.0 0.0 1.1 0.0 -9.609 0.05 6.704 1.0]
	ConcatTransform [-0.458109 -0.386264 -0.800585 0.0 0.734692 0.342445 -0.585627 0.0 0.500363 -0.856465 0.126908 0.0 -0.84564 -0.588431 -0.290847 1.0]
333
	ConcatTransform [1.1 0.0 0.0 0.0 0.0 1.1 0.0 0.0 0.0 0.0 1.1 0.0 -9.609 0.05 6.704 1.0]
	ConcatTransform [-0.472648 -0.395013 -0.787762 0.0 0.718174 0.345397 -0.604091 0.0 0.510715 -0.851273 0.120437 0.0 -0.84029 -0.588352 -0.28728 1.0]
334
	ConcatTransform [1.1 0.0 0.0 0.0 0.0 1.1 0.0 0.0 0.0 0.0 1.1 0.0 -9.609 0.05 6.704 1.0]
	ConcatTransform [-0.494256 -0.408747 -0.767227 0.0 0.691798 0.349511 -0.631869 0.0 0.526428 -0.843071 0.110022 0.0 -0.832588 -0.588159 -0.282113 1.0]
335
	ConcatTransform [1.1 0.0 0.0 0.0 0.0 1.1 0.0 0.0 0.0 0.0 1.1 0.0 -9.609 0.05 6.704 1.0]
	ConcatTransform [-0.508959 -0.416809 -0.753148 0.0 0.674417 0.350616 -0.649793 0.0 0.534905 -0.838653 0.102654 0.0 -0.827647 -0.58796 -0.278831 1.0]
336
	ConcatTransform [1.1 0.0 0.0 0.0 0.0 1.1 0.0 0.0 0.0 0.0 1.1 0.0 -9.609 0.05 6.704 1.0]
	ConcatTransform [-0.529939 -0.430279 -0.73077 0.0 0.648578 0.349538 -0.676144 0.0 0.546363 -0.832276 0.093836 0.0 -0.821009 -0.587572 -0.2743 1.0]
337
	ConcatTransform [1.1 0.0 0.0 0.0 0.0 1.1 0.0 0.0 0.0 0.0 1.1 0.0 -9.609 0.05 6.704 1.0]
	ConcatTransform [-0.543333 -0.437238 -0.716667 0.0 0.632307 0.34842 -0.691948 0.0 0.552247 -0.829112 0.087161 0.0 -0.817152 -0.587321 -0.271443 1.0]
338
	ConcatTransform [1.1 0.0 0.0 0.0 0.0 1.1 0.0 0.0 0.0 0.0 1.1 0.0 -9.609 0.05 6.704 1.0]
	ConcatTransform [-0.559453 -0.449421 -0.696443 0.0 0.608572 0.347722 -0.713253 0.0 0.562719 -0.822867 0.078971 0.0 -0.812556 -0.586801 -0.267739 1.0]
339
	ConcatTransform [1.1 0.0 0.0 0.0 0.0 1.1 0.0 0.0 0.0 0.0 1.1 0.0 -9.609 0.05 6.704 1.0]
	ConcatTransform [-0.568338 -0.455203 -0.685406 0.0 0.594737 0.348369 -0.724519 0.0 0.568577 -0.819408 0.072735 0.0 -0.810187 -0.586495 -0.265626 1.0]
340
	ConcatTransform [1.1 0.0 0.0 0.0 0.0 1.1 0.0 0.0 0.0 0.0 1.1 0.0 -9.609 0.05 6.704 1.0]
	ConcatTransform [-0.57939 -0.461716 -0.671659 0.0 0.578262 0.347879 -0.737965 0.0 0.574387 -0.815965 0.065436 0.0 -0.807886 -0.586103 -0.26309 1.0]
341
	ConcatTransform [1.1 0.0 0.0 0.0 0.0 1.1 0.0 0.0 0.0 0.0 1.1 0.0 -9.609 0.05 6.704 1.0]
	ConcatTransform [-0.585635 -0.464237 -0.664466 0.0 0.569716 0.34737 -0.74482 0.0 0.576589 -0.81475 0.061052 0.0 -0.807198 -0.585969 -0.261875 1.0]
342
	ConcatTransform [1.1 0.0 0.0 0.0 0.0 1.1 0.0 0.0 0.0 0.0 1.1 0.0 -9.609 0.05 6.704 1.0]
	ConcatTransform [-0.594469 -0.46664 -0.654869 0.0 0.558843 0.345824 -0.753724 0.0 0.578188 -0.814034 0.055197 0.0 -0.807458 -0.585882 -0.260701 1.0]
343
	ConcatTransform [1.1 0.0 0.0 0.0 0.0 1.1 0.0 0.0 0.0 0.0 1.1 0.0 -9.609 0.05 6.704 1.0]
	ConcatTransform [-0.5993 -0.466412 -0.650614 0.0 0.554271 0.34465 -0.757628 0.0 0.577601 -0.814663 0.05197 0.0 -0.808452 -0.585926 -0.26032 1.0]
344
	ConcatTransform [1.1 0.0 0.0 0.0 0.0 1.1 0.0 0.0 0.0 0.0 1.1 0.0 -9.609 0.05 6.704 1.0]
	ConcatTransform [-0.605868 -0.462454 -0.647348 0.0 0.550625 0.343559 -0.760775 0.0 0.574226 -0.817376 0.046488 0.0 -0.811179 -0.586175 -0.260334 1.0]
345
	ConcatTransform [1.1 0.0 0.0 0.0 0.0 1.1 0.0 0.0 0.0 0.0 1.1 0.0 -9.609 0.05 6.704 1.0]
	ConcatTransform [-0.609414 -0.458785 -0.64663 0.0 0.550257 0.342437 -0.761547 0.0 0.570816 -0.819911 0.043764 0.0 -0.813826 -0.586389 -0.260686 1.0]
346
	ConcatTransform [1.1 0.0 0.0 0.0 0.0 1.1 0.0 0.0 0.0 0.0 1.1 0.0 -9.609 0.05 6.704 1.0]
	ConcatTransform [-0.613459 -0.451929 -0.647633 0.0 0.553064 0.339535 -0.760813 0.0 0.563728 -0.82491 0.041655 0.0 -0.818958 -0.586781 -0.261565 1.0]
347
	ConcatTransform [1.1 0.0 0.0 0.0 0.0 1.1 0.0 0.0 0.0 0.0 1.1 0.0 -9.609 0.05 6.704 1.0]
	ConcatTransform [-0.615252 -0.445962 -0.650064 0.0 0.557436 0.336973 -0.758758 0.0 0.557431 -0.829196 0.041272 0.0 -0.822996 -0.587107 -0.262375 1.0]
348
	ConcatTransform [1.1 0.0 0.0 0.0 0.0 1.1 0.0 0.0 0.0 0.0 1.1 0.0 -9.609 0.05 6.704 1.0]
	ConcatTransform [-0.616288 -0.435733 -0.655992 0.0 0.566676 0.333074 -0.753618 0.0 0.54687 -0.836181 0.04165 0.0 -0.829826 -0.58753 -0.263744 1.0]
349
	ConcatTransform [1.1 0.0 0.0 0.0 0.0 1.1 0.0 0.0 0.0 0.0 1.1 0.0 -9.609 0.05 6.704 1.0]
	ConcatTransform [-0.616001 -0.42928 -0.660501 0.0 0.573868 0.329849 -0.749584 0.0 0.539647 -0.840784 0.043163 0.0 -0.834783 -0.587792 -0.264846 1.0]
350
	ConcatTransform [1.1 0.0 0.0 0.0 0.0 1.1 0.0 0.0 0.0 0.0 1.1 0.0 -9.609 0.05 6.704 1.0]
	ConcatTransform [-0.614693 -0.41746 -0.669238 0.0 0.585825 0.326515 -0.741753 0.0 0.528168 -0.848007 0.043852 0.0 -0.842661 -0.588111 -0.266488 1.0]
351
	ConcatTransform [1.1 0.0 0.0 0.0 0.0 1.1 0.0 0.0 0.0 0.0 1.1 0.0 -9.609 0.05 6.704 1.0]
	ConcatTransform [-0.611916 -0.408955 -0.676989 0.0 0.596854 0.322868 -0.734521 0.0 0.518965 -0.853529 0.046518 0.0 -0.848019 -0.588252 -0.267756 1.0]
352
	ConcatTransform [1.1 0.0 0.0 0.0 0.0 1.1 0.0 0.0 0.0 0.0 1.1 0.0 -9.609 0.05 6.704 1.0]
	ConcatTransform [-0.607032 -0.396336 -0.688789 0.0 0.613458 0.317261 -0.723197 0.0 0.505155 -0.861547 0.050548 0.0 -0.85616 -0.588359 -0.269866 1.0]
353
	ConcatTransform [1.1 0.0 0.0 0.0 0.0 1.1 0.0 0.0 0.0 0.0 1.1 0.0 -9.609 0.05 6.704 1.0]
	ConcatTransform [-0.603183 -0.388625 -0.696521 0.0 0.623786 0.314357 -0.715591 0.0 0.497053 -0.866112 0.052804 0.0 -0.861587 -0.588366 -0.271434 1.0]
354
	ConcatTransform [1.1 0.0 0.0 0.0 0.0 1.1 0.0 0.0 0.0 0.0 1.1 0.0 -9.609 0.05 6.704 1.0]
	ConcatTransform [-0.598144 -0.376676 -0.707347 0.0 0.639186 0.308166 -0.70461 0.0 0.48339 -0.873584 0.056438 0.0 -0.869254 -0.588248 -0.273783 1.0]
355
	ConcatTransform [1.1 0.0 0.0 0.0 0.0 1.1 0.0 0.0 0.0 0.0 1.1 0.0 -9.609 0.05 6.704 1.0]
	ConcatTransform [-0.594235 -0.369801 -0.714235 0.0 0.648519 0.304943 -0.697447 0.0 0.475717 -0.877643 0.058615 0.0 -0.873972 -0.588146 -0.275403 1.0]
356
	ConcatTransform [1.1 0.0 0.0 0.0 0.0 1.1 0.0 0.0 0.0 0.0 1.1 0.0 -9.609 0.05 6.704 1.0]
	ConcatTransform [-0.587964 -0.359243 -0.724736 0.0 0.661111 0.302834 -0.686458 0.0 0.46608 -0.882743 0.059444 0.0 -0.880425 -0.587893 -0.27776 1.0]
357
	ConcatTransform [1.1 0.0 0.0 0.0 0.0 1.1 0.0 0.0 0.0 0.0 1.1 0.0 -9.609 0.05 6.704 1.0]
	ConcatTransform [-0.584871 -0.35267 -0.730445 0.0 0.668795 0.299868 -0.680288 0.0 0.458954 -0.886399 0.06048 0.0 -0.884151 -0.587684 -0.279378 1.0]
358
	ConcatTransform [1.1 0.0 0.0 0.0 0.0 1.1 0.0 0.0 0.0 0.0 1.1 0.0 -9.609 0.05 6.704 1.0]
	ConcatTransform [-0.581143 -0.344693 -0.737197 0.0 0.677218 0.297493 -0.67296 0.0 0.451275 -0.890328 0.060547 0.0 -0.888873 -0.587384 -0.281736 1.0]
359
	ConcatTransform [1.1 0.0 0.0 0.0 0.0 1.1 0.0 0.0 0.0 0.0 1.1 0.0 -9.609 0.05 6.704 1.0]
	ConcatTransform [-0.578643 -0.341332 -0.740719 0.0 0.681073 0.297405 -0.669096 0.0 0.448678 -0.891652 0.060381 0.0 -0.891351 -0.587292 -0.283226 1.0]
360
	ConcatTransform [1.1 0.0 0.0 0.0 0.0 1.1 0.0 0.0 0.0 0.0 1.1 0.0 -9.609 0.05 6.704 1.0]
	ConcatTransform [0.834433 -0.374058 0.404725 0.0 -0.282689 0.339898 0.896971 0.0 -0.473084 -0.862873 0.17788 0.0 -1.54659 -0.588368 -0.938105 1.0]
