228
	ConcatTransform [1.1 0.0 0.0 0.0 0.0 1.1 0.0 0.0 0.0 0.0 1.1 0.0 -9.609 0.05 6.704 1.0]
	ConcatTransform [0.998494 -0.004671 -0.054659 0.0 0.003894 0.99989 -0.014317 0.0 0.054719 0.014083 0.998402 0.0 0.021374 -0.000284 -0.05645 1.0]
229
	ConcatTransform [1.1 0.0 0.0 0.0 0.0 1.1 0.0 0.0 0.0 0.0 1.1 0.0 -9.609 0.05 6.704 1.0]
	ConcatTransform [0.99621 0.001886 -0.086961 0.0 -0.002283 0.999987 -0.00447 0.0 0.086952 0.004652 0.996202 0.0 0.039747 -0.008058 -0.104069 1.0]
230
	ConcatTransform [1.1 0.0 0.0 0.0 0.0 1.1 0.0 0.0 0.0 0.0 1.1 0.0 -9.609 0.05 6.704 1.0]
	ConcatTransform [0.993805 0.00908 -0.110763 0.0 -0.005451 0.99944 0.033019 0.0 0.111 -0.03221 0.993298 0.0 0.069101 -0.037505 -0.174028 1.0]
231
	ConcatTransform [1.1 0.0 0.0 0.0 0.0 1.1 0.0 0.0 0.0 0.0 1.1 0.0 -9.609 0.05 6.704 1.0]
	ConcatTransform [0.992247 0.024617 -0.121823 0.0 -0.015759 0.997197 0.073146 0.0 0.123282 -0.070659 0.989853 0.0 0.088541 -0.068768 -0.219761 1.0]
232
	ConcatTransform [1.1 0.0 0.0 0.0 0.0 1.1 0.0 0.0 0.0 0.0 1.1 0.0 -9.609 0.05 6.704 1.0]
	ConcatTransform [0.989342 0.062666 -0.131433 0.0 -0.042201 0.987313 0.153074 0.0 0.139358 -0.145896 0.979435 0.0 0.11747 -0.133254 -0.28739 1.0]
233
	ConcatTransform [1.1 0.0 0.0 0.0 0.0 1.1 0.0 0.0 0.0 0.0 1.1 0.0 -9.609 0.05 6.704 1.0]
	ConcatTransform [0.986179 0.097459 -0.13399 0.0 -0.065848 0.972635 0.222813 0.0 0.152038 -0.210911 0.965609 0.0 0.136518 -0.187842 -0.331746 1.0]
234
	ConcatTransform [1.1 0.0 0.0 0.0 0.0 1.1 0.0 0.0 0.0 0.0 1.1 0.0 -9.609 0.05 6.704 1.0]
	ConcatTransform [0.976353 0.167953 -0.13611 0.0 -0.11027 0.928462 0.354681 0.0 0.185943 -0.331285 0.925027 0.0 0.164209 -0.286818 -0.39729 1.0]
235
	ConcatTransform [1.1 0.0 0.0 0.0 0.0 1.1 0.0 0.0 0.0 0.0 1.1 0.0 -9.609 0.05 6.704 1.0]
	ConcatTransform [0.96308 0.235606 -0.130257 0.0 -0.151933 0.87509 0.459494 0.0 0.222246 -0.422739 0.878577 0.0 0.181601 -0.364181 -0.43997 1.0]
236
	ConcatTransform [1.1 0.0 0.0 0.0 0.0 1.1 0.0 0.0 0.0 0.0 1.1 0.0 -9.609 0.05 6.704 1.0]
	ConcatTransform [0.941003 0.328946 -0.07942 0.0 -0.209987 0.751657 0.625234 0.0 0.265365 -0.57167 0.776386 0.0 0.208666 -0.496542 -0.504506 1.0]
237
	ConcatTransform [1.1 0.0 0.0 0.0 0.0 1.1 0.0 0.0 0.0 0.0 1.1 0.0 -9.609 0.05 6.704 1.0]
	ConcatTransform [0.912981 0.407383 -0.022475 0.0 -0.261021 0.625533 0.735239 0.0 0.313583 -0.665392 0.677435 0.0 0.227405 -0.553723 -0.565442 1.0]
238
	ConcatTransform [1.1 0.0 0.0 0.0 0.0 1.1 0.0 0.0 0.0 0.0 1.1 0.0 -9.609 0.05 6.704 1.0]
	ConcatTransform [0.881365 0.463081 0.09355 0.0 -0.30212 0.400236 0.865179 0.0 0.363206 -0.790802 0.49266 0.0 0.263142 -0.56285 -0.681952 1.0]
239
	ConcatTransform [1.1 0.0 0.0 0.0 0.0 1.1 0.0 0.0 0.0 0.0 1.1 0.0 -9.609 0.05 6.704 1.0]
	ConcatTransform [0.862202 0.478178 0.167195 0.0 -0.317914 0.25382 0.913513 0.0 0.394384 -0.840786 0.370864 0.0 0.286024 -0.550823 -0.761325 1.0]
240
	ConcatTransform [1.1 0.0 0.0 0.0 0.0 1.1 0.0 0.0 0.0 0.0 1.1 0.0 -9.609 0.05 6.704 1.0]
	ConcatTransform [0.839599 0.471255 0.270173 0.0 -0.325182 0.037634 0.944902 0.0 0.435122 -0.881194 0.184841 0.0 0.316984 -0.512547 -0.872622 1.0]
241
	ConcatTransform [1.1 0.0 0.0 0.0 0.0 1.1 0.0 0.0 0.0 0.0 1.1 0.0 -9.609 0.05 6.704 1.0]
	ConcatTransform [0.82088 0.474917 0.31719 0.0 -0.326745 -0.064965 0.942877 0.0 0.468395 -0.877629 0.101848 0.0 0.334565 -0.485013 -0.943858 1.0]
242
	ConcatTransform [1.1 0.0 0.0 0.0 0.0 1.1 0.0 0.0 0.0 0.0 1.1 0.0 -9.609 0.05 6.704 1.0]
	ConcatTransform [0.796623 0.471674 0.378041 0.0 -0.309877 -0.218315 0.925373 0.0 0.519006 -0.85432 -0.027754 0.0 0.354357 -0.436153 -1.031963 1.0]
243
	ConcatTransform [1.1 0.0 0.0 0.0 0.0 1.1 0.0 0.0 0.0 0.0 1.1 0.0 -9.609 0.05 6.704 1.0]
	ConcatTransform [0.790789 0.464453 0.398668 0.0 -0.287508 -0.293147 0.911814 0.0 0.540363 -0.835672 -0.098284 0.0 0.365619 -0.406417 -1.083658 1.0]
244
	ConcatTransform [1.1 0.0 0.0 0.0 0.0 1.1 0.0 0.0 0.0 0.0 1.1 0.0 -9.609 0.05 6.704 1.0]
	ConcatTransform [0.783653 0.458252 0.419396 0.0 -0.251258 -0.383626 0.888651 0.0 0.568118 -0.80177 -0.18549 0.0 0.378099 -0.366679 -1.149092 1.0]
245
	ConcatTransform [1.1 0.0 0.0 0.0 0.0 1.1 0.0 0.0 0.0 0.0 1.1 0.0 -9.609 0.05 6.704 1.0]
	ConcatTransform [0.783758 0.455162 0.422554 0.0 -0.225506 -0.425375 0.876472 0.0 0.57868 -0.78223 -0.230749 0.0 0.384889 -0.34662 -1.187393 1.0]
246
	ConcatTransform [1.1 0.0 0.0 0.0 0.0 1.1 0.0 0.0 0.0 0.0 1.1 0.0 -9.609 0.05 6.704 1.0]
	ConcatTransform [0.784335 0.458471 0.417879 0.0 -0.191546 -0.461723 0.866096 0.0 0.590024 -0.759353 -0.274327 0.0 0.392533 -0.327844 -1.238062 1.0]
247
	ConcatTransform [1.1 0.0 0.0 0.0 0.0 1.1 0.0 0.0 0.0 0.0 1.1 0.0 -9.609 0.05 6.704 1.0]
	ConcatTransform [0.786646 0.465695 0.405359 0.0 -0.170149 -0.467609 0.867405 0.0 0.593496 -0.751312 -0.288605 0.0 0.396595 -0.324234 -1.268783 1.0]
248
	ConcatTransform [1.1 0.0 0.0 0.0 0.0 1.1 0.0 0.0 0.0 0.0 1.1 0.0 -9.609 0.05 6.704 1.0]
	ConcatTransform [0.792392 0.485196 0.369729 0.0 -0.139212 -0.446274 0.884002 0.0 0.593915 -0.751947 -0.286079 0.0 0.401523 -0.333746 -1.312127 1.0]
249
	ConcatTransform [1.1 0.0 0.0 0.0 0.0 1.1 0.0 0.0 0.0 0.0 1.1 0.0 -9.609 0.05 6.704 1.0]
	ConcatTransform [0.796937 0.501905 0.336128 0.0 -0.119959 -0.413867 0.902399 0.0 0.592031 -0.759477 -0.269618 0.0 0.403679 -0.348535 -1.337326 1.0]
250
	ConcatTransform [1.1 0.0 0.0 0.0 0.0 1.1 0.0 0.0 0.0 0.0 1.1 0.0 -9.609 0.05 6.704 1.0]
	ConcatTransform [0.805282 0.528228 0.269252 0.0 -0.091408 -0.338092 0.936663 0.0 0.585804 -0.77889 -0.223975 0.0 0.404965 -0.381319 -1.367464 1.0]
251
	ConcatTransform [1.1 0.0 0.0 0.0 0.0 1.1 0.0 0.0 0.0 0.0 1.1 0.0 -9.609 0.05 6.704 1.0]
	ConcatTransform [0.811709 0.543227 0.214554 0.0 -0.071524 -0.272132 0.959598 0.0 0.579666 -0.79426 -0.182038 0.0 0.40403 -0.407541 -1.379758 1.0]
252
	ConcatTransform [1.1 0.0 0.0 0.0 0.0 1.1 0.0 0.0 0.0 0.0 1.1 0.0 -9.609 0.05 6.704 1.0]
	ConcatTransform [0.819762 0.557027 0.133085 0.0 -0.039019 -0.177517 0.983344 0.0 0.571374 -0.8113 -0.123787 0.0 0.397554 -0.441589 -1.374904 1.0]
253
	ConcatTransform [1.1 0.0 0.0 0.0 0.0 1.1 0.0 0.0 0.0 0.0 1.1 0.0 -9.609 0.05 6.704 1.0]
	ConcatTransform [0.824995 0.559247 0.081403 0.0 -0.013886 -0.123937 0.992193 0.0 0.56497 -0.819684 -0.094481 0.0 0.390053 -0.458356 -1.355299 1.0]
254
	ConcatTransform [1.1 0.0 0.0 0.0 0.0 1.1 0.0 0.0 0.0 0.0 1.1 0.0 -9.609 0.05 6.704 1.0]
	ConcatTransform [0.831122 0.555957 -0.012183 0.0 0.023679 -0.013494 0.999629 0.0 0.555586 -0.831101 -0.02438 0.0 0.377422 -0.489429 -1.319748 1.0]
255
	ConcatTransform [1.1 0.0 0.0 0.0 0.0 1.1 0.0 0.0 0.0 0.0 1.1 0.0 -9.609 0.05 6.704 1.0]
	ConcatTransform [0.835686 0.542756 -0.083935 0.0 0.052961 0.072478 0.995963 0.0 0.546648 -0.836758 0.031824 0.0 0.368279 -0.510016 -1.289853 1.0]
256
	ConcatTransform [1.1 0.0 0.0 0.0 0.0 1.1 0.0 0.0 0.0 0.0 1.1 0.0 -9.609 0.05 6.704 1.0]
	ConcatTransform [0.842369 0.500891 -0.198801 0.0 0.104589 0.209932 0.972106 0.0 0.528654 -0.839665 0.124452 0.0 0.353855 -0.535142 -1.235642 1.0]
257
	ConcatTransform [1.1 0.0 0.0 0.0 0.0 1.1 0.0 0.0 0.0 0.0 1.1 0.0 -9.609 0.05 6.704 1.0]
	ConcatTransform [0.841842 0.466405 -0.271605 0.0 0.137608 0.301119 0.943606 0.0 0.521888 -0.831741 0.189313 0.0 0.343315 -0.546109 -1.194436 1.0]
258
	ConcatTransform [1.1 0.0 0.0 0.0 0.0 1.1 0.0 0.0 0.0 0.0 1.1 0.0 -9.609 0.05 6.704 1.0]
	ConcatTransform [0.836771 0.402007 -0.371758 0.0 0.188703 0.425629 0.885003 0.0 0.514009 -0.810697 0.280294 0.0 0.32759 -0.552504 -1.127993 1.0]
259
	ConcatTransform [1.1 0.0 0.0 0.0 0.0 1.1 0.0 0.0 0.0 0.0 1.1 0.0 -9.609 0.05 6.704 1.0]
	ConcatTransform [0.82455 0.365722 -0.4317 0.0 0.22373 0.49006 0.842488 0.0 0.519675 -0.791258 0.322256 0.0 0.31885 -0.550948 -1.080655 1.0]
260
	ConcatTransform [1.1 0.0 0.0 0.0 0.0 1.1 0.0 0.0 0.0 0.0 1.1 0.0 -9.609 0.05 6.704 1.0]
	ConcatTransform [0.801492 0.303533 -0.515245 0.0 0.278547 0.572937 0.770815 0.0 0.529171 -0.761322 0.374656 0.0 0.30878 -0.543418 -1.010062 1.0]
261
	ConcatTransform [1.1 0.0 0.0 0.0 0.0 1.1 0.0 0.0 0.0 0.0 1.1 0.0 -9.609 0.05 6.704 1.0]
	ConcatTransform [0.78353 0.254104 -0.567021 0.0 0.312592 0.627467 0.713142 0.0 0.536999 -0.736014 0.412208 0.0 0.303442 -0.534441 -0.965752 1.0]
262
	ConcatTransform [1.1 0.0 0.0 0.0 0.0 1.1 0.0 0.0 0.0 0.0 1.1 0.0 -9.609 0.05 6.704 1.0]
	ConcatTransform [0.762647 0.187062 -0.619175 0.0 0.355218 0.678865 0.642622 0.0 0.540546 -0.710036 0.451286 0.0 0.298224 -0.518008 -0.90483 1.0]
263
	ConcatTransform [1.1 0.0 0.0 0.0 0.0 1.1 0.0 0.0 0.0 0.0 1.1 0.0 -9.609 0.05 6.704 1.0]
	ConcatTransform [0.745056 0.170776 -0.644769 0.0 0.368429 0.700446 0.611257 0.0 0.556014 -0.692972 0.458953 0.0 0.295765 -0.506875 -0.873698 1.0]
264
	ConcatTransform [1.1 0.0 0.0 0.0 0.0 1.1 0.0 0.0 0.0 0.0 1.1 0.0 -9.609 0.05 6.704 1.0]
	ConcatTransform [0.718263 0.163336 -0.676328 0.0 0.38479 0.71662 0.581715 0.0 0.579685 -0.678069 0.451872 0.0 0.293817 -0.497905 -0.83836 1.0]
265
	ConcatTransform [1.1 0.0 0.0 0.0 0.0 1.1 0.0 0.0 0.0 0.0 1.1 0.0 -9.609 0.05 6.704 1.0]
	ConcatTransform [0.713548 0.155435 -0.683147 0.0 0.389927 0.721999 0.571555 0.0 0.58207 -0.674209 0.454572 0.0 0.293929 -0.492946 -0.824177 1.0]
266
	ConcatTransform [1.1 0.0 0.0 0.0 0.0 1.1 0.0 0.0 0.0 0.0 1.1 0.0 -9.609 0.05 6.704 1.0]
	ConcatTransform [0.707022 0.150288 -0.691038 0.0 0.408667 0.710658 0.572675 0.0 0.577158 -0.687298 0.441034 0.0 0.295384 -0.495283 -0.808721 1.0]
267
	ConcatTransform [1.1 0.0 0.0 0.0 0.0 1.1 0.0 0.0 0.0 0.0 1.1 0.0 -9.609 0.05 6.704 1.0]
	ConcatTransform [0.697993 0.154461 -0.699248 0.0 0.417654 0.705378 0.572719 0.0 0.581697 -0.691798 0.427838 0.0 0.296657 -0.497793 -0.808009 1.0]
268
	ConcatTransform [1.1 0.0 0.0 0.0 0.0 1.1 0.0 0.0 0.0 0.0 1.1 0.0 -9.609 0.05 6.704 1.0]
	ConcatTransform [0.687205 0.174089 -0.705296 0.0 0.428195 0.687218 0.586839 0.0 0.586854 -0.705283 0.397716 0.0 0.299407 -0.508469 -0.81539 1.0]
269
	ConcatTransform [1.1 0.0 0.0 0.0 0.0 1.1 0.0 0.0 0.0 0.0 1.1 0.0 -9.609 0.05 6.704 1.0]
	ConcatTransform [0.679833 0.197651 -0.706231 0.0 0.432226 0.669983 0.603576 0.0 0.59246 -0.715582 0.370047 0.0 0.301404 -0.519573 -0.826214 1.0]
270
	ConcatTransform [1.1 0.0 0.0 0.0 0.0 1.1 0.0 0.0 0.0 0.0 1.1 0.0 -9.609 0.05 6.704 1.0]
	ConcatTransform [0.673 0.250604 -0.695895 0.0 0.431277 0.631398 0.644466 0.0 0.600892 -0.733849 0.316851 0.0 0.303712 -0.532842 -0.852042 1.0]
271
	ConcatTransform [1.1 0.0 0.0 0.0 0.0 1.1 0.0 0.0 0.0 0.0 1.1 0.0 -9.609 0.05 6.704 1.0]
	ConcatTransform [0.673308 0.288066 -0.680937 0.0 0.428552 0.598438 0.676916 0.0 0.602494 -0.74759 0.279482 0.0 0.305115 -0.539015 -0.873325 1.0]
272
	ConcatTransform [1.1 0.0 0.0 0.0 0.0 1.1 0.0 0.0 0.0 0.0 1.1 0.0 -9.609 0.05 6.704 1.0]
	ConcatTransform [0.678885 0.344183 -0.648577 0.0 0.422137 0.539781 0.728311 0.0 0.600762 -0.768228 0.221157 0.0 0.307197 -0.546515 -0.909214 1.0]
273
	ConcatTransform [1.1 0.0 0.0 0.0 0.0 1.1 0.0 0.0 0.0 0.0 1.1 0.0 -9.609 0.05 6.704 1.0]
	ConcatTransform [0.682159 0.381833 -0.623588 0.0 0.41522 0.499698 0.760194 0.0 0.601873 -0.777499 0.182329 0.0 0.308274 -0.549488 -0.935155 1.0]
274
	ConcatTransform [1.1 0.0 0.0 0.0 0.0 1.1 0.0 0.0 0.0 0.0 1.1 0.0 -9.609 0.05 6.704 1.0]
	ConcatTransform [0.691208 0.432749 -0.578758 0.0 0.403992 0.432645 0.805983 0.0 0.599185 -0.790915 0.124221 0.0 0.30968 -0.550796 -0.975367 1.0]
275
	ConcatTransform [1.1 0.0 0.0 0.0 0.0 1.1 0.0 0.0 0.0 0.0 1.1 0.0 -9.609 0.05 6.704 1.0]
	ConcatTransform [0.697057 0.464735 -0.546016 0.0 0.394686 0.387064 0.83331 0.0 0.598611 -0.796369 0.086381 0.0 0.310258 -0.549489 -1.001882 1.0]
276
	ConcatTransform [1.1 0.0 0.0 0.0 0.0 1.1 0.0 0.0 0.0 0.0 1.1 0.0 -9.609 0.05 6.704 1.0]
	ConcatTransform [0.706582 0.50543 -0.495261 0.0 0.37837 0.32158 0.867999 0.0 0.597978 -0.800704 0.035983 0.0 0.310828 -0.544836 -1.040551 1.0]
277
	ConcatTransform [1.1 0.0 0.0 0.0 0.0 1.1 0.0 0.0 0.0 0.0 1.1 0.0 -9.609 0.05 6.704 1.0]
	ConcatTransform [0.71332 0.526544 -0.462522 0.0 0.367435 0.28101 0.88658 0.0 0.596797 -0.802362 0.006979 0.0 0.311129 -0.540531 -1.064922 1.0]
278
	ConcatTransform [1.1 0.0 0.0 0.0 0.0 1.1 0.0 0.0 0.0 0.0 1.1 0.0 -9.609 0.05 6.704 1.0]
	ConcatTransform [0.723236 0.550932 -0.416418 0.0 0.351628 0.225197 0.90865 0.0 0.59438 -0.803592 -0.030852 0.0 0.311217 -0.533076 -1.098015 1.0]
279
	ConcatTransform [1.1 0.0 0.0 0.0 0.0 1.1 0.0 0.0 0.0 0.0 1.1 0.0 -9.609 0.05 6.704 1.0]
	ConcatTransform [0.729492 0.562598 -0.389005 0.0 0.341516 0.193171 0.919811 0.0 0.592628 -0.803846 -0.05122 0.0 0.311055 -0.528033 -1.117304 1.0]
280
	ConcatTransform [1.1 0.0 0.0 0.0 0.0 1.1 0.0 0.0 0.0 0.0 1.1 0.0 -9.609 0.05 6.704 1.0]
	ConcatTransform [0.739039 0.571043 -0.357395 0.0 0.328829 0.15724 0.931207 0.0 0.587956 -0.805721 -0.071569 0.0 0.310721 -0.52195 -1.141947 1.0]
281
	ConcatTransform [1.1 0.0 0.0 0.0 0.0 1.1 0.0 0.0 0.0 0.0 1.1 0.0 -9.609 0.05 6.704 1.0]
	ConcatTransform [0.744354 0.57532 -0.339033 0.0 0.319756 0.138643 0.937302 0.0 0.586253 -0.806092 -0.080763 0.0 0.310188 -0.518547 -1.154623 1.0]
282
	ConcatTransform [1.1 0.0 0.0 0.0 0.0 1.1 0.0 0.0 0.0 0.0 1.1 0.0 -9.609 0.05 6.704 1.0]
	ConcatTransform [0.751065 0.579382 -0.316573 0.0 0.305417 0.120209 0.944601 0.0 0.585339 -0.806143 -0.086668 0.0 0.308903 -0.514983 -1.167759 1.0]
283
	ConcatTransform [1.1 0.0 0.0 0.0 0.0 1.1 0.0 0.0 0.0 0.0 1.1 0.0 -9.609 0.05 6.704 1.0]
	ConcatTransform [0.755663 0.577784 -0.308447 0.0 0.297298 0.117038 0.947584 0.0 0.583599 -0.807755 -0.083332 0.0 0.307995 -0.514502 -1.173022 1.0]
284
	ConcatTransform [1.1 0.0 0.0 0.0 0.0 1.1 0.0 0.0 0.0 0.0 1.1 0.0 -9.609 0.05 6.704 1.0]
	ConcatTransform [0.763288 0.569039 -0.305919 0.0 0.28786 0.124366 0.949563 0.0 0.578384 -0.812852 -0.068877 0.0 0.306649 -0.516443 -1.175444 1.0]
285
	ConcatTransform [1.1 0.0 0.0 0.0 0.0 1.1 0.0 0.0 0.0 0.0 1.1 0.0 -9.609 0.05 6.704 1.0]
	ConcatTransform [0.767539 0.562331 -0.307682 0.0 0.28118 0.135991 0.949971 0.0 0.57604 -0.815653 -0.053738 0.0 0.305417 -0.518896 -1.173074 1.0]
286
	ConcatTransform [1.1 0.0 0.0 0.0 0.0 1.1 0.0 0.0 0.0 0.0 1.1 0.0 -9.609 0.05 6.704 1.0]
	ConcatTransform [0.772742 0.55096 -0.31514 0.0 0.270554 0.163218 0.948768 0.0 0.574169 -0.818415 -0.022939 0.0 0.303099 -0.524015 -1.16377 1.0]
287
	ConcatTransform [1.1 0.0 0.0 0.0 0.0 1.1 0.0 0.0 0.0 0.0 1.1 0.0 -9.609 0.05 6.704 1.0]
	ConcatTransform [0.77679 0.539124 -0.325487 0.0 0.265275 0.188637 0.94554 0.0 0.571163 -0.820829 0.003515 0.0 0.301543 -0.528529 -1.15426 1.0]
288
	ConcatTransform [1.1 0.0 0.0 0.0 0.0 1.1 0.0 0.0 0.0 0.0 1.1 0.0 -9.609 0.05 6.704 1.0]
	ConcatTransform [0.783844 0.514489 -0.347692 0.0 0.260038 0.236498 0.936188 0.0 0.563887 -0.824239 0.051591 0.0 0.299245 -0.535935 -1.135348 1.0]
289
	ConcatTransform [1.1 0.0 0.0 0.0 0.0 1.1 0.0 0.0 0.0 0.0 1.1 0.0 -9.609 0.05 6.704 1.0]
	ConcatTransform [0.787953 0.497183 -0.363234 0.0 0.256105 0.271835 0.92764 0.0 0.559947 -0.823963 0.086862 0.0 0.297462 -0.54037 -1.119681 1.0]
290
	ConcatTransform [1.1 0.0 0.0 0.0 0.0 1.1 0.0 0.0 0.0 0.0 1.1 0.0 -9.609 0.05 6.704 1.0]
	ConcatTransform [0.793342 0.470202 -0.386676 0.0 0.24981 0.327786 0.911126 0.0 0.555161 -0.81943 0.142585 0.0 0.294527 -0.545745 -1.092508 1.0]
291
	ConcatTransform [1.1 0.0 0.0 0.0 0.0 1.1 0.0 0.0 0.0 0.0 1.1 0.0 -9.609 0.05 6.704 1.0]
	ConcatTransform [0.797374 0.44919 -0.403017 0.0 0.246923 0.366517 0.897048 0.0 0.550657 -0.814797 0.181336 0.0 0.292651 -0.548253 -1.072657 1.0]
292
	ConcatTransform [1.1 0.0 0.0 0.0 0.0 1.1 0.0 0.0 0.0 0.0 1.1 0.0 -9.609 0.05 6.704 1.0]
	ConcatTransform [0.803358 0.416355 -0.425751 0.0 0.243012 0.423496 0.872695 0.0 0.543655 -0.804549 0.23904 0.0 0.289905 -0.550249 -1.041236 1.0]
293
	ConcatTransform [1.1 0.0 0.0 0.0 0.0 1.1 0.0 0.0 0.0 0.0 1.1 0.0 -9.609 0.05 6.704 1.0]
	ConcatTransform [0.806801 0.395624 -0.438809 0.0 0.239723 0.459623 0.855149 0.0 0.540004 -0.795128 0.275985 0.0 0.288069 -0.550208 -1.019812 1.0]
294
	ConcatTransform [1.1 0.0 0.0 0.0 0.0 1.1 0.0 0.0 0.0 0.0 1.1 0.0 -9.609 0.05 6.704 1.0]
	ConcatTransform [0.812075 0.364922 -0.455374 0.0 0.234915 0.509895 0.82754 0.0 0.534181 -0.778998 0.328348 0.0 0.285584 -0.548377 -0.988166 1.0]
295
	ConcatTransform [1.1 0.0 0.0 0.0 0.0 1.1 0.0 0.0 0.0 0.0 1.1 0.0 -9.609 0.05 6.704 1.0]
	ConcatTransform [0.815497 0.346254 -0.46376 0.0 0.231254 0.539609 0.809533 0.0 0.530553 -0.767418 0.359977 0.0 0.28409 -0.546036 -0.967971 1.0]
296
	ConcatTransform [1.1 0.0 0.0 0.0 0.0 1.1 0.0 0.0 0.0 0.0 1.1 0.0 -9.609 0.05 6.704 1.0]
	ConcatTransform [0.819752 0.324023 -0.472245 0.0 0.223824 0.57774 0.784933 0.0 0.527171 -0.74915 0.40108 0.0 0.281941 -0.542152 -0.939788 1.0]
297
	ConcatTransform [1.1 0.0 0.0 0.0 0.0 1.1 0.0 0.0 0.0 0.0 1.1 0.0 -9.609 0.05 6.704 1.0]
	ConcatTransform [0.822952 0.310458 -0.47578 0.0 0.218973 0.599426 0.769895 0.0 0.524215 -0.73777 0.425317 0.0 0.280833 -0.539413 -0.922976 1.0]
298
	ConcatTransform [1.1 0.0 0.0 0.0 0.0 1.1 0.0 0.0 0.0 0.0 1.1 0.0 -9.609 0.05 6.704 1.0]
	ConcatTransform [0.828712 0.291509 -0.477765 0.0 0.212322 0.626084 0.750292 0.0 0.517838 -0.723216 0.456949 0.0 0.279789 -0.535245 -0.901432 1.0]
299
	ConcatTransform [1.1 0.0 0.0 0.0 0.0 1.1 0.0 0.0 0.0 0.0 1.1 0.0 -9.609 0.05 6.704 1.0]
	ConcatTransform [0.832046 0.284315 -0.476302 0.0 0.206314 0.638439 0.741505 0.0 0.514911 -0.715234 0.472553 0.0 0.279233 -0.532648 -0.889632 1.0]
300
	ConcatTransform [1.1 0.0 0.0 0.0 0.0 1.1 0.0 0.0 0.0 0.0 1.1 0.0 -9.609 0.05 6.704 1.0]
	ConcatTransform [0.836372 0.280029 -0.471239 0.0 0.195264 0.651082 0.733461 0.0 0.512206 -0.705462 0.489867 0.0 0.278653 -0.530815 -0.875901 1.0]
301
	ConcatTransform [1.1 0.0 0.0 0.0 0.0 1.1 0.0 0.0 0.0 0.0 1.1 0.0 -9.609 0.05 6.704 1.0]
	ConcatTransform [0.83972 0.279407 -0.46562 0.0 0.187834 0.655075 0.731844 0.0 0.509498 -0.702003 0.497598 0.0 0.278688 -0.530141 -0.869777 1.0]
302
	ConcatTransform [1.1 0.0 0.0 0.0 0.0 1.1 0.0 0.0 0.0 0.0 1.1 0.0 -9.609 0.05 6.704 1.0]
	ConcatTransform [0.84606 0.279542 -0.453915 0.0 0.177515 0.655153 0.734345 0.0 0.502664 -0.701877 0.504676 0.0 0.279502 -0.530115 -0.865353 1.0]
303
	ConcatTransform [1.1 0.0 0.0 0.0 0.0 1.1 0.0 0.0 0.0 0.0 1.1 0.0 -9.609 0.05 6.704 1.0]
	ConcatTransform [0.849252 0.28588 -0.443895 0.0 0.168317 0.650278 0.740816 0.0 0.500439 -0.703855 0.504132 0.0 0.280147 -0.531238 -0.865202 1.0]
304
	ConcatTransform [1.1 0.0 0.0 0.0 0.0 1.1 0.0 0.0 0.0 0.0 1.1 0.0 -9.609 0.05 6.704 1.0]
	ConcatTransform [0.851936 0.30436 -0.42611 0.0 0.150326 0.637332 0.755784 0.0 0.501604 -0.707935 0.497213 0.0 0.281199 -0.534114 -0.869325 1.0]
305
	ConcatTransform [1.1 0.0 0.0 0.0 0.0 1.1 0.0 0.0 0.0 0.0 1.1 0.0 -9.609 0.05 6.704 1.0]
	ConcatTransform [0.853838 0.318181 -0.411973 0.0 0.137835 0.624987 0.76837 0.0 0.501958 -0.712848 0.489781 0.0 0.282274 -0.536209 -0.875023 1.0]
306
	ConcatTransform [1.1 0.0 0.0 0.0 0.0 1.1 0.0 0.0 0.0 0.0 1.1 0.0 -9.609 0.05 6.704 1.0]
	ConcatTransform [0.858081 0.337699 -0.386854 0.0 0.120631 0.599705 0.791076 0.0 0.499144 -0.725474 0.473859 0.0 0.284568 -0.540222 -0.887329 1.0]
307
	ConcatTransform [1.1 0.0 0.0 0.0 0.0 1.1 0.0 0.0 0.0 0.0 1.1 0.0 -9.609 0.05 6.704 1.0]
	ConcatTransform [0.86023 0.35331 -0.367664 0.0 0.108052 0.578362 0.808593 0.0 0.498327 -0.735303 0.459348 0.0 0.286179 -0.54293 -0.89778 1.0]
308
	ConcatTransform [1.1 0.0 0.0 0.0 0.0 1.1 0.0 0.0 0.0 0.0 1.1 0.0 -9.609 0.05 6.704 1.0]
	ConcatTransform [0.863283 0.374817 -0.338016 0.0 0.090422 0.544021 0.834185 0.0 0.496554 -0.750702 0.435752 0.0 0.288756 -0.546102 -0.916463 1.0]
309
	ConcatTransform [1.1 0.0 0.0 0.0 0.0 1.1 0.0 0.0 0.0 0.0 1.1 0.0 -9.609 0.05 6.704 1.0]
	ConcatTransform [0.863401 0.389655 -0.320481 0.0 0.080784 0.520252 0.850183 0.0 0.498009 -0.759939 0.417708 0.0 0.290302 -0.547824 -0.930184 1.0]
310
	ConcatTransform [1.1 0.0 0.0 0.0 0.0 1.1 0.0 0.0 0.0 0.0 1.1 0.0 -9.609 0.05 6.704 1.0]
	ConcatTransform [0.866282 0.404559 -0.293064 0.0 0.06963 0.48314 0.87277 0.0 0.494678 -0.776472 0.390366 0.0 0.292418 -0.549423 -0.951649 1.0]
311
	ConcatTransform [1.1 0.0 0.0 0.0 0.0 1.1 0.0 0.0 0.0 0.0 1.1 0.0 -9.609 0.05 6.704 1.0]
	ConcatTransform [0.868355 0.411816 -0.276345 0.0 0.063511 0.460285 0.885497 0.0 0.491859 -0.786477 0.373536 0.0 0.293237 -0.549825 -0.966015 1.0]
312
	ConcatTransform [1.1 0.0 0.0 0.0 0.0 1.1 0.0 0.0 0.0 0.0 1.1 0.0 -9.609 0.05 6.704 1.0]
	ConcatTransform [0.870831 0.420777 -0.254167 0.0 0.057062 0.427017 0.902441 0.0 0.48826 -0.800377 0.347849 0.0 0.293879 -0.549854 -0.987113 1.0]
313
	ConcatTransform [1.1 0.0 0.0 0.0 0.0 1.1 0.0 0.0 0.0 0.0 1.1 0.0 -9.609 0.05 6.704 1.0]
	ConcatTransform [0.872339 0.424766 -0.242071 0.0 0.054944 0.406819 0.911855 0.0 0.485804 -0.808747 0.331545 0.0 0.294015 -0.549375 -1.00069 1.0]
314
	ConcatTransform [1.1 0.0 0.0 0.0 0.0 1.1 0.0 0.0 0.0 0.0 1.1 0.0 -9.609 0.05 6.704 1.0]
	ConcatTransform [0.873082 0.43163 -0.226767 0.0 0.054086 0.376487 0.924842 0.0 0.484564 -0.819728 0.305359 0.0 0.293799 -0.548291 -1.019713 1.0]
315
	ConcatTransform [1.1 0.0 0.0 0.0 0.0 1.1 0.0 0.0 0.0 0.0 1.1 0.0 -9.609 0.05 6.704 1.0]
	ConcatTransform [0.872894 0.435152 -0.220679 0.0 0.056704 0.358753 0.931709 0.0 0.484604 -0.825796 0.288478 0.0 0.293623 -0.547423 -1.031464 1.0]
316
	ConcatTransform [1.1 0.0 0.0 0.0 0.0 1.1 0.0 0.0 0.0 0.0 1.1 0.0 -9.609 0.05 6.704 1.0]
	ConcatTransform [0.871792 0.439193 -0.216999 0.0 0.064674 0.335902 0.939674 0.0 0.485588 -0.833234 0.264433 0.0 0.293451 -0.546047 -1.047398 1.0]
317
	ConcatTransform [1.1 0.0 0.0 0.0 0.0 1.1 0.0 0.0 0.0 0.0 1.1 0.0 -9.609 0.05 6.704 1.0]
	ConcatTransform [0.870425 0.442526 -0.21571 0.0 0.07005 0.322376 0.944016 0.0 0.487291 -0.836806 0.249606 0.0 0.293221 -0.545098 -1.056612 1.0]
318
	ConcatTransform [1.1 0.0 0.0 0.0 0.0 1.1 0.0 0.0 0.0 0.0 1.1 0.0 -9.609 0.05 6.704 1.0]
	ConcatTransform [0.867135 0.44868 -0.216245 0.0 0.078274 0.306009 0.948805 0.0 0.491883 -0.839669 0.230231 0.0 0.292785 -0.543801 -1.068163 1.0]
319
	ConcatTransform [1.1 0.0 0.0 0.0 0.0 1.1 0.0 0.0 0.0 0.0 1.1 0.0 -9.609 0.05 6.704 1.0]
	ConcatTransform [0.865955 0.449751 -0.218737 0.0 0.085754 0.297363 0.950906 0.0 0.492715 -0.842199 0.218935 0.0 0.29275 -0.545805 -1.074615 1.0]
320
	ConcatTransform [1.1 0.0 0.0 0.0 0.0 1.1 0.0 0.0 0.0 0.0 1.1 0.0 -9.609 0.05 6.704 1.0]
	ConcatTransform [0.861226 0.454503 -0.227414 0.0 0.093815 0.297606 0.950068 0.0 0.499489 -0.839558 0.213667 0.0 0.292192 -0.544424 -1.081489 1.0]
321
	ConcatTransform [1.1 0.0 0.0 0.0 0.0 1.1 0.0 0.0 0.0 0.0 1.1 0.0 -9.609 0.05 6.704 1.0]
	ConcatTransform [0.859111 0.455247 -0.233833 0.0 0.100762 0.297494 0.949392 0.0 0.501772 -0.839195 0.209708 0.0 0.29205 -0.543896 -1.084114 1.0]
322
	ConcatTransform [1.1 0.0 0.0 0.0 0.0 1.1 0.0 0.0 0.0 0.0 1.1 0.0 -9.609 0.05 6.704 1.0]
	ConcatTransform [0.856423 0.453858 -0.246074 0.0 0.112387 0.30131 0.94688 0.0 0.503894 -0.838585 0.207041 0.0 0.292024 -0.543908 -1.085394 1.0]
323
	ConcatTransform [1.1 0.0 0.0 0.0 0.0 1.1 0.0 0.0 0.0 0.0 1.1 0.0 -9.609 0.05 6.704 1.0]
	ConcatTransform [0.854014 0.452968 -0.255889 0.0 0.119603 0.307741 0.943923 0.0 0.506315 -0.836729 0.208639 0.0 0.291944 -0.544386 -1.084576 1.0]
324
	ConcatTransform [1.1 0.0 0.0 0.0 0.0 1.1 0.0 0.0 0.0 0.0 1.1 0.0 -9.609 0.05 6.704 1.0]
	ConcatTransform [0.84931 0.451871 -0.272921 0.0 0.129523 0.322821 0.937556 0.0 0.511759 -0.831624 0.215647 0.0 0.291731 -0.545503 -1.080921 1.0]
325
	ConcatTransform [1.1 0.0 0.0 0.0 0.0 1.1 0.0 0.0 0.0 0.0 1.1 0.0 -9.609 0.05 6.704 1.0]
	ConcatTransform [0.846482 0.449371 -0.28554 0.0 0.136895 0.33458 0.932371 0.0 0.514517 -0.828325 0.2217 0.0 0.291743 -0.546317 -1.07688 1.0]
326
	ConcatTransform [1.1 0.0 0.0 0.0 0.0 1.1 0.0 0.0 0.0 0.0 1.1 0.0 -9.609 0.05 6.704 1.0]
	ConcatTransform [0.842512 0.443344 -0.305973 0.0 0.148768 0.354417 0.923178 0.0 0.517727 -0.823307 0.232645 0.0 0.291949 -0.547534 -1.068715 1.0]
327
	ConcatTransform [1.1 0.0 0.0 0.0 0.0 1.1 0.0 0.0 0.0 0.0 1.1 0.0 -9.609 0.05 6.704 1.0]
	ConcatTransform [0.83926 0.439317 -0.32038 0.0 0.156132 0.369695 0.915941 0.0 0.520832 -0.818734 0.241678 0.0 0.292051 -0.548312 -1.062121 1.0]
328
	ConcatTransform [1.1 0.0 0.0 0.0 0.0 1.1 0.0 0.0 0.0 0.0 1.1 0.0 -9.609 0.05 6.704 1.0]
	ConcatTransform [0.833838 0.432807 -0.342625 0.0 0.166755 0.394191 0.903773 0.0 0.526219 -0.810735 0.256519 0.0 0.292213 -0.549263 -1.05083 1.0]
329
	ConcatTransform [1.1 0.0 0.0 0.0 0.0 1.1 0.0 0.0 0.0 0.0 1.1 0.0 -9.609 0.05 6.704 1.0]
	ConcatTransform [0.830483 0.427115 -0.35759 0.0 0.174326 0.41042 0.895079 0.0 0.529064 -0.805685 0.266389 0.0 0.292425 -0.54961 -1.042594 1.0]
330
	ConcatTransform [1.1 0.0 0.0 0.0 0.0 1.1 0.0 0.0 0.0 0.0 1.1 0.0 -9.609 0.05 6.704 1.0]
	ConcatTransform [0.825375 0.417695 -0.379852 0.0 0.185757 0.434431 0.881342 0.0 0.533152 -0.797998 0.280979 0.0 0.292793 -0.54966 -1.029644 1.0]
331
	ConcatTransform [1.1 0.0 0.0 0.0 0.0 1.1 0.0 0.0 0.0 0.0 1.1 0.0 -9.609 0.05 6.704 1.0]
	ConcatTransform [0.82174 0.411484 -0.394238 0.0 0.193112 0.449805 0.872 0.0 0.536144 -0.792689 0.29016 0.0 0.293024 -0.549913 -1.020862 1.0]
332
	ConcatTransform [1.1 0.0 0.0 0.0 0.0 1.1 0.0 0.0 0.0 0.0 1.1 0.0 -9.609 0.05 6.704 1.0]
	ConcatTransform [0.816366 0.401704 -0.414946 0.0 0.204265 0.471208 0.858044 0.0 0.540205 -0.785237 0.302624 0.0 0.293438 -0.549638 -1.007856 1.0]
333
	ConcatTransform [1.1 0.0 0.0 0.0 0.0 1.1 0.0 0.0 0.0 0.0 1.1 0.0 -9.609 0.05 6.704 1.0]
	ConcatTransform [0.812733 0.395406 -0.427925 0.0 0.211581 0.484026 0.849089 0.0 0.542862 -0.780623 0.309723 0.0 0.293724 -0.549299 -0.99952 1.0]
334
	ConcatTransform [1.1 0.0 0.0 0.0 0.0 1.1 0.0 0.0 0.0 0.0 1.1 0.0 -9.609 0.05 6.704 1.0]
	ConcatTransform [0.80692 0.386978 -0.446238 0.0 0.221989 0.501414 0.836244 0.0 0.547358 -0.773842 0.318696 0.0 0.294095 -0.548632 -0.987928 1.0]
335
	ConcatTransform [1.1 0.0 0.0 0.0 0.0 1.1 0.0 0.0 0.0 0.0 1.1 0.0 -9.609 0.05 6.704 1.0]
	ConcatTransform [0.803224 0.381718 -0.457299 0.0 0.229025 0.51079 0.828638 0.0 0.54989 -0.770315 0.322856 0.0 0.294374 -0.54816 -0.980946 1.0]
336
	ConcatTransform [1.1 0.0 0.0 0.0 0.0 1.1 0.0 0.0 0.0 0.0 1.1 0.0 -9.609 0.05 6.704 1.0]
	ConcatTransform [0.798177 0.374568 -0.471817 0.0 0.239922 0.520756 0.819299 0.0 0.552585 -0.767145 0.325789 0.0 0.294864 -0.547549 -0.971818 1.0]
337
	ConcatTransform [1.1 0.0 0.0 0.0 0.0 1.1 0.0 0.0 0.0 0.0 1.1 0.0 -9.609 0.05 6.704 1.0]
	ConcatTransform [0.794589 0.371129 -0.480512 0.0 0.24675 0.525723 0.814082 0.0 0.554745 -0.765427 0.326158 0.0 0.295097 -0.546858 -0.966887 1.0]
338
	ConcatTransform [1.1 0.0 0.0 0.0 0.0 1.1 0.0 0.0 0.0 0.0 1.1 0.0 -9.609 0.05 6.704 1.0]
	ConcatTransform [0.788886 0.36783 -0.4923 0.0 0.25637 0.531067 0.807615 0.0 0.55851 -0.763328 0.32465 0.0 0.295334 -0.546813 -0.96124 1.0]
339
	ConcatTransform [1.1 0.0 0.0 0.0 0.0 1.1 0.0 0.0 0.0 0.0 1.1 0.0 -9.609 0.05 6.704 1.0]
	ConcatTransform [0.785514 0.366466 -0.498668 0.0 0.263064 0.531641 0.805081 0.0 0.560147 -0.763584 0.321208 0.0 0.295522 -0.546749 -0.95868 1.0]
340
	ConcatTransform [1.1 0.0 0.0 0.0 0.0 1.1 0.0 0.0 0.0 0.0 1.1 0.0 -9.609 0.05 6.704 1.0]
	ConcatTransform [0.780893 0.366005 -0.506208 0.0 0.273274 0.528545 0.803717 0.0 0.561719 -0.76595 0.312717 0.0 0.295834 -0.546927 -0.956643 1.0]
341
	ConcatTransform [1.1 0.0 0.0 0.0 0.0 1.1 0.0 0.0 0.0 0.0 1.1 0.0 -9.609 0.05 6.704 1.0]
	ConcatTransform [0.777469 0.367257 -0.510553 0.0 0.279495 0.525465 0.803598 0.0 0.563404 -0.767469 0.305887 0.0 0.295944 -0.547129 -0.956575 1.0]
342
	ConcatTransform [1.1 0.0 0.0 0.0 0.0 1.1 0.0 0.0 0.0 0.0 1.1 0.0 -9.609 0.05 6.704 1.0]
	ConcatTransform [0.771909 0.371358 -0.515994 0.0 0.288047 0.519255 0.804614 0.0 0.566732 -0.769719 0.29385 0.0 0.295974 -0.547542 -0.95831 1.0]
343
	ConcatTransform [1.1 0.0 0.0 0.0 0.0 1.1 0.0 0.0 0.0 0.0 1.1 0.0 -9.609 0.05 6.704 1.0]
	ConcatTransform [0.768604 0.374808 -0.518427 0.0 0.294038 0.512736 0.806625 0.0 0.568146 -0.772412 0.283883 0.0 0.296024 -0.547744 -0.960559 1.0]
344
	ConcatTransform [1.1 0.0 0.0 0.0 0.0 1.1 0.0 0.0 0.0 0.0 1.1 0.0 -9.609 0.05 6.704 1.0]
	ConcatTransform [0.763958 0.380863 -0.520876 0.0 0.303235 0.500633 0.810811 0.0 0.569576 -0.777374 0.266971 0.0 0.296075 -0.54853 -0.965429 1.0]
345
	ConcatTransform [1.1 0.0 0.0 0.0 0.0 1.1 0.0 0.0 0.0 0.0 1.1 0.0 -9.609 0.05 6.704 1.0]
	ConcatTransform [0.760757 0.386016 -0.521766 0.0 0.309082 0.491429 0.814227 0.0 0.570716 -0.780698 0.254548 0.0 0.296036 -0.548774 -0.969586 1.0]
346
	ConcatTransform [1.1 0.0 0.0 0.0 0.0 1.1 0.0 0.0 0.0 0.0 1.1 0.0 -9.609 0.05 6.704 1.0]
	ConcatTransform [0.755705 0.394638 -0.522658 0.0 0.317457 0.477297 0.819395 0.0 0.572827 -0.785142 0.235415 0.0 0.29588 -0.549419 -0.976945 1.0]
347
	ConcatTransform [1.1 0.0 0.0 0.0 0.0 1.1 0.0 0.0 0.0 0.0 1.1 0.0 -9.609 0.05 6.704 1.0]
	ConcatTransform [0.752516 0.400586 -0.522734 0.0 0.323192 0.466957 0.823103 0.0 0.573818 -0.788341 0.221927 0.0 0.295791 -0.549677 -0.982399 1.0]
348
	ConcatTransform [1.1 0.0 0.0 0.0 0.0 1.1 0.0 0.0 0.0 0.0 1.1 0.0 -9.609 0.05 6.704 1.0]
	ConcatTransform [0.747876 0.409551 -0.522445 0.0 0.331939 0.450842 0.828588 0.0 0.574889 -0.793101 0.201228 0.0 0.295647 -0.549884 -0.991154 1.0]
349
	ConcatTransform [1.1 0.0 0.0 0.0 0.0 1.1 0.0 0.0 0.0 0.0 1.1 0.0 -9.609 0.05 6.704 1.0]
	ConcatTransform [0.744601 0.415751 -0.522226 0.0 0.337565 0.440406 0.831921 0.0 0.575864 -0.795734 0.187584 0.0 0.295507 -0.549792 -0.997203 1.0]
350
	ConcatTransform [1.1 0.0 0.0 0.0 0.0 1.1 0.0 0.0 0.0 0.0 1.1 0.0 -9.609 0.05 6.704 1.0]
	ConcatTransform [0.739582 0.424751 -0.522115 0.0 0.345992 0.425463 0.836224 0.0 0.577328 -0.799104 0.167704 0.0 0.295284 -0.549836 -1.006303 1.0]
351
	ConcatTransform [1.1 0.0 0.0 0.0 0.0 1.1 0.0 0.0 0.0 0.0 1.1 0.0 -9.609 0.05 6.704 1.0]
	ConcatTransform [0.736168 0.430473 -0.522255 0.0 0.351621 0.416076 0.838596 0.0 0.578291 -0.800983 0.154938 0.0 0.295124 -0.549679 -1.01222 1.0]
352
	ConcatTransform [1.1 0.0 0.0 0.0 0.0 1.1 0.0 0.0 0.0 0.0 1.1 0.0 -9.609 0.05 6.704 1.0]
	ConcatTransform [0.730839 0.437909 -0.523555 0.0 0.360135 0.404194 0.840791 0.0 0.579808 -0.803034 0.137695 0.0 0.29486 -0.549271 -1.020686 1.0]
353
	ConcatTransform [1.1 0.0 0.0 0.0 0.0 1.1 0.0 0.0 0.0 0.0 1.1 0.0 -9.609 0.05 6.704 1.0]
	ConcatTransform [0.727207 0.442337 -0.524889 0.0 0.365867 0.397221 0.841639 0.0 0.580785 -0.804085 0.127026 0.0 0.294693 -0.549185 -1.025866 1.0]
354
	ConcatTransform [1.1 0.0 0.0 0.0 0.0 1.1 0.0 0.0 0.0 0.0 1.1 0.0 -9.609 0.05 6.704 1.0]
	ConcatTransform [0.721663 0.448419 -0.527373 0.0 0.374536 0.387769 0.842234 0.0 0.582173 -0.805329 0.111889 0.0 0.294486 -0.548839 -1.032642 1.0]
355
	ConcatTransform [1.1 0.0 0.0 0.0 0.0 1.1 0.0 0.0 0.0 0.0 1.1 0.0 -9.609 0.05 6.704 1.0]
	ConcatTransform [0.717765 0.451443 -0.530106 0.0 0.380387 0.383446 0.841591 0.0 0.583197 -0.80571 0.103501 0.0 0.29437 -0.548651 -1.0365 1.0]
356
	ConcatTransform [1.1 0.0 0.0 0.0 0.0 1.1 0.0 0.0 0.0 0.0 1.1 0.0 -9.609 0.05 6.704 1.0]
	ConcatTransform [0.711676 0.454219 -0.535913 0.0 0.389357 0.379939 0.839076 0.0 0.584738 -0.805811 0.09354 0.0 0.294204 -0.54847 -1.041213 1.0]
357
	ConcatTransform [1.1 0.0 0.0 0.0 0.0 1.1 0.0 0.0 0.0 0.0 1.1 0.0 -9.609 0.05 6.704 1.0]
	ConcatTransform [0.70747 0.455501 -0.540375 0.0 0.395361 0.378693 0.836828 0.0 0.585812 -0.805674 0.087827 0.0 0.294119 -0.548404 -1.043484 1.0]
358
	ConcatTransform [1.1 0.0 0.0 0.0 0.0 1.1 0.0 0.0 0.0 0.0 1.1 0.0 -9.609 0.05 6.704 1.0]
	ConcatTransform [0.701058 0.456599 -0.547754 0.0 0.404493 0.377977 0.832778 0.0 0.587284 -0.805388 0.080293 0.0 0.294063 -0.548358 -1.045495 1.0]
359
	ConcatTransform [1.1 0.0 0.0 0.0 0.0 1.1 0.0 0.0 0.0 0.0 1.1 0.0 -9.609 0.05 6.704 1.0]
	ConcatTransform [0.696515 0.456091 -0.553938 0.0 0.410635 0.379717 0.828972 0.0 0.588426 -0.804858 0.077192 0.0 0.294056 -0.54843 -1.046021 1.0]
360
	ConcatTransform [1.1 0.0 0.0 0.0 0.0 1.1 0.0 0.0 0.0 0.0 1.1 0.0 -9.609 0.05 6.704 1.0]
	ConcatTransform [0.328813 0.436744 0.837339 0.0 -0.898939 0.416506 0.135759 0.0 -0.289465 -0.797357 0.529559 0.0 0.22421 -0.548861 -0.507807 1.0]
