228
	ConcatTransform [1.1 0.0 0.0 0.0 0.0 1.1 0.0 0.0 0.0 0.0 1.1 0.0 -9.609 0.05 6.704 1.0]
	ConcatTransform [0.9934 0.03001 0.110703 0.0 -0.027848 0.999391 -0.021027 0.0 -0.111267 0.017806 0.993631 0.0 -0.033691 -0.032318 0.004986 1.0]
229
	ConcatTransform [1.1 0.0 0.0 0.0 0.0 1.1 0.0 0.0 0.0 0.0 1.1 0.0 -9.609 0.05 6.704 1.0]
	ConcatTransform [0.98339 0.04464 0.175928 0.0 -0.045361 0.998971 7.6e-05 0.0 -0.175744 -0.008055 0.984403 0.0 -0.061966 -0.071472 0.006078 1.0]
230
	ConcatTransform [1.1 0.0 0.0 0.0 0.0 1.1 0.0 0.0 0.0 0.0 1.1 0.0 -9.609 0.05 6.704 1.0]
	ConcatTransform [0.956817 0.121538 0.264064 0.0 -0.129796 0.991442 0.013986 0.0 -0.260104 -0.047657 0.964404 0.0 -0.102444 -0.14595 0.008153 1.0]
231
	ConcatTransform [1.1 0.0 0.0 0.0 0.0 1.1 0.0 0.0 0.0 0.0 1.1 0.0 -9.609 0.05 6.704 1.0]
	ConcatTransform [0.922553 0.201604 0.329015 0.0 -0.212794 0.977095 -0.002043 0.0 -0.321891 -0.068128 0.944322 0.0 -0.128659 -0.206662 0.010168 1.0]
232
	ConcatTransform [1.1 0.0 0.0 0.0 0.0 1.1 0.0 0.0 0.0 0.0 1.1 0.0 -9.609 0.05 6.704 1.0]
	ConcatTransform [0.848707 0.351672 0.394998 0.0 -0.362756 0.930591 -0.049086 0.0 -0.384844 -0.101628 0.91737 0.0 -0.168181 -0.316008 0.012396 1.0]
233
	ConcatTransform [1.1 0.0 0.0 0.0 0.0 1.1 0.0 0.0 0.0 0.0 1.1 0.0 -9.609 0.05 6.704 1.0]
	ConcatTransform [0.733618 0.503703 0.456167 0.0 -0.532938 0.842939 -0.073697 0.0 -0.421642 -0.189043 0.886837 0.0 -0.196207 -0.399564 0.01544 1.0]
234
	ConcatTransform [1.1 0.0 0.0 0.0 0.0 1.1 0.0 0.0 0.0 0.0 1.1 0.0 -9.609 0.05 6.704 1.0]
	ConcatTransform [0.726765 0.440681 0.52689 0.0 -0.411175 0.893566 -0.180208 0.0 -0.550225 -0.085675 0.830609 0.0 -0.217947 -0.46792 0.059645 1.0]
235
	ConcatTransform [1.1 0.0 0.0 0.0 0.0 1.1 0.0 0.0 0.0 0.0 1.1 0.0 -9.609 0.05 6.704 1.0]
	ConcatTransform [0.709817 0.51933 0.475875 0.0 -0.399739 0.853252 -0.334917 0.0 -0.579974 0.047504 0.813249 0.0 -0.224889 -0.489074 0.101977 1.0]
236
	ConcatTransform [1.1 0.0 0.0 0.0 0.0 1.1 0.0 0.0 0.0 0.0 1.1 0.0 -9.609 0.05 6.704 1.0]
	ConcatTransform [0.721177 0.578657 0.380867 0.0 -0.512516 0.81557 -0.268652 0.0 -0.466081 -0.001454 0.884741 0.0 -0.1736 -0.50199 0.122155 1.0]
237
	ConcatTransform [1.1 0.0 0.0 0.0 0.0 1.1 0.0 0.0 0.0 0.0 1.1 0.0 -9.609 0.05 6.704 1.0]
	ConcatTransform [0.674936 0.643122 0.361741 0.0 -0.594611 0.764337 -0.249453 0.0 -0.43692 -0.04673 0.898286 0.0 -0.120366 -0.509383 0.127545 1.0]
238
	ConcatTransform [1.1 0.0 0.0 0.0 0.0 1.1 0.0 0.0 0.0 0.0 1.1 0.0 -9.609 0.05 6.704 1.0]
	ConcatTransform [0.585937 0.72291 0.366168 0.0 -0.633497 0.690403 -0.34932 0.0 -0.505331 -0.027287 0.862494 0.0 -0.068901 -0.501724 0.163756 1.0]
239
	ConcatTransform [1.1 0.0 0.0 0.0 0.0 1.1 0.0 0.0 0.0 0.0 1.1 0.0 -9.609 0.05 6.704 1.0]
	ConcatTransform [0.555866 0.76096 0.334593 0.0 -0.652945 0.648797 -0.3908 0.0 -0.514466 -0.001238 0.85751 0.0 -0.054191 -0.495736 0.187272 1.0]
240
	ConcatTransform [1.1 0.0 0.0 0.0 0.0 1.1 0.0 0.0 0.0 0.0 1.1 0.0 -9.609 0.05 6.704 1.0]
	ConcatTransform [0.570036 0.755781 0.322264 0.0 -0.649336 0.654727 -0.386905 0.0 -0.50341 0.011292 0.863974 0.0 -0.04854 -0.490679 0.210258 1.0]
241
	ConcatTransform [1.1 0.0 0.0 0.0 0.0 1.1 0.0 0.0 0.0 0.0 1.1 0.0 -9.609 0.05 6.704 1.0]
	ConcatTransform [0.594539 0.735599 0.324682 0.0 -0.645771 0.677418 -0.352257 0.0 -0.479065 -0.00024 0.87778 0.0 -0.053891 -0.494546 0.220085 1.0]
242
	ConcatTransform [1.1 0.0 0.0 0.0 0.0 1.1 0.0 0.0 0.0 0.0 1.1 0.0 -9.609 0.05 6.704 1.0]
	ConcatTransform [0.627605 0.714853 0.308378 0.0 -0.643634 0.699267 -0.311065 0.0 -0.438004 -0.003257 0.898967 0.0 -0.065557 -0.495746 0.231907 1.0]
243
	ConcatTransform [1.1 0.0 0.0 0.0 0.0 1.1 0.0 0.0 0.0 0.0 1.1 0.0 -9.609 0.05 6.704 1.0]
	ConcatTransform [0.636521 0.713236 0.293487 0.0 -0.642603 0.700872 -0.309578 0.0 -0.426499 0.008458 0.904448 0.0 -0.075524 -0.492252 0.238785 1.0]
244
	ConcatTransform [1.1 0.0 0.0 0.0 0.0 1.1 0.0 0.0 0.0 0.0 1.1 0.0 -9.609 0.05 6.704 1.0]
	ConcatTransform [0.651054 0.702336 0.287842 0.0 -0.634944 0.71173 -0.300478 0.0 -0.415903 0.012864 0.909318 0.0 -0.087896 -0.489085 0.245296 1.0]
245
	ConcatTransform [1.1 0.0 0.0 0.0 0.0 1.1 0.0 0.0 0.0 0.0 1.1 0.0 -9.609 0.05 6.704 1.0]
	ConcatTransform [0.664592 0.694071 0.276735 0.0 -0.637801 0.719885 -0.273815 0.0 -0.389264 0.005473 0.92111 0.0 -0.092199 -0.488947 0.246268 1.0]
246
	ConcatTransform [1.1 0.0 0.0 0.0 0.0 1.1 0.0 0.0 0.0 0.0 1.1 0.0 -9.609 0.05 6.704 1.0]
	ConcatTransform [0.668829 0.693854 0.266897 0.0 -0.654985 0.719809 -0.229936 0.0 -0.351657 -0.021026 0.935893 0.0 -0.091628 -0.491497 0.242763 1.0]
247
	ConcatTransform [1.1 0.0 0.0 0.0 0.0 1.1 0.0 0.0 0.0 0.0 1.1 0.0 -9.609 0.05 6.704 1.0]
	ConcatTransform [0.659223 0.701248 0.271433 0.0 -0.667507 0.711936 -0.21813 0.0 -0.346206 -0.037387 0.937413 0.0 -0.087101 -0.491627 0.238275 1.0]
248
	ConcatTransform [1.1 0.0 0.0 0.0 0.0 1.1 0.0 0.0 0.0 0.0 1.1 0.0 -9.609 0.05 6.704 1.0]
	ConcatTransform [0.651276 0.703818 0.283688 0.0 -0.662688 0.709651 -0.239249 0.0 -0.369707 -0.03218 0.928591 0.0 -0.082266 -0.489478 0.23707 1.0]
249
	ConcatTransform [1.1 0.0 0.0 0.0 0.0 1.1 0.0 0.0 0.0 0.0 1.1 0.0 -9.609 0.05 6.704 1.0]
	ConcatTransform [0.646598 0.704476 0.292616 0.0 -0.655701 0.709302 -0.258739 0.0 -0.389829 -0.024568 0.920559 0.0 -0.081307 -0.489235 0.241331 1.0]
250
	ConcatTransform [1.1 0.0 0.0 0.0 0.0 1.1 0.0 0.0 0.0 0.0 1.1 0.0 -9.609 0.05 6.704 1.0]
	ConcatTransform [0.634598 0.713463 0.297079 0.0 -0.646296 0.700693 -0.30221 0.0 -0.423776 -0.000219 0.905767 0.0 -0.082674 -0.489448 0.253444 1.0]
251
	ConcatTransform [1.1 0.0 0.0 0.0 0.0 1.1 0.0 0.0 0.0 0.0 1.1 0.0 -9.609 0.05 6.704 1.0]
	ConcatTransform [0.625916 0.722249 0.294253 0.0 -0.649406 0.6916 -0.316167 0.0 -0.431857 0.006804 0.901917 0.0 -0.081247 -0.488628 0.261374 1.0]
252
	ConcatTransform [1.1 0.0 0.0 0.0 0.0 1.1 0.0 0.0 0.0 0.0 1.1 0.0 -9.609 0.05 6.704 1.0]
	ConcatTransform [0.606239 0.733997 0.306143 0.0 -0.650106 0.67911 -0.340839 0.0 -0.458079 0.007604 0.888879 0.0 -0.079218 -0.48648 0.270842 1.0]
253
	ConcatTransform [1.1 0.0 0.0 0.0 0.0 1.1 0.0 0.0 0.0 0.0 1.1 0.0 -9.609 0.05 6.704 1.0]
	ConcatTransform [0.596395 0.733606 0.325785 0.0 -0.645625 0.679571 -0.348356 0.0 -0.47695 -0.002578 0.878927 0.0 -0.078988 -0.486762 0.274981 1.0]
254
	ConcatTransform [1.1 0.0 0.0 0.0 0.0 1.1 0.0 0.0 0.0 0.0 1.1 0.0 -9.609 0.05 6.704 1.0]
	ConcatTransform [0.576947 0.736462 0.353208 0.0 -0.63702 0.676379 -0.369754 0.0 -0.511212 -0.011672 0.859376 0.0 -0.081213 -0.487029 0.282177 1.0]
255
	ConcatTransform [1.1 0.0 0.0 0.0 0.0 1.1 0.0 0.0 0.0 0.0 1.1 0.0 -9.609 0.05 6.704 1.0]
	ConcatTransform [0.568694 0.735699 0.367878 0.0 -0.622458 0.677282 -0.392218 0.0 -0.537711 -0.005937 0.843108 0.0 -0.084436 -0.486653 0.287463 1.0]
256
	ConcatTransform [1.1 0.0 0.0 0.0 0.0 1.1 0.0 0.0 0.0 0.0 1.1 0.0 -9.609 0.05 6.704 1.0]
	ConcatTransform [0.552872 0.734823 0.392896 0.0 -0.610822 0.678114 -0.408728 0.0 -0.566771 -0.014016 0.823756 0.0 -0.091868 -0.486852 0.294853 1.0]
257
	ConcatTransform [1.1 0.0 0.0 0.0 0.0 1.1 0.0 0.0 0.0 0.0 1.1 0.0 -9.609 0.05 6.704 1.0]
	ConcatTransform [0.552395 0.729105 0.404062 0.0 -0.599402 0.684283 -0.4153 0.0 -0.57929 -0.012786 0.815021 0.0 -0.098366 -0.487305 0.299689 1.0]
258
	ConcatTransform [1.1 0.0 0.0 0.0 0.0 1.1 0.0 0.0 0.0 0.0 1.1 0.0 -9.609 0.05 6.704 1.0]
	ConcatTransform [0.556026 0.718281 0.418221 0.0 -0.568054 0.695719 -0.439647 0.0 -0.606754 0.006883 0.79486 0.0 -0.11123 -0.487822 0.308735 1.0]
259
	ConcatTransform [1.1 0.0 0.0 0.0 0.0 1.1 0.0 0.0 0.0 0.0 1.1 0.0 -9.609 0.05 6.704 1.0]
	ConcatTransform [0.553445 0.713079 0.430368 0.0 -0.554592 0.70102 -0.44833 0.0 -0.621391 0.009447 0.783444 0.0 -0.119886 -0.487201 0.31291 1.0]
260
	ConcatTransform [1.1 0.0 0.0 0.0 0.0 1.1 0.0 0.0 0.0 0.0 1.1 0.0 -9.609 0.05 6.704 1.0]
	ConcatTransform [0.551518 0.703011 0.449003 0.0 -0.542425 0.711172 -0.447224 0.0 -0.633721 0.003102 0.773555 0.0 -0.129964 -0.487929 0.315742 1.0]
261
	ConcatTransform [1.1 0.0 0.0 0.0 0.0 1.1 0.0 0.0 0.0 0.0 1.1 0.0 -9.609 0.05 6.704 1.0]
	ConcatTransform [0.552985 0.695282 0.459119 0.0 -0.538602 0.718725 -0.439707 0.0 -0.635701 -0.004131 0.771925 0.0 -0.132781 -0.488983 0.315575 1.0]
262
	ConcatTransform [1.1 0.0 0.0 0.0 0.0 1.1 0.0 0.0 0.0 0.0 1.1 0.0 -9.609 0.05 6.704 1.0]
	ConcatTransform [0.545622 0.698517 0.463002 0.0 -0.552427 0.715249 -0.42807 0.0 -0.630176 -0.02221 0.776135 0.0 -0.133414 -0.490651 0.312552 1.0]
263
	ConcatTransform [1.1 0.0 0.0 0.0 0.0 1.1 0.0 0.0 0.0 0.0 1.1 0.0 -9.609 0.05 6.704 1.0]
	ConcatTransform [0.548916 0.693368 0.466831 0.0 -0.548949 0.720203 -0.42422 0.0 -0.630354 -0.023405 0.775955 0.0 -0.13435 -0.489872 0.31089 1.0]
264
	ConcatTransform [1.1 0.0 0.0 0.0 0.0 1.1 0.0 0.0 0.0 0.0 1.1 0.0 -9.609 0.05 6.704 1.0]
	ConcatTransform [0.556858 0.689094 0.463745 0.0 -0.547703 0.724372 -0.418695 0.0 -0.624444 -0.020841 0.780791 0.0 -0.137132 -0.489452 0.309044 1.0]
265
	ConcatTransform [1.1 0.0 0.0 0.0 0.0 1.1 0.0 0.0 0.0 0.0 1.1 0.0 -9.609 0.05 6.704 1.0]
	ConcatTransform [0.55905 0.686635 0.464753 0.0 -0.545144 0.726735 -0.417941 0.0 -0.624725 -0.019707 0.780596 0.0 -0.138797 -0.489233 0.307951 1.0]
266
	ConcatTransform [1.1 0.0 0.0 0.0 0.0 1.1 0.0 0.0 0.0 0.0 1.1 0.0 -9.609 0.05 6.704 1.0]
	ConcatTransform [0.566179 0.681109 0.464253 0.0 -0.544167 0.731897 -0.410133 0.0 -0.619131 -0.020423 0.785022 0.0 -0.14066 -0.488905 0.306442 1.0]
267
	ConcatTransform [1.1 0.0 0.0 0.0 0.0 1.1 0.0 0.0 0.0 0.0 1.1 0.0 -9.609 0.05 6.704 1.0]
	ConcatTransform [0.565822 0.676857 0.47086 0.0 -0.539026 0.73579 -0.409956 0.0 -0.623936 -0.021843 0.78117 0.0 -0.141449 -0.488928 0.305328 1.0]
268
	ConcatTransform [1.1 0.0 0.0 0.0 0.0 1.1 0.0 0.0 0.0 0.0 1.1 0.0 -9.609 0.05 6.704 1.0]
	ConcatTransform [0.561044 0.674825 0.479417 0.0 -0.534679 0.737557 -0.412467 0.0 -0.63194 -0.024922 0.774616 0.0 -0.140971 -0.488736 0.303372 1.0]
269
	ConcatTransform [1.1 0.0 0.0 0.0 0.0 1.1 0.0 0.0 0.0 0.0 1.1 0.0 -9.609 0.05 6.704 1.0]
	ConcatTransform [0.558244 0.674131 0.483643 0.0 -0.532865 0.738128 -0.413789 0.0 -0.635939 -0.026721 0.771277 0.0 -0.14028 -0.488735 0.302323 1.0]
270
	ConcatTransform [1.1 0.0 0.0 0.0 0.0 1.1 0.0 0.0 0.0 0.0 1.1 0.0 -9.609 0.05 6.704 1.0]
	ConcatTransform [0.561014 0.675035 0.479156 0.0 -0.535245 0.737353 -0.412096 0.0 -0.631487 -0.025274 0.774975 0.0 -0.139191 -0.488744 0.301335 1.0]
271
	ConcatTransform [1.1 0.0 0.0 0.0 0.0 1.1 0.0 0.0 0.0 0.0 1.1 0.0 -9.609 0.05 6.704 1.0]
	ConcatTransform [0.563533 0.677619 0.472507 0.0 -0.53975 0.735029 -0.41037 0.0 -0.62538 -0.023778 0.779958 0.0 -0.13835 -0.48889 0.300863 1.0]
272
	ConcatTransform [1.1 0.0 0.0 0.0 0.0 1.1 0.0 0.0 0.0 0.0 1.1 0.0 -9.609 0.05 6.704 1.0]
	ConcatTransform [0.561989 0.677833 0.474037 0.0 -0.539384 0.734806 -0.411249 0.0 -0.627083 -0.02457 0.778565 0.0 -0.136901 -0.48888 0.300787 1.0]
273
	ConcatTransform [1.1 0.0 0.0 0.0 0.0 1.1 0.0 0.0 0.0 0.0 1.1 0.0 -9.609 0.05 6.704 1.0]
	ConcatTransform [0.561356 0.677473 0.475301 0.0 -0.538274 0.73514 -0.412106 0.0 -0.628603 -0.024504 0.777341 0.0 -0.135476 -0.488841 0.300791 1.0]
274
	ConcatTransform [1.1 0.0 0.0 0.0 0.0 1.1 0.0 0.0 0.0 0.0 1.1 0.0 -9.609 0.05 6.704 1.0]
	ConcatTransform [0.5617 0.677602 0.47471 0.0 -0.541334 0.734913 -0.408484 0.0 -0.62566 -0.027532 0.77961 0.0 -0.133318 -0.488721 0.300608 1.0]
275
	ConcatTransform [1.1 0.0 0.0 0.0 0.0 1.1 0.0 0.0 0.0 0.0 1.1 0.0 -9.609 0.05 6.704 1.0]
	ConcatTransform [0.564009 0.67524 0.475336 0.0 -0.540533 0.737061 -0.405666 0.0 -0.624274 -0.028136 0.780699 0.0 -0.132675 -0.488882 0.300855 1.0]
276
	ConcatTransform [1.1 0.0 0.0 0.0 0.0 1.1 0.0 0.0 0.0 0.0 1.1 0.0 -9.609 0.05 6.704 1.0]
	ConcatTransform [0.564112 0.670786 0.481481 0.0 -0.531978 0.741223 -0.409375 0.0 -0.631488 -0.025204 0.774976 0.0 -0.129548 -0.488653 0.299694 1.0]
277
	ConcatTransform [1.1 0.0 0.0 0.0 0.0 1.1 0.0 0.0 0.0 0.0 1.1 0.0 -9.609 0.05 6.704 1.0]
	ConcatTransform [0.565959 0.673292 0.475782 0.0 -0.533485 0.739077 -0.41129 0.0 -0.628558 -0.02105 0.777478 0.0 -0.126992 -0.488878 0.298381 1.0]
278
	ConcatTransform [1.1 0.0 0.0 0.0 0.0 1.1 0.0 0.0 0.0 0.0 1.1 0.0 -9.609 0.05 6.704 1.0]
	ConcatTransform [0.566618 0.674979 0.472597 0.0 -0.538842 0.737449 -0.407207 0.0 -0.623372 -0.023924 0.781559 0.0 -0.124052 -0.488681 0.297501 1.0]
279
	ConcatTransform [1.1 0.0 0.0 0.0 0.0 1.1 0.0 0.0 0.0 0.0 1.1 0.0 -9.609 0.05 6.704 1.0]
	ConcatTransform [0.570696 0.674124 0.468896 0.0 -0.541432 0.73822 -0.402346 0.0 -0.61738 -0.024258 0.786291 0.0 -0.122741 -0.488729 0.297733 1.0]
280
	ConcatTransform [1.1 0.0 0.0 0.0 0.0 1.1 0.0 0.0 0.0 0.0 1.1 0.0 -9.609 0.05 6.704 1.0]
	ConcatTransform [0.57268 0.676735 0.462674 0.0 -0.545227 0.735888 -0.401493 0.0 -0.61218 -0.022335 0.790403 0.0 -0.121497 -0.48878 0.298863 1.0]
281
	ConcatTransform [1.1 0.0 0.0 0.0 0.0 1.1 0.0 0.0 0.0 0.0 1.1 0.0 -9.609 0.05 6.704 1.0]
	ConcatTransform [0.572697 0.67832 0.460326 0.0 -0.546729 0.734455 -0.402073 0.0 -0.610823 -0.021408 0.791477 0.0 -0.120687 -0.488842 0.300356 1.0]
282
	ConcatTransform [1.1 0.0 0.0 0.0 0.0 1.1 0.0 0.0 0.0 0.0 1.1 0.0 -9.609 0.05 6.704 1.0]
	ConcatTransform [0.569994 0.683551 0.455922 0.0 -0.5498 0.729658 -0.406594 0.0 -0.610595 -0.01891 0.791717 0.0 -0.118964 -0.488936 0.303762 1.0]
283
	ConcatTransform [1.1 0.0 0.0 0.0 0.0 1.1 0.0 0.0 0.0 0.0 1.1 0.0 -9.609 0.05 6.704 1.0]
	ConcatTransform [0.56615 0.688778 0.452835 0.0 -0.551249 0.724803 -0.413261 0.0 -0.612862 -0.015657 0.790035 0.0 -0.117746 -0.489046 0.306955 1.0]
284
	ConcatTransform [1.1 0.0 0.0 0.0 0.0 1.1 0.0 0.0 0.0 0.0 1.1 0.0 -9.609 0.05 6.704 1.0]
	ConcatTransform [0.565225 0.694198 0.445657 0.0 -0.55489 0.719693 -0.417299 0.0 -0.610425 -0.011423 0.791992 0.0 -0.115696 -0.489109 0.313082 1.0]
285
	ConcatTransform [1.1 0.0 0.0 0.0 0.0 1.1 0.0 0.0 0.0 0.0 1.1 0.0 -9.609 0.05 6.704 1.0]
	ConcatTransform [0.563268 0.700273 0.438573 0.0 -0.560663 0.713812 -0.419678 0.0 -0.606948 -0.0095 0.794684 0.0 -0.113935 -0.48909 0.317111 1.0]
286
	ConcatTransform [1.1 0.0 0.0 0.0 0.0 1.1 0.0 0.0 0.0 0.0 1.1 0.0 -9.609 0.05 6.704 1.0]
	ConcatTransform [0.557262 0.710988 0.428899 0.0 -0.565738 0.703199 -0.430641 0.0 -0.607782 -0.002665 0.794099 0.0 -0.111074 -0.488811 0.322373 1.0]
287
	ConcatTransform [1.1 0.0 0.0 0.0 0.0 1.1 0.0 0.0 0.0 0.0 1.1 0.0 -9.609 0.05 6.704 1.0]
	ConcatTransform [0.552577 0.714656 0.428865 0.0 -0.568649 0.69946 -0.432889 0.0 -0.609341 -0.004669 0.792894 0.0 -0.109401 -0.488392 0.323892 1.0]
288
	ConcatTransform [1.1 0.0 0.0 0.0 0.0 1.1 0.0 0.0 0.0 0.0 1.1 0.0 -9.609 0.05 6.704 1.0]
	ConcatTransform [0.548941 0.714609 0.433588 0.0 -0.567078 0.699488 -0.434901 0.0 -0.614074 -0.007143 0.789216 0.0 -0.108914 -0.488246 0.323722 1.0]
289
	ConcatTransform [1.1 0.0 0.0 0.0 0.0 1.1 0.0 0.0 0.0 0.0 1.1 0.0 -9.609 0.05 6.704 1.0]
	ConcatTransform [0.547437 0.711727 0.440179 0.0 -0.561078 0.702419 -0.43795 0.0 -0.62089 -0.007225 0.783864 0.0 -0.110386 -0.488504 0.323107 1.0]
290
	ConcatTransform [1.1 0.0 0.0 0.0 0.0 1.1 0.0 0.0 0.0 0.0 1.1 0.0 -9.609 0.05 6.704 1.0]
	ConcatTransform [0.546558 0.705269 0.45152 0.0 -0.549607 0.708909 -0.442018 0.0 -0.631828 -0.00657 0.775081 0.0 -0.115051 -0.48897 0.322427 1.0]
291
	ConcatTransform [1.1 0.0 0.0 0.0 0.0 1.1 0.0 0.0 0.0 0.0 1.1 0.0 -9.609 0.05 6.704 1.0]
	ConcatTransform [0.546007 0.701001 0.458774 0.0 -0.544275 0.71311 -0.441859 0.0 -0.6369 -0.008441 0.7709 0.0 -0.118017 -0.489102 0.32103 1.0]
292
	ConcatTransform [1.1 0.0 0.0 0.0 0.0 1.1 0.0 0.0 0.0 0.0 1.1 0.0 -9.609 0.05 6.704 1.0]
	ConcatTransform [0.548721 0.694152 0.465896 0.0 -0.53845 0.719753 -0.438209 0.0 -0.639514 -0.010407 0.768709 0.0 -0.120751 -0.489115 0.318465 1.0]
293
	ConcatTransform [1.1 0.0 0.0 0.0 0.0 1.1 0.0 0.0 0.0 0.0 1.1 0.0 -9.609 0.05 6.704 1.0]
	ConcatTransform [0.55029 0.691164 0.468479 0.0 -0.53736 0.722591 -0.434864 0.0 -0.639081 -0.012441 0.769039 0.0 -0.121306 -0.489126 0.316794 1.0]
294
	ConcatTransform [1.1 0.0 0.0 0.0 0.0 1.1 0.0 0.0 0.0 0.0 1.1 0.0 -9.609 0.05 6.704 1.0]
	ConcatTransform [0.55374 0.687887 0.469237 0.0 -0.537104 0.725684 -0.430003 0.0 -0.636311 -0.013919 0.771307 0.0 -0.122478 -0.48909 0.315124 1.0]
295
	ConcatTransform [1.1 0.0 0.0 0.0 0.0 1.1 0.0 0.0 0.0 0.0 1.1 0.0 -9.609 0.05 6.704 1.0]
	ConcatTransform [0.55429 0.68617 0.471098 0.0 -0.536575 0.727275 -0.427971 0.0 -0.636279 -0.01556 0.771302 0.0 -0.122717 -0.489051 0.313921 1.0]
296
	ConcatTransform [1.1 0.0 0.0 0.0 0.0 1.1 0.0 0.0 0.0 0.0 1.1 0.0 -9.609 0.05 6.704 1.0]
	ConcatTransform [0.554727 0.684445 0.473089 0.0 -0.535841 0.728864 -0.426182 0.0 -0.636516 -0.017086 0.771074 0.0 -0.123179 -0.48899 0.312472 1.0]
297
	ConcatTransform [1.1 0.0 0.0 0.0 0.0 1.1 0.0 0.0 0.0 0.0 1.1 0.0 -9.609 0.05 6.704 1.0]
	ConcatTransform [0.555181 0.683266 0.474258 0.0 -0.535223 0.729952 -0.425097 0.0 -0.63664 -0.017828 0.770955 0.0 -0.123486 -0.488957 0.311747 1.0]
298
	ConcatTransform [1.1 0.0 0.0 0.0 0.0 1.1 0.0 0.0 0.0 0.0 1.1 0.0 -9.609 0.05 6.704 1.0]
	ConcatTransform [0.555575 0.682515 0.474879 0.0 -0.534936 0.730642 -0.424271 0.0 -0.636538 -0.018316 0.771028 0.0 -0.12404 -0.488936 0.311156 1.0]
299
	ConcatTransform [1.1 0.0 0.0 0.0 0.0 1.1 0.0 0.0 0.0 0.0 1.1 0.0 -9.609 0.05 6.704 1.0]
	ConcatTransform [0.555261 0.682731 0.474934 0.0 -0.534949 0.73044 -0.424602 0.0 -0.6368 -0.018301 0.770812 0.0 -0.124199 -0.488934 0.310984 1.0]
300
	ConcatTransform [1.1 0.0 0.0 0.0 0.0 1.1 0.0 0.0 0.0 0.0 1.1 0.0 -9.609 0.05 6.704 1.0]
	ConcatTransform [0.555006 0.683017 0.474823 0.0 -0.534985 0.730177 -0.425009 0.0 -0.636993 -0.018141 0.770656 0.0 -0.124096 -0.488933 0.311052 1.0]
301
	ConcatTransform [1.1 0.0 0.0 0.0 0.0 1.1 0.0 0.0 0.0 0.0 1.1 0.0 -9.609 0.05 6.704 1.0]
	ConcatTransform [0.554765 0.68369 0.474135 0.0 -0.535468 0.729555 -0.42547 0.0 -0.636796 -0.017848 0.770825 0.0 -0.123876 -0.48894 0.311321 1.0]
302
	ConcatTransform [1.1 0.0 0.0 0.0 0.0 1.1 0.0 0.0 0.0 0.0 1.1 0.0 -9.609 0.05 6.704 1.0]
	ConcatTransform [0.554452 0.685057 0.472525 0.0 -0.536397 0.728291 -0.426463 0.0 -0.636287 -0.017008 0.771265 0.0 -0.123476 -0.488956 0.312138 1.0]
303
	ConcatTransform [1.1 0.0 0.0 0.0 0.0 1.1 0.0 0.0 0.0 0.0 1.1 0.0 -9.609 0.05 6.704 1.0]
	ConcatTransform [0.553801 0.686313 0.471465 0.0 -0.537037 0.727122 -0.427649 0.0 -0.636314 -0.016362 0.771257 0.0 -0.123098 -0.488976 0.312909 1.0]
304
	ConcatTransform [1.1 0.0 0.0 0.0 0.0 1.1 0.0 0.0 0.0 0.0 1.1 0.0 -9.609 0.05 6.704 1.0]
	ConcatTransform [0.551772 0.690308 0.467999 0.0 -0.538012 0.723399 -0.43271 0.0 -0.637253 -0.013032 0.770544 0.0 -0.122929 -0.489037 0.314875 1.0]
305
	ConcatTransform [1.1 0.0 0.0 0.0 0.0 1.1 0.0 0.0 0.0 0.0 1.1 0.0 -9.609 0.05 6.704 1.0]
	ConcatTransform [0.551418 0.692968 0.464471 0.0 -0.540161 0.720877 -0.434237 0.0 -0.635739 -0.011443 0.771819 0.0 -0.122645 -0.489068 0.316573 1.0]
306
	ConcatTransform [1.1 0.0 0.0 0.0 0.0 1.1 0.0 0.0 0.0 0.0 1.1 0.0 -9.609 0.05 6.704 1.0]
	ConcatTransform [0.553585 0.69709 0.455641 0.0 -0.545525 0.716936 -0.434057 0.0 -0.629243 -0.008276 0.777165 0.0 -0.122054 -0.489137 0.319685 1.0]
307
	ConcatTransform [1.1 0.0 0.0 0.0 0.0 1.1 0.0 0.0 0.0 0.0 1.1 0.0 -9.609 0.05 6.704 1.0]
	ConcatTransform [0.5544 0.700106 0.449992 0.0 -0.549143 0.714011 -0.434316 0.0 -0.625366 -0.006325 0.780306 0.0 -0.121013 -0.489128 0.32133 1.0]
308
	ConcatTransform [1.1 0.0 0.0 0.0 0.0 1.1 0.0 0.0 0.0 0.0 1.1 0.0 -9.609 0.05 6.704 1.0]
	ConcatTransform [0.552366 0.703276 0.447543 0.0 -0.551418 0.710895 -0.436539 0.0 -0.625163 -0.005654 0.780473 0.0 -0.120137 -0.489041 0.323013 1.0]
309
	ConcatTransform [1.1 0.0 0.0 0.0 0.0 1.1 0.0 0.0 0.0 0.0 1.1 0.0 -9.609 0.05 6.704 1.0]
	ConcatTransform [0.554191 0.703359 0.445149 0.0 -0.55391 0.710807 -0.433518 0.0 -0.621334 -0.006321 0.783521 0.0 -0.120147 -0.489009 0.323352 1.0]
310
	ConcatTransform [1.1 0.0 0.0 0.0 0.0 1.1 0.0 0.0 0.0 0.0 1.1 0.0 -9.609 0.05 6.704 1.0]
	ConcatTransform [0.557211 0.701586 0.444176 0.0 -0.554361 0.712554 -0.430059 0.0 -0.618223 -0.0066 0.785975 0.0 -0.121265 -0.489033 0.322355 1.0]
311
	ConcatTransform [1.1 0.0 0.0 0.0 0.0 1.1 0.0 0.0 0.0 0.0 1.1 0.0 -9.609 0.05 6.704 1.0]
	ConcatTransform [0.558283 0.699103 0.446739 0.0 -0.552221 0.714984 -0.428778 0.0 -0.619171 -0.007319 0.785222 0.0 -0.12237 -0.489106 0.321239 1.0]
312
	ConcatTransform [1.1 0.0 0.0 0.0 0.0 1.1 0.0 0.0 0.0 0.0 1.1 0.0 -9.609 0.05 6.704 1.0]
	ConcatTransform [0.560011 0.695193 0.450659 0.0 -0.549232 0.718769 -0.426281 0.0 -0.620268 -0.008794 0.784341 0.0 -0.124379 -0.489191 0.319477 1.0]
313
	ConcatTransform [1.1 0.0 0.0 0.0 0.0 1.1 0.0 0.0 0.0 0.0 1.1 0.0 -9.609 0.05 6.704 1.0]
	ConcatTransform [0.561375 0.693546 0.451499 0.0 -0.550158 0.720324 -0.422444 0.0 -0.618211 -0.011246 0.785932 0.0 -0.125351 -0.489156 0.31834 1.0]
314
	ConcatTransform [1.1 0.0 0.0 0.0 0.0 1.1 0.0 0.0 0.0 0.0 1.1 0.0 -9.609 0.05 6.704 1.0]
	ConcatTransform [0.564151 0.69028 0.453042 0.0 -0.549673 0.723419 -0.417761 0.0 -0.616112 -0.013345 0.787546 0.0 -0.126713 -0.489151 0.316466 1.0]
315
	ConcatTransform [1.1 0.0 0.0 0.0 0.0 1.1 0.0 0.0 0.0 0.0 1.1 0.0 -9.609 0.05 6.704 1.0]
	ConcatTransform [0.56501 0.688524 0.454641 0.0 -0.549157 0.725061 -0.415587 0.0 -0.615784 -0.014858 0.787775 0.0 -0.127307 -0.48909 0.315041 1.0]
316
	ConcatTransform [1.1 0.0 0.0 0.0 0.0 1.1 0.0 0.0 0.0 0.0 1.1 0.0 -9.609 0.05 6.704 1.0]
	ConcatTransform [0.566771 0.685314 0.457292 0.0 -0.547263 0.728066 -0.412824 0.0 -0.615852 -0.016282 0.787693 0.0 -0.12887 -0.48905 0.313309 1.0]
317
	ConcatTransform [1.1 0.0 0.0 0.0 0.0 1.1 0.0 0.0 0.0 0.0 1.1 0.0 -9.609 0.05 6.704 1.0]
	ConcatTransform [0.568904 0.683424 0.457471 0.0 -0.546548 0.729837 -0.410638 0.0 -0.614519 -0.016416 0.788731 0.0 -0.130151 -0.489024 0.312371 1.0]
318
	ConcatTransform [1.1 0.0 0.0 0.0 0.0 1.1 0.0 0.0 0.0 0.0 1.1 0.0 -9.609 0.05 6.704 1.0]
	ConcatTransform [0.568312 0.682027 0.460284 0.0 -0.545109 0.731112 -0.410282 0.0 -0.616342 -0.017737 0.787279 0.0 -0.131592 -0.489006 0.311164 1.0]
319
	ConcatTransform [1.1 0.0 0.0 0.0 0.0 1.1 0.0 0.0 0.0 0.0 1.1 0.0 -9.609 0.05 6.704 1.0]
	ConcatTransform [0.568037 0.680064 0.463515 0.0 -0.543044 0.732908 -0.409815 0.0 -0.618415 -0.018919 0.785624 0.0 -0.132277 -0.489012 0.310585 1.0]
320
	ConcatTransform [1.1 0.0 0.0 0.0 0.0 1.1 0.0 0.0 0.0 0.0 1.1 0.0 -9.609 0.05 6.704 1.0]
	ConcatTransform [0.565636 0.679371 0.467452 0.0 -0.538924 0.733581 -0.414029 0.0 -0.624193 -0.017731 0.781069 0.0 -0.135006 -0.488993 0.310738 1.0]
321
	ConcatTransform [1.1 0.0 0.0 0.0 0.0 1.1 0.0 0.0 0.0 0.0 1.1 0.0 -9.609 0.05 6.704 1.0]
	ConcatTransform [0.564398 0.678588 0.470078 0.0 -0.537684 0.734277 -0.414407 0.0 -0.626379 -0.018863 0.779291 0.0 -0.136025 -0.489005 0.310599 1.0]
322
	ConcatTransform [1.1 0.0 0.0 0.0 0.0 1.1 0.0 0.0 0.0 0.0 1.1 0.0 -9.609 0.05 6.704 1.0]
	ConcatTransform [0.565102 0.678972 0.468676 0.0 -0.538544 0.733931 -0.413902 0.0 -0.625004 -0.018506 0.780402 0.0 -0.136404 -0.488997 0.310435 1.0]
323
	ConcatTransform [1.1 0.0 0.0 0.0 0.0 1.1 0.0 0.0 0.0 0.0 1.1 0.0 -9.609 0.05 6.704 1.0]
	ConcatTransform [0.562492 0.679385 0.471209 0.0 -0.537597 0.733525 -0.415849 0.0 -0.628165 -0.019409 0.777838 0.0 -0.136337 -0.488991 0.31039 1.0]
324
	ConcatTransform [1.1 0.0 0.0 0.0 0.0 1.1 0.0 0.0 0.0 0.0 1.1 0.0 -9.609 0.05 6.704 1.0]
	ConcatTransform [0.561799 0.680021 0.471118 0.0 -0.53736 0.732951 -0.417165 0.0 -0.628988 -0.018797 0.777188 0.0 -0.136891 -0.488952 0.311086 1.0]
325
	ConcatTransform [1.1 0.0 0.0 0.0 0.0 1.1 0.0 0.0 0.0 0.0 1.1 0.0 -9.609 0.05 6.704 1.0]
	ConcatTransform [0.559575 0.681119 0.472178 0.0 -0.53705 0.731928 -0.419355 0.0 -0.631231 -0.018923 0.775364 0.0 -0.137035 -0.488951 0.311719 1.0]
326
	ConcatTransform [1.1 0.0 0.0 0.0 0.0 1.1 0.0 0.0 0.0 0.0 1.1 0.0 -9.609 0.05 6.704 1.0]
	ConcatTransform [0.558985 0.68286 0.470359 0.0 -0.537969 0.730334 -0.420953 0.0 -0.630972 -0.017732 0.775603 0.0 -0.136771 -0.488958 0.312916 1.0]
327
	ConcatTransform [1.1 0.0 0.0 0.0 0.0 1.1 0.0 0.0 0.0 0.0 1.1 0.0 -9.609 0.05 6.704 1.0]
	ConcatTransform [0.557399 0.685317 0.468666 0.0 -0.539045 0.728057 -0.423514 0.0 -0.631457 -0.016566 0.775234 0.0 -0.136286 -0.488985 0.313902 1.0]
328
	ConcatTransform [1.1 0.0 0.0 0.0 0.0 1.1 0.0 0.0 0.0 0.0 1.1 0.0 -9.609 0.05 6.704 1.0]
	ConcatTransform [0.555256 0.68975 0.464689 0.0 -0.541076 0.723916 -0.427997 0.0 -0.631607 -0.013784 0.775166 0.0 -0.135105 -0.489023 0.315589 1.0]
329
	ConcatTransform [1.1 0.0 0.0 0.0 0.0 1.1 0.0 0.0 0.0 0.0 1.1 0.0 -9.609 0.05 6.704 1.0]
	ConcatTransform [0.553087 0.693036 0.46238 0.0 -0.542292 0.720803 -0.431697 0.0 -0.632467 -0.011979 0.774495 0.0 -0.134448 -0.489048 0.317111 1.0]
330
	ConcatTransform [1.1 0.0 0.0 0.0 0.0 1.1 0.0 0.0 0.0 0.0 1.1 0.0 -9.609 0.05 6.704 1.0]
	ConcatTransform [0.551037 0.698575 0.456455 0.0 -0.544963 0.715493 -0.437133 0.0 -0.631961 -0.007875 0.774961 0.0 -0.133405 -0.489094 0.319958 1.0]
331
	ConcatTransform [1.1 0.0 0.0 0.0 0.0 1.1 0.0 0.0 0.0 0.0 1.1 0.0 -9.609 0.05 6.704 1.0]
	ConcatTransform [0.550779 0.700916 0.453165 0.0 -0.547348 0.71321 -0.437883 0.0 -0.630121 -0.006862 0.776466 0.0 -0.132694 -0.489072 0.321499 1.0]
332
	ConcatTransform [1.1 0.0 0.0 0.0 0.0 1.1 0.0 0.0 0.0 0.0 1.1 0.0 -9.609 0.05 6.704 1.0]
	ConcatTransform [0.549056 0.702965 0.452082 0.0 -0.549664 0.711181 -0.438281 0.0 -0.629609 -0.007853 0.776873 0.0 -0.131664 -0.488879 0.321884 1.0]
333
	ConcatTransform [1.1 0.0 0.0 0.0 0.0 1.1 0.0 0.0 0.0 0.0 1.1 0.0 -9.609 0.05 6.704 1.0]
	ConcatTransform [0.547102 0.703447 0.453698 0.0 -0.548678 0.710702 -0.440289 0.0 -0.632165 -0.008051 0.774792 0.0 -0.131774 -0.488805 0.321829 1.0]
334
	ConcatTransform [1.1 0.0 0.0 0.0 0.0 1.1 0.0 0.0 0.0 0.0 1.1 0.0 -9.609 0.05 6.704 1.0]
	ConcatTransform [0.539217 0.704196 0.461901 0.0 -0.544076 0.709933 -0.447188 0.0 -0.642827 -0.010178 0.765944 0.0 -0.133334 -0.488985 0.321779 1.0]
335
	ConcatTransform [1.1 0.0 0.0 0.0 0.0 1.1 0.0 0.0 0.0 0.0 1.1 0.0 -9.609 0.05 6.704 1.0]
	ConcatTransform [0.530503 0.703544 0.472855 0.0 -0.537187 0.710535 -0.454501 0.0 -0.655741 -0.012897 0.754876 0.0 -0.134001 -0.489278 0.321255 1.0]
336
	ConcatTransform [1.1 0.0 0.0 0.0 0.0 1.1 0.0 0.0 0.0 0.0 1.1 0.0 -9.609 0.05 6.704 1.0]
	ConcatTransform [0.523777 0.70064 0.484522 0.0 -0.52438 0.713436 -0.464796 0.0 -0.67133 -0.010624 0.741083 0.0 -0.136075 -0.489176 0.321478 1.0]
337
	ConcatTransform [1.1 0.0 0.0 0.0 0.0 1.1 0.0 0.0 0.0 0.0 1.1 0.0 -9.609 0.05 6.704 1.0]
	ConcatTransform [0.52055 0.700928 0.487574 0.0 -0.520869 0.713166 -0.469138 0.0 -0.676552 -0.009753 0.73633 0.0 -0.137276 -0.489131 0.321711 1.0]
338
	ConcatTransform [1.1 0.0 0.0 0.0 0.0 1.1 0.0 0.0 0.0 0.0 1.1 0.0 -9.609 0.05 6.704 1.0]
	ConcatTransform [0.520396 0.699524 0.48975 0.0 -0.517899 0.714554 -0.470311 0.0 -0.678947 -0.008893 0.734134 0.0 -0.138523 -0.489109 0.321826 1.0]
339
	ConcatTransform [1.1 0.0 0.0 0.0 0.0 1.1 0.0 0.0 0.0 0.0 1.1 0.0 -9.609 0.05 6.704 1.0]
	ConcatTransform [0.52079 0.699269 0.489694 0.0 -0.517147 0.714813 -0.470746 0.0 -0.679217 -0.008084 0.733893 0.0 -0.139035 -0.489049 0.321527 1.0]
340
	ConcatTransform [1.1 0.0 0.0 0.0 0.0 1.1 0.0 0.0 0.0 0.0 1.1 0.0 -9.609 0.05 6.704 1.0]
	ConcatTransform [0.520417 0.700295 0.488623 0.0 -0.518608 0.713804 -0.47067 0.0 -0.678389 -0.00846 0.734655 0.0 -0.139691 -0.489024 0.321121 1.0]
341
	ConcatTransform [1.1 0.0 0.0 0.0 0.0 1.1 0.0 0.0 0.0 0.0 1.1 0.0 -9.609 0.05 6.704 1.0]
	ConcatTransform [0.520494 0.698881 0.490562 0.0 -0.516396 0.715191 -0.470996 0.0 -0.680016 -0.008174 0.733152 0.0 -0.140368 -0.489089 0.320733 1.0]
342
	ConcatTransform [1.1 0.0 0.0 0.0 0.0 1.1 0.0 0.0 0.0 0.0 1.1 0.0 -9.609 0.05 6.704 1.0]
	ConcatTransform [0.51956 0.697714 0.493206 0.0 -0.513692 0.716331 -0.472218 0.0 -0.682772 -0.00801 0.730587 0.0 -0.141148 -0.489084 0.319966 1.0]
343
	ConcatTransform [1.1 0.0 0.0 0.0 0.0 1.1 0.0 0.0 0.0 0.0 1.1 0.0 -9.609 0.05 6.704 1.0]
	ConcatTransform [0.519828 0.697004 0.493927 0.0 -0.513354 0.717018 -0.471544 0.0 -0.682822 -0.008437 0.730536 0.0 -0.141768 -0.4891 0.319373 1.0]
344
	ConcatTransform [1.1 0.0 0.0 0.0 0.0 1.1 0.0 0.0 0.0 0.0 1.1 0.0 -9.609 0.05 6.704 1.0]
	ConcatTransform [0.518979 0.695113 0.497472 0.0 -0.511467 0.71883 -0.470835 0.0 -0.684881 -0.010087 0.728585 0.0 -0.142808 -0.48911 0.318306 1.0]
345
	ConcatTransform [1.1 0.0 0.0 0.0 0.0 1.1 0.0 0.0 0.0 0.0 1.1 0.0 -9.609 0.05 6.704 1.0]
	ConcatTransform [0.519273 0.693917 0.498833 0.0 -0.510655 0.719975 -0.469965 0.0 -0.685264 -0.010691 0.728216 0.0 -0.143331 -0.489094 0.317728 1.0]
346
	ConcatTransform [1.1 0.0 0.0 0.0 0.0 1.1 0.0 0.0 0.0 0.0 1.1 0.0 -9.609 0.05 6.704 1.0]
	ConcatTransform [0.51803 0.692314 0.50234 0.0 -0.507966 0.721506 -0.470532 0.0 -0.688197 -0.011422 0.725434 0.0 -0.144313 -0.489128 0.316873 1.0]
347
	ConcatTransform [1.1 0.0 0.0 0.0 0.0 1.1 0.0 0.0 0.0 0.0 1.1 0.0 -9.609 0.05 6.704 1.0]
	ConcatTransform [0.516634 0.691012 0.505561 0.0 -0.506024 0.722733 -0.470741 0.0 -0.690673 -0.012625 0.723057 0.0 -0.144813 -0.489124 0.316047 1.0]
348
	ConcatTransform [1.1 0.0 0.0 0.0 0.0 1.1 0.0 0.0 0.0 0.0 1.1 0.0 -9.609 0.05 6.704 1.0]
	ConcatTransform [0.517099 0.68984 0.506685 0.0 -0.505852 0.723833 -0.469232 0.0 -0.69045 -0.013668 0.723251 0.0 -0.145659 -0.48909 0.314479 1.0]
349
	ConcatTransform [1.1 0.0 0.0 0.0 0.0 1.1 0.0 0.0 0.0 0.0 1.1 0.0 -9.609 0.05 6.704 1.0]
	ConcatTransform [0.517553 0.688591 0.507919 0.0 -0.505302 0.725006 -0.468013 0.0 -0.690514 -0.014431 0.723175 0.0 -0.146134 -0.489066 0.313695 1.0]
350
	ConcatTransform [1.1 0.0 0.0 0.0 0.0 1.1 0.0 0.0 0.0 0.0 1.1 0.0 -9.609 0.05 6.704 1.0]
	ConcatTransform [0.516871 0.687221 0.510462 0.0 -0.503344 0.726294 -0.468126 0.0 -0.692451 -0.014977 0.721309 0.0 -0.146247 -0.489039 0.312937 1.0]
351
	ConcatTransform [1.1 0.0 0.0 0.0 0.0 1.1 0.0 0.0 0.0 0.0 1.1 0.0 -9.609 0.05 6.704 1.0]
	ConcatTransform [0.515545 0.686886 0.512251 0.0 -0.501996 0.726604 -0.469092 0.0 -0.694416 -0.015309 0.719411 0.0 -0.146636 -0.48902 0.312772 1.0]
352
	ConcatTransform [1.1 0.0 0.0 0.0 0.0 1.1 0.0 0.0 0.0 0.0 1.1 0.0 -9.609 0.05 6.704 1.0]
	ConcatTransform [0.514537 0.686436 0.513865 0.0 -0.500782 0.727022 -0.469741 0.0 -0.696038 -0.015636 0.717834 0.0 -0.146841 -0.489007 0.312539 1.0]
353
	ConcatTransform [1.1 0.0 0.0 0.0 0.0 1.1 0.0 0.0 0.0 0.0 1.1 0.0 -9.609 0.05 6.704 1.0]
	ConcatTransform [0.514145 0.686233 0.514529 0.0 -0.500385 0.727209 -0.469875 0.0 -0.696613 -0.015879 0.717271 0.0 -0.146739 -0.489006 0.312438 1.0]
354
	ConcatTransform [1.1 0.0 0.0 0.0 0.0 1.1 0.0 0.0 0.0 0.0 1.1 0.0 -9.609 0.05 6.704 1.0]
	ConcatTransform [0.513268 0.686557 0.514971 0.0 -0.500235 0.726898 -0.470515 0.0 -0.697367 -0.016107 0.716533 0.0 -0.146583 -0.489006 0.312493 1.0]
355
	ConcatTransform [1.1 0.0 0.0 0.0 0.0 1.1 0.0 0.0 0.0 0.0 1.1 0.0 -9.609 0.05 6.704 1.0]
	ConcatTransform [0.512816 0.686906 0.514957 0.0 -0.500077 0.726573 -0.471185 0.0 -0.697813 -0.015887 0.716104 0.0 -0.146443 -0.489002 0.312696 1.0]
356
	ConcatTransform [1.1 0.0 0.0 0.0 0.0 1.1 0.0 0.0 0.0 0.0 1.1 0.0 -9.609 0.05 6.704 1.0]
	ConcatTransform [0.512048 0.687848 0.514463 0.0 -0.50025 0.72569 -0.47236 0.0 -0.698253 -0.015489 0.715684 0.0 -0.146111 -0.489002 0.313202 1.0]
357
	ConcatTransform [1.1 0.0 0.0 0.0 0.0 1.1 0.0 0.0 0.0 0.0 1.1 0.0 -9.609 0.05 6.704 1.0]
	ConcatTransform [0.511557 0.688646 0.513883 0.0 -0.500377 0.724943 -0.473371 0.0 -0.698521 -0.014979 0.715432 0.0 -0.145897 -0.489006 0.313694 1.0]
358
	ConcatTransform [1.1 0.0 0.0 0.0 0.0 1.1 0.0 0.0 0.0 0.0 1.1 0.0 -9.609 0.05 6.704 1.0]
	ConcatTransform [0.510984 0.690229 0.512327 0.0 -0.50102 0.723455 -0.474964 0.0 -0.69848 -0.013988 0.715493 0.0 -0.145502 -0.489012 0.314607 1.0]
359
	ConcatTransform [1.1 0.0 0.0 0.0 0.0 1.1 0.0 0.0 0.0 0.0 1.1 0.0 -9.609 0.05 6.704 1.0]
	ConcatTransform [0.51052 0.691514 0.511055 0.0 -0.501601 0.722241 -0.476198 0.0 -0.698402 -0.013237 0.715583 0.0 -0.145134 -0.489019 0.315309 1.0]
360
	ConcatTransform [1.1 0.0 0.0 0.0 0.0 1.1 0.0 0.0 0.0 0.0 1.1 0.0 -9.609 0.05 6.704 1.0]
	ConcatTransform [-0.238491 -0.275001 -0.931395 0.0 0.950268 0.131711 -0.282212 0.0 0.200284 -0.95238 0.229913 0.0 -45.555099 -118.808769 20.581202 1.0]
