228
	ConcatTransform [1.1 0.0 0.0 0.0 0.0 1.1 0.0 0.0 0.0 0.0 1.1 0.0 -9.609 0.05 6.704 1.0]
	ConcatTransform [0.994182 0.092123 0.055824 0.0 -0.085875 0.990701 -0.105529 0.0 -0.065026 0.100121 0.992848 0.0 0.029813 -0.012528 0.065126 1.0]
229
	ConcatTransform [1.1 0.0 0.0 0.0 0.0 1.1 0.0 0.0 0.0 0.0 1.1 0.0 -9.609 0.05 6.704 1.0]
	ConcatTransform [0.982891 0.175382 0.056264 0.0 -0.15479 0.952096 -0.26373 0.0 -0.099822 0.250509 0.962954 0.0 0.056731 -0.031875 0.122342 1.0]
230
	ConcatTransform [1.1 0.0 0.0 0.0 0.0 1.1 0.0 0.0 0.0 0.0 1.1 0.0 -9.609 0.05 6.704 1.0]
	ConcatTransform [0.954239 0.296912 0.035653 0.0 -0.242807 0.838856 -0.487201 0.0 -0.174563 0.45625 0.872562 0.0 0.096896 -0.079553 0.207844 1.0]
231
	ConcatTransform [1.1 0.0 0.0 0.0 0.0 1.1 0.0 0.0 0.0 0.0 1.1 0.0 -9.609 0.05 6.704 1.0]
	ConcatTransform [0.929107 0.369806 0.001973 0.0 -0.28906 0.729548 -0.619842 0.0 -0.230661 0.575329 0.784724 0.0 0.123756 -0.12372 0.264735 1.0]
232
	ConcatTransform [1.1 0.0 0.0 0.0 0.0 1.1 0.0 0.0 0.0 0.0 1.1 0.0 -9.609 0.05 6.704 1.0]
	ConcatTransform [0.884011 0.462047 -0.070973 0.0 -0.336561 0.523715 -0.782592 0.0 -0.324424 0.715706 0.618477 0.0 0.164076 -0.208531 0.350052 1.0]
233
	ConcatTransform [1.1 0.0 0.0 0.0 0.0 1.1 0.0 0.0 0.0 0.0 1.1 0.0 -9.609 0.05 6.704 1.0]
	ConcatTransform [0.850288 0.5096 -0.131597 0.0 -0.352144 0.365009 -0.861837 0.0 -0.391158 0.779151 0.489815 0.0 0.190956 -0.277446 0.40693 1.0]
234
	ConcatTransform [1.1 0.0 0.0 0.0 0.0 1.1 0.0 0.0 0.0 0.0 1.1 0.0 -9.609 0.05 6.704 1.0]
	ConcatTransform [0.796898 0.556236 -0.235702 0.0 -0.350153 0.107347 -0.930521 0.0 -0.492287 0.824062 0.280312 0.0 0.231275 -0.399378 0.492247 1.0]
235
	ConcatTransform [1.1 0.0 0.0 0.0 0.0 1.1 0.0 0.0 0.0 0.0 1.1 0.0 -9.609 0.05 6.704 1.0]
	ConcatTransform [0.807232 0.51129 -0.294886 0.0 -0.341397 -0.003093 -0.939914 0.0 -0.481481 0.859402 0.172056 0.0 0.259787 -0.488439 0.550395 1.0]
236
	ConcatTransform [1.1 0.0 0.0 0.0 0.0 1.1 0.0 0.0 0.0 0.0 1.1 0.0 -9.609 0.05 6.704 1.0]
	ConcatTransform [0.835883 0.483523 -0.259817 0.0 -0.359022 0.123552 -0.925115 0.0 -0.415213 0.866568 0.27687 0.0 0.287665 -0.51308 0.62715 1.0]
237
	ConcatTransform [1.1 0.0 0.0 0.0 0.0 1.1 0.0 0.0 0.0 0.0 1.1 0.0 -9.609 0.05 6.704 1.0]
	ConcatTransform [0.804875 0.512167 -0.299769 0.0 -0.386421 0.068944 -0.919742 0.0 -0.450394 0.856114 0.253404 0.0 0.300797 -0.507991 0.672578 1.0]
238
	ConcatTransform [1.1 0.0 0.0 0.0 0.0 1.1 0.0 0.0 0.0 0.0 1.1 0.0 -9.609 0.05 6.704 1.0]
	ConcatTransform [0.767495 0.49889 -0.402568 0.0 -0.445173 -0.037081 -0.894676 0.0 -0.461272 0.865872 0.193633 0.0 0.318033 -0.491332 0.736699 1.0]
239
	ConcatTransform [1.1 0.0 0.0 0.0 0.0 1.1 0.0 0.0 0.0 0.0 1.1 0.0 -9.609 0.05 6.704 1.0]
	ConcatTransform [0.742051 0.483824 -0.463978 0.0 -0.486676 -0.087145 -0.869225 0.0 -0.460985 0.870816 0.170799 0.0 0.329626 -0.492264 0.779816 1.0]
240
	ConcatTransform [1.1 0.0 0.0 0.0 0.0 1.1 0.0 0.0 0.0 0.0 1.1 0.0 -9.609 0.05 6.704 1.0]
	ConcatTransform [0.708404 0.454424 -0.540058 0.0 -0.555199 -0.113672 -0.823913 0.0 -0.435795 0.883503 0.171769 0.0 0.343687 -0.491799 0.839642 1.0]
241
	ConcatTransform [1.1 0.0 0.0 0.0 0.0 1.1 0.0 0.0 0.0 0.0 1.1 0.0 -9.609 0.05 6.704 1.0]
	ConcatTransform [0.681683 0.431546 -0.590827 0.0 -0.598992 -0.134538 -0.789372 0.0 -0.420139 0.892002 0.16678 0.0 0.349795 -0.486568 0.874447 1.0]
242
	ConcatTransform [1.1 0.0 0.0 0.0 0.0 1.1 0.0 0.0 0.0 0.0 1.1 0.0 -9.609 0.05 6.704 1.0]
	ConcatTransform [0.647024 0.39343 -0.653125 0.0 -0.660776 -0.138071 -0.737775 0.0 -0.380441 0.908928 0.170633 0.0 0.357218 -0.484835 0.92322 1.0]
243
	ConcatTransform [1.1 0.0 0.0 0.0 0.0 1.1 0.0 0.0 0.0 0.0 1.1 0.0 -9.609 0.05 6.704 1.0]
	ConcatTransform [0.605216 0.384872 -0.696841 0.0 -0.703962 -0.149961 -0.694226 0.0 -0.371687 0.910706 0.180176 0.0 0.359037 -0.484291 0.951971 1.0]
244
	ConcatTransform [1.1 0.0 0.0 0.0 0.0 1.1 0.0 0.0 0.0 0.0 1.1 0.0 -9.609 0.05 6.704 1.0]
	ConcatTransform [0.530592 0.376957 -0.759194 0.0 -0.764678 -0.17356 -0.6206 0.0 -0.365705 0.909824 0.196161 0.0 0.357915 -0.486112 0.989694 1.0]
245
	ConcatTransform [1.1 0.0 0.0 0.0 0.0 1.1 0.0 0.0 0.0 0.0 1.1 0.0 -9.609 0.05 6.704 1.0]
	ConcatTransform [0.488964 0.365803 -0.791898 0.0 -0.800633 -0.172167 -0.573887 0.0 -0.346268 0.914629 0.20869 0.0 0.355229 -0.48928 1.011402 1.0]
246
	ConcatTransform [1.1 0.0 0.0 0.0 0.0 1.1 0.0 0.0 0.0 0.0 1.1 0.0 -9.609 0.05 6.704 1.0]
	ConcatTransform [0.429868 0.345761 -0.834064 0.0 -0.849113 -0.15924 -0.503637 0.0 -0.306954 0.924712 0.225138 0.0 0.349202 -0.503486 1.04087 1.0]
247
	ConcatTransform [1.1 0.0 0.0 0.0 0.0 1.1 0.0 0.0 0.0 0.0 1.1 0.0 -9.609 0.05 6.704 1.0]
	ConcatTransform [0.408388 0.322266 -0.854028 0.0 -0.876082 -0.124342 -0.465854 0.0 -0.25632 0.938448 0.231551 0.0 0.342863 -0.512704 1.056584 1.0]
248
	ConcatTransform [1.1 0.0 0.0 0.0 0.0 1.1 0.0 0.0 0.0 0.0 1.1 0.0 -9.609 0.05 6.704 1.0]
	ConcatTransform [0.362466 0.307167 -0.879924 0.0 -0.913881 -0.068106 -0.400228 0.0 -0.182865 0.949215 0.256028 0.0 0.328678 -0.52683 1.075631 1.0]
249
	ConcatTransform [1.1 0.0 0.0 0.0 0.0 1.1 0.0 0.0 0.0 0.0 1.1 0.0 -9.609 0.05 6.704 1.0]
	ConcatTransform [0.331327 0.301085 -0.894187 0.0 -0.933499 -0.033124 -0.357046 0.0 -0.137121 0.953022 0.270088 0.0 0.316899 -0.53746 1.0852 1.0]
250
	ConcatTransform [1.1 0.0 0.0 0.0 0.0 1.1 0.0 0.0 0.0 0.0 1.1 0.0 -9.609 0.05 6.704 1.0]
	ConcatTransform [0.288926 0.319955 -0.902303 0.0 -0.955763 0.042129 -0.291106 0.0 -0.055128 0.946496 0.317974 0.0 0.298261 -0.563909 1.098492 1.0]
251
	ConcatTransform [1.1 0.0 0.0 0.0 0.0 1.1 0.0 0.0 0.0 0.0 1.1 0.0 -9.609 0.05 6.704 1.0]
	ConcatTransform [0.265492 0.333143 -0.904726 0.0 -0.964065 0.101079 -0.245686 0.0 0.0096 0.937443 0.348008 0.0 0.285952 -0.59278 1.107116 1.0]
252
	ConcatTransform [1.1 0.0 0.0 0.0 0.0 1.1 0.0 0.0 0.0 0.0 1.1 0.0 -9.609 0.05 6.704 1.0]
	ConcatTransform [0.206055 0.356983 -0.911101 0.0 -0.976847 0.129788 -0.170071 0.0 0.057538 0.92505 0.375462 0.0 0.266116 -0.633912 1.116063 1.0]
253
	ConcatTransform [1.1 0.0 0.0 0.0 0.0 1.1 0.0 0.0 0.0 0.0 1.1 0.0 -9.609 0.05 6.704 1.0]
	ConcatTransform [0.177625 0.367069 -0.913077 0.0 -0.980169 0.148815 -0.130851 0.0 0.087849 0.918213 0.386223 0.0 0.252447 -0.635505 1.116285 1.0]
254
	ConcatTransform [1.1 0.0 0.0 0.0 0.0 1.1 0.0 0.0 0.0 0.0 1.1 0.0 -9.609 0.05 6.704 1.0]
	ConcatTransform [0.152044 0.373784 -0.914969 0.0 -0.978408 0.188051 -0.085763 0.0 0.140004 0.908252 0.394305 0.0 0.232109 -0.63695 1.113857 1.0]
255
	ConcatTransform [1.1 0.0 0.0 0.0 0.0 1.1 0.0 0.0 0.0 0.0 1.1 0.0 -9.609 0.05 6.704 1.0]
	ConcatTransform [0.136111 0.378876 -0.915383 0.0 -0.975819 0.210785 -0.057853 0.0 0.17103 0.901123 0.398405 0.0 0.218363 -0.637338 1.110964 1.0]
256
	ConcatTransform [1.1 0.0 0.0 0.0 0.0 1.1 0.0 0.0 0.0 0.0 1.1 0.0 -9.609 0.05 6.704 1.0]
	ConcatTransform [0.115965 0.388514 -0.914116 0.0 -0.970371 0.240722 -0.020791 0.0 0.21197 0.889444 0.404918 0.0 0.198479 -0.637541 1.104826 1.0]
257
	ConcatTransform [1.1 0.0 0.0 0.0 0.0 1.1 0.0 0.0 0.0 0.0 1.1 0.0 -9.609 0.05 6.704 1.0]
	ConcatTransform [0.102397 0.396326 -0.912382 0.0 -0.967804 0.251703 0.000719 0.0 0.229934 0.882933 0.409339 0.0 0.186005 -0.637536 1.099548 1.0]
258
	ConcatTransform [1.1 0.0 0.0 0.0 0.0 1.1 0.0 0.0 0.0 0.0 1.1 0.0 -9.609 0.05 6.704 1.0]
	ConcatTransform [0.08924 0.41602 -0.904966 0.0 -0.961029 0.27465 0.03149 0.0 0.261649 0.866888 0.424317 0.0 0.169514 -0.637186 1.090432 1.0]
259
	ConcatTransform [1.1 0.0 0.0 0.0 0.0 1.1 0.0 0.0 0.0 0.0 1.1 0.0 -9.609 0.05 6.704 1.0]
	ConcatTransform [0.079436 0.428661 -0.899967 0.0 -0.957161 0.284984 0.051256 0.0 0.278447 0.857341 0.432935 0.0 0.159639 -0.636772 1.083681 1.0]
260
	ConcatTransform [1.1 0.0 0.0 0.0 0.0 1.1 0.0 0.0 0.0 0.0 1.1 0.0 -9.609 0.05 6.704 1.0]
	ConcatTransform [0.076315 0.447151 -0.891197 0.0 -0.950796 0.301805 0.070009 0.0 0.300273 0.842003 0.448182 0.0 0.147019 -0.635676 1.072845 1.0]
261
	ConcatTransform [1.1 0.0 0.0 0.0 0.0 1.1 0.0 0.0 0.0 0.0 1.1 0.0 -9.609 0.05 6.704 1.0]
	ConcatTransform [0.072093 0.458144 -0.885949 0.0 -0.948804 0.30538 0.080711 0.0 0.307528 0.834774 0.456705 0.0 0.139789 -0.63519 1.065502 1.0]
262
	ConcatTransform [1.1 0.0 0.0 0.0 0.0 1.1 0.0 0.0 0.0 0.0 1.1 0.0 -9.609 0.05 6.704 1.0]
	ConcatTransform [0.064308 0.475241 -0.877503 0.0 -0.945653 0.30989 0.098528 0.0 0.318754 0.823477 0.469342 0.0 0.131109 -0.634312 1.054991 1.0]
263
	ConcatTransform [1.1 0.0 0.0 0.0 0.0 1.1 0.0 0.0 0.0 0.0 1.1 0.0 -9.609 0.05 6.704 1.0]
	ConcatTransform [0.059045 0.483758 -0.873208 0.0 -0.944889 0.309261 0.107439 0.0 0.322024 0.81874 0.475358 0.0 0.126598 -0.633986 1.048306 1.0]
264
	ConcatTransform [1.1 0.0 0.0 0.0 0.0 1.1 0.0 0.0 0.0 0.0 1.1 0.0 -9.609 0.05 6.704 1.0]
	ConcatTransform [0.050568 0.492857 -0.86864 0.0 -0.945969 0.302567 0.116604 0.0 0.320291 0.815809 0.481528 0.0 0.121735 -0.634033 1.039019 1.0]
265
	ConcatTransform [1.1 0.0 0.0 0.0 0.0 1.1 0.0 0.0 0.0 0.0 1.1 0.0 -9.609 0.05 6.704 1.0]
	ConcatTransform [0.044642 0.497563 -0.866278 0.0 -0.946991 0.297228 0.121917 0.0 0.318143 0.814915 0.484457 0.0 0.119898 -0.634164 1.033508 1.0]
266
	ConcatTransform [1.1 0.0 0.0 0.0 0.0 1.1 0.0 0.0 0.0 0.0 1.1 0.0 -9.609 0.05 6.704 1.0]
	ConcatTransform [0.036949 0.501973 -0.864094 0.0 -0.947836 0.291559 0.128843 0.0 0.31661 0.814258 0.486561 0.0 0.119269 -0.634291 1.026386 1.0]
267
	ConcatTransform [1.1 0.0 0.0 0.0 0.0 1.1 0.0 0.0 0.0 0.0 1.1 0.0 -9.609 0.05 6.704 1.0]
	ConcatTransform [0.030102 0.503298 -0.863588 0.0 -0.949598 0.284102 0.132474 0.0 0.312021 0.816074 0.486483 0.0 0.119968 -0.634695 1.022408 1.0]
268
	ConcatTransform [1.1 0.0 0.0 0.0 0.0 1.1 0.0 0.0 0.0 0.0 1.1 0.0 -9.609 0.05 6.704 1.0]
	ConcatTransform [0.017268 0.503633 -0.863745 0.0 -0.953739 0.267617 0.136975 0.0 0.300138 0.821422 0.484956 0.0 0.122543 -0.635615 1.017673 1.0]
269
	ConcatTransform [1.1 0.0 0.0 0.0 0.0 1.1 0.0 0.0 0.0 0.0 1.1 0.0 -9.609 0.05 6.704 1.0]
	ConcatTransform [0.009479 0.502338 -0.86462 0.0 -0.955958 0.258212 0.139539 0.0 0.293351 0.825217 0.482661 0.0 0.125331 -0.636128 1.015346 1.0]
270
	ConcatTransform [1.1 0.0 0.0 0.0 0.0 1.1 0.0 0.0 0.0 0.0 1.1 0.0 -9.609 0.05 6.704 1.0]
	ConcatTransform [-0.001079 0.498043 -0.867152 0.0 -0.958577 0.246478 0.142756 0.0 0.284832 0.831386 0.477146 0.0 0.130847 -0.636796 1.013041 1.0]
271
	ConcatTransform [1.1 0.0 0.0 0.0 0.0 1.1 0.0 0.0 0.0 0.0 1.1 0.0 -9.609 0.05 6.704 1.0]
	ConcatTransform [-0.009363 0.494572 -0.869086 0.0 -0.960919 0.236021 0.144665 0.0 0.27667 0.836476 0.473034 0.0 0.135121 -0.637276 1.012273 1.0]
272
	ConcatTransform [1.1 0.0 0.0 0.0 0.0 1.1 0.0 0.0 0.0 0.0 1.1 0.0 -9.609 0.05 6.704 1.0]
	ConcatTransform [-0.022684 0.489015 -0.87198 0.0 -0.964672 0.218286 0.147512 0.0 0.262477 0.844521 0.466787 0.0 0.142209 -0.637863 1.012211 1.0]
273
	ConcatTransform [1.1 0.0 0.0 0.0 0.0 1.1 0.0 0.0 0.0 0.0 1.1 0.0 -9.609 0.05 6.704 1.0]
	ConcatTransform [-0.030345 0.484327 -0.874361 0.0 -0.966482 0.208894 0.149253 0.0 0.254936 0.849583 0.461754 0.0 0.147329 -0.638117 1.012797 1.0]
274
	ConcatTransform [1.1 0.0 0.0 0.0 0.0 1.1 0.0 0.0 0.0 0.0 1.1 0.0 -9.609 0.05 6.704 1.0]
	ConcatTransform [-0.040557 0.476074 -0.87847 0.0 -0.968614 0.197057 0.15151 0.0 0.245238 0.857043 0.45314 0.0 0.155274 -0.638369 1.014483 1.0]
275
	ConcatTransform [1.1 0.0 0.0 0.0 0.0 1.1 0.0 0.0 0.0 0.0 1.1 0.0 -9.609 0.05 6.704 1.0]
	ConcatTransform [-0.046819 0.471183 -0.880792 0.0 -0.969959 0.189281 0.152815 0.0 0.238721 0.861487 0.448166 0.0 0.160558 -0.638432 1.016119 1.0]
276
	ConcatTransform [1.1 0.0 0.0 0.0 0.0 1.1 0.0 0.0 0.0 0.0 1.1 0.0 -9.609 0.05 6.704 1.0]
	ConcatTransform [-0.052298 0.465722 -0.883384 0.0 -0.971098 0.182571 0.153743 0.0 0.232882 0.865893 0.442714 0.0 0.168388 -0.638442 1.019239 1.0]
277
	ConcatTransform [1.1 0.0 0.0 0.0 0.0 1.1 0.0 0.0 0.0 0.0 1.1 0.0 -9.609 0.05 6.704 1.0]
	ConcatTransform [-0.056385 0.460561 -0.885835 0.0 -0.972223 0.176543 0.153672 0.0 0.227163 0.869894 0.437813 0.0 0.173306 -0.638415 1.021585 1.0]
278
	ConcatTransform [1.1 0.0 0.0 0.0 0.0 1.1 0.0 0.0 0.0 0.0 1.1 0.0 -9.609 0.05 6.704 1.0]
	ConcatTransform [-0.060762 0.45274 -0.88957 0.0 -0.973524 0.169871 0.152951 0.0 0.220359 0.875311 0.430432 0.0 0.180213 -0.638336 1.025457 1.0]
279
	ConcatTransform [1.1 0.0 0.0 0.0 0.0 1.1 0.0 0.0 0.0 0.0 1.1 0.0 -9.609 0.05 6.704 1.0]
	ConcatTransform [-0.064168 0.448854 -0.891298 0.0 -0.974314 0.165011 0.153243 0.0 0.215858 0.878238 0.426736 0.0 0.184428 -0.638273 1.028225 1.0]
280
	ConcatTransform [1.1 0.0 0.0 0.0 0.0 1.1 0.0 0.0 0.0 0.0 1.1 0.0 -9.609 0.05 6.704 1.0]
	ConcatTransform [-0.066762 0.443236 -0.893915 0.0 -0.974665 0.162712 0.153472 0.0 0.213476 0.881514 0.421143 0.0 0.19019 -0.638171 1.032456 1.0]
281
	ConcatTransform [1.1 0.0 0.0 0.0 0.0 1.1 0.0 0.0 0.0 0.0 1.1 0.0 -9.609 0.05 6.704 1.0]
	ConcatTransform [-0.068096 0.4414 -0.894723 0.0 -0.974477 0.162857 0.154509 0.0 0.213912 0.882408 0.419044 0.0 0.193643 -0.638205 1.035293 1.0]
282
	ConcatTransform [1.1 0.0 0.0 0.0 0.0 1.1 0.0 0.0 0.0 0.0 1.1 0.0 -9.609 0.05 6.704 1.0]
	ConcatTransform [-0.070612 0.435745 -0.897296 0.0 -0.974941 0.160094 0.154468 0.0 0.21096 0.885718 0.41352 0.0 0.197809 -0.638049 1.039388 1.0]
283
	ConcatTransform [1.1 0.0 0.0 0.0 0.0 1.1 0.0 0.0 0.0 0.0 1.1 0.0 -9.609 0.05 6.704 1.0]
	ConcatTransform [-0.071631 0.432317 -0.898872 0.0 -0.974966 0.159841 0.154572 0.0 0.210501 0.887442 0.410045 0.0 0.200039 -0.637988 1.042049 1.0]
284
	ConcatTransform [1.1 0.0 0.0 0.0 0.0 1.1 0.0 0.0 0.0 0.0 1.1 0.0 -9.609 0.05 6.704 1.0]
	ConcatTransform [-0.072537 0.428081 -0.900824 0.0 -0.974663 0.161187 0.15508 0.0 0.211588 0.88925 0.405543 0.0 0.202562 -0.637959 1.045831 1.0]
285
	ConcatTransform [1.1 0.0 0.0 0.0 0.0 1.1 0.0 0.0 0.0 0.0 1.1 0.0 -9.609 0.05 6.704 1.0]
	ConcatTransform [-0.073409 0.425582 -0.901937 0.0 -0.974528 0.161557 0.155548 0.0 0.211913 0.890381 0.402882 0.0 0.203665 -0.637931 1.048125 1.0]
286
	ConcatTransform [1.1 0.0 0.0 0.0 0.0 1.1 0.0 0.0 0.0 0.0 1.1 0.0 -9.609 0.05 6.704 1.0]
	ConcatTransform [-0.072648 0.426518 -0.901557 0.0 -0.974349 0.162695 0.155483 0.0 0.212995 0.889726 0.403758 0.0 0.204402 -0.63796 1.051396 1.0]
287
	ConcatTransform [1.1 0.0 0.0 0.0 0.0 1.1 0.0 0.0 0.0 0.0 1.1 0.0 -9.609 0.05 6.704 1.0]
	ConcatTransform [-0.07116 0.425478 -0.902167 0.0 -0.973734 0.166485 0.155322 0.0 0.216283 0.889523 0.402455 0.0 0.204391 -0.638046 1.053293 1.0]
288
	ConcatTransform [1.1 0.0 0.0 0.0 0.0 1.1 0.0 0.0 0.0 0.0 1.1 0.0 -9.609 0.05 6.704 1.0]
	ConcatTransform [-0.069171 0.42482 -0.902632 0.0 -0.972193 0.174213 0.156494 0.0 0.223732 0.888357 0.400956 0.0 0.203669 -0.638219 1.055819 1.0]
289
	ConcatTransform [1.1 0.0 0.0 0.0 0.0 1.1 0.0 0.0 0.0 0.0 1.1 0.0 -9.609 0.05 6.704 1.0]
	ConcatTransform [-0.06926 0.423681 -0.90316 0.0 -0.971738 0.17615 0.157153 0.0 0.225675 0.888519 0.399507 0.0 0.202653 -0.638237 1.057177 1.0]
290
	ConcatTransform [1.1 0.0 0.0 0.0 0.0 1.1 0.0 0.0 0.0 0.0 1.1 0.0 -9.609 0.05 6.704 1.0]
	ConcatTransform [-0.066884 0.425229 -0.902611 0.0 -0.970807 0.181113 0.157262 0.0 0.230347 0.88678 0.400702 0.0 0.200618 -0.638355 1.058867 1.0]
291
	ConcatTransform [1.1 0.0 0.0 0.0 0.0 1.1 0.0 0.0 0.0 0.0 1.1 0.0 -9.609 0.05 6.704 1.0]
	ConcatTransform [-0.065822 0.425167 -0.902719 0.0 -0.969763 0.185811 0.158224 0.0 0.235007 0.885837 0.40008 0.0 0.198958 -0.638425 1.059696 1.0]
292
	ConcatTransform [1.1 0.0 0.0 0.0 0.0 1.1 0.0 0.0 0.0 0.0 1.1 0.0 -9.609 0.05 6.704 1.0]
	ConcatTransform [-0.064556 0.426361 -0.902246 0.0 -0.967893 0.193349 0.160621 0.0 0.242931 0.883647 0.40019 0.0 0.196106 -0.638522 1.060579 1.0]
293
	ConcatTransform [1.1 0.0 0.0 0.0 0.0 1.1 0.0 0.0 0.0 0.0 1.1 0.0 -9.609 0.05 6.704 1.0]
	ConcatTransform [-0.06407 0.427473 -0.901755 0.0 -0.966727 0.197659 0.162386 0.0 0.247656 0.882155 0.400586 0.0 0.193972 -0.638572 1.060924 1.0]
294
	ConcatTransform [1.1 0.0 0.0 0.0 0.0 1.1 0.0 0.0 0.0 0.0 1.1 0.0 -9.609 0.05 6.704 1.0]
	ConcatTransform [-0.065127 0.428554 -0.901166 0.0 -0.965117 0.202449 0.166024 0.0 0.25359 0.880543 0.40042 0.0 0.190593 -0.638605 1.061017 1.0]
295
	ConcatTransform [1.1 0.0 0.0 0.0 0.0 1.1 0.0 0.0 0.0 0.0 1.1 0.0 -9.609 0.05 6.704 1.0]
	ConcatTransform [-0.066077 0.429786 -0.90051 0.0 -0.964059 0.205256 0.168703 0.0 0.257341 0.879292 0.400776 0.0 0.188294 -0.638622 1.060833 1.0]
296
	ConcatTransform [1.1 0.0 0.0 0.0 0.0 1.1 0.0 0.0 0.0 0.0 1.1 0.0 -9.609 0.05 6.704 1.0]
	ConcatTransform [-0.066601 0.433211 -0.898828 0.0 -0.962138 0.210735 0.17286 0.0 0.2643 0.87631 0.402774 0.0 0.184867 -0.638653 1.060297 1.0]
297
	ConcatTransform [1.1 0.0 0.0 0.0 0.0 1.1 0.0 0.0 0.0 0.0 1.1 0.0 -9.609 0.05 6.704 1.0]
	ConcatTransform [-0.06751 0.434577 -0.898101 0.0 -0.961001 0.213629 0.17561 0.0 0.268176 0.874932 0.403207 0.0 0.182599 -0.638651 1.059728 1.0]
298
	ConcatTransform [1.1 0.0 0.0 0.0 0.0 1.1 0.0 0.0 0.0 0.0 1.1 0.0 -9.609 0.05 6.704 1.0]
	ConcatTransform [-0.06929 0.437918 -0.896341 0.0 -0.959518 0.216617 0.180005 0.0 0.27299 0.872528 0.40518 0.0 0.17933 -0.638662 1.058687 1.0]
299
	ConcatTransform [1.1 0.0 0.0 0.0 0.0 1.1 0.0 0.0 0.0 0.0 1.1 0.0 -9.609 0.05 6.704 1.0]
	ConcatTransform [-0.068703 0.44125 -0.89475 0.0 -0.95841 0.219831 0.182001 0.0 0.277002 0.870042 0.407796 0.0 0.177327 -0.638643 1.057902 1.0]
300
	ConcatTransform [1.1 0.0 0.0 0.0 0.0 1.1 0.0 0.0 0.0 0.0 1.1 0.0 -9.609 0.05 6.704 1.0]
	ConcatTransform [-0.068802 0.443309 -0.893724 0.0 -0.957715 0.22152 0.183607 0.0 0.279373 0.868565 0.409323 0.0 0.174482 -0.63862 1.056502 1.0]
301
	ConcatTransform [1.1 0.0 0.0 0.0 0.0 1.1 0.0 0.0 0.0 0.0 1.1 0.0 -9.609 0.05 6.704 1.0]
	ConcatTransform [-0.069769 0.443259 -0.893674 0.0 -0.95787 0.220426 0.184111 0.0 0.278598 0.868869 0.409206 0.0 0.172726 -0.638631 1.05547 1.0]
302
	ConcatTransform [1.1 0.0 0.0 0.0 0.0 1.1 0.0 0.0 0.0 0.0 1.1 0.0 -9.609 0.05 6.704 1.0]
	ConcatTransform [-0.069168 0.446445 -0.892134 0.0 -0.957431 0.221517 0.185083 0.0 0.280252 0.866958 0.412119 0.0 0.170525 -0.638613 1.054001 1.0]
303
	ConcatTransform [1.1 0.0 0.0 0.0 0.0 1.1 0.0 0.0 0.0 0.0 1.1 0.0 -9.609 0.05 6.704 1.0]
	ConcatTransform [-0.068941 0.447965 -0.891389 0.0 -0.957203 0.222052 0.185623 0.0 0.281087 0.866037 0.413484 0.0 0.169275 -0.6386 1.052998 1.0]
304
	ConcatTransform [1.1 0.0 0.0 0.0 0.0 1.1 0.0 0.0 0.0 0.0 1.1 0.0 -9.609 0.05 6.704 1.0]
	ConcatTransform [-0.070264 0.448982 -0.890774 0.0 -0.957259 0.220813 0.186806 0.0 0.280567 0.865827 0.414277 0.0 0.167698 -0.638608 1.051491 1.0]
305
	ConcatTransform [1.1 0.0 0.0 0.0 0.0 1.1 0.0 0.0 0.0 0.0 1.1 0.0 -9.609 0.05 6.704 1.0]
	ConcatTransform [-0.069989 0.450682 -0.889936 0.0 -0.956722 0.222285 0.187811 0.0 0.282463 0.864566 0.41562 0.0 0.166965 -0.638582 1.050568 1.0]
306
	ConcatTransform [1.1 0.0 0.0 0.0 0.0 1.1 0.0 0.0 0.0 0.0 1.1 0.0 -9.609 0.05 6.704 1.0]
	ConcatTransform [-0.071488 0.451119 -0.889596 0.0 -0.956372 0.222289 0.189578 0.0 0.28327 0.864338 0.415546 0.0 0.166179 -0.638578 1.049196 1.0]
307
	ConcatTransform [1.1 0.0 0.0 0.0 0.0 1.1 0.0 0.0 0.0 0.0 1.1 0.0 -9.609 0.05 6.704 1.0]
	ConcatTransform [-0.071889 0.451957 -0.889138 0.0 -0.956169 0.222467 0.190391 0.0 0.283853 0.863854 0.416154 0.0 0.165918 -0.638569 1.048365 1.0]
308
	ConcatTransform [1.1 0.0 0.0 0.0 0.0 1.1 0.0 0.0 0.0 0.0 1.1 0.0 -9.609 0.05 6.704 1.0]
	ConcatTransform [-0.073242 0.452663 -0.888669 0.0 -0.956351 0.220876 0.191328 0.0 0.282892 0.863893 0.416727 0.0 0.165867 -0.638585 1.047226 1.0]
309
	ConcatTransform [1.1 0.0 0.0 0.0 0.0 1.1 0.0 0.0 0.0 0.0 1.1 0.0 -9.609 0.05 6.704 1.0]
	ConcatTransform [-0.07329 0.45378 -0.888095 0.0 -0.956336 0.220649 0.191664 0.0 0.28293 0.863364 0.417795 0.0 0.166115 -0.638578 1.046587 1.0]
310
	ConcatTransform [1.1 0.0 0.0 0.0 0.0 1.1 0.0 0.0 0.0 0.0 1.1 0.0 -9.609 0.05 6.704 1.0]
	ConcatTransform [-0.073537 0.454074 -0.887924 0.0 -0.956736 0.2192 0.191332 0.0 0.281512 0.863579 0.41831 0.0 0.166794 -0.638591 1.045728 1.0]
311
	ConcatTransform [1.1 0.0 0.0 0.0 0.0 1.1 0.0 0.0 0.0 0.0 1.1 0.0 -9.609 0.05 6.704 1.0]
	ConcatTransform [-0.076157 0.452308 -0.888604 0.0 -0.957511 0.215439 0.191723 0.0 0.278158 0.86545 0.416683 0.0 0.16738 -0.638644 1.045201 1.0]
312
	ConcatTransform [1.1 0.0 0.0 0.0 0.0 1.1 0.0 0.0 0.0 0.0 1.1 0.0 -9.609 0.05 6.704 1.0]
	ConcatTransform [-0.083027 0.449765 -0.88928 0.0 -0.958363 0.208615 0.194986 0.0 0.273215 0.868442 0.413717 0.0 0.168499 -0.6387 1.044578 1.0]
313
	ConcatTransform [1.1 0.0 0.0 0.0 0.0 1.1 0.0 0.0 0.0 0.0 1.1 0.0 -9.609 0.05 6.704 1.0]
	ConcatTransform [-0.087273 0.44917 -0.889174 0.0 -0.958077 0.206668 0.198435 0.0 0.272894 0.869215 0.412303 0.0 0.169445 -0.638704 1.044284 1.0]
314
	ConcatTransform [1.1 0.0 0.0 0.0 0.0 1.1 0.0 0.0 0.0 0.0 1.1 0.0 -9.609 0.05 6.704 1.0]
	ConcatTransform [-0.09238 0.44986 -0.888308 0.0 -0.957365 0.205105 0.203432 0.0 0.273713 0.869228 0.411733 0.0 0.170972 -0.6387 1.043997 1.0]
315
	ConcatTransform [1.1 0.0 0.0 0.0 0.0 1.1 0.0 0.0 0.0 0.0 1.1 0.0 -9.609 0.05 6.704 1.0]
	ConcatTransform [-0.096195 0.450591 -0.887533 0.0 -0.957057 0.203113 0.206849 0.0 0.273474 0.869317 0.411703 0.0 0.171986 -0.638696 1.043893 1.0]
316
	ConcatTransform [1.1 0.0 0.0 0.0 0.0 1.1 0.0 0.0 0.0 0.0 1.1 0.0 -9.609 0.05 6.704 1.0]
	ConcatTransform [-0.09997 0.450755 -0.887032 0.0 -0.956485 0.202074 0.210483 0.0 0.274122 0.869475 0.410939 0.0 0.173541 -0.638693 1.043816 1.0]
317
	ConcatTransform [1.1 0.0 0.0 0.0 0.0 1.1 0.0 0.0 0.0 0.0 1.1 0.0 -9.609 0.05 6.704 1.0]
	ConcatTransform [-0.103403 0.450496 -0.88677 0.0 -0.956363 0.199918 0.21308 0.0 0.273273 0.870107 0.410166 0.0 0.17452 -0.63869 1.043846 1.0]
318
	ConcatTransform [1.1 0.0 0.0 0.0 0.0 1.1 0.0 0.0 0.0 0.0 1.1 0.0 -9.609 0.05 6.704 1.0]
	ConcatTransform [-0.108207 0.449421 -0.886742 0.0 -0.955695 0.198594 0.217273 0.0 0.273749 0.870966 0.40802 0.0 0.175984 -0.63869 1.043999 1.0]
319
	ConcatTransform [1.1 0.0 0.0 0.0 0.0 1.1 0.0 0.0 0.0 0.0 1.1 0.0 -9.609 0.05 6.704 1.0]
	ConcatTransform [-0.111124 0.44959 -0.886296 0.0 -0.955433 0.197097 0.219774 0.0 0.273494 0.871218 0.407651 0.0 0.176878 -0.638683 1.044213 1.0]
320
	ConcatTransform [1.1 0.0 0.0 0.0 0.0 1.1 0.0 0.0 0.0 0.0 1.1 0.0 -9.609 0.05 6.704 1.0]
	ConcatTransform [-0.116634 0.449666 -0.885549 0.0 -0.954888 0.194412 0.224485 0.0 0.273104 0.871782 0.406706 0.0 0.17817 -0.63867 1.04458 1.0]
321
	ConcatTransform [1.1 0.0 0.0 0.0 0.0 1.1 0.0 0.0 0.0 0.0 1.1 0.0 -9.609 0.05 6.704 1.0]
	ConcatTransform [-0.121419 0.450169 -0.88465 0.0 -0.95417 0.192663 0.229 0.0 0.273528 0.871911 0.406145 0.0 0.179074 -0.638656 1.044823 1.0]
322
	ConcatTransform [1.1 0.0 0.0 0.0 0.0 1.1 0.0 0.0 0.0 0.0 1.1 0.0 -9.609 0.05 6.704 1.0]
	ConcatTransform [-0.126323 0.449315 -0.884397 0.0 -0.953514 0.190891 0.233177 0.0 0.273593 0.872741 0.404314 0.0 0.180327 -0.638643 1.045123 1.0]
323
	ConcatTransform [1.1 0.0 0.0 0.0 0.0 1.1 0.0 0.0 0.0 0.0 1.1 0.0 -9.609 0.05 6.704 1.0]
	ConcatTransform [-0.127788 0.448808 -0.884444 0.0 -0.953561 0.189638 0.234005 0.0 0.272747 0.873275 0.403732 0.0 0.181126 -0.638631 1.04525 1.0]
324
	ConcatTransform [1.1 0.0 0.0 0.0 0.0 1.1 0.0 0.0 0.0 0.0 1.1 0.0 -9.609 0.05 6.704 1.0]
	ConcatTransform [-0.127068 0.448147 -0.884883 0.0 -0.954441 0.18759 0.232061 0.0 0.269993 0.874056 0.403893 0.0 0.182269 -0.638608 1.045286 1.0]
325
	ConcatTransform [1.1 0.0 0.0 0.0 0.0 1.1 0.0 0.0 0.0 0.0 1.1 0.0 -9.609 0.05 6.704 1.0]
	ConcatTransform [-0.125991 0.447732 -0.885247 0.0 -0.955264 0.185937 0.229997 0.0 0.267577 0.874622 0.404276 0.0 0.182918 -0.638589 1.045277 1.0]
326
	ConcatTransform [1.1 0.0 0.0 0.0 0.0 1.1 0.0 0.0 0.0 0.0 1.1 0.0 -9.609 0.05 6.704 1.0]
	ConcatTransform [-0.125269 0.44727 -0.885583 0.0 -0.955988 0.184291 0.228306 0.0 0.265319 0.875207 0.404499 0.0 0.183805 -0.638575 1.045201 1.0]
327
	ConcatTransform [1.1 0.0 0.0 0.0 0.0 1.1 0.0 0.0 0.0 0.0 1.1 0.0 -9.609 0.05 6.704 1.0]
	ConcatTransform [-0.127188 0.446547 -0.885674 0.0 -0.956264 0.181924 0.229049 0.0 0.263407 0.87607 0.403878 0.0 0.184195 -0.638542 1.045168 1.0]
328
	ConcatTransform [1.1 0.0 0.0 0.0 0.0 1.1 0.0 0.0 0.0 0.0 1.1 0.0 -9.609 0.05 6.704 1.0]
	ConcatTransform [-0.129172 0.446569 -0.885376 0.0 -0.956019 0.18102 0.230782 0.0 0.263331 0.876246 0.403546 0.0 0.184533 -0.638525 1.045171 1.0]
329
	ConcatTransform [1.1 0.0 0.0 0.0 0.0 1.1 0.0 0.0 0.0 0.0 1.1 0.0 -9.609 0.05 6.704 1.0]
	ConcatTransform [-0.129468 0.447434 -0.884896 0.0 -0.956209 0.179902 0.230867 0.0 0.262492 0.876035 0.404549 0.0 0.184616 -0.638504 1.045098 1.0]
330
	ConcatTransform [1.1 0.0 0.0 0.0 0.0 1.1 0.0 0.0 0.0 0.0 1.1 0.0 -9.609 0.05 6.704 1.0]
	ConcatTransform [-0.126656 0.450538 -0.883727 0.0 -0.956981 0.178956 0.228389 0.0 0.261046 0.874637 0.40849 0.0 0.184496 -0.638492 1.044954 1.0]
331
	ConcatTransform [1.1 0.0 0.0 0.0 0.0 1.1 0.0 0.0 0.0 0.0 1.1 0.0 -9.609 0.05 6.704 1.0]
	ConcatTransform [-0.12451 0.451254 -0.883667 0.0 -0.957556 0.178695 0.226174 0.0 0.259968 0.874321 0.409852 0.0 0.184254 -0.63848 1.044784 1.0]
332
	ConcatTransform [1.1 0.0 0.0 0.0 0.0 1.1 0.0 0.0 0.0 0.0 1.1 0.0 -9.609 0.05 6.704 1.0]
	ConcatTransform [-0.12084 0.45181 -0.883892 0.0 -0.958203 0.179515 0.22276 0.0 0.259317 0.873866 0.411233 0.0 0.183704 -0.638489 1.044487 1.0]
333
	ConcatTransform [1.1 0.0 0.0 0.0 0.0 1.1 0.0 0.0 0.0 0.0 1.1 0.0 -9.609 0.05 6.704 1.0]
	ConcatTransform [-0.117234 0.453639 -0.883441 0.0 -0.958897 0.179758 0.219551 0.0 0.258403 0.872868 0.41392 0.0 0.183245 -0.638492 1.044279 1.0]
334
	ConcatTransform [1.1 0.0 0.0 0.0 0.0 1.1 0.0 0.0 0.0 0.0 1.1 0.0 -9.609 0.05 6.704 1.0]
	ConcatTransform [-0.109117 0.455685 -0.883428 0.0 -0.960484 0.180596 0.211789 0.0 0.256053 0.871629 0.417972 0.0 0.182357 -0.638491 1.043928 1.0]
335
	ConcatTransform [1.1 0.0 0.0 0.0 0.0 1.1 0.0 0.0 0.0 0.0 1.1 0.0 -9.609 0.05 6.704 1.0]
	ConcatTransform [-0.102365 0.457241 -0.883432 0.0 -0.961876 0.180917 0.205092 0.0 0.253605 0.870747 0.42129 0.0 0.181644 -0.638482 1.043713 1.0]
336
	ConcatTransform [1.1 0.0 0.0 0.0 0.0 1.1 0.0 0.0 0.0 0.0 1.1 0.0 -9.609 0.05 6.704 1.0]
	ConcatTransform [-0.095154 0.460022 -0.882794 0.0 -0.962611 0.183424 0.199339 0.0 0.253626 0.868755 0.425368 0.0 0.18043 -0.638497 1.043656 1.0]
337
	ConcatTransform [1.1 0.0 0.0 0.0 0.0 1.1 0.0 0.0 0.0 0.0 1.1 0.0 -9.609 0.05 6.704 1.0]
	ConcatTransform [-0.091294 0.463007 -0.88164 0.0 -0.962824 0.184987 0.196849 0.0 0.254235 0.866836 0.428906 0.0 0.179591 -0.638476 1.043758 1.0]
338
	ConcatTransform [1.1 0.0 0.0 0.0 0.0 1.1 0.0 0.0 0.0 0.0 1.1 0.0 -9.609 0.05 6.704 1.0]
	ConcatTransform [-0.089588 0.466164 -0.88015 0.0 -0.962676 0.186081 0.196544 0.0 0.255401 0.864907 0.432094 0.0 0.178199 -0.638458 1.04421 1.0]
339
	ConcatTransform [1.1 0.0 0.0 0.0 0.0 1.1 0.0 0.0 0.0 0.0 1.1 0.0 -9.609 0.05 6.704 1.0]
	ConcatTransform [-0.09065 0.467393 -0.87939 0.0 -0.962058 0.187085 0.198606 0.0 0.257347 0.864027 0.4327 0.0 0.177228 -0.638448 1.044749 1.0]
340
	ConcatTransform [1.1 0.0 0.0 0.0 0.0 1.1 0.0 0.0 0.0 0.0 1.1 0.0 -9.609 0.05 6.704 1.0]
	ConcatTransform [-0.094089 0.46795 -0.878732 0.0 -0.960631 0.189088 0.203552 0.0 0.26141 0.863289 0.431736 0.0 0.175957 -0.638432 1.045749 1.0]
341
	ConcatTransform [1.1 0.0 0.0 0.0 0.0 1.1 0.0 0.0 0.0 0.0 1.1 0.0 -9.609 0.05 6.704 1.0]
	ConcatTransform [-0.098542 0.466756 -0.878879 0.0 -0.95994 0.18821 0.207586 0.0 0.262306 0.864127 0.429512 0.0 0.175197 -0.638433 1.046495 1.0]
342
	ConcatTransform [1.1 0.0 0.0 0.0 0.0 1.1 0.0 0.0 0.0 0.0 1.1 0.0 -9.609 0.05 6.704 1.0]
	ConcatTransform [-0.104313 0.465655 -0.878797 0.0 -0.958616 0.188281 0.213553 0.0 0.264903 0.864706 0.426744 0.0 0.174251 -0.638471 1.04785 1.0]
343
	ConcatTransform [1.1 0.0 0.0 0.0 0.0 1.1 0.0 0.0 0.0 0.0 1.1 0.0 -9.609 0.05 6.704 1.0]
	ConcatTransform [-0.107995 0.464558 -0.878933 0.0 -0.957714 0.188549 0.217332 0.0 0.266685 0.865237 0.424552 0.0 0.173624 -0.638486 1.048939 1.0]
344
	ConcatTransform [1.1 0.0 0.0 0.0 0.0 1.1 0.0 0.0 0.0 0.0 1.1 0.0 -9.609 0.05 6.704 1.0]
	ConcatTransform [-0.112377 0.463187 -0.879107 0.0 -0.956179 0.190306 0.222499 0.0 0.270358 0.865587 0.421504 0.0 0.172694 -0.638518 1.050863 1.0]
345
	ConcatTransform [1.1 0.0 0.0 0.0 0.0 1.1 0.0 0.0 0.0 0.0 1.1 0.0 -9.609 0.05 6.704 1.0]
	ConcatTransform [-0.114426 0.462967 -0.878959 0.0 -0.955288 0.191538 0.22525 0.0 0.272637 0.865433 0.42035 0.0 0.172232 -0.638523 1.052205 1.0]
346
	ConcatTransform [1.1 0.0 0.0 0.0 0.0 1.1 0.0 0.0 0.0 0.0 1.1 0.0 -9.609 0.05 6.704 1.0]
	ConcatTransform [-0.119252 0.461413 -0.879134 0.0 -0.954154 0.191574 0.229976 0.0 0.274533 0.866255 0.417413 0.0 0.171687 -0.638556 1.054296 1.0]
347
	ConcatTransform [1.1 0.0 0.0 0.0 0.0 1.1 0.0 0.0 0.0 0.0 1.1 0.0 -9.609 0.05 6.704 1.0]
	ConcatTransform [-0.122877 0.459273 -0.879755 0.0 -0.953513 0.191152 0.232969 0.0 0.275163 0.867484 0.414434 0.0 0.171308 -0.638577 1.055806 1.0]
348
	ConcatTransform [1.1 0.0 0.0 0.0 0.0 1.1 0.0 0.0 0.0 0.0 1.1 0.0 -9.609 0.05 6.704 1.0]
	ConcatTransform [-0.128073 0.455319 -0.881069 0.0 -0.952635 0.190603 0.236976 0.0 0.275834 0.869687 0.409341 0.0 0.170725 -0.638613 1.058217 1.0]
349
	ConcatTransform [1.1 0.0 0.0 0.0 0.0 1.1 0.0 0.0 0.0 0.0 1.1 0.0 -9.609 0.05 6.704 1.0]
	ConcatTransform [-0.130415 0.453415 -0.881707 0.0 -0.951902 0.191432 0.239241 0.0 0.277262 0.870499 0.406641 0.0 0.170374 -0.638631 1.05991 1.0]
350
	ConcatTransform [1.1 0.0 0.0 0.0 0.0 1.1 0.0 0.0 0.0 0.0 1.1 0.0 -9.609 0.05 6.704 1.0]
	ConcatTransform [-0.132774 0.452401 -0.881876 0.0 -0.951159 0.192021 0.241712 0.0 0.278689 0.870897 0.40481 0.0 0.170414 -0.63863 1.062067 1.0]
351
	ConcatTransform [1.1 0.0 0.0 0.0 0.0 1.1 0.0 0.0 0.0 0.0 1.1 0.0 -9.609 0.05 6.704 1.0]
	ConcatTransform [-0.134676 0.451074 -0.882267 0.0 -0.951061 0.191056 0.242858 0.0 0.278109 0.871797 0.403268 0.0 0.170574 -0.638637 1.063343 1.0]
352
	ConcatTransform [1.1 0.0 0.0 0.0 0.0 1.1 0.0 0.0 0.0 0.0 1.1 0.0 -9.609 0.05 6.704 1.0]
	ConcatTransform [-0.136364 0.448882 -0.883125 0.0 -0.951482 0.188869 0.242919 0.0 0.275837 0.873403 0.401348 0.0 0.171059 -0.638616 1.064955 1.0]
353
	ConcatTransform [1.1 0.0 0.0 0.0 0.0 1.1 0.0 0.0 0.0 0.0 1.1 0.0 -9.609 0.05 6.704 1.0]
	ConcatTransform [-0.140167 0.446929 -0.88352 0.0 -0.951363 0.18645 0.245246 0.0 0.27434 0.874924 0.399057 0.0 0.171444 -0.638602 1.065932 1.0]
354
	ConcatTransform [1.1 0.0 0.0 0.0 0.0 1.1 0.0 0.0 0.0 0.0 1.1 0.0 -9.609 0.05 6.704 1.0]
	ConcatTransform [-0.145445 0.445717 -0.883279 0.0 -0.950387 0.185183 0.249942 0.0 0.274972 0.87581 0.39667 0.0 0.171961 -0.638584 1.067424 1.0]
355
	ConcatTransform [1.1 0.0 0.0 0.0 0.0 1.1 0.0 0.0 0.0 0.0 1.1 0.0 -9.609 0.05 6.704 1.0]
	ConcatTransform [-0.148043 0.44486 -0.88328 0.0 -0.949966 0.184416 0.2521 0.0 0.27504 0.876408 0.3953 0.0 0.1722 -0.638576 1.068328 1.0]
356
	ConcatTransform [1.1 0.0 0.0 0.0 0.0 1.1 0.0 0.0 0.0 0.0 1.1 0.0 -9.609 0.05 6.704 1.0]
	ConcatTransform [-0.151175 0.442734 -0.883817 0.0 -0.948941 0.185428 0.255201 0.0 0.276871 0.87727 0.392096 0.0 0.172282 -0.638583 1.069656 1.0]
357
	ConcatTransform [1.1 0.0 0.0 0.0 0.0 1.1 0.0 0.0 0.0 0.0 1.1 0.0 -9.609 0.05 6.704 1.0]
	ConcatTransform [-0.153213 0.441765 -0.883951 0.0 -0.948195 0.186199 0.257404 0.0 0.278303 0.877595 0.390351 0.0 0.172109 -0.638586 1.070554 1.0]
358
	ConcatTransform [1.1 0.0 0.0 0.0 0.0 1.1 0.0 0.0 0.0 0.0 1.1 0.0 -9.609 0.05 6.704 1.0]
	ConcatTransform [-0.155236 0.440658 -0.884151 0.0 -0.946901 0.188722 0.260312 0.0 0.281567 0.877613 0.387963 0.0 0.17155 -0.638614 1.071861 1.0]
359
	ConcatTransform [1.1 0.0 0.0 0.0 0.0 1.1 0.0 0.0 0.0 0.0 1.1 0.0 -9.609 0.05 6.704 1.0]
	ConcatTransform [-0.156338 0.440315 -0.884127 0.0 -0.946031 0.190514 0.262165 0.0 0.283874 0.877398 0.386767 0.0 0.170956 -0.638631 1.072721 1.0]
360
	ConcatTransform [1.1 0.0 0.0 0.0 0.0 1.1 0.0 0.0 0.0 0.0 1.1 0.0 -9.609 0.05 6.704 1.0]
	ConcatTransform [0.693849 0.449041 0.56297 0.0 0.537116 0.198024 -0.819934 0.0 -0.479666 0.871291 -0.103788 0.0 -0.402787 -0.639542 -0.490129 1.0]
