1
	ConcatTransform [1.0 0.0 0.0 0.0 0.0 1.0 0.0 0.0 0.0 0.0 1.0 0.0 0.0 0.0 0.0 1.0]
	ConcatTransform [-0.234767 0.926873 0.543866 0.0 1.074604 0.207945 0.109482 0.0 -0.010562 0.554675 -0.949855 0.0 1.487237 3.451874 4.679318 1.0]
2
	ConcatTransform [1.0 0.0 0.0 0.0 0.0 1.0 0.0 0.0 0.0 0.0 1.0 0.0 0.0 0.0 0.0 1.0]
	ConcatTransform [-0.234767 0.926873 0.543866 0.0 1.074604 0.207945 0.109482 0.0 -0.010562 0.554675 -0.949855 0.0 1.487237 3.451874 4.679318 1.0]
3
	ConcatTransform [1.0 0.0 0.0 0.0 0.0 1.0 0.0 0.0 0.0 0.0 1.0 0.0 0.0 0.0 0.0 1.0]
	ConcatTransform [-0.234767 0.926873 0.543866 0.0 1.074604 0.207945 0.109482 0.0 -0.010562 0.554675 -0.949855 0.0 1.487237 3.451874 4.679318 1.0]
4
	ConcatTransform [1.0 0.0 0.0 0.0 0.0 1.0 0.0 0.0 0.0 0.0 1.0 0.0 0.0 0.0 0.0 1.0]
	ConcatTransform [-0.234767 0.926873 0.543866 0.0 1.074604 0.207945 0.109482 0.0 -0.010562 0.554675 -0.949855 0.0 1.487237 3.451874 4.679318 1.0]
5
	ConcatTransform [1.0 0.0 0.0 0.0 0.0 1.0 0.0 0.0 0.0 0.0 1.0 0.0 0.0 0.0 0.0 1.0]
	ConcatTransform [-0.234767 0.926873 0.543866 0.0 1.074604 0.207945 0.109482 0.0 -0.010562 0.554675 -0.949855 0.0 1.487237 3.451874 4.679318 1.0]
6
	ConcatTransform [1.0 0.0 0.0 0.0 0.0 1.0 0.0 0.0 0.0 0.0 1.0 0.0 -0.026235 0.018543 0.001936 1.0]
	ConcatTransform [-0.234712 0.931187 0.536471 0.0 1.074389 0.215826 0.095433 0.0 -0.024471 0.544344 -0.955558 0.0 1.487237 3.451874 4.679318 1.0]
7
	ConcatTransform [1.0 0.0 0.0 0.0 0.0 1.0 0.0 0.0 0.0 0.0 1.0 0.0 -0.100061 0.069089 0.007384 1.0]
	ConcatTransform [-0.234419 0.943347 0.514921 0.0 1.072782 0.237115 0.053986 0.0 -0.064698 0.513685 -0.970537 0.0 1.487237 3.451874 4.679318 1.0]
8
	ConcatTransform [1.0 0.0 0.0 0.0 0.0 1.0 0.0 0.0 0.0 0.0 1.0 0.0 -0.214154 0.145285 0.015803 1.0]
	ConcatTransform [-0.23355 0.96181 0.479976 0.0 1.067162 0.266375 -0.014514 0.0 -0.128921 0.462565 -0.989653 0.0 1.487237 3.451874 4.679318 1.0]
9
	ConcatTransform [1.0 0.0 0.0 0.0 0.0 1.0 0.0 0.0 0.0 0.0 1.0 0.0 -0.361194 0.242005 0.026654 1.0]
	ConcatTransform [-0.231638 0.984628 0.432264 0.0 1.053719 0.296047 -0.10969 0.0 -0.214522 0.390978 -1.005543 0.0 1.487237 3.451874 4.679318 1.0]
10
	ConcatTransform [1.0 0.0 0.0 0.0 0.0 1.0 0.0 0.0 0.0 0.0 1.0 0.0 -0.53386 0.354931 0.039395 1.0]
	ConcatTransform [-0.22817 1.009571 0.372432 0.0 1.027926 0.317099 -0.229817 0.0 -0.318286 0.300359 -1.009197 0.0 1.487237 3.451874 4.679318 1.0]
11
	ConcatTransform [1.0 0.0 0.0 0.0 0.0 1.0 0.0 0.0 0.0 0.0 1.0 0.0 -0.724829 0.480265 0.053487 1.0]
	ConcatTransform [-0.222673 1.034238 0.301277 0.0 0.985 0.320033 -0.370614 0.0 -0.436111 0.194756 -0.990897 0.0 1.487237 3.451874 4.679318 1.0]
12
	ConcatTransform [1.0 0.0 0.0 0.0 0.0 1.0 0.0 0.0 0.0 0.0 1.0 0.0 -0.92678 0.614508 0.06839 1.0]
	ConcatTransform [-0.214779 1.056189 0.219851 0.0 0.920408 0.296332 -0.524439 0.0 -0.562778 0.081559 -0.94161 0.0 1.487237 3.451874 4.679318 1.0]
13
	ConcatTransform [1.0 0.0 0.0 0.0 0.0 1.0 0.0 0.0 0.0 0.0 1.0 0.0 -1.132392 0.75427 0.083563 1.0]
	ConcatTransform [-0.204285 1.073075 0.129532 0.0 0.830438 0.240201 -0.680203 0.0 -0.691838 -0.028533 -0.85472 0.0 1.487237 3.451874 4.679318 1.0]
14
	ConcatTransform [1.0 0.0 0.0 0.0 0.0 1.0 0.0 0.0 0.0 0.0 1.0 0.0 -1.334344 0.896091 0.098465 1.0]
	ConcatTransform [-0.191189 1.082784 0.032042 0.0 0.712814 0.150252 -0.824209 0.0 -0.815686 -0.122491 -0.727772 0.0 1.487237 3.451874 4.679318 1.0]
15
	ConcatTransform [1.0 0.0 0.0 0.0 0.0 1.0 0.0 0.0 0.0 0.0 1.0 0.0 -1.525313 1.036223 0.112557 1.0]
	ConcatTransform [-0.175703 1.083581 -0.070576 0.0 0.567315 0.030641 -0.941921 0.0 -0.925895 -0.186852 -0.563741 0.0 1.487237 3.451874 4.679318 1.0]
16
	ConcatTransform [1.0 0.0 0.0 0.0 0.0 1.0 0.0 0.0 0.0 0.0 1.0 0.0 -1.697978 1.17035 0.125299 1.0]
	ConcatTransform [-0.158242 1.074232 -0.176024 0.0 0.396287 -0.108819 -1.02035 0.0 -1.013862 -0.210199 -0.37135 0.0 1.487237 3.451874 4.679318 1.0]
17
	ConcatTransform [1.0 0.0 0.0 0.0 0.0 1.0 0.0 0.0 0.0 0.0 1.0 0.0 -1.845019 1.293165 0.136149 1.0]
	ConcatTransform [-0.139391 1.0541 -0.281857 0.0 0.204877 -0.253809 -1.050527 0.0 -1.071725 -0.185618 -0.164166 0.0 1.487237 3.451874 4.679318 1.0]
18
	ConcatTransform [1.0 0.0 0.0 0.0 0.0 1.0 0.0 0.0 0.0 0.0 1.0 0.0 -1.959112 1.397651 0.144569 1.0]
	ConcatTransform [-0.119847 1.023199 -0.385616 0.0 0.00085 -0.387838 -1.029359 0.0 -1.093451 -0.112448 0.041465 0.0 1.487237 3.451874 4.679318 1.0]
19
	ConcatTransform [1.0 0.0 0.0 0.0 0.0 1.0 0.0 0.0 0.0 0.0 1.0 0.0 -2.032937 1.473746 0.150017 1.0]
	ConcatTransform [-0.100352 0.982209 -0.484969 0.0 -0.206096 -0.495232 -0.960349 0.0 -1.07585 0.003252 0.229206 0.0 1.487237 3.451874 4.679318 1.0]
20
	ConcatTransform [1.0 0.0 0.0 0.0 0.0 1.0 0.0 0.0 0.0 0.0 1.0 0.0 -2.059172 1.505453 0.151953 1.0]
	ConcatTransform [-0.081629 0.932431 -0.577849 0.0 -0.405467 -0.564058 -0.852898 0.0 -1.019281 0.149707 0.385557 0.0 1.487237 3.451874 4.679318 1.0]
21
	ConcatTransform [0.999966 0.0 -0.008195 0.0 0.0 1.0 0.0 0.0 0.008195 0.0 0.999966 0.0 -2.067678 1.506985 0.165127 1.0]
	ConcatTransform [-0.064307 0.875708 -0.662571 0.0 -0.587376 -0.588209 -0.720416 0.0 -0.927822 0.311682 0.501996 0.0 1.487237 3.451874 4.679318 1.0]
22
	ConcatTransform [0.999462 0.0 -0.032811 0.0 0.0 1.0 0.0 0.0 0.032811 0.0 0.999462 0.0 -2.092581 1.508504 0.205125 1.0]
	ConcatTransform [-0.048877 0.81431 -0.73791 0.0 -0.74391 -0.568177 -0.57773 0.0 -0.808832 0.473365 0.575949 0.0 1.487237 3.451874 4.679318 1.0]
23
	ConcatTransform [0.997269 0.0 -0.073857 0.0 0.0 1.0 0.0 0.0 0.073857 0.0 0.997269 0.0 -2.131938 1.510011 0.273228 1.0]
	ConcatTransform [-0.035656 0.750792 -0.803143 0.0 -0.870159 -0.510418 -0.438517 0.0 -0.671976 0.621115 0.610462 0.0 1.487237 3.451874 4.679318 1.0]
24
	ConcatTransform [0.991357 0.0 -0.131191 0.0 0.0 1.0 0.0 0.0 0.131191 0.0 0.991357 0.0 -2.182346 1.511503 0.371333 1.0]
	ConcatTransform [-0.024779 0.68786 -0.858041 0.0 -0.964696 -0.425638 -0.313359 0.0 -0.527966 0.74544 0.612839 0.0 1.487237 3.451874 4.679318 1.0]
25
	ConcatTransform [0.978896 0.0 -0.20436 0.0 0.0 1.0 0.0 0.0 0.20436 0.0 0.978896 0.0 -2.238791 1.512982 0.501669 1.0]
	ConcatTransform [-0.016212 0.628233 -0.902807 0.0 -1.029438 -0.326599 -0.208783 0.0 -0.387291 0.841817 0.592747 0.0 1.487237 3.451874 4.679318 1.0]
26
	ConcatTransform [0.956308 0.0 -0.292361 0.0 0.0 1.0 0.0 0.0 0.292361 0.0 0.956308 0.0 -2.294492 1.514447 0.666364 1.0]
	ConcatTransform [-0.00978 0.574542 -0.93798 0.0 -1.06897 -0.226042 -0.127313 0.0 -0.259245 0.910388 0.560344 0.0 1.487237 3.451874 4.679318 1.0]
27
	ConcatTransform [0.919387 0.0 -0.393353 0.0 0.0 1.0 0.0 0.0 0.393353 0.0 0.919387 0.0 -2.340781 1.515897 0.866859 1.0]
	ConcatTransform [-0.005218 0.529248 -0.964297 0.0 -1.089521 -0.1352 -0.068308 0.0 -0.151386 0.954787 0.524847 0.0 1.487237 3.451874 4.679318 1.0]
28
	ConcatTransform [0.863513 0.0 -0.504327 0.0 0.0 1.0 0.0 0.0 0.504327 0.0 0.863513 0.0 -2.367105 1.517331 1.103157 1.0]
	ConcatTransform [-0.00223 0.494589 -0.982536 0.0 -1.097801 -0.06307 -0.029257 0.0 -0.06949 0.980512 0.493728 0.0 1.487237 3.451874 4.679318 1.0]
29
	ConcatTransform [0.783995 0.0 -0.620767 0.0 0.0 1.0 0.0 0.0 0.620767 0.0 0.783995 0.0 -2.361229 1.518749 1.372916 1.0]
	ConcatTransform [-0.000548 0.472559 -0.993322 0.0 -1.099854 -0.016386 -0.007189 0.0 -0.017885 0.993187 0.472504 0.0 1.487237 3.451874 4.679318 1.0]
30
	ConcatTransform [0.676588 0.0 -0.736362 0.0 0.0 1.0 0.0 0.0 0.736362 0.0 0.676588 0.0 -2.309752 1.520151 1.670449 1.0]
	ConcatTransform [0.0 0.46488 -0.996939 0.0 -1.1 0.0 0.0 0.0 0.0 0.996939 0.46488 0.0 1.487237 3.451874 4.679318 1.0]
31
	ConcatTransform [0.538184 0.0 -0.842827 0.0 0.0 1.0 0.0 0.0 0.842827 0.0 0.538184 0.0 -2.199039 1.521535 1.985722 1.0]
	ConcatTransform [0.0 0.46488 -0.996939 0.0 -1.1 0.0 0.0 0.0 0.0 0.996939 0.46488 0.0 1.487237 3.451874 4.679318 1.0]
32
	ConcatTransform [0.367685 0.0 -0.92995 0.0 0.0 1.0 0.0 0.0 0.92995 0.0 0.367685 0.0 -2.016661 1.522901 2.303504 1.0]
	ConcatTransform [0.0 0.46488 -0.996939 0.0 -1.1 0.0 0.0 0.0 0.0 0.996939 0.46488 0.0 1.487237 3.451874 4.679318 1.0]
33
	ConcatTransform [0.167007 0.0 -0.985956 0.0 0.0 1.0 0.0 0.0 0.985956 0.0 0.167007 0.0 -1.753391 1.524248 2.602914 1.0]
	ConcatTransform [0.0 0.46488 -0.996939 0.0 -1.1 0.0 0.0 0.0 0.0 0.996939 0.46488 0.0 1.487237 3.451874 4.679318 1.0]
34
	ConcatTransform [-0.0579 0.0 -0.998322 0.0 0.0 1.0 0.0 0.0 0.998322 0.0 -0.0579 0.0 -1.40569 1.525575 2.857662 1.0]
	ConcatTransform [0.0 0.46488 -0.996939 0.0 -1.1 0.0 0.0 0.0 0.0 0.996939 0.46488 0.0 1.487237 3.451874 4.679318 1.0]
35
	ConcatTransform [-0.296185 0.0 -0.955131 0.0 0.0 1.0 0.0 0.0 0.955131 0.0 -0.296185 0.0 -0.978508 1.526881 3.0373 1.0]
	ConcatTransform [0.0 0.46488 -0.996939 0.0 -1.1 0.0 0.0 0.0 0.0 0.996939 0.46488 0.0 1.487237 3.451874 4.679318 1.0]
36
	ConcatTransform [-0.531634 0.0 -0.846974 0.0 0.0 1.0 0.0 0.0 0.846974 0.0 -0.531634 0.0 -0.488016 1.528166 3.109811 1.0]
	ConcatTransform [0.0 0.46488 -0.996939 0.0 -1.1 0.0 0.0 0.0 0.0 0.996939 0.46488 0.0 1.487237 3.451874 4.679318 1.0]
37
	ConcatTransform [-0.742948 0.0 -0.66935 0.0 0.0 1.0 0.0 0.0 0.66935 0.0 -0.742948 0.0 0.036337 1.529428 3.045727 1.0]
	ConcatTransform [0.0 0.46488 -0.996939 0.0 -1.1 0.0 0.0 0.0 0.0 0.996939 0.46488 0.0 1.487237 3.451874 4.679318 1.0]
38
	ConcatTransform [-0.905063 0.0 -0.425277 0.0 0.0 1.0 0.0 0.0 0.425277 0.0 -0.905063 0.0 0.551212 1.530666 2.823711 1.0]
	ConcatTransform [0.0 0.46488 -0.996939 0.0 -1.1 0.0 0.0 0.0 0.0 0.996939 0.46488 0.0 1.487237 3.451874 4.679318 1.0]
39
	ConcatTransform [-0.991813 0.0 -0.127697 0.0 0.0 1.0 0.0 0.0 0.127697 0.0 -0.991813 0.0 1.001133 1.531879 2.437182 1.0]
	ConcatTransform [0.0 0.46488 -0.996939 0.0 -1.1 0.0 0.0 0.0 0.0 0.996939 0.46488 0.0 1.487237 3.451874 4.679318 1.0]
40
	ConcatTransform [-0.979996 0.0 0.199016 0.0 0.0 1.0 0.0 0.0 -0.199016 0.0 -0.979996 0.0 1.323443 1.533066 1.900984 1.0]
	ConcatTransform [0.0 0.46488 -0.996939 0.0 -1.1 0.0 0.0 0.0 0.0 0.996939 0.46488 0.0 1.487237 3.451874 4.679318 1.0]
41
	ConcatTransform [-0.854631 0.0 0.519236 0.0 0.0 1.0 0.0 0.0 -0.519236 0.0 -0.854631 0.0 1.456906 1.534224 1.256595 1.0]
	ConcatTransform [0.0 0.46488 -0.996939 0.0 -1.1 0.0 0.0 0.0 0.0 0.996939 0.46488 0.0 1.487237 3.451874 4.679318 1.0]
42
	ConcatTransform [-0.61471 0.0 0.788753 0.0 0.0 1.0 0.0 0.0 -0.788753 0.0 -0.61471 0.0 1.35373 1.535352 0.573848 1.0]
	ConcatTransform [0.0 0.46488 -0.996939 0.0 -1.1 0.0 0.0 0.0 0.0 0.996939 0.46488 0.0 1.487237 3.451874 4.679318 1.0]
43
	ConcatTransform [-0.27824 0.0 0.960511 0.0 0.0 1.0 0.0 0.0 -0.960511 0.0 -0.27824 0.0 0.993636 1.536448 -0.052998 1.0]
	ConcatTransform [0.0 0.46488 -0.996939 0.0 -1.1 0.0 0.0 0.0 0.0 0.996939 0.46488 0.0 1.487237 3.451874 4.679318 1.0]
44
	ConcatTransform [0.115088 0.0 0.993355 0.0 0.0 1.0 0.0 0.0 -0.993355 0.0 0.115088 0.0 0.397275 1.537511 -0.516497 1.0]
	ConcatTransform [0.0 0.46488 -0.996939 0.0 -1.1 0.0 0.0 0.0 0.0 0.996939 0.46488 0.0 1.487237 3.451874 4.679318 1.0]
45
	ConcatTransform [0.505452 0.0 0.862855 0.0 0.0 1.0 0.0 0.0 -0.862855 0.0 0.505452 0.0 -0.364947 1.538537 -0.714992 1.0]
	ConcatTransform [0.0 0.46488 -0.996939 0.0 -1.1 0.0 0.0 0.0 0.0 0.996939 0.46488 0.0 1.487237 3.451874 4.679318 1.0]
46
	ConcatTransform [0.820184 0.0 0.5721 0.0 0.0 1.0 0.0 0.0 -0.5721 0.0 0.820184 0.0 -1.173287 1.539525 -0.577536 1.0]
	ConcatTransform [0.0 0.46488 -0.996939 0.0 -1.1 0.0 0.0 0.0 0.0 0.996939 0.46488 0.0 1.487237 3.451874 4.679318 1.0]
47
	ConcatTransform [0.987232 0.0 0.159288 0.0 0.0 1.0 0.0 0.0 -0.159288 0.0 0.987232 0.0 -1.872322 1.540471 -0.090115 1.0]
	ConcatTransform [0.0 0.46488 -0.996939 0.0 -1.1 0.0 0.0 0.0 0.0 0.996939 0.46488 0.0 1.487237 3.451874 4.679318 1.0]
48
	ConcatTransform [0.953428 -0.0 -0.301621 0.0 0.0 1.0 -0.0 0.0 0.301621 0.0 0.953428 0.0 -2.299546 1.541371 0.684218 1.0]
	ConcatTransform [0.0 0.46488 -0.996939 0.0 -1.1 0.0 0.0 0.0 0.0 0.996939 0.46488 0.0 1.487237 3.451874 4.679318 1.0]
49
	ConcatTransform [0.703832 -0.0 -0.710367 0.0 0.0 1.0 -0.0 0.0 0.710367 0.0 0.703832 0.0 -2.326282 1.542224 1.600312 1.0]
	ConcatTransform [0.0 0.46488 -0.996939 0.0 -1.1 0.0 0.0 0.0 0.0 0.996939 0.46488 0.0 1.487237 3.451874 4.679318 1.0]
50
	ConcatTransform [0.276254 -0.0 -0.961085 0.0 0.0 1.0 -0.0 0.0 0.961085 0.0 0.276254 0.0 -1.90258 1.543023 2.448926 1.0]
	ConcatTransform [0.0 0.46488 -0.996939 0.0 -1.1 0.0 0.0 0.0 0.0 0.996939 0.46488 0.0 1.487237 3.451874 4.679318 1.0]
51
	ConcatTransform [-0.235991 -0.0 -0.971755 0.0 0.0 1.0 -0.0 0.0 0.971755 0.0 -0.235991 0.0 -1.092387 1.543765 3.001083 1.0]
	ConcatTransform [0.0 0.46488 -0.996939 0.0 -1.1 0.0 0.0 0.0 0.0 0.996939 0.46488 0.0 1.487237 3.451874 4.679318 1.0]
52
	ConcatTransform [-0.698719 -0.0 -0.715396 0.0 0.0 1.0 -0.0 0.0 0.715396 0.0 -0.698719 0.0 -0.082675 1.544443 3.073361 1.0]
	ConcatTransform [0.0 0.46488 -0.996939 0.0 -1.1 0.0 0.0 0.0 0.0 0.996939 0.46488 0.0 1.487237 3.451874 4.679318 1.0]
53
	ConcatTransform [-0.970232 -0.0 -0.242178 0.0 0.0 1.0 -0.0 0.0 0.242178 0.0 -0.970232 0.0 0.846953 1.545053 2.598199 1.0]
	ConcatTransform [0.0 0.46488 -0.996939 0.0 -1.1 0.0 0.0 0.0 0.0 0.996939 0.46488 0.0 1.487237 3.451874 4.679318 1.0]
54
	ConcatTransform [-0.947597 0.0 0.319468 0.0 -0.0 1.0 0.0 0.0 -0.319468 -0.0 -0.947597 0.0 1.397308 1.545587 1.67401 1.0]
	ConcatTransform [0.0 0.46488 -0.996939 0.0 -1.1 0.0 0.0 0.0 0.0 0.996939 0.46488 0.0 1.487237 3.451874 4.679318 1.0]
55
	ConcatTransform [-0.612074 0.0 0.7908 0.0 -0.0 1.0 0.0 0.0 -0.7908 -0.0 -0.612074 0.0 1.351642 1.546039 0.567813 1.0]
	ConcatTransform [0.0 0.46488 -0.996939 0.0 -1.1 0.0 0.0 0.0 0.0 0.996939 0.46488 0.0 1.487237 3.451874 4.679318 1.0]
56
	ConcatTransform [-0.054569 0.0 0.99851 0.0 -0.0 1.0 0.0 0.0 -0.99851 -0.0 -0.054569 0.0 0.67469 1.546405 -0.347552 1.0]
	ConcatTransform [0.0 0.46488 -0.996939 0.0 -1.1 0.0 0.0 0.0 0.0 0.996939 0.46488 0.0 1.487237 3.451874 4.679318 1.0]
57
	ConcatTransform [0.536764 0.0 0.843732 0.0 -0.0 1.0 0.0 0.0 -0.843732 -0.0 0.536764 0.0 -0.435127 1.546686 -0.717037 1.0]
	ConcatTransform [0.0 0.46488 -0.996939 0.0 -1.1 0.0 0.0 0.0 0.0 0.996939 0.46488 0.0 1.487237 3.451874 4.679318 1.0]
58
	ConcatTransform [0.933789 0.0 0.357823 0.0 -0.0 1.0 0.0 0.0 -0.357823 -0.0 0.933789 0.0 -1.579258 1.546897 -0.352626 1.0]
	ConcatTransform [0.0 0.46488 -0.996939 0.0 -1.1 0.0 0.0 0.0 0.0 0.996939 0.46488 0.0 1.487237 3.451874 4.679318 1.0]
59
	ConcatTransform [0.95843 0.0 -0.285329 0.0 0.0 1.0 0.0 0.0 0.285329 0.0 0.95843 0.0 -2.290549 1.547106 0.652872 1.0]
	ConcatTransform [0.0 0.46488 -0.996939 0.0 -1.1 0.0 0.0 0.0 0.0 0.996939 0.46488 0.0 1.487237 3.451874 4.679318 1.0]
60
	ConcatTransform [0.572193 0.0 -0.820119 0.0 0.0 1.0 0.0 0.0 0.820119 0.0 0.572193 0.0 -2.22985 1.54752 1.913788 1.0]
	ConcatTransform [0.0 0.46488 -0.996939 0.0 -1.1 0.0 0.0 0.0 0.0 0.996939 0.46488 0.0 1.487237 3.451874 4.679318 1.0]
61
	ConcatTransform [-0.079935 0.0 -0.9968 0.0 0.0 1.0 0.0 0.0 0.9968 0.0 -0.079935 0.0 -1.368769 1.548702 2.878237 1.0]
	ConcatTransform [0.0 0.46488 -0.996939 0.0 -1.1 0.0 0.0 0.0 0.0 0.996939 0.46488 0.0 1.487237 3.451874 4.679318 1.0]
62
	ConcatTransform [-0.707594 0.0 -0.706619 0.0 0.0 1.0 0.0 0.0 0.706619 0.0 -0.707594 0.0 -0.059278 1.55148 3.068558 1.0]
	ConcatTransform [0.0 0.46488 -0.996939 0.0 -1.1 0.0 0.0 0.0 0.0 0.996939 0.46488 0.0 1.487237 3.451874 4.679318 1.0]
63
	ConcatTransform [-0.998089 0.0 -0.061786 0.0 0.0 1.0 0.0 0.0 0.061786 0.0 -0.998089 0.0 1.080042 1.555832 2.338055 1.0]
	ConcatTransform [0.0 0.46488 -0.996939 0.0 -1.1 0.0 0.0 0.0 0.0 0.996939 0.46488 0.0 1.487237 3.451874 4.679318 1.0]
64
	ConcatTransform [-0.778951 0.0 0.627084 0.0 0.0 1.0 0.0 0.0 -0.627084 0.0 -0.778951 0.0 1.44821 1.56097 1.004621 1.0]
	ConcatTransform [0.0 0.46488 -0.996939 0.0 -1.1 0.0 0.0 0.0 0.0 0.996939 0.46488 0.0 1.487237 3.451874 4.679318 1.0]
65
	ConcatTransform [-0.136264 0.0 0.990673 0.0 0.0 1.0 0.0 0.0 -0.990673 0.0 -0.136264 0.0 0.797493 1.566376 -0.249655 1.0]
	ConcatTransform [0.0 0.46488 -0.996939 0.0 -1.1 0.0 0.0 0.0 0.0 0.996939 0.46488 0.0 1.487237 3.451874 4.679318 1.0]
66
	ConcatTransform [0.594159 0.0 0.804348 0.0 0.0 1.0 0.0 0.0 -0.804348 0.0 0.594159 0.0 -0.568291 1.571845 -0.713837 1.0]
	ConcatTransform [0.0 0.46488 -0.996939 0.0 -1.1 0.0 0.0 0.0 0.0 0.996939 0.46488 0.0 1.487237 3.451874 4.679318 1.0]
67
	ConcatTransform [0.989485 0.0 0.144638 0.0 0.0 1.0 0.0 0.0 -0.144638 0.0 0.989485 0.0 -1.891235 1.577299 -0.068978 1.0]
	ConcatTransform [0.0 0.46488 -0.996939 0.0 -1.1 0.0 0.0 0.0 0.0 0.996939 0.46488 0.0 1.487237 3.451874 4.679318 1.0]
68
	ConcatTransform [0.789555 -0.0 -0.61368 0.0 0.0 1.0 -0.0 0.0 0.61368 0.0 0.789555 0.0 -2.362741 1.582709 1.355744 1.0]
	ConcatTransform [0.0 0.46488 -0.996939 0.0 -1.1 0.0 0.0 0.0 0.0 0.996939 0.46488 0.0 1.487237 3.451874 4.679318 1.0]
69
	ConcatTransform [0.087761 -0.0 -0.996142 0.0 0.0 1.0 -0.0 0.0 0.996142 0.0 0.087761 0.0 -1.636966 1.588066 2.70202 1.0]
	ConcatTransform [0.0 0.46488 -0.996939 0.0 -1.1 0.0 0.0 0.0 0.0 0.996939 0.46488 0.0 1.487237 3.451874 4.679318 1.0]
70
	ConcatTransform [-0.682066 -0.0 -0.731291 0.0 0.0 1.0 -0.0 0.0 0.731291 0.0 -0.682066 0.0 -0.12598 1.593368 3.081452 1.0]
	ConcatTransform [0.0 0.46488 -0.996939 0.0 -1.1 0.0 0.0 0.0 0.0 0.996939 0.46488 0.0 1.487237 3.451874 4.679318 1.0]
71
	ConcatTransform [-0.999409 0.0 0.03438 0.0 -0.0 1.0 0.0 0.0 -0.03438 -0.0 -0.999409 0.0 1.182604 1.599817 2.18524 1.0]
	ConcatTransform [0.0 0.46488 -0.996939 0.0 -1.1 0.0 0.0 0.0 0.0 0.996939 0.46488 0.0 1.487237 3.451874 4.679318 1.0]
72
	ConcatTransform [-0.617663 0.0 0.786443 0.0 -0.0 1.0 0.0 0.0 -0.786443 -0.0 -0.617663 0.0 1.356051 1.608592 0.580636 1.0]
	ConcatTransform [0.0 0.46488 -0.996939 0.0 -1.1 0.0 0.0 0.0 0.0 0.996939 0.46488 0.0 1.487237 3.451874 4.679318 1.0]
73
	ConcatTransform [0.219012 0.0 0.975722 0.0 -0.0 1.0 0.0 0.0 -0.975722 -0.0 0.219012 0.0 0.212225 1.619661 -0.596774 1.0]
	ConcatTransform [0.0 0.46488 -0.996939 0.0 -1.1 0.0 0.0 0.0 0.0 0.996939 0.46488 0.0 1.487237 3.451874 4.679318 1.0]
74
	ConcatTransform [0.901479 0.0 0.432824 0.0 -0.0 1.0 0.0 0.0 -0.432824 -0.0 0.901479 0.0 -1.449112 1.632993 -0.439133 1.0]
	ConcatTransform [0.0 0.46488 -0.996939 0.0 -1.1 0.0 0.0 0.0 0.0 0.996939 0.46488 0.0 1.487237 3.451874 4.679318 1.0]
75
	ConcatTransform [0.89137 0.0 -0.453276 0.0 0.0 1.0 0.0 0.0 0.453276 0.0 0.89137 0.0 -2.358448 1.648554 0.992203 1.0]
	ConcatTransform [0.0 0.46488 -0.996939 0.0 -1.1 0.0 0.0 0.0 0.0 0.996939 0.46488 0.0 1.487237 3.451874 4.679318 1.0]
76
	ConcatTransform [0.165975 0.0 -0.98613 0.0 0.0 1.0 0.0 0.0 0.98613 0.0 0.165975 0.0 -1.751919 1.666314 2.604271 1.0]
	ConcatTransform [0.0 0.46488 -0.996939 0.0 -1.1 0.0 0.0 0.0 0.0 0.996939 0.46488 0.0 1.487237 3.451874 4.679318 1.0]
77
	ConcatTransform [-0.704896 0.0 -0.709311 0.0 0.0 1.0 0.0 0.0 0.709311 0.0 -0.704896 0.0 -0.066415 1.686238 3.070055 1.0]
	ConcatTransform [0.0 0.46488 -0.996939 0.0 -1.1 0.0 0.0 0.0 0.0 0.996939 0.46488 0.0 1.487237 3.451874 4.679318 1.0]
78
	ConcatTransform [-0.98459 0.0 0.174879 0.0 0.0 1.0 0.0 0.0 -0.174879 0.0 -0.98459 0.0 1.305598 1.708297 1.944483 1.0]
	ConcatTransform [0.0 0.46488 -0.996939 0.0 -1.1 0.0 0.0 0.0 0.0 0.996939 0.46488 0.0 1.487237 3.451874 4.679318 1.0]
79
	ConcatTransform [-0.403724 0.0 0.914881 0.0 0.0 1.0 0.0 0.0 -0.914881 0.0 -0.403724 0.0 1.147175 1.732456 0.151236 1.0]
	ConcatTransform [0.0 0.46488 -0.996939 0.0 -1.1 0.0 0.0 0.0 0.0 0.996939 0.46488 0.0 1.487237 3.451874 4.679318 1.0]
80
	ConcatTransform [0.54703 0.0 0.837113 0.0 0.0 1.0 0.0 0.0 -0.837113 0.0 0.54703 0.0 -0.4585 1.758685 -0.717147 1.0]
	ConcatTransform [0.0 0.46488 -0.996939 0.0 -1.1 0.0 0.0 0.0 0.0 0.996939 0.46488 0.0 1.487237 3.451874 4.679318 1.0]
81
	ConcatTransform [0.999852 -0.0 -0.017227 0.0 0.0 1.0 -0.0 0.0 0.017227 0.0 0.999852 0.0 -2.076929 1.786951 0.17973 1.0]
	ConcatTransform [0.0 0.46488 -0.996939 0.0 -1.1 0.0 0.0 0.0 0.0 0.996939 0.46488 0.0 1.487237 3.451874 4.679318 1.0]
82
	ConcatTransform [0.505284 -0.0 -0.862953 0.0 0.0 1.0 -0.0 0.0 0.862953 0.0 0.505284 0.0 -2.167309 1.817221 2.052356 1.0]
	ConcatTransform [0.0 0.46488 -0.996939 0.0 -1.1 0.0 0.0 0.0 0.0 0.996939 0.46488 0.0 1.487237 3.451874 4.679318 1.0]
83
	ConcatTransform [-0.486965 -0.0 -0.873421 0.0 0.0 1.0 -0.0 0.0 0.873421 0.0 -0.486965 0.0 -0.587263 1.849464 3.10556 1.0]
	ConcatTransform [0.0 0.46488 -0.996939 0.0 -1.1 0.0 0.0 0.0 0.0 0.996939 0.46488 0.0 1.487237 3.451874 4.679318 1.0]
84
	ConcatTransform [-0.999954 -0.0 -0.009563 0.0 0.0 1.0 -0.0 0.0 0.009563 0.0 -0.999954 0.0 1.13758 1.883648 2.256268 1.0]
	ConcatTransform [0.0 0.46488 -0.996939 0.0 -1.1 0.0 0.0 0.0 0.0 0.996939 0.46488 0.0 1.487237 3.451874 4.679318 1.0]
85
	ConcatTransform [-0.491343 0.0 0.870966 0.0 -0.0 1.0 0.0 0.0 -0.870966 -0.0 -0.491343 0.0 1.241795 1.91974 0.313169 1.0]
	ConcatTransform [0.0 0.46488 -0.996939 0.0 -1.1 0.0 0.0 0.0 0.0 0.996939 0.46488 0.0 1.487237 3.451874 4.679318 1.0]
86
	ConcatTransform [0.53711 0.0 0.843512 0.0 -0.0 1.0 0.0 0.0 -0.843512 -0.0 0.53711 0.0 -0.435909 1.957707 -0.717046 1.0]
	ConcatTransform [0.0 0.46488 -0.996939 0.0 -1.1 0.0 0.0 0.0 0.0 0.996939 0.46488 0.0 1.487237 3.451874 4.679318 1.0]
87
	ConcatTransform [0.995901 0.0 -0.090448 0.0 0.0 1.0 0.0 0.0 0.090448 0.0 0.995901 0.0 -2.147074 1.997519 0.301258 1.0]
	ConcatTransform [0.0 0.46488 -0.996939 0.0 -1.1 0.0 0.0 0.0 0.0 0.996939 0.46488 0.0 1.487237 3.451874 4.679318 1.0]
88
	ConcatTransform [0.363807 0.0 -0.931475 0.0 0.0 1.0 0.0 0.0 0.931475 0.0 0.363807 0.0 -2.012034 2.039143 2.309999 1.0]
	ConcatTransform [0.0 0.46488 -0.996939 0.0 -1.1 0.0 0.0 0.0 0.0 0.996939 0.46488 0.0 1.487237 3.451874 4.679318 1.0]
89
	ConcatTransform [-0.680773 0.0 -0.732494 0.0 0.0 1.0 0.0 0.0 0.732494 0.0 -0.680773 0.0 -0.129309 2.082547 3.082031 1.0]
	ConcatTransform [0.0 0.46488 -0.996939 0.0 -1.1 0.0 0.0 0.0 0.0 0.996939 0.46488 0.0 1.487237 3.451874 4.679318 1.0]
90
	ConcatTransform [-0.951635 0.0 0.307231 0.0 0.0 1.0 0.0 0.0 -0.307231 0.0 -0.951635 0.0 1.391001 2.127698 1.697848 1.0]
	ConcatTransform [0.0 0.46488 -0.996939 0.0 -1.1 0.0 0.0 0.0 0.0 0.996939 0.46488 0.0 1.487237 3.451874 4.679318 1.0]
91
	ConcatTransform [-0.111163 0.0 0.993802 0.0 0.0 1.0 0.0 0.0 -0.993802 0.0 -0.111163 0.0 0.760515 2.174564 -0.280891 1.0]
	ConcatTransform [0.0 0.46488 -0.996939 0.0 -1.1 0.0 0.0 0.0 0.0 0.996939 0.46488 0.0 1.487237 3.451874 4.679318 1.0]
92
	ConcatTransform [0.866602 0.0 0.498999 0.0 0.0 1.0 0.0 0.0 -0.498999 0.0 0.866602 0.0 -1.32407 2.223113 -0.508811 1.0]
	ConcatTransform [0.0 0.46488 -0.996939 0.0 -1.1 0.0 0.0 0.0 0.0 0.996939 0.46488 0.0 1.487237 3.451874 4.679318 1.0]
93
	ConcatTransform [0.796263 -0.0 -0.604951 0.0 0.0 1.0 -0.0 0.0 0.604951 0.0 0.796263 0.0 -2.364379 2.273314 1.334741 1.0]
	ConcatTransform [0.0 0.46488 -0.996939 0.0 -1.1 0.0 0.0 0.0 0.0 0.996939 0.46488 0.0 1.487237 3.451874 4.679318 1.0]
94
	ConcatTransform [-0.260179 -0.0 -0.96556 0.0 0.0 1.0 -0.0 0.0 0.96556 0.0 -0.260179 0.0 -1.047134 2.325133 3.016415 1.0]
	ConcatTransform [0.0 0.46488 -0.996939 0.0 -1.1 0.0 0.0 0.0 0.0 0.996939 0.46488 0.0 1.487237 3.451874 4.679318 1.0]
95
	ConcatTransform [-0.993802 -0.0 -0.111162 0.0 0.0 1.0 -0.0 0.0 0.111162 0.0 -0.993802 0.0 1.021595 2.378539 2.412746 1.0]
	ConcatTransform [0.0 0.46488 -0.996939 0.0 -1.1 0.0 0.0 0.0 0.0 0.996939 0.46488 0.0 1.487237 3.451874 4.679318 1.0]
96
	ConcatTransform [-0.456748 0.0 0.889596 0.0 -0.0 1.0 0.0 0.0 -0.889596 -0.0 -0.456748 0.0 1.205784 2.433499 0.247161 1.0]
	ConcatTransform [0.0 0.46488 -0.996939 0.0 -1.1 0.0 0.0 0.0 0.0 0.996939 0.46488 0.0 1.487237 3.451874 4.679318 1.0]
97
	ConcatTransform [0.677897 0.0 0.735157 0.0 -0.0 1.0 0.0 0.0 -0.735157 -0.0 0.677897 0.0 -0.774827 2.489982 -0.690362 1.0]
	ConcatTransform [0.0 0.46488 -0.996939 0.0 -1.1 0.0 0.0 0.0 0.0 0.996939 0.46488 0.0 1.487237 3.451874 4.679318 1.0]
98
	ConcatTransform [0.919311 0.0 -0.393531 0.0 0.0 1.0 0.0 0.0 0.393531 0.0 0.919311 0.0 -2.340845 2.547955 0.867223 1.0]
	ConcatTransform [0.0 0.46488 -0.996939 0.0 -1.1 0.0 0.0 0.0 0.0 0.996939 0.46488 0.0 1.487237 3.451874 4.679318 1.0]
99
	ConcatTransform [-0.074804 0.0 -0.997198 0.0 0.0 1.0 0.0 0.0 0.997198 0.0 -0.074804 0.0 -1.377412 2.607386 2.873516 1.0]
	ConcatTransform [0.0 0.46488 -0.996939 0.0 -1.1 0.0 0.0 0.0 0.0 0.996939 0.46488 0.0 1.487237 3.451874 4.679318 1.0]
100
	ConcatTransform [-0.970342 0.0 -0.241735 0.0 0.0 1.0 0.0 0.0 0.241735 0.0 -0.970342 0.0 0.847594 2.668243 2.597603 1.0]
	ConcatTransform [0.0 0.46488 -0.996939 0.0 -1.1 0.0 0.0 0.0 0.0 0.996939 0.46488 0.0 1.487237 3.451874 4.679318 1.0]
101
	ConcatTransform [-0.525143 0.0 0.851014 0.0 0.0 1.0 0.0 0.0 -0.851014 0.0 -0.525143 0.0 1.275149 2.730494 0.380464 1.0]
	ConcatTransform [0.0 0.46488 -0.996939 0.0 -1.1 0.0 0.0 0.0 0.0 0.996939 0.46488 0.0 1.487237 3.451874 4.679318 1.0]
102
	ConcatTransform [0.658754 0.0 0.752358 0.0 0.0 1.0 0.0 0.0 -0.752358 0.0 0.658754 0.0 -0.726167 2.794106 -0.697948 1.0]
	ConcatTransform [0.0 0.46488 -0.996939 0.0 -1.1 0.0 0.0 0.0 0.0 0.996939 0.46488 0.0 1.487237 3.451874 4.679318 1.0]
103
	ConcatTransform [0.908922 -0.0 -0.416967 0.0 0.0 1.0 -0.0 0.0 0.416967 0.0 0.908922 0.0 -2.348665 2.859047 0.915653 1.0]
	ConcatTransform [0.0 0.46488 -0.996939 0.0 -1.1 0.0 0.0 0.0 0.0 0.996939 0.46488 0.0 1.487237 3.451874 4.679318 1.0]
104
	ConcatTransform [-0.149891 -0.0 -0.988702 0.0 0.0 1.0 -0.0 0.0 0.988702 0.0 -0.149891 0.0 -1.248142 2.925286 2.938324 1.0]
	ConcatTransform [0.0 0.46488 -0.996939 0.0 -1.1 0.0 0.0 0.0 0.0 0.996939 0.46488 0.0 1.487237 3.451874 4.679318 1.0]
105
	ConcatTransform [-0.992795 -0.0 -0.119829 0.0 0.0 1.0 -0.0 0.0 0.119829 0.0 -0.992795 0.0 1.010926 2.99279 2.42559 1.0]
	ConcatTransform [0.0 0.46488 -0.996939 0.0 -1.1 0.0 0.0 0.0 0.0 0.996939 0.46488 0.0 1.487237 3.451874 4.679318 1.0]
106
	ConcatTransform [-0.372702 0.0 0.927951 0.0 -0.0 1.0 0.0 0.0 -0.927951 -0.0 -0.372702 0.0 1.111087 3.061526 0.097877 1.0]
	ConcatTransform [0.0 0.46488 -0.996939 0.0 -1.1 0.0 0.0 0.0 0.0 0.996939 0.46488 0.0 1.487237 3.451874 4.679318 1.0]
107
	ConcatTransform [0.804923 0.0 0.59338 0.0 -0.0 1.0 0.0 0.0 -0.59338 -0.0 0.804923 0.0 -1.12659 3.131464 -0.595716 1.0]
	ConcatTransform [0.0 0.46488 -0.996939 0.0 -1.1 0.0 0.0 0.0 0.0 0.996939 0.46488 0.0 1.487237 3.451874 4.679318 1.0]
108
	ConcatTransform [0.771035 0.0 -0.636792 0.0 0.0 1.0 0.0 0.0 0.636792 0.0 0.771035 0.0 -2.357188 3.20257 1.412147 1.0]
	ConcatTransform [0.0 0.46488 -0.996939 0.0 -1.1 0.0 0.0 0.0 0.0 0.996939 0.46488 0.0 1.487237 3.451874 4.679318 1.0]
109
	ConcatTransform [-0.437594 0.0 -0.899173 0.0 0.0 1.0 0.0 0.0 0.899173 0.0 -0.437594 0.0 -0.693323 3.274812 3.095281 1.0]
	ConcatTransform [0.0 0.46488 -0.996939 0.0 -1.1 0.0 0.0 0.0 0.0 0.996939 0.46488 0.0 1.487237 3.451874 4.679318 1.0]
110
	ConcatTransform [-0.975239 0.0 0.221155 0.0 0.0 1.0 0.0 0.0 -0.221155 0.0 -0.975239 0.0 1.338939 3.348159 1.860517 1.0]
	ConcatTransform [0.0 0.46488 -0.996939 0.0 -1.1 0.0 0.0 0.0 0.0 0.996939 0.46488 0.0 1.487237 3.451874 4.679318 1.0]
111
	ConcatTransform [0.000196 0.0 1.0 0.0 0.0 1.0 0.0 0.0 -1.0 0.0 0.000196 0.0 0.588436 3.422578 -0.407145 1.0]
	ConcatTransform [0.0 0.46488 -0.996939 0.0 -1.1 0.0 0.0 0.0 0.0 0.996939 0.46488 0.0 1.487237 3.451874 4.679318 1.0]
112
	ConcatTransform [0.976802 0.0 0.214143 0.0 0.0 1.0 0.0 0.0 -0.214143 0.0 0.976802 0.0 -1.798302 3.498036 -0.167175 1.0]
	ConcatTransform [0.0 0.46488 -0.996939 0.0 -1.1 0.0 0.0 0.0 0.0 0.996939 0.46488 0.0 1.487237 3.451874 4.679318 1.0]
113
	ConcatTransform [0.41265 -0.0 -0.91089 0.0 0.0 1.0 -0.0 0.0 0.91089 0.0 0.41265 0.0 -2.068849 3.574503 2.225976 1.0]
	ConcatTransform [0.0 0.46488 -0.996939 0.0 -1.1 0.0 0.0 0.0 0.0 0.996939 0.46488 0.0 1.487237 3.451874 4.679318 1.0]
114
	ConcatTransform [-0.808718 -0.0 -0.588196 0.0 0.0 1.0 -0.0 0.0 0.588196 0.0 -0.808718 0.0 0.22656 3.651945 2.984303 1.0]
	ConcatTransform [0.0 0.46488 -0.996939 0.0 -1.1 0.0 0.0 0.0 0.0 0.996939 0.46488 0.0 1.487237 3.451874 4.679318 1.0]
115
	ConcatTransform [-0.735597 0.0 0.677419 0.0 -0.0 1.0 0.0 0.0 -0.677419 -0.0 -0.735597 0.0 1.431271 3.73033 0.878631 1.0]
	ConcatTransform [0.0 0.46488 -0.996939 0.0 -1.1 0.0 0.0 0.0 0.0 0.996939 0.46488 0.0 1.487237 3.451874 4.679318 1.0]
116
	ConcatTransform [0.52433 0.0 0.851515 0.0 -0.0 1.0 0.0 0.0 -0.851515 -0.0 0.52433 0.0 -0.40706 3.809627 -0.716529 1.0]
	ConcatTransform [0.0 0.46488 -0.996939 0.0 -1.1 0.0 0.0 0.0 0.0 0.996939 0.46488 0.0 1.487237 3.451874 4.679318 1.0]
117
	ConcatTransform [0.93426 0.0 -0.356593 0.0 0.0 1.0 0.0 0.0 0.356593 0.0 0.93426 0.0 -2.326231 3.889803 0.792382 1.0]
	ConcatTransform [0.0 0.46488 -0.996939 0.0 -1.1 0.0 0.0 0.0 0.0 0.996939 0.46488 0.0 1.487237 3.451874 4.679318 1.0]
118
	ConcatTransform [-0.180967 0.0 -0.983489 0.0 0.0 1.0 0.0 0.0 0.983489 0.0 -0.180967 0.0 -1.192871 3.970825 2.962424 1.0]
	ConcatTransform [0.0 0.46488 -0.996939 0.0 -1.1 0.0 0.0 0.0 0.0 0.996939 0.46488 0.0 1.487237 3.451874 4.679318 1.0]
119
	ConcatTransform [-0.999993 0.0 0.003631 0.0 0.0 1.0 0.0 0.0 -0.003631 0.0 -0.999993 0.0 1.151424 4.052663 2.235153 1.0]
	ConcatTransform [0.0 0.46488 -0.996939 0.0 -1.1 0.0 0.0 0.0 0.0 0.996939 0.46488 0.0 1.487237 3.451874 4.679318 1.0]
120
	ConcatTransform [-0.16997 0.0 0.985449 0.0 0.0 1.0 0.0 0.0 -0.985449 0.0 -0.16997 0.0 0.846082 4.135283 -0.206074 1.0]
	ConcatTransform [0.0 0.46488 -0.996939 0.0 -1.1 0.0 0.0 0.0 0.0 0.996939 0.46488 0.0 1.487237 3.451874 4.679318 1.0]
121
	ConcatTransform [0.942194 0.0 0.335067 0.0 0.0 1.0 0.0 0.0 -0.335067 0.0 0.942194 0.0 -1.616504 4.218653 -0.324918 1.0]
	ConcatTransform [0.0 0.46488 -0.996939 0.0 -1.1 0.0 0.0 0.0 0.0 0.996939 0.46488 0.0 1.487237 3.451874 4.679318 1.0]
122
	ConcatTransform [0.487619 -0.0 -0.873056 0.0 0.0 1.0 -0.0 0.0 0.873056 0.0 0.487619 0.0 -2.149537 4.302743 2.087007 1.0]
	ConcatTransform [0.0 0.46488 -0.996939 0.0 -1.1 0.0 0.0 0.0 0.0 0.996939 0.46488 0.0 1.487237 3.451874 4.679318 1.0]
123
	ConcatTransform [-0.781169 -0.0 -0.624319 0.0 0.0 1.0 -0.0 0.0 0.624319 0.0 -0.781169 0.0 0.144656 4.387518 3.013448 1.0]
	ConcatTransform [0.0 0.46488 -0.996939 0.0 -1.1 0.0 0.0 0.0 0.0 0.996939 0.46488 0.0 1.487237 3.451874 4.679318 1.0]
124
	ConcatTransform [-0.742461 0.0 0.669889 0.0 -0.0 1.0 0.0 0.0 -0.669889 -0.0 -0.742461 0.0 1.434412 4.472946 0.897874 1.0]
	ConcatTransform [0.0 0.46488 -0.996939 0.0 -1.1 0.0 0.0 0.0 0.0 0.996939 0.46488 0.0 1.487237 3.451874 4.679318 1.0]
125
	ConcatTransform [0.542693 0.0 0.839931 0.0 -0.0 1.0 0.0 0.0 -0.839931 -0.0 0.542693 0.0 -0.448602 4.558998 -0.717135 1.0]
	ConcatTransform [0.0 0.46488 -0.996939 0.0 -1.1 0.0 0.0 0.0 0.0 0.996939 0.46488 0.0 1.487237 3.451874 4.679318 1.0]
126
	ConcatTransform [0.915171 0.0 -0.403066 0.0 0.0 1.0 0.0 0.0 0.403066 0.0 0.915171 0.0 -2.344165 4.645638 0.886837 1.0]
	ConcatTransform [0.0 0.46488 -0.996939 0.0 -1.1 0.0 0.0 0.0 0.0 0.996939 0.46488 0.0 1.487237 3.451874 4.679318 1.0]
127
	ConcatTransform [-0.254536 0.0 -0.967063 0.0 0.0 1.0 0.0 0.0 0.967063 0.0 -0.254536 0.0 -1.057753 4.732835 3.01293 1.0]
	ConcatTransform [0.0 0.46488 -0.996939 0.0 -1.1 0.0 0.0 0.0 0.0 0.996939 0.46488 0.0 1.487237 3.451874 4.679318 1.0]
128
	ConcatTransform [-0.994926 0.0 0.10061 0.0 0.0 1.0 0.0 0.0 -0.10061 0.0 -0.994926 0.0 1.244595 4.820559 2.074363 1.0]
	ConcatTransform [0.0 0.46488 -0.996939 0.0 -1.1 0.0 0.0 0.0 0.0 0.996939 0.46488 0.0 1.487237 3.451874 4.679318 1.0]
129
	ConcatTransform [-0.055284 0.0 0.998471 0.0 0.0 1.0 0.0 0.0 -0.998471 0.0 -0.055284 0.0 0.675795 4.908775 -0.346743 1.0]
	ConcatTransform [0.0 0.46488 -0.996939 0.0 -1.1 0.0 0.0 0.0 0.0 0.996939 0.46488 0.0 1.487237 3.451874 4.679318 1.0]
130
	ConcatTransform [0.977763 0.0 0.209711 0.0 0.0 1.0 0.0 0.0 -0.209711 0.0 0.977763 0.0 -1.804472 4.997452 -0.161073 1.0]
	ConcatTransform [0.0 0.46488 -0.996939 0.0 -1.1 0.0 0.0 0.0 0.0 0.996939 0.46488 0.0 1.487237 3.451874 4.679318 1.0]
131
	ConcatTransform [0.359274 -0.0 -0.933232 0.0 0.0 1.0 -0.0 0.0 0.933232 0.0 0.359274 0.0 -2.006602 5.086559 2.317552 1.0]
	ConcatTransform [0.0 0.46488 -0.996939 0.0 -1.1 0.0 0.0 0.0 0.0 0.996939 0.46488 0.0 1.487237 3.451874 4.679318 1.0]
132
	ConcatTransform [-0.865645 -0.0 -0.500658 0.0 0.0 1.0 -0.0 0.0 0.500658 0.0 -0.865645 0.0 0.409272 5.176062 2.903405 1.0]
	ConcatTransform [0.0 0.46488 -0.996939 0.0 -1.1 0.0 0.0 0.0 0.0 0.996939 0.46488 0.0 1.487237 3.451874 4.679318 1.0]
133
	ConcatTransform [-0.630545 0.0 0.776153 0.0 -0.0 1.0 0.0 0.0 -0.776153 -0.0 -0.630545 0.0 1.365958 5.265929 0.610591 1.0]
	ConcatTransform [0.0 0.46488 -0.996939 0.0 -1.1 0.0 0.0 0.0 0.0 0.996939 0.46488 0.0 1.487237 3.451874 4.679318 1.0]
134
	ConcatTransform [0.666312 0.0 0.745673 0.0 -0.0 1.0 0.0 0.0 -0.745673 -0.0 0.666312 0.0 -0.745267 5.356129 -0.695123 1.0]
	ConcatTransform [0.0 0.46488 -0.996939 0.0 -1.1 0.0 0.0 0.0 0.0 0.996939 0.46488 0.0 1.487237 3.451874 4.679318 1.0]
135
	ConcatTransform [0.842897 0.0 -0.538076 0.0 0.0 1.0 0.0 0.0 0.538076 0.0 0.842897 0.0 -2.3693 5.446629 1.178803 1.0]
	ConcatTransform [0.0 0.46488 -0.996939 0.0 -1.1 0.0 0.0 0.0 0.0 0.996939 0.46488 0.0 1.487237 3.451874 4.679318 1.0]
136
	ConcatTransform [-0.393908 0.0 -0.91915 0.0 0.0 1.0 0.0 0.0 0.91915 0.0 -0.393908 0.0 -0.784236 5.537397 3.081682 1.0]
	ConcatTransform [0.0 0.46488 -0.996939 0.0 -1.1 0.0 0.0 0.0 0.0 0.996939 0.46488 0.0 1.487237 3.451874 4.679318 1.0]
137
	ConcatTransform [-0.971559 0.0 0.236799 0.0 0.0 1.0 0.0 0.0 -0.236799 0.0 -0.971559 0.0 1.349379 5.628401 1.83159 1.0]
	ConcatTransform [0.0 0.46488 -0.996939 0.0 -1.1 0.0 0.0 0.0 0.0 0.996939 0.46488 0.0 1.487237 3.451874 4.679318 1.0]
138
	ConcatTransform [0.070254 0.0 0.997529 0.0 0.0 1.0 0.0 0.0 -0.997529 0.0 0.070254 0.0 0.473523 5.719608 -0.47636 1.0]
	ConcatTransform [0.0 0.46488 -0.996939 0.0 -1.1 0.0 0.0 0.0 0.0 0.996939 0.46488 0.0 1.487237 3.451874 4.679318 1.0]
139
	ConcatTransform [0.994828 0.0 0.101577 0.0 0.0 1.0 0.0 0.0 -0.101577 0.0 0.994828 0.0 -1.94478 5.810987 -0.005515 1.0]
	ConcatTransform [0.0 0.46488 -0.996939 0.0 -1.1 0.0 0.0 0.0 0.0 0.996939 0.46488 0.0 1.487237 3.451874 4.679318 1.0]
140
	ConcatTransform [0.273936 -0.0 -0.961748 0.0 0.0 1.0 -0.0 0.0 0.961748 0.0 0.273936 0.0 -1.899556 5.902506 2.452411 1.0]
	ConcatTransform [0.0 0.46488 -0.996939 0.0 -1.1 0.0 0.0 0.0 0.0 0.996939 0.46488 0.0 1.487237 3.451874 4.679318 1.0]
141
	ConcatTransform [-0.897256 -0.0 -0.441511 0.0 0.0 1.0 -0.0 0.0 0.441511 0.0 -0.897256 0.0 0.521736 5.994131 2.841586 1.0]
	ConcatTransform [0.0 0.46488 -0.996939 0.0 -1.1 0.0 0.0 0.0 0.0 0.996939 0.46488 0.0 1.487237 3.451874 4.679318 1.0]
142
	ConcatTransform [-0.5984 0.0 0.801197 0.0 -0.0 1.0 0.0 0.0 -0.801197 -0.0 -0.5984 0.0 1.340577 6.085832 0.53686 1.0]
	ConcatTransform [0.0 0.46488 -0.996939 0.0 -1.1 0.0 0.0 0.0 0.0 0.996939 0.46488 0.0 1.487237 3.451874 4.679318 1.0]
143
	ConcatTransform [0.67451 0.0 0.738266 0.0 -0.0 1.0 0.0 0.0 -0.738266 -0.0 0.67451 0.0 -0.766149 6.177576 -0.691809 1.0]
	ConcatTransform [0.0 0.46488 -0.996939 0.0 -1.1 0.0 0.0 0.0 0.0 0.996939 0.46488 0.0 1.487237 3.451874 4.679318 1.0]
144
	ConcatTransform [0.854535 0.0 -0.519394 0.0 0.0 1.0 0.0 0.0 0.519394 0.0 0.854535 0.0 -2.368447 6.26933 1.136692 1.0]
	ConcatTransform [0.0 0.46488 -0.996939 0.0 -1.1 0.0 0.0 0.0 0.0 0.996939 0.46488 0.0 1.487237 3.451874 4.679318 1.0]
145
	ConcatTransform [-0.339581 0.0 -0.940577 0.0 0.0 1.0 0.0 0.0 0.940577 0.0 -0.339581 0.0 -0.893724 6.361062 3.059292 1.0]
	ConcatTransform [0.0 0.46488 -0.996939 0.0 -1.1 0.0 0.0 0.0 0.0 0.996939 0.46488 0.0 1.487237 3.451874 4.679318 1.0]
146
	ConcatTransform [-0.990083 0.0 0.140485 0.0 0.0 1.0 0.0 0.0 -0.140485 0.0 -0.990083 0.0 1.278479 6.452742 2.005369 1.0]
	ConcatTransform [0.0 0.46488 -0.996939 0.0 -1.1 0.0 0.0 0.0 0.0 0.996939 0.46488 0.0 1.487237 3.451874 4.679318 1.0]
147
	ConcatTransform [-0.070745 0.0 0.997494 0.0 0.0 1.0 0.0 0.0 -0.997494 0.0 -0.070745 0.0 0.699565 6.544335 -0.329029 1.0]
	ConcatTransform [0.0 0.46488 -0.996939 0.0 -1.1 0.0 0.0 0.0 0.0 0.996939 0.46488 0.0 1.487237 3.451874 4.679318 1.0]
148
	ConcatTransform [0.958493 0.0 0.285115 0.0 0.0 1.0 0.0 0.0 -0.285115 0.0 0.958493 0.0 -1.694814 6.63581 -0.261848 1.0]
	ConcatTransform [0.0 0.46488 -0.996939 0.0 -1.1 0.0 0.0 0.0 0.0 0.996939 0.46488 0.0 1.487237 3.451874 4.679318 1.0]
149
	ConcatTransform [0.491964 -0.0 -0.870615 0.0 0.0 1.0 -0.0 0.0 0.870615 0.0 0.491964 0.0 -2.153955 6.727137 2.078554 1.0]
	ConcatTransform [0.0 0.46488 -0.996939 0.0 -1.1 0.0 0.0 0.0 0.0 0.996939 0.46488 0.0 1.487237 3.451874 4.679318 1.0]
150
	ConcatTransform [-0.733845 -0.0 -0.679316 0.0 0.0 1.0 -0.0 0.0 0.679316 0.0 -0.733845 0.0 0.011332 6.818279 3.052201 1.0]
	ConcatTransform [0.0 0.46488 -0.996939 0.0 -1.1 0.0 0.0 0.0 0.0 0.996939 0.46488 0.0 1.487237 3.451874 4.679318 1.0]
151
	ConcatTransform [-0.834323 0.0 0.551275 0.0 -0.0 1.0 0.0 0.0 -0.551275 -0.0 -0.834323 0.0 1.45781 6.909208 1.184012 1.0]
	ConcatTransform [0.0 0.46488 -0.996939 0.0 -1.1 0.0 0.0 0.0 0.0 0.996939 0.46488 0.0 1.487237 3.451874 4.679318 1.0]
152
	ConcatTransform [0.329633 0.0 0.944109 0.0 -0.0 1.0 0.0 0.0 -0.944109 -0.0 0.329633 0.0 0.001835 6.999891 -0.661631 1.0]
	ConcatTransform [0.0 0.46488 -0.996939 0.0 -1.1 0.0 0.0 0.0 0.0 0.996939 0.46488 0.0 1.487237 3.451874 4.679318 1.0]
153
	ConcatTransform [0.996827 0.0 -0.079593 0.0 0.0 1.0 0.0 0.0 0.079593 0.0 0.996827 0.0 -2.137222 7.090294 0.282886 1.0]
	ConcatTransform [0.0 0.46488 -0.996939 0.0 -1.1 0.0 0.0 0.0 0.0 0.996939 0.46488 0.0 1.487237 3.451874 4.679318 1.0]
154
	ConcatTransform [0.18407 0.0 -0.982913 0.0 0.0 1.0 0.0 0.0 0.982913 0.0 0.18407 0.0 -1.777572 7.180386 2.580213 1.0]
	ConcatTransform [0.0 0.46488 -0.996939 0.0 -1.1 0.0 0.0 0.0 0.0 0.996939 0.46488 0.0 1.487237 3.451874 4.679318 1.0]
155
	ConcatTransform [-0.896586 0.0 -0.44287 0.0 0.0 1.0 0.0 0.0 0.44287 0.0 -0.896586 0.0 0.519243 7.270136 2.843065 1.0]
	ConcatTransform [0.0 0.46488 -0.996939 0.0 -1.1 0.0 0.0 0.0 0.0 0.996939 0.46488 0.0 1.487237 3.451874 4.679318 1.0]
156
	ConcatTransform [-0.675525 0.0 0.737337 0.0 0.0 1.0 0.0 0.0 -0.737337 0.0 -0.675525 0.0 1.397536 7.35951 0.719811 1.0]
	ConcatTransform [0.0 0.46488 -0.996939 0.0 -1.1 0.0 0.0 0.0 0.0 0.996939 0.46488 0.0 1.487237 3.451874 4.679318 1.0]
157
	ConcatTransform [0.511339 0.0 0.859379 0.0 0.0 1.0 0.0 0.0 -0.859379 0.0 0.511339 0.0 -0.378015 7.448477 -0.715569 1.0]
	ConcatTransform [0.0 0.46488 -0.996939 0.0 -1.1 0.0 0.0 0.0 0.0 0.996939 0.46488 0.0 1.487237 3.451874 4.679318 1.0]
158
	ConcatTransform [0.972612 -0.0 -0.232434 0.0 0.0 1.0 -0.0 0.0 0.232434 0.0 0.972612 0.0 -2.258039 7.537005 0.553246 1.0]
	ConcatTransform [0.0 0.46488 -0.996939 0.0 -1.1 0.0 0.0 0.0 0.0 0.996939 0.46488 0.0 1.487237 3.451874 4.679318 1.0]
159
	ConcatTransform [0.077613 -0.0 -0.996984 0.0 0.0 1.0 -0.0 0.0 0.996984 0.0 0.077613 0.0 -1.621575 7.62506 2.71397 1.0]
	ConcatTransform [0.0 0.46488 -0.996939 0.0 -1.1 0.0 0.0 0.0 0.0 0.996939 0.46488 0.0 1.487237 3.451874 4.679318 1.0]
160
	ConcatTransform [-0.920927 -0.0 -0.389736 0.0 0.0 1.0 -0.0 0.0 0.389736 0.0 -0.920927 0.0 0.613771 7.712611 2.783294 1.0]
	ConcatTransform [0.0 0.46488 -0.996939 0.0 -1.1 0.0 0.0 0.0 0.0 0.996939 0.46488 0.0 1.487237 3.451874 4.679318 1.0]
161
	ConcatTransform [-0.669584 0.0 0.742736 0.0 -0.0 1.0 0.0 0.0 -0.742736 -0.0 -0.669584 0.0 1.39365 7.799628 0.70495 1.0]
	ConcatTransform [0.0 0.46488 -0.996939 0.0 -1.1 0.0 0.0 0.0 0.0 0.996939 0.46488 0.0 1.487237 3.451874 4.679318 1.0]
162
	ConcatTransform [0.47317 0.0 0.880971 0.0 -0.0 1.0 0.0 0.0 -0.880971 -0.0 0.47317 0.0 -0.294263 7.886075 -0.710321 1.0]
	ConcatTransform [0.0 0.46488 -0.996939 0.0 -1.1 0.0 0.0 0.0 0.0 0.996939 0.46488 0.0 1.487237 3.451874 4.679318 1.0]
163
	ConcatTransform [0.990574 0.0 -0.136979 0.0 0.0 1.0 0.0 0.0 0.136979 0.0 0.990574 0.0 -2.187135 7.971921 0.381432 1.0]
	ConcatTransform [0.0 0.46488 -0.996939 0.0 -1.1 0.0 0.0 0.0 0.0 0.996939 0.46488 0.0 1.487237 3.451874 4.679318 1.0]
164
	ConcatTransform [0.227518 0.0 -0.973774 0.0 0.0 1.0 0.0 0.0 0.973774 0.0 0.227518 0.0 -1.837691 8.057137 2.520177 1.0]
